LECROYWR104MXi,20621,Waveform
Segments,1,SegmentSize,2501
Segment,TrigTime,TimeSinceSegment1
#1,21-May-2015 13:59:34,0                 
Time,Ampl
4.126e-005,0.0588485
4.1264e-005,0.0585608
4.1268e-005,0.0581838
4.1272e-005,0.0593743
4.1276e-005,0.0585757
4.128e-005,0.058784
4.1284e-005,0.0587592
4.1288e-005,0.0589179
4.1292e-005,0.0588882
4.1296e-005,0.0590717
4.13e-005,0.0590866
4.1304e-005,0.0587741
4.1308e-005,0.0586897
4.1312e-005,0.0587939
4.1316e-005,0.0585558
4.132e-005,0.0587989
4.1324e-005,0.0585806
4.1328e-005,0.0588634
4.1332e-005,0.0586302
4.1336e-005,0.0581292
4.134e-005,0.0586451
4.1344e-005,0.0590171
4.1348e-005,0.0587046
4.1352e-005,0.0585012
4.1356e-005,0.0592453
4.136e-005,0.0587046
4.1364e-005,0.0587691
4.1368e-005,0.0588038
4.1372e-005,0.0586451
4.1376e-005,0.058913
4.138e-005,0.0588634
4.1384e-005,0.0591064
4.1388e-005,0.0590023
4.1392e-005,0.058154
4.1396e-005,0.0585012
4.14e-005,0.0584368
4.1404e-005,0.0585707
4.1408e-005,0.0587294
4.1412e-005,0.0587493
4.1416e-005,0.0583276
4.142e-005,0.0586699
4.1424e-005,0.0586104
4.1428e-005,0.0584219
4.1432e-005,0.0587989
4.1436e-005,0.0586253
4.144e-005,0.0585409
4.1444e-005,0.0588038
4.1448e-005,0.0594289
4.1452e-005,0.0586253
4.1456e-005,0.0585707
4.146e-005,0.0585409
4.1464e-005,0.0588187
4.1468e-005,0.0586798
4.1472e-005,0.0594735
4.1476e-005,0.0587741
4.148e-005,0.0573702
4.1484e-005,0.0497359
4.1488e-005,0.0432375
4.1492e-005,0.0398742
4.1496e-005,0.0385398
4.15e-005,0.0368979
4.1504e-005,0.0354345
4.1508e-005,0.0249527
4.1512e-005,0.0209247
4.1516e-005,0.020384
4.152e-005,0.0192084
4.1524e-005,0.0193126
4.1528e-005,0.017874
4.1532e-005,0.00949058
4.1536e-005,0.00151394
4.154e-005,0.00175701
4.1544e-005,-0.000118092
4.1548e-005,0.000442455
4.1552e-005,0.00101788
4.1556e-005,0.000606155
4.156e-005,0.00151394
4.1564e-005,-0.000108171
4.1568e-005,-0.0005199
4.1572e-005,0.010061
4.1576e-005,0.0197491
4.158e-005,0.0219913
4.1584e-005,0.0244517
4.1588e-005,0.0274529
4.1592e-005,0.0294917
4.1596e-005,0.0303548
4.16e-005,0.032225
4.1604e-005,0.0344821
4.1608e-005,0.0351468
4.1612e-005,0.0362183
4.1616e-005,0.0376816
4.162e-005,0.038143
4.1624e-005,0.038768
4.1628e-005,0.0389763
4.1632e-005,0.0393583
4.1636e-005,0.0398395
4.164e-005,0.0407473
4.1644e-005,0.0413227
4.1648e-005,0.0411491
4.1652e-005,0.0414467
4.1656e-005,0.0417642
4.166e-005,0.041417
4.1664e-005,0.0412483
4.1668e-005,0.042047
4.1672e-005,0.040911
4.1676e-005,0.0417444
4.168e-005,0.0425083
4.1684e-005,0.0418237
4.1688e-005,0.0423496
4.1692e-005,0.0413475
4.1696e-005,0.0411144
4.17e-005,0.0418585
4.1704e-005,0.0416303
4.1708e-005,0.0422603
4.1712e-005,0.0419676
4.1716e-005,0.0422454
4.172e-005,0.0419527
4.1724e-005,0.0420271
4.1728e-005,0.0418485
4.1732e-005,0.0415955
4.1736e-005,0.0421362
4.174e-005,0.0424488
4.1744e-005,0.0411392
4.1748e-005,0.0416898
4.1752e-005,0.0417295
4.1756e-005,0.0420172
4.176e-005,0.0418436
4.1764e-005,0.0412632
4.1768e-005,0.0421313
4.1772e-005,0.0412731
4.1776e-005,0.0420916
4.178e-005,0.0416948
4.1784e-005,0.0418436
4.1788e-005,0.0425033
4.1792e-005,0.0415112
4.1796e-005,0.0416104
4.18e-005,0.0417592
4.1804e-005,0.0403951
4.1808e-005,0.0418733
4.1812e-005,0.0416352
4.1816e-005,0.0416402
4.182e-005,0.0415906
4.1824e-005,0.0406431
4.1828e-005,0.0418337
4.1832e-005,0.0418436
4.1836e-005,0.0417047
4.184e-005,0.0418833
4.1844e-005,0.0417295
4.1848e-005,0.0413227
4.1852e-005,0.0413475
4.1856e-005,0.0415955
4.186e-005,0.0417344
4.1864e-005,0.0417692
4.1868e-005,0.0426273
4.1872e-005,0.0414864
4.1876e-005,0.0417741
4.188e-005,0.0424736
4.1884e-005,0.0414269
4.1888e-005,0.0417196
4.1892e-005,0.0422156
4.1896e-005,0.0424636
4.19e-005,0.0416948
4.1904e-005,0.0417493
4.1908e-005,0.0423496
4.1912e-005,0.0421114
4.1916e-005,0.0410102
4.192e-005,0.0425083
4.1924e-005,0.0416749
4.1928e-005,0.0416848
4.1932e-005,0.0414814
4.1936e-005,0.0414021
4.194e-005,0.0417146
4.1944e-005,0.0416451
4.1948e-005,0.0409903
4.1952e-005,0.0416898
4.1956e-005,0.0412235
4.196e-005,0.0421114
4.1964e-005,0.0416352
4.1968e-005,0.041541
4.1972e-005,0.0415757
4.1976e-005,0.0418783
4.198e-005,0.0411243
4.1984e-005,0.0413376
4.1988e-005,0.0413376
4.1992e-005,0.0421015
4.1996e-005,0.0417444
4.2e-005,0.0420172
4.2004e-005,0.0419775
4.2008e-005,0.0415856
4.2012e-005,0.0415906
4.2016e-005,0.042042
4.202e-005,0.0417196
4.2024e-005,0.0417642
4.2028e-005,0.0420321
4.2032e-005,0.0420618
4.2036e-005,0.0416253
4.204e-005,0.0414021
4.2044e-005,0.0413326
4.2048e-005,0.0419974
4.2052e-005,0.041665
4.2056e-005,0.0417692
4.206e-005,0.0420023
4.2064e-005,0.0420172
4.2068e-005,0.0418634
4.2072e-005,0.0424934
4.2076e-005,0.042042
4.208e-005,0.0417245
4.2084e-005,0.0419725
4.2088e-005,0.0413525
4.2092e-005,0.0418882
4.2096e-005,0.0418783
4.21e-005,0.0422801
4.2104e-005,0.041665
4.2108e-005,0.0417295
4.2112e-005,0.0417692
4.2116e-005,0.0419229
4.212e-005,0.0420271
4.2124e-005,0.0420073
4.2128e-005,0.0416055
4.2132e-005,0.0423198
4.2136e-005,0.0415658
4.214e-005,0.0417642
4.2144e-005,0.0423297
4.2148e-005,0.0419477
4.2152e-005,0.0416898
4.2156e-005,0.0416551
4.216e-005,0.0416253
4.2164e-005,0.0421214
4.2168e-005,0.0418436
4.2172e-005,0.0427762
4.2176e-005,0.0416551
4.218e-005,0.0419874
4.2184e-005,0.04229
4.2188e-005,0.0417543
4.2192e-005,0.0415459
4.2196e-005,0.0419031
4.22e-005,0.0418585
4.2204e-005,0.042424
4.2208e-005,0.042037
4.2212e-005,0.0422454
4.2216e-005,0.0421015
4.222e-005,0.0419626
4.2224e-005,0.0418833
4.2228e-005,0.0420618
4.2232e-005,0.0419229
4.2236e-005,0.0419676
4.224e-005,0.0426075
4.2244e-005,0.0416451
4.2248e-005,0.0407969
4.2252e-005,0.0389267
4.2256e-005,0.0366052
4.226e-005,0.0350277
4.2264e-005,0.0356627
4.2268e-005,0.035122
4.2272e-005,0.0347053
4.2276e-005,0.0260342
4.228e-005,0.0197689
4.2284e-005,0.0195011
4.2288e-005,0.0195903
4.2292e-005,0.0188215
4.2296e-005,0.0192282
4.23e-005,0.00775437
4.2304e-005,0.00138993
4.2308e-005,0.000497021
4.2312e-005,9.02528e-005
4.2316e-005,0.000958357
4.232e-005,0.00023411
4.2324e-005,0.000417652
4.2328e-005,-0.000128013
4.2332e-005,0.000754972
4.2336e-005,-0.00059927
4.234e-005,0.00910365
4.2344e-005,0.0195407
4.2348e-005,0.0223732
4.2352e-005,0.0256373
4.2356e-005,0.0301415
4.236e-005,0.0315156
4.2364e-005,0.0336338
4.2368e-005,0.0362183
4.2372e-005,0.0385696
4.2376e-005,0.0396361
4.238e-005,0.0403356
4.2384e-005,0.0423247
4.2388e-005,0.0431929
4.2392e-005,0.0429002
4.2396e-005,0.0437633
4.24e-005,0.0447902
4.2404e-005,0.0448001
4.2408e-005,0.0466653
4.2412e-005,0.0468687
4.2416e-005,0.0469431
4.242e-005,0.0474342
4.2424e-005,0.0480691
4.2428e-005,0.0481386
4.2432e-005,0.0484709
4.2436e-005,0.0488132
4.244e-005,0.0489223
4.2444e-005,0.0492497
4.2448e-005,0.0497061
4.2452e-005,0.0495474
4.2456e-005,0.049339
4.246e-005,0.0499194
4.2464e-005,0.0493837
4.2468e-005,0.0493738
4.2472e-005,0.0497805
4.2476e-005,0.0497359
4.248e-005,0.0502171
4.2484e-005,0.0506189
4.2488e-005,0.0495623
4.2492e-005,0.0504056
4.2496e-005,0.0496714
4.25e-005,0.0503857
4.2504e-005,0.0502915
4.2508e-005,0.0503063
4.2512e-005,0.0498004
4.2516e-005,0.0502171
4.252e-005,0.0503956
4.2524e-005,0.0505395
4.2528e-005,0.0505246
4.2532e-005,0.0503212
4.2536e-005,0.0500682
4.254e-005,0.0499244
4.2544e-005,0.0506337
4.2548e-005,0.0501774
4.2552e-005,0.0500831
4.2556e-005,0.0499591
4.256e-005,0.0500434
4.2564e-005,0.049845
4.2568e-005,0.0507875
4.2572e-005,0.0505544
4.2576e-005,0.0509512
4.258e-005,0.0508272
4.2584e-005,0.0504155
4.2588e-005,0.0510157
4.2592e-005,0.0505345
4.2596e-005,0.0507677
4.26e-005,0.0507875
4.2604e-005,0.0511397
4.2608e-005,0.0499938
4.2612e-005,0.0509959
4.2616e-005,0.0505891
4.262e-005,0.0506834
4.2624e-005,0.0505544
4.2628e-005,0.0506734
4.2632e-005,0.0504304
4.2636e-005,0.0507082
4.264e-005,0.0503708
4.2644e-005,0.0502468
4.2648e-005,0.050981
4.2652e-005,0.0503758
4.2656e-005,0.0506585
4.266e-005,0.0506585
4.2664e-005,0.0505693
4.2668e-005,0.050093
4.2672e-005,0.05048
4.2676e-005,0.0507826
4.268e-005,0.049969
4.2684e-005,0.0497855
4.2688e-005,0.0504552
4.2692e-005,0.0502766
4.2696e-005,0.0506337
4.27e-005,0.0501526
4.2704e-005,0.0506437
4.2708e-005,0.0507131
4.2712e-005,0.0506834
4.2716e-005,0.0508619
4.272e-005,0.0502815
4.2724e-005,0.0508024
4.2728e-005,0.0505445
4.2732e-005,0.0507974
4.2736e-005,0.0504502
4.274e-005,0.0507826
4.2744e-005,0.0503113
4.2748e-005,0.0504452
4.2752e-005,0.049845
4.2756e-005,0.0508867
4.276e-005,0.0502667
4.2764e-005,0.0506387
4.2768e-005,0.0507429
4.2772e-005,0.0503857
4.2776e-005,0.0508967
4.278e-005,0.0509363
4.2784e-005,0.0500732
4.2788e-005,0.0508421
4.2792e-005,0.0506834
4.2796e-005,0.0510554
4.28e-005,0.0504849
4.2804e-005,0.0509115
4.2808e-005,0.0508322
4.2812e-005,0.0506437
4.2816e-005,0.0503857
4.282e-005,0.0507578
4.2824e-005,0.050723
4.2828e-005,0.0514622
4.2832e-005,0.0506734
4.2836e-005,0.0512241
4.284e-005,0.0510058
4.2844e-005,0.0508619
4.2848e-005,0.0505246
4.2852e-005,0.0508967
4.2856e-005,0.0510356
4.286e-005,0.0506189
4.2864e-005,0.0501526
4.2868e-005,0.0505792
4.2872e-005,0.0494928
4.2876e-005,0.0501873
4.288e-005,0.05048
4.2884e-005,0.0507379
4.2888e-005,0.0510901
4.2892e-005,0.0513034
4.2896e-005,0.0504204
4.29e-005,0.0509413
4.2904e-005,0.0505048
4.2908e-005,0.0508222
4.2912e-005,0.0507032
4.2916e-005,0.0508371
4.292e-005,0.0501823
4.2924e-005,0.0506982
4.2928e-005,0.0507131
4.2932e-005,0.0509611
4.2936e-005,0.0509115
4.294e-005,0.0513977
4.2944e-005,0.0507032
4.2948e-005,0.0509165
4.2952e-005,0.0511496
4.2956e-005,0.0505296
4.296e-005,0.0504899
4.2964e-005,0.0507578
4.2968e-005,0.0505048
4.2972e-005,0.0508818
4.2976e-005,0.050976
4.298e-005,0.0509016
4.2984e-005,0.0511
4.2988e-005,0.0515564
4.2992e-005,0.0501575
4.2996e-005,0.0504601
4.3e-005,0.0510653
4.3004e-005,0.0514522
4.3008e-005,0.0513034
4.3012e-005,0.0505147
4.3016e-005,0.0495672
4.302e-005,0.0445074
4.3024e-005,0.0395319
4.3028e-005,0.0382769
4.3032e-005,0.0371657
4.3036e-005,0.0355486
4.304e-005,0.0356131
4.3044e-005,0.0262822
4.3048e-005,0.0209496
4.3052e-005,0.0204039
4.3056e-005,0.0191042
4.306e-005,0.018246
4.3064e-005,0.0192233
4.3068e-005,0.00867704
4.3072e-005,0.00127087
4.3076e-005,0.00142961
4.308e-005,0.000665682
4.3084e-005,0.000452376
4.3088e-005,0.00125103
4.3092e-005,0.00108733
4.3096e-005,0.000244031
4.31e-005,0.000497021
4.3104e-005,-0.000544703
4.3108e-005,0.0102049
4.3112e-005,0.0200765
4.3116e-005,0.0238069
4.312e-005,0.0277505
4.3124e-005,0.0320018
4.3128e-005,0.035112
4.3132e-005,0.0376221
4.3136e-005,0.0385001
4.314e-005,0.0410548
4.3144e-005,0.0428704
4.3148e-005,0.0431681
4.3152e-005,0.0449142
4.3156e-005,0.045688
4.316e-005,0.0464024
4.3164e-005,0.047836
4.3168e-005,0.0486495
4.3172e-005,0.049086
4.3176e-005,0.0497756
4.318e-005,0.0508173
4.3184e-005,0.0502567
4.3188e-005,0.0507726
4.3192e-005,0.0516507
4.3196e-005,0.0517945
4.32e-005,0.0519384
4.3204e-005,0.053372
4.3208e-005,0.0529057
4.3212e-005,0.0530049
4.3216e-005,0.0534662
4.322e-005,0.0539276
4.3224e-005,0.0537639
4.3228e-005,0.0542947
4.3232e-005,0.0544633
4.3236e-005,0.0540318
4.324e-005,0.054508
4.3244e-005,0.0544137
4.3248e-005,0.0547163
4.3252e-005,0.0553116
4.3256e-005,0.0544385
4.326e-005,0.0557134
4.3264e-005,0.054756
4.3268e-005,0.0552074
4.3272e-005,0.0552769
4.3276e-005,0.055381
4.328e-005,0.0551528
4.3284e-005,0.0555199
4.3288e-005,0.0553463
4.3292e-005,0.0552124
4.3296e-005,0.0564327
4.33e-005,0.0557828
4.3304e-005,0.0558076
4.3308e-005,0.0562144
4.3312e-005,0.0556191
4.3316e-005,0.0568692
4.332e-005,0.0558771
4.3324e-005,0.0562144
4.3328e-005,0.0559317
4.3332e-005,0.0561202
4.3336e-005,0.0566956
4.334e-005,0.0565716
4.3344e-005,0.0564228
4.3348e-005,0.0564575
4.3352e-005,0.056512
4.3356e-005,0.0565369
4.336e-005,0.0570031
4.3364e-005,0.0567154
4.3368e-005,0.0567055
4.3372e-005,0.0563831
4.3376e-005,0.0556886
4.338e-005,0.0564178
4.3384e-005,0.0569238
4.3388e-005,0.0561747
4.3392e-005,0.0559217
4.3396e-005,0.0560606
4.34e-005,0.0563434
4.3404e-005,0.0570875
4.3408e-005,0.057018
4.3412e-005,0.0564972
4.3416e-005,0.0568097
4.342e-005,0.0563235
4.3424e-005,0.0562442
4.3428e-005,0.0565914
4.3432e-005,0.056269
4.3436e-005,0.056512
4.344e-005,0.056398
4.3444e-005,0.0562789
4.3448e-005,0.056269
4.3452e-005,0.0566113
4.3456e-005,0.057023
4.346e-005,0.0565468
4.3464e-005,0.0562243
4.3468e-005,0.0564228
4.3472e-005,0.0566807
4.3476e-005,0.056641
4.348e-005,0.0558573
4.3484e-005,0.0563235
4.3488e-005,0.0564426
4.3492e-005,0.0568295
4.3496e-005,0.0565021
4.35e-005,0.0562095
4.3504e-005,0.056517
4.3508e-005,0.0564128
4.3512e-005,0.0564426
4.3516e-005,0.0562293
4.352e-005,0.056517
4.3524e-005,0.0569635
4.3528e-005,0.0566956
4.3532e-005,0.0564277
4.3536e-005,0.0565567
4.354e-005,0.0568097
4.3544e-005,0.0568047
4.3548e-005,0.0566361
4.3552e-005,0.0567254
4.3556e-005,0.0567502
4.356e-005,0.0569833
4.3564e-005,0.0562888
4.3568e-005,0.0566609
4.3572e-005,0.0559862
4.3576e-005,0.0564922
4.358e-005,0.0569932
4.3584e-005,0.0565418
4.3588e-005,0.0568097
4.3592e-005,0.0564029
4.3596e-005,0.0566311
4.36e-005,0.0570428
4.3604e-005,0.0570329
4.3608e-005,0.0564376
4.3612e-005,0.0571073
4.3616e-005,0.0567551
4.362e-005,0.0567601
4.3624e-005,0.0567452
4.3628e-005,0.0572313
4.3632e-005,0.0563732
4.3636e-005,0.0564575
4.364e-005,0.0568246
4.3644e-005,0.0564029
4.3648e-005,0.0567849
4.3652e-005,0.0567948
4.3656e-005,0.0569684
4.366e-005,0.0565517
4.3664e-005,0.0567105
4.3668e-005,0.0566658
4.3672e-005,0.0569238
4.3676e-005,0.0566609
4.368e-005,0.0563434
4.3684e-005,0.0569833
4.3688e-005,0.0562591
4.3692e-005,0.056517
4.3696e-005,0.0566261
4.37e-005,0.0563434
4.3704e-005,0.0572165
4.3708e-005,0.0565418
4.3712e-005,0.0566807
4.3716e-005,0.0567154
4.372e-005,0.0569139
4.3724e-005,0.0570081
4.3728e-005,0.0573355
4.3732e-005,0.0567849
4.3736e-005,0.0569139
4.374e-005,0.0570428
4.3744e-005,0.0564476
4.3748e-005,0.0563335
4.3752e-005,0.0569585
4.3756e-005,0.057152
4.376e-005,0.0571222
4.3764e-005,0.0569684
4.3768e-005,0.0570031
4.3772e-005,0.0564773
4.3776e-005,0.0567502
4.378e-005,0.0564327
4.3784e-005,0.0547808
4.3788e-005,0.0473449
4.3792e-005,0.0429498
4.3796e-005,0.039393
4.38e-005,0.0383216
4.3804e-005,0.0372848
4.3808e-005,0.035117
4.3812e-005,0.0261681
4.3816e-005,0.0209247
4.382e-005,0.0199723
4.3824e-005,0.0195457
4.3828e-005,0.0189901
4.3832e-005,0.0191538
4.3836e-005,0.00846374
4.384e-005,0.0006508
4.3844e-005,0.00115182
4.3848e-005,-7.84074e-005
4.3852e-005,0.000685524
4.3856e-005,0.000859145
4.386e-005,0.000442455
4.3864e-005,0.00121135
4.3868e-005,0.000278755
4.3872e-005,-0.000311555
4.3876e-005,0.00853814
4.388e-005,0.0204733
4.3884e-005,0.025176
4.3888e-005,0.0293627
4.3892e-005,0.0340158
4.3896e-005,0.0365605
4.39e-005,0.0389962
4.3904e-005,0.0409755
4.3908e-005,0.0432276
4.3912e-005,0.0442792
4.3916e-005,0.0448844
4.392e-005,0.0475235
4.3924e-005,0.0479401
4.3928e-005,0.048342
4.3932e-005,0.0486793
4.3936e-005,0.0500633
4.394e-005,0.0505643
4.3944e-005,0.0507677
4.3948e-005,0.0522608
4.3952e-005,0.0515515
4.3956e-005,0.0521418
4.396e-005,0.0530347
4.3964e-005,0.0527718
4.3968e-005,0.0539028
4.3972e-005,0.0542947
4.3976e-005,0.0547014
4.398e-005,0.0551032
4.3984e-005,0.05551
4.3988e-005,0.0554703
4.3992e-005,0.0556836
4.3996e-005,0.056269
4.4e-005,0.0560854
4.4004e-005,0.0562888
4.4008e-005,0.0565369
4.4012e-005,0.0566311
4.4016e-005,0.0571619
4.402e-005,0.057271
4.4024e-005,0.0567006
4.4028e-005,0.0571916
4.4032e-005,0.0568791
4.4036e-005,0.0565567
4.404e-005,0.0573206
4.4044e-005,0.0569833
4.4048e-005,0.0576976
4.4052e-005,0.0573256
4.4056e-005,0.0574794
4.406e-005,0.0577869
4.4064e-005,0.0579209
4.4068e-005,0.0584318
4.4072e-005,0.058159
4.4076e-005,0.0577274
4.408e-005,0.0585955
4.4084e-005,0.0581342
4.4088e-005,0.0579407
4.4092e-005,0.0585211
4.4096e-005,0.0583078
4.41e-005,0.0583227
4.4104e-005,0.0582334
4.4108e-005,0.0579506
4.4112e-005,0.0583822
4.4116e-005,0.0580201
4.412e-005,0.0581242
4.4124e-005,0.0582235
4.4128e-005,0.0581193
4.4132e-005,0.0582532
4.4136e-005,0.0582433
4.414e-005,0.058655
4.4144e-005,0.0584268
4.4148e-005,0.0588187
4.4152e-005,0.0588634
4.4156e-005,0.0586649
4.416e-005,0.0579853
4.4164e-005,0.0584467
4.4168e-005,0.0583524
4.4172e-005,0.0586649
4.4176e-005,0.0584566
4.418e-005,0.0585211
4.4184e-005,0.0587642
4.4188e-005,0.0584864
4.4192e-005,0.0585806
4.4196e-005,0.0583822
4.42e-005,0.0583227
4.4204e-005,0.0584864
4.4208e-005,0.0587195
4.4212e-005,0.0583772
4.4216e-005,0.058402
4.422e-005,0.058278
4.4224e-005,0.0586699
4.4228e-005,0.0585409
4.4232e-005,0.0585707
4.4236e-005,0.0591263
4.424e-005,0.0585459
4.4244e-005,0.0586897
4.4248e-005,0.0584764
4.4252e-005,0.0585062
4.4256e-005,0.0588783
4.426e-005,0.0587542
4.4264e-005,0.0585211
4.4268e-005,0.0589378
4.4272e-005,0.0587542
4.4276e-005,0.0584913
4.428e-005,0.0588485
4.4284e-005,0.0589725
4.4288e-005,0.0587344
4.4292e-005,0.0582731
4.4296e-005,0.0590668
4.43e-005,0.0584814
4.4304e-005,0.0587691
4.4308e-005,0.0586352
4.4312e-005,0.0583227
4.4316e-005,0.0591858
4.432e-005,0.0586848
4.4324e-005,0.0587989
4.4328e-005,0.0590469
4.4332e-005,0.0587294
4.4336e-005,0.0589675
4.434e-005,0.0591015
4.4344e-005,0.0587443
4.4348e-005,0.0591015
4.4352e-005,0.0589923
4.4356e-005,0.058526
4.436e-005,0.0587989
4.4364e-005,0.0591858
4.4368e-005,0.0587592
4.4372e-005,0.0584516
4.4376e-005,0.058531
4.438e-005,0.0584417
4.4384e-005,0.0586897
4.4388e-005,0.0589725
4.4392e-005,0.0586897
4.4396e-005,0.0585509
4.44e-005,0.0585459
4.4404e-005,0.0591709
4.4408e-005,0.0590668
4.4412e-005,0.0590122
4.4416e-005,0.0593197
4.442e-005,0.0586451
4.4424e-005,0.0591759
4.4428e-005,0.0591759
4.4432e-005,0.0586649
4.4436e-005,0.0589477
4.444e-005,0.0590072
4.4444e-005,0.0585409
4.4448e-005,0.0590122
4.4452e-005,0.0589675
4.4456e-005,0.0590916
4.446e-005,0.0583375
4.4464e-005,0.0588336
4.4468e-005,0.0588882
4.4472e-005,0.0582334
4.4476e-005,0.0587939
4.448e-005,0.0584665
4.4484e-005,0.0586005
4.4488e-005,0.0586253
4.4492e-005,0.0584715
4.4496e-005,0.0584864
4.45e-005,0.0587394
4.4504e-005,0.0589328
4.4508e-005,0.0591312
4.4512e-005,0.058779
4.4516e-005,0.0586203
4.452e-005,0.0591312
4.4524e-005,0.0589328
4.4528e-005,0.0585012
4.4532e-005,0.0588882
4.4536e-005,0.0586005
4.454e-005,0.0586352
4.4544e-005,0.0588435
4.4548e-005,0.0585161
4.4552e-005,0.0571768
4.4556e-005,0.0503163
4.456e-005,0.0437633
4.4564e-005,0.0399982
4.4568e-005,0.0385497
4.4572e-005,0.037136
4.4576e-005,0.0361736
4.458e-005,0.025047
4.4584e-005,0.0206569
4.4588e-005,0.0206817
4.4592e-005,0.0190149
4.4596e-005,0.0188314
4.46e-005,0.0185585
4.4604e-005,0.00852326
4.4608e-005,0.00124111
4.4612e-005,0.0011915
4.4616e-005,0.000412691
4.462e-005,0.000998041
4.4624e-005,0.000878987
4.4628e-005,0.000923633
4.4632e-005,0.000913711
4.4636e-005,0.000774815
4.464e-005,-0.000247068
4.4644e-005,0.0100511
4.4648e-005,0.0197987
4.4652e-005,0.0216143
4.4656e-005,0.0244716
4.466e-005,0.0273041
4.4664e-005,0.0292486
4.4668e-005,0.0303449
4.4672e-005,0.0323986
4.4676e-005,0.0344076
4.468e-005,0.0357619
4.4684e-005,0.0359603
4.4688e-005,0.0372302
4.4692e-005,0.0383265
4.4696e-005,0.0375824
4.47e-005,0.0392641
4.4704e-005,0.0396113
4.4708e-005,0.0397155
4.4712e-005,0.0404993
4.4716e-005,0.040276
4.472e-005,0.0406233
4.4724e-005,0.0408614
4.4728e-005,0.0412235
4.4732e-005,0.041283
4.4736e-005,0.0416253
4.474e-005,0.0413822
4.4744e-005,0.0415509
4.4748e-005,0.0415608
4.4752e-005,0.042042
4.4756e-005,0.0418634
4.476e-005,0.0417096
4.4764e-005,0.0424785
4.4768e-005,0.0414467
4.4772e-005,0.0421511
4.4776e-005,0.0422454
4.478e-005,0.0419974
4.4784e-005,0.0418833
4.4788e-005,0.0418981
4.4792e-005,0.0421214
4.4796e-005,0.0423496
4.48e-005,0.042047
4.4804e-005,0.0420569
4.4808e-005,0.0421114
4.4812e-005,0.0418833
4.4816e-005,0.0419378
4.482e-005,0.0422255
4.4824e-005,0.042295
4.4828e-005,0.0417047
4.4832e-005,0.0418535
4.4836e-005,0.0418981
4.484e-005,0.0419974
4.4844e-005,0.0414219
4.4848e-005,0.0418634
4.4852e-005,0.0414566
4.4856e-005,0.0421065
4.486e-005,0.0422603
4.4864e-005,0.042295
4.4868e-005,0.0418188
4.4872e-005,0.0420073
4.4876e-005,0.0421611
4.488e-005,0.0420817
4.4884e-005,0.0419081
4.4888e-005,0.0414666
4.4892e-005,0.0422702
4.4896e-005,0.0419527
4.49e-005,0.0421313
4.4904e-005,0.0422305
4.4908e-005,0.0417394
4.4912e-005,0.041407
4.4916e-005,0.0422007
4.492e-005,0.0423694
4.4924e-005,0.0412929
4.4928e-005,0.0416154
4.4932e-005,0.0418188
4.4936e-005,0.0420073
4.494e-005,0.0416154
4.4944e-005,0.041784
4.4948e-005,0.0417989
4.4952e-005,0.0414864
4.4956e-005,0.0414269
4.496e-005,0.0412483
4.4964e-005,0.0420718
4.4968e-005,0.0421511
4.4972e-005,0.0415459
4.4976e-005,0.0414418
4.498e-005,0.0417394
4.4984e-005,0.0413227
4.4988e-005,0.0422305
4.4992e-005,0.0418684
4.4996e-005,0.0414963
4.5e-005,0.0418882
4.5004e-005,0.041913
4.5008e-005,0.0414616
4.5012e-005,0.0420916
4.5016e-005,0.0416005
4.502e-005,0.0417096
4.5024e-005,0.0417394
4.5028e-005,0.0418882
4.5032e-005,0.0415807
4.5036e-005,0.0417493
4.504e-005,0.041159
4.5044e-005,0.0422255
4.5048e-005,0.0423297
4.5052e-005,0.0422999
4.5056e-005,0.0422007
4.506e-005,0.0416402
4.5064e-005,0.0416848
4.5068e-005,0.0415013
4.5072e-005,0.042047
4.5076e-005,0.0423297
4.508e-005,0.0420966
4.5084e-005,0.0416898
4.5088e-005,0.0416501
4.5092e-005,0.0415707
4.5096e-005,0.0419775
4.51e-005,0.042171
4.5104e-005,0.0422603
4.5108e-005,0.0421908
4.5112e-005,0.041407
4.5116e-005,0.0414467
4.512e-005,0.0419775
4.5124e-005,0.0419775
4.5128e-005,0.0420569
4.5132e-005,0.0417146
4.5136e-005,0.0412086
4.514e-005,0.0417344
4.5144e-005,0.0416203
4.5148e-005,0.0415559
4.5152e-005,0.0417989
4.5156e-005,0.041789
4.516e-005,0.0418932
4.5164e-005,0.0411144
4.5168e-005,0.0415311
4.5172e-005,0.0415955
4.5176e-005,0.0416799
4.518e-005,0.0415757
4.5184e-005,0.0418237
4.5188e-005,0.0418833
4.5192e-005,0.0418932
4.5196e-005,0.0414715
4.52e-005,0.041407
4.5204e-005,0.0416104
4.5208e-005,0.041283
4.5212e-005,0.0417444
4.5216e-005,0.0417295
4.522e-005,0.0412681
4.5224e-005,0.04166
4.5228e-005,0.041536
4.5232e-005,0.0409903
4.5236e-005,0.0413078
4.524e-005,0.041164
4.5244e-005,0.0413624
4.5248e-005,0.041536
4.5252e-005,0.042295
4.5256e-005,0.041789
4.526e-005,0.0416303
4.5264e-005,0.0416551
4.5268e-005,0.0410747
4.5272e-005,0.0408217
4.5276e-005,0.0416848
4.528e-005,0.0417295
4.5284e-005,0.0414864
4.5288e-005,0.0413376
4.5292e-005,0.0413277
4.5296e-005,0.0415807
4.53e-005,0.0417444
4.5304e-005,0.0414368
4.5308e-005,0.0415807
4.5312e-005,0.0416253
4.5316e-005,0.040906
4.532e-005,0.0405687
4.5324e-005,0.0378453
4.5328e-005,0.0362679
4.5332e-005,0.0356924
4.5336e-005,0.0348789
4.534e-005,0.0344275
4.5344e-005,0.0343432
4.5348e-005,0.0260738
4.5352e-005,0.0199277
4.5356e-005,0.019759
4.536e-005,0.0197789
4.5364e-005,0.0186131
4.5368e-005,0.0186082
4.5372e-005,0.00776925
4.5376e-005,0.00133536
4.538e-005,0.00109725
4.5384e-005,4.56074e-005
4.5388e-005,0.000432534
4.5392e-005,0.000754972
4.5396e-005,0.000690485
4.54e-005,0.000561509
4.5404e-005,0.000630958
4.5408e-005,-0.000485176
4.5412e-005,0.00995191
4.5416e-005,0.0196251
4.542e-005,0.0226113
4.5424e-005,0.0261284
4.5428e-005,0.0300026
4.5432e-005,0.0329095
4.5436e-005,0.0340951
4.544e-005,0.0360744
4.5444e-005,0.0374336
4.5448e-005,0.0388176
4.5452e-005,0.0398891
4.5456e-005,0.0413177
4.546e-005,0.0426273
4.5464e-005,0.0437336
4.5468e-005,0.0442693
4.5472e-005,0.0451424
4.5476e-005,0.0452515
4.548e-005,0.0464619
4.5484e-005,0.0467198
4.5488e-005,0.0469331
4.5492e-005,0.0475681
4.5496e-005,0.0476127
4.55e-005,0.0479699
4.5504e-005,0.0473945
4.5508e-005,0.0486594
4.5512e-005,0.0490464
4.5516e-005,0.0489868
4.552e-005,0.0489174
4.5524e-005,0.0486693
4.5528e-005,0.0498549
4.5532e-005,0.0500434
4.5536e-005,0.0495375
4.554e-005,0.0499591
4.5544e-005,0.0498004
4.5548e-005,0.0496515
4.5552e-005,0.0497111
4.5556e-005,0.0495623
4.556e-005,0.0494978
4.5564e-005,0.0497954
4.5568e-005,0.0498301
4.5572e-005,0.0498946
4.5576e-005,0.0499789
4.558e-005,0.0503262
4.5584e-005,0.0500732
4.5588e-005,0.0504849
4.5592e-005,0.0500881
4.5596e-005,0.0496515
4.56e-005,0.0504998
4.5604e-005,0.049473
4.5608e-005,0.0497656
4.5612e-005,0.0499095
4.5616e-005,0.050098
4.562e-005,0.0498698
4.5624e-005,0.0505048
4.5628e-005,0.0499591
4.5632e-005,0.0499839
4.5636e-005,0.050356
4.564e-005,0.0505941
4.5644e-005,0.0500037
4.5648e-005,0.0503063
4.5652e-005,0.0506337
4.5656e-005,0.0499938
4.566e-005,0.0508371
4.5664e-005,0.0504452
4.5668e-005,0.0509264
4.5672e-005,0.0504105
4.5676e-005,0.0509314
4.568e-005,0.0505147
4.5684e-005,0.0506288
4.5688e-005,0.050857
4.5692e-005,0.0509463
4.5696e-005,0.0501724
4.57e-005,0.0514225
4.5704e-005,0.0510802
4.5708e-005,0.0511
4.5712e-005,0.0510455
4.5716e-005,0.0503014
4.572e-005,0.0501079
4.5724e-005,0.0515713
4.5728e-005,0.0506635
4.5732e-005,0.0510157
4.5736e-005,0.0509115
4.574e-005,0.0509661
4.5744e-005,0.0510058
4.5748e-005,0.0510157
4.5752e-005,0.0504304
4.5756e-005,0.0509959
4.576e-005,0.0506189
4.5764e-005,0.0506685
4.5768e-005,0.0513729
4.5772e-005,0.0508322
4.5776e-005,0.0505147
4.578e-005,0.0507032
4.5784e-005,0.0505891
4.5788e-005,0.0507677
4.5792e-005,0.0506486
4.5796e-005,0.0505841
4.58e-005,0.0508222
4.5804e-005,0.0507131
4.5808e-005,0.0511397
4.5812e-005,0.0506288
4.5816e-005,0.0507627
4.582e-005,0.0512687
4.5824e-005,0.0505544
4.5828e-005,0.0510356
4.5832e-005,0.0502369
4.5836e-005,0.0504601
4.584e-005,0.0502319
4.5844e-005,0.0506189
4.5848e-005,0.0507478
4.5852e-005,0.0507578
4.5856e-005,0.0501526
4.586e-005,0.051105
4.5864e-005,0.0502964
4.5868e-005,0.051487
4.5872e-005,0.0502766
4.5876e-005,0.0507429
4.588e-005,0.0510653
4.5884e-005,0.0504155
4.5888e-005,0.050346
4.5892e-005,0.0499938
4.5896e-005,0.0508272
4.59e-005,0.0501278
4.5904e-005,0.0511
4.5908e-005,0.0502567
4.5912e-005,0.0506685
4.5916e-005,0.0506784
4.592e-005,0.0505544
4.5924e-005,0.050093
4.5928e-005,0.0501625
4.5932e-005,0.0499492
4.5936e-005,0.0503907
4.594e-005,0.0509115
4.5944e-005,0.0507677
4.5948e-005,0.0510504
4.5952e-005,0.0509016
4.5956e-005,0.0501774
4.596e-005,0.0504304
4.5964e-005,0.0507627
4.5968e-005,0.050346
4.5972e-005,0.0507032
4.5976e-005,0.050723
4.598e-005,0.0502369
4.5984e-005,0.0502617
4.5988e-005,0.0507826
4.5992e-005,0.0501377
4.5996e-005,0.0502915
4.6e-005,0.0505296
4.6004e-005,0.0497111
4.6008e-005,0.0505792
4.6012e-005,0.050098
4.6016e-005,0.0506139
4.602e-005,0.0506982
4.6024e-005,0.0508222
4.6028e-005,0.0506387
4.6032e-005,0.050723
4.6036e-005,0.0503956
4.604e-005,0.0501625
4.6044e-005,0.0508619
4.6048e-005,0.0508867
4.6052e-005,0.050976
4.6056e-005,0.0507429
4.606e-005,0.0508669
4.6064e-005,0.0506585
4.6068e-005,0.0512885
4.6072e-005,0.0510306
4.6076e-005,0.0505197
4.608e-005,0.0516755
4.6084e-005,0.05047
4.6088e-005,0.0492745
4.6092e-005,0.0440808
4.6096e-005,0.039403
4.61e-005,0.0376717
4.6104e-005,0.0357817
4.6108e-005,0.0360893
4.6112e-005,0.0343977
4.6116e-005,0.025672
4.612e-005,0.021019
4.6124e-005,0.0193919
4.6128e-005,0.0198929
4.6132e-005,0.0181766
4.6136e-005,0.0180079
4.614e-005,0.00789327
4.6144e-005,0.00142961
4.6148e-005,0.000660721
4.6152e-005,0.000348204
4.6156e-005,0.00108237
4.616e-005,0.000725209
4.6164e-005,0.000799618
4.6168e-005,0.00101292
4.6172e-005,0.000144819
4.6176e-005,-0.000777851
4.618e-005,0.00916814
4.6184e-005,0.0191786
4.6188e-005,0.0231719
4.6192e-005,0.027443
4.6196e-005,0.032101
4.62e-005,0.0354642
4.6204e-005,0.037756
4.6208e-005,0.0393087
4.6212e-005,0.0414616
4.6216e-005,0.0428754
4.622e-005,0.0437832
4.6224e-005,0.0448943
4.6228e-005,0.0465462
4.6232e-005,0.0469331
4.6236e-005,0.047955
4.624e-005,0.0490712
4.6244e-005,0.0488231
4.6248e-005,0.0499343
4.6252e-005,0.0503361
4.6256e-005,0.049969
4.626e-005,0.0509512
4.6264e-005,0.0517945
4.6268e-005,0.0515415
4.6272e-005,0.0516705
4.6276e-005,0.0529355
4.628e-005,0.0526031
4.6284e-005,0.0533273
4.6288e-005,0.0535158
4.6292e-005,0.0541855
4.6296e-005,0.0541062
4.63e-005,0.0543393
4.6304e-005,0.0539623
4.6308e-005,0.0550487
4.6312e-005,0.0550735
4.6316e-005,0.0548205
4.632e-005,0.0547858
4.6324e-005,0.0545625
4.6328e-005,0.0546171
4.6332e-005,0.0556092
4.6336e-005,0.0552967
4.634e-005,0.0554406
4.6344e-005,0.0557184
4.6348e-005,0.0552223
4.6352e-005,0.0552967
4.6356e-005,0.0557828
4.636e-005,0.0558324
4.6364e-005,0.0560309
4.6368e-005,0.0559069
4.6372e-005,0.0559366
4.6376e-005,0.0550983
4.638e-005,0.0560854
4.6384e-005,0.056011
4.6388e-005,0.0561152
4.6392e-005,0.0562839
4.6396e-005,0.0560507
4.64e-005,0.0560904
4.6404e-005,0.0560954
4.6408e-005,0.0562392
4.6412e-005,0.0562591
4.6416e-005,0.0568295
4.642e-005,0.0561747
4.6424e-005,0.0560209
4.6428e-005,0.0560854
4.6432e-005,0.0564674
4.6436e-005,0.0564277
4.644e-005,0.0565269
4.6444e-005,0.0564972
4.6448e-005,0.0562243
4.6452e-005,0.0561648
4.6456e-005,0.0561003
4.646e-005,0.0568593
4.6464e-005,0.0566658
4.6468e-005,0.0562938
4.6472e-005,0.0560061
4.6476e-005,0.0567402
4.648e-005,0.0565319
4.6484e-005,0.0565964
4.6488e-005,0.056517
4.6492e-005,0.0568643
4.6496e-005,0.0559217
4.65e-005,0.0561896
4.6504e-005,0.0568891
4.6508e-005,0.056393
4.6512e-005,0.0568345
4.6516e-005,0.0564178
4.652e-005,0.0567601
4.6524e-005,0.0566162
4.6528e-005,0.0565617
4.6532e-005,0.0561003
4.6536e-005,0.0566509
4.654e-005,0.0570825
4.6544e-005,0.0568593
4.6548e-005,0.0571619
4.6552e-005,0.0565468
4.6556e-005,0.0565964
4.656e-005,0.0569635
4.6564e-005,0.0567402
4.6568e-005,0.0567998
4.6572e-005,0.0564624
4.6576e-005,0.0564376
4.658e-005,0.0564724
4.6584e-005,0.0568097
4.6588e-005,0.0562839
4.6592e-005,0.0566509
4.6596e-005,0.0564575
4.66e-005,0.0565666
4.6604e-005,0.0570875
4.6608e-005,0.0564674
4.6612e-005,0.056135
4.6616e-005,0.056641
4.662e-005,0.0570577
4.6624e-005,0.0570081
4.6628e-005,0.0569883
4.6632e-005,0.0570031
4.6636e-005,0.0566311
4.664e-005,0.0562243
4.6644e-005,0.0562243
4.6648e-005,0.0560259
4.6652e-005,0.0563632
4.6656e-005,0.0563732
4.666e-005,0.0566956
4.6664e-005,0.0561747
4.6668e-005,0.0567452
4.6672e-005,0.0566013
4.6676e-005,0.0566113
4.668e-005,0.0565418
4.6684e-005,0.0566311
4.6688e-005,0.0565021
4.6692e-005,0.0573504
4.6696e-005,0.0570031
4.67e-005,0.0564525
4.6704e-005,0.0566658
4.6708e-005,0.0571172
4.6712e-005,0.0568593
4.6716e-005,0.0561698
4.672e-005,0.056517
4.6724e-005,0.0566956
4.6728e-005,0.0568593
4.6732e-005,0.0559366
4.6736e-005,0.0570131
4.674e-005,0.0566063
4.6744e-005,0.0563087
4.6748e-005,0.0562442
4.6752e-005,0.0563632
4.6756e-005,0.0564426
4.676e-005,0.0566162
4.6764e-005,0.056641
4.6768e-005,0.0562045
4.6772e-005,0.0567254
4.6776e-005,0.0567452
4.678e-005,0.0569139
4.6784e-005,0.0562591
4.6788e-005,0.0564228
4.6792e-005,0.05614
4.6796e-005,0.0568146
4.68e-005,0.0565617
4.6804e-005,0.0560408
4.6808e-005,0.0566162
4.6812e-005,0.0559465
4.6816e-005,0.0563682
4.682e-005,0.0566113
4.6824e-005,0.0564624
4.6828e-005,0.0567849
4.6832e-005,0.0565468
4.6836e-005,0.0566857
4.684e-005,0.0567799
4.6844e-005,0.0560805
4.6848e-005,0.0574099
4.6852e-005,0.0561648
4.6856e-005,0.0547709
4.686e-005,0.0479897
4.6864e-005,0.0418039
4.6868e-005,0.0394426
4.6872e-005,0.0375626
4.6876e-005,0.0365705
4.688e-005,0.0351071
4.6884e-005,0.0256522
4.6888e-005,0.020766
4.6892e-005,0.0194961
4.6896e-005,0.0189554
4.69e-005,0.0189058
4.6904e-005,0.0186478
4.6908e-005,0.0086572
4.6912e-005,0.00156355
4.6916e-005,0.00172725
4.692e-005,0.000437494
4.6924e-005,0.00111214
4.6928e-005,0.000888908
4.6932e-005,0.000754972
4.6936e-005,0.00105261
4.694e-005,0.000551588
4.6944e-005,-0.00123423
4.6948e-005,0.00959971
4.6952e-005,0.0197789
4.6956e-005,0.0242235
4.696e-005,0.0299927
4.6964e-005,0.0336437
4.6968e-005,0.0367044
4.6972e-005,0.0392095
4.6976e-005,0.0409259
4.698e-005,0.0424339
4.6984e-005,0.0428059
4.6988e-005,0.0444528
4.6992e-005,0.0466851
4.6996e-005,0.0473399
4.7e-005,0.0481336
4.7004e-005,0.0486049
4.7008e-005,0.0490216
4.7012e-005,0.0497706
4.7016e-005,0.051859
4.702e-005,0.0517747
4.7024e-005,0.0515316
4.7028e-005,0.0528859
4.7032e-005,0.0523104
4.7036e-005,0.0532678
4.704e-005,0.0538383
4.7044e-005,0.0540119
4.7048e-005,0.0539921
4.7052e-005,0.0548602
4.7056e-005,0.0548751
4.706e-005,0.0553413
4.7064e-005,0.0548502
4.7068e-005,0.0557977
4.7072e-005,0.0566261
4.7076e-005,0.0560458
4.708e-005,0.0571073
4.7084e-005,0.0562243
4.7088e-005,0.0565716
4.7092e-005,0.0574298
4.7096e-005,0.0566113
4.71e-005,0.0572561
4.7104e-005,0.0575835
4.7108e-005,0.057648
4.7112e-005,0.0573454
4.7116e-005,0.0575141
4.712e-005,0.0577026
4.7124e-005,0.0578018
4.7128e-005,0.0579705
4.7132e-005,0.0578713
4.7136e-005,0.0575835
4.714e-005,0.0580647
4.7144e-005,0.0577274
4.7148e-005,0.0576034
4.7152e-005,0.0582185
4.7156e-005,0.0580846
4.716e-005,0.0577175
4.7164e-005,0.0581838
4.7168e-005,0.0576282
4.7172e-005,0.0580498
4.7176e-005,0.0581639
4.718e-005,0.058154
4.7184e-005,0.0582681
4.7188e-005,0.0584467
4.7192e-005,0.0587394
4.7196e-005,0.0581193
4.72e-005,0.0582731
4.7204e-005,0.0580697
4.7208e-005,0.0582235
4.7212e-005,0.0583623
4.7216e-005,0.0581044
4.722e-005,0.0584616
4.7224e-005,0.0583475
4.7228e-005,0.0581987
4.7232e-005,0.0581639
4.7236e-005,0.0582731
4.724e-005,0.0579804
4.7244e-005,0.0580994
4.7248e-005,0.0580647
4.7252e-005,0.0588733
4.7256e-005,0.0582135
4.726e-005,0.058531
4.7264e-005,0.0580697
4.7268e-005,0.0579258
4.7272e-005,0.0583673
4.7276e-005,0.0580895
4.728e-005,0.0585459
4.7284e-005,0.058159
4.7288e-005,0.058531
4.7292e-005,0.0586798
4.7296e-005,0.0586897
4.73e-005,0.0582582
4.7304e-005,0.0586649
4.7308e-005,0.058655
4.7312e-005,0.058784
4.7316e-005,0.0586401
4.732e-005,0.0590469
4.7324e-005,0.0581788
4.7328e-005,0.0581937
4.7332e-005,0.0584963
4.7336e-005,0.0587344
4.734e-005,0.0580994
4.7344e-005,0.0586005
4.7348e-005,0.058655
4.7352e-005,0.0588634
4.7356e-005,0.0584516
4.736e-005,0.0582681
4.7364e-005,0.0580598
4.7368e-005,0.0583177
4.7372e-005,0.0583524
4.7376e-005,0.0581639
4.738e-005,0.0583475
4.7384e-005,0.0582135
4.7388e-005,0.058278
4.7392e-005,0.058025
4.7396e-005,0.0583326
4.74e-005,0.058531
4.7404e-005,0.0580994
4.7408e-005,0.0583723
4.7412e-005,0.0587741
4.7416e-005,0.0586203
4.742e-005,0.0582483
4.7424e-005,0.0585161
4.7428e-005,0.0582135
4.7432e-005,0.0578167
4.7436e-005,0.0586203
4.744e-005,0.0585509
4.7444e-005,0.0580697
4.7448e-005,0.0587443
4.7452e-005,0.0589179
4.7456e-005,0.058913
4.746e-005,0.058908
4.7464e-005,0.0587294
4.7468e-005,0.0591312
4.7472e-005,0.0586005
4.7476e-005,0.0583524
4.748e-005,0.0586897
4.7484e-005,0.0586005
4.7488e-005,0.0589626
4.7492e-005,0.0591213
4.7496e-005,0.0588435
4.75e-005,0.0587989
4.7504e-005,0.0582631
4.7508e-005,0.0583375
4.7512e-005,0.0584913
4.7516e-005,0.0584368
4.752e-005,0.0583772
4.7524e-005,0.0588634
4.7528e-005,0.0585012
4.7532e-005,0.0586451
4.7536e-005,0.058526
4.754e-005,0.0582433
4.7544e-005,0.0582631
4.7548e-005,0.0591164
4.7552e-005,0.0582383
4.7556e-005,0.0586798
4.756e-005,0.0582383
4.7564e-005,0.0585757
4.7568e-005,0.0585955
4.7572e-005,0.0586302
4.7576e-005,0.0588584
4.758e-005,0.0583921
4.7584e-005,0.0587096
4.7588e-005,0.0583078
4.7592e-005,0.0584318
4.7596e-005,0.0588584
4.76e-005,0.0586749
4.7604e-005,0.0584318
4.7608e-005,0.0587691
4.7612e-005,0.0589427
4.7616e-005,0.0589923
4.762e-005,0.0585806
4.7624e-005,0.0571817
4.7628e-005,0.0497012
4.7632e-005,0.0432028
4.7636e-005,0.039646
4.764e-005,0.0381132
4.7644e-005,0.0368631
4.7648e-005,0.0359802
4.7652e-005,0.0251809
4.7656e-005,0.0209892
4.766e-005,0.0203245
4.7664e-005,0.019129
4.7668e-005,0.0188463
4.7672e-005,0.0187272
4.7676e-005,0.00787342
4.768e-005,0.00104269
4.7684e-005,0.00162804
4.7688e-005,0.000308519
4.7692e-005,0.00040277
4.7696e-005,0.00122623
4.77e-005,0.000953396
4.7704e-005,0.000933554
4.7708e-005,0.000660721
4.7712e-005,-0.000549664
4.7716e-005,0.00927727
4.772e-005,0.0196499
4.7724e-005,0.0216143
4.7728e-005,0.0243476
4.7732e-005,0.0280234
4.7736e-005,0.0297397
4.774e-005,0.0303945
4.7744e-005,0.0321109
4.7748e-005,0.0337429
4.7752e-005,0.0347946
4.7756e-005,0.0358958
4.776e-005,0.0369127
4.7764e-005,0.0376866
4.7768e-005,0.0378503
4.7772e-005,0.0390557
4.7776e-005,0.0399288
4.778e-005,0.0398841
4.7784e-005,0.0406778
4.7788e-005,0.0406431
4.7792e-005,0.0404149
4.7796e-005,0.0413426
4.78e-005,0.041536
4.7804e-005,0.0415013
4.7808e-005,0.0410747
4.7812e-005,0.0415856
4.7816e-005,0.041913
4.782e-005,0.0422107
4.7824e-005,0.0421313
4.7828e-005,0.0417146
4.7832e-005,0.0420916
4.7836e-005,0.0423396
4.784e-005,0.0421263
4.7844e-005,0.041913
4.7848e-005,0.0422156
4.7852e-005,0.041541
4.7856e-005,0.042166
4.786e-005,0.0424388
4.7864e-005,0.0423297
4.7868e-005,0.0420222
4.7872e-005,0.0417444
4.7876e-005,0.0426323
4.788e-005,0.0426621
4.7884e-005,0.0425381
4.7888e-005,0.0423892
4.7892e-005,0.0425232
4.7896e-005,0.041283
4.79e-005,0.0420271
4.7904e-005,0.0420321
4.7908e-005,0.0419775
4.7912e-005,0.0415707
4.7916e-005,0.0423148
4.792e-005,0.0419229
4.7924e-005,0.0418833
4.7928e-005,0.0416303
4.7932e-005,0.0422156
4.7936e-005,0.0418981
4.794e-005,0.0422553
4.7944e-005,0.041918
4.7948e-005,0.0417047
4.7952e-005,0.0419378
4.7956e-005,0.042548
4.796e-005,0.0411888
4.7964e-005,0.0414963
4.7968e-005,0.0417592
4.7972e-005,0.0412582
4.7976e-005,0.0415608
4.798e-005,0.0418287
4.7984e-005,0.0415955
4.7988e-005,0.0418287
4.7992e-005,0.0416055
4.7996e-005,0.0412285
4.8e-005,0.0412731
4.8004e-005,0.0422702
4.8008e-005,0.0425678
4.8012e-005,0.04166
4.8016e-005,0.0416997
4.802e-005,0.0421263
4.8024e-005,0.0419725
4.8028e-005,0.0418585
4.8032e-005,0.0417394
4.8036e-005,0.0417344
4.804e-005,0.0411689
4.8044e-005,0.0415955
4.8048e-005,0.041784
4.8052e-005,0.0417989
4.8056e-005,0.0414765
4.806e-005,0.0418833
4.8064e-005,0.0416055
4.8068e-005,0.0423694
4.8072e-005,0.0421809
4.8076e-005,0.0417543
4.808e-005,0.0413029
4.8084e-005,0.0412086
4.8088e-005,0.0419378
4.8092e-005,0.0412731
4.8096e-005,0.04229
4.81e-005,0.0414765
4.8104e-005,0.0411739
4.8108e-005,0.0420817
4.8112e-005,0.0416253
4.8116e-005,0.0418039
4.812e-005,0.0413426
4.8124e-005,0.0412632
4.8128e-005,0.0416303
4.8132e-005,0.0417146
4.8136e-005,0.0419775
4.814e-005,0.0417791
4.8144e-005,0.0413822
4.8148e-005,0.041794
4.8152e-005,0.041536
4.8156e-005,0.0419428
4.816e-005,0.0420122
4.8164e-005,0.0418981
4.8168e-005,0.0417642
4.8172e-005,0.0414269
4.8176e-005,0.0415013
4.818e-005,0.0420519
4.8184e-005,0.0412979
4.8188e-005,0.0416997
4.8192e-005,0.0420122
4.8196e-005,0.041407
4.82e-005,0.0416501
4.8204e-005,0.0414318
4.8208e-005,0.0420023
4.8212e-005,0.0419527
4.8216e-005,0.0418188
4.822e-005,0.0420618
4.8224e-005,0.0416303
4.8228e-005,0.0419527
4.8232e-005,0.0416451
4.8236e-005,0.0410548
4.824e-005,0.0417444
4.8244e-005,0.041794
4.8248e-005,0.0425133
4.8252e-005,0.0421561
4.8256e-005,0.041784
4.826e-005,0.0414715
4.8264e-005,0.0420073
4.8268e-005,0.0417047
4.8272e-005,0.0415311
4.8276e-005,0.04166
4.828e-005,0.0421611
4.8284e-005,0.0413872
4.8288e-005,0.0417047
4.8292e-005,0.0417196
4.8296e-005,0.0410697
4.83e-005,0.0415856
4.8304e-005,0.0408316
4.8308e-005,0.0412681
4.8312e-005,0.0417444
4.8316e-005,0.0415757
4.832e-005,0.0410152
4.8324e-005,0.0409755
4.8328e-005,0.0417741
4.8332e-005,0.0419081
4.8336e-005,0.0414765
4.834e-005,0.0416303
4.8344e-005,0.0414765
4.8348e-005,0.0415063
4.8352e-005,0.0418882
4.8356e-005,0.0415955
4.836e-005,0.0417444
4.8364e-005,0.0417642
4.8368e-005,0.0408366
4.8372e-005,0.0420817
4.8376e-005,0.0422503
4.838e-005,0.0414914
4.8384e-005,0.0420271
4.8388e-005,0.0413128
4.8392e-005,0.0403256
4.8396e-005,0.0381876
4.84e-005,0.0363572
4.8404e-005,0.0355337
4.8408e-005,0.0345862
4.8412e-005,0.0341844
4.8416e-005,0.0338669
4.842e-005,0.0251909
4.8424e-005,0.0207263
4.8428e-005,0.0198681
4.8432e-005,0.019511
4.8436e-005,0.018499
4.844e-005,0.0183254
4.8444e-005,0.00802224
4.8448e-005,0.00143457
4.8452e-005,0.00148914
4.8456e-005,0.000204346
4.846e-005,0.000358125
4.8464e-005,0.000224189
4.8468e-005,0.000377967
4.8472e-005,0.000556549
4.8476e-005,0.000229149
4.848e-005,-0.000678639
4.8484e-005,0.0098527
4.8488e-005,0.0198235
4.8492e-005,0.0229387
4.8496e-005,0.0258506
4.85e-005,0.0295215
4.8504e-005,0.0326417
4.8508e-005,0.0346061
4.8512e-005,0.0362282
4.8516e-005,0.0379693
4.852e-005,0.0391599
4.8524e-005,0.0402264
4.8528e-005,0.0418882
4.8532e-005,0.0427414
4.8536e-005,0.0430341
4.854e-005,0.0445322
4.8544e-005,0.0444082
4.8548e-005,0.0449539
4.8552e-005,0.0464371
4.8556e-005,0.0472506
4.856e-005,0.0464371
4.8564e-005,0.0476921
4.8568e-005,0.0479897
4.8572e-005,0.0477963
4.8576e-005,0.0480195
4.858e-005,0.0485056
4.8584e-005,0.0487735
4.8588e-005,0.0491009
4.8592e-005,0.0487983
4.8596e-005,0.0489422
4.86e-005,0.0487735
4.8604e-005,0.0496615
4.8608e-005,0.0491307
4.8612e-005,0.0494928
4.8616e-005,0.0494531
4.862e-005,0.0494085
4.8624e-005,0.0498599
4.8628e-005,0.0498103
4.8632e-005,0.0497904
4.8636e-005,0.0505147
4.864e-005,0.0497061
4.8644e-005,0.049969
4.8648e-005,0.0500186
4.8652e-005,0.0502865
4.8656e-005,0.0495474
4.866e-005,0.0496565
4.8664e-005,0.0501674
4.8668e-005,0.0500583
4.8672e-005,0.0495871
4.8676e-005,0.050227
4.868e-005,0.0502766
4.8684e-005,0.0500881
4.8688e-005,0.0500385
4.8692e-005,0.050103
4.8696e-005,0.0499938
4.87e-005,0.0507082
4.8704e-005,0.0500583
4.8708e-005,0.0499343
4.8712e-005,0.0500186
4.8716e-005,0.0496466
4.872e-005,0.0501178
4.8724e-005,0.0499442
4.8728e-005,0.0505048
4.8732e-005,0.0505742
4.8736e-005,0.0500881
4.874e-005,0.0504403
4.8744e-005,0.050604
4.8748e-005,0.0501873
4.8752e-005,0.0504006
4.8756e-005,0.0503758
4.876e-005,0.0507974
4.8764e-005,0.0507578
4.8768e-005,0.0506486
4.8772e-005,0.0505246
4.8776e-005,0.0510107
4.878e-005,0.0510554
4.8784e-005,0.0494878
4.8788e-005,0.0509959
4.8792e-005,0.050733
4.8796e-005,0.0507528
4.88e-005,0.0506834
4.8804e-005,0.0502865
4.8808e-005,0.0505891
4.8812e-005,0.0504502
4.8816e-005,0.050728
4.882e-005,0.0507379
4.8824e-005,0.0500732
4.8828e-005,0.0503609
4.8832e-005,0.0506685
4.8836e-005,0.0509264
4.884e-005,0.0506585
4.8844e-005,0.0507082
4.8848e-005,0.0506635
4.8852e-005,0.0512637
4.8856e-005,0.0505544
4.886e-005,0.0506536
4.8864e-005,0.0505742
4.8868e-005,0.0506685
4.8872e-005,0.0503659
4.8876e-005,0.0505941
4.888e-005,0.0504502
4.8884e-005,0.0511546
4.8888e-005,0.0509711
4.8892e-005,0.0506337
4.8896e-005,0.0507776
4.89e-005,0.0504601
4.8904e-005,0.0506288
4.8908e-005,0.0504998
4.8912e-005,0.0508421
4.8916e-005,0.0505693
4.892e-005,0.0503411
4.8924e-005,0.0502716
4.8928e-005,0.0511447
4.8932e-005,0.0508371
4.8936e-005,0.0507131
4.894e-005,0.050852
4.8944e-005,0.0504601
4.8948e-005,0.0506784
4.8952e-005,0.0507379
4.8956e-005,0.0508123
4.896e-005,0.0502518
4.8964e-005,0.0505494
4.8968e-005,0.0505891
4.8972e-005,0.0506734
4.8976e-005,0.0500286
4.898e-005,0.0504849
4.8984e-005,0.0504452
4.8988e-005,0.0503857
4.8992e-005,0.0504254
4.8996e-005,0.0496664
4.9e-005,0.0505345
4.9004e-005,0.0502617
4.9008e-005,0.0499194
4.9012e-005,0.050976
4.9016e-005,0.0506288
4.902e-005,0.0507776
4.9024e-005,0.0503262
4.9028e-005,0.0501079
4.9032e-005,0.0500633
4.9036e-005,0.050222
4.904e-005,0.0505197
4.9044e-005,0.0507032
4.9048e-005,0.0502815
4.9052e-005,0.0510504
4.9056e-005,0.0509413
4.906e-005,0.0500732
4.9064e-005,0.050599
4.9068e-005,0.0507826
4.9072e-005,0.0506933
4.9076e-005,0.0507082
4.908e-005,0.0508421
4.9084e-005,0.0505544
4.9088e-005,0.050475
4.9092e-005,0.0506635
4.9096e-005,0.0506437
4.91e-005,0.0504254
4.9104e-005,0.04984
4.9108e-005,0.0511645
4.9112e-005,0.0506139
4.9116e-005,0.0507974
4.912e-005,0.0507429
4.9124e-005,0.0505296
4.9128e-005,0.050728
4.9132e-005,0.050599
4.9136e-005,0.0501178
4.914e-005,0.0500732
4.9144e-005,0.0508917
4.9148e-005,0.0507776
4.9152e-005,0.0511844
4.9156e-005,0.050222
4.916e-005,0.0491208
4.9164e-005,0.043684
4.9168e-005,0.0391649
4.9172e-005,0.0378305
4.9176e-005,0.0361339
4.918e-005,0.0356776
4.9184e-005,0.0343977
4.9188e-005,0.0252504
4.9192e-005,0.0205577
4.9196e-005,0.0199723
4.92e-005,0.0191538
4.9204e-005,0.0189752
4.9208e-005,0.0186429
4.9212e-005,0.00927231
4.9216e-005,0.000809539
4.922e-005,0.00161812
4.9224e-005,-8.95912e-006
4.9228e-005,0.000134898
4.9232e-005,0.000368046
4.9236e-005,0.0004871
4.924e-005,0.00110221
4.9244e-005,0.000581352
4.9248e-005,-0.00102092
4.9252e-005,0.00976341
4.9256e-005,0.0206519
4.926e-005,0.0234199
4.9264e-005,0.027438
4.9268e-005,0.0325077
4.9272e-005,0.0358363
4.9276e-005,0.0371062
4.928e-005,0.0392789
4.9284e-005,0.0410499
4.9288e-005,0.0423148
4.9292e-005,0.0434756
4.9296e-005,0.0452763
4.93e-005,0.0455144
4.9304e-005,0.0470274
4.9308e-005,0.0473746
4.9312e-005,0.0485404
4.9316e-005,0.04859
4.932e-005,0.0496664
4.9324e-005,0.0500286
4.9328e-005,0.0505544
4.9332e-005,0.0510455
4.9336e-005,0.0518243
4.934e-005,0.0522063
4.9344e-005,0.0519086
4.9348e-005,0.0518888
4.9352e-005,0.0527618
4.9356e-005,0.0525337
4.936e-005,0.0532381
4.9364e-005,0.054002
4.9368e-005,0.0538036
4.9372e-005,0.0533869
4.9376e-005,0.0540268
4.938e-005,0.0540566
4.9384e-005,0.054002
4.9388e-005,0.0553761
4.9392e-005,0.0551479
4.9396e-005,0.0547064
4.94e-005,0.0547659
4.9404e-005,0.0548999
4.9408e-005,0.055009
4.9412e-005,0.0556787
4.9416e-005,0.055381
4.942e-005,0.0558076
4.9424e-005,0.0558672
4.9428e-005,0.0561549
4.9432e-005,0.0556886
4.9436e-005,0.0562789
4.944e-005,0.0562888
4.9444e-005,0.0565269
4.9448e-005,0.0563831
4.9452e-005,0.0562293
4.9456e-005,0.055639
4.946e-005,0.0556588
4.9464e-005,0.0557283
4.9468e-005,0.0553314
4.9472e-005,0.0559168
4.9476e-005,0.0558027
4.948e-005,0.05614
4.9484e-005,0.0560656
4.9488e-005,0.0557779
4.9492e-005,0.0566162
4.9496e-005,0.0565716
4.95e-005,0.0556687
4.9504e-005,0.0553662
4.9508e-005,0.0557035
4.9512e-005,0.0561598
4.9516e-005,0.0559366
4.952e-005,0.056016
4.9524e-005,0.0567898
4.9528e-005,0.0565666
4.9532e-005,0.0566559
4.9536e-005,0.0564476
4.954e-005,0.0564624
4.9544e-005,0.0562789
4.9548e-005,0.0558771
4.9552e-005,0.0563335
4.9556e-005,0.0556936
4.956e-005,0.0562491
4.9564e-005,0.0563136
4.9568e-005,0.0560805
4.9572e-005,0.0564079
4.9576e-005,0.0563583
4.958e-005,0.0564773
4.9584e-005,0.0567154
4.9588e-005,0.0561003
4.9592e-005,0.057152
4.9596e-005,0.0562194
4.96e-005,0.0562888
4.9604e-005,0.056512
4.9608e-005,0.0565468
4.9612e-005,0.0564773
4.9616e-005,0.0560309
4.962e-005,0.0568543
4.9624e-005,0.0559515
4.9628e-005,0.0563781
4.9632e-005,0.0563087
4.9636e-005,0.0563186
4.964e-005,0.056517
4.9644e-005,0.0561747
4.9648e-005,0.0562095
4.9652e-005,0.0560606
4.9656e-005,0.0564773
4.966e-005,0.0567303
4.9664e-005,0.0565666
4.9668e-005,0.0562194
4.9672e-005,0.0568643
4.9676e-005,0.055758
4.968e-005,0.0562839
4.9684e-005,0.0566757
4.9688e-005,0.0565517
4.9692e-005,0.0565418
4.9696e-005,0.0565269
4.97e-005,0.0566807
4.9704e-005,0.056765
4.9708e-005,0.0565765
4.9712e-005,0.0565369
4.9716e-005,0.056646
4.972e-005,0.0568097
4.9724e-005,0.0566013
4.9728e-005,0.0568692
4.9732e-005,0.0565865
4.9736e-005,0.0570031
4.974e-005,0.0566906
4.9744e-005,0.0564823
4.9748e-005,0.0565716
4.9752e-005,0.0565468
4.9756e-005,0.0564178
4.976e-005,0.0565071
4.9764e-005,0.0567948
4.9768e-005,0.0571867
4.9772e-005,0.0569139
4.9776e-005,0.0570428
4.978e-005,0.0565617
4.9784e-005,0.0570974
4.9788e-005,0.0562144
4.9792e-005,0.0562045
4.9796e-005,0.0563583
4.98e-005,0.0569387
4.9804e-005,0.0565666
4.9808e-005,0.0571073
4.9812e-005,0.0565418
4.9816e-005,0.0565815
4.982e-005,0.0565765
4.9824e-005,0.0568246
4.9828e-005,0.0571817
4.9832e-005,0.0571073
4.9836e-005,0.0568643
4.984e-005,0.0566757
4.9844e-005,0.057142
4.9848e-005,0.0568196
4.9852e-005,0.0568742
4.9856e-005,0.0566807
4.986e-005,0.0566658
4.9864e-005,0.0566757
4.9868e-005,0.0565567
4.9872e-005,0.0567055
4.9876e-005,0.0566609
4.988e-005,0.0561747
4.9884e-005,0.0568345
4.9888e-005,0.0569982
4.9892e-005,0.0563632
4.9896e-005,0.0565815
4.99e-005,0.0567105
4.9904e-005,0.0566559
4.9908e-005,0.056398
4.9912e-005,0.0562541
4.9916e-005,0.0568692
4.992e-005,0.0575587
4.9924e-005,0.0567502
4.9928e-005,0.0557332
4.9932e-005,0.0486743
4.9936e-005,0.0424587
4.994e-005,0.0391301
4.9944e-005,0.0379049
4.9948e-005,0.0365953
4.9952e-005,0.0354097
4.9956e-005,0.0253198
4.996e-005,0.0206023
4.9964e-005,0.0201112
4.9968e-005,0.0195011
4.9972e-005,0.0188165
4.9976e-005,0.0187123
4.998e-005,0.00843893
4.9984e-005,0.0015189
4.9988e-005,0.00118158
4.9992e-005,-2.38409e-005
4.9996e-005,0.000725209
5e-005,0.001003
5.0004e-005,0.000387888
5.0008e-005,0.000963317
5.0012e-005,0.000283716
5.0016e-005,-0.000405807
5.002e-005,0.00967412
5.0024e-005,0.0194663
5.0028e-005,0.0243674
5.0032e-005,0.0295215
5.0036e-005,0.034492
5.004e-005,0.0369772
5.0044e-005,0.0387978
5.0048e-005,0.0405935
5.0052e-005,0.0433318
5.0056e-005,0.0442048
5.006e-005,0.0447604
5.0064e-005,0.0469579
5.0068e-005,0.0469083
5.0072e-005,0.0471216
5.0076e-005,0.0490712
5.008e-005,0.0498351
5.0084e-005,0.050351
5.0088e-005,0.0515068
5.0092e-005,0.0517846
5.0096e-005,0.0511496
5.01e-005,0.0525138
5.0104e-005,0.0532877
5.0108e-005,0.0530148
5.0112e-005,0.0536746
5.0116e-005,0.0544385
5.012e-005,0.054508
5.0124e-005,0.054498
5.0128e-005,0.0550239
5.0132e-005,0.0554158
5.0136e-005,0.0552967
5.014e-005,0.0556985
5.0144e-005,0.0566857
5.0148e-005,0.0562591
5.0152e-005,0.0563732
5.0156e-005,0.0560507
5.016e-005,0.0562987
5.0164e-005,0.0570031
5.0168e-005,0.056765
5.0172e-005,0.0572859
5.0176e-005,0.0574794
5.018e-005,0.0576877
5.0184e-005,0.0575439
5.0188e-005,0.0574149
5.0192e-005,0.0573603
5.0196e-005,0.0577026
5.02e-005,0.0578117
5.0204e-005,0.0578068
5.0208e-005,0.0575042
5.0212e-005,0.0579308
5.0216e-005,0.0577919
5.022e-005,0.0580399
5.0224e-005,0.0579804
5.0228e-005,0.0576927
5.0232e-005,0.058154
5.0236e-005,0.0585707
5.024e-005,0.057906
5.0244e-005,0.0578861
5.0248e-005,0.058278
5.0252e-005,0.0586848
5.0256e-005,0.0585757
5.026e-005,0.0582135
5.0264e-005,0.0584169
5.0268e-005,0.058407
5.0272e-005,0.0585161
5.0276e-005,0.0588138
5.028e-005,0.0583326
5.0284e-005,0.0588783
5.0288e-005,0.058402
5.0292e-005,0.0584665
5.0296e-005,0.0586005
5.03e-005,0.0580647
5.0304e-005,0.0581143
5.0308e-005,0.0583227
5.0312e-005,0.0582135
5.0316e-005,0.0580548
5.032e-005,0.0586352
5.0324e-005,0.0583375
5.0328e-005,0.0585161
5.0332e-005,0.0582532
5.0336e-005,0.058278
5.034e-005,0.0582631
5.0344e-005,0.0586897
5.0348e-005,0.0582929
5.0352e-005,0.0586302
5.0356e-005,0.0583425
5.036e-005,0.0583872
5.0364e-005,0.0588783
5.0368e-005,0.0585558
5.0372e-005,0.0585409
5.0376e-005,0.0586401
5.038e-005,0.0586947
5.0384e-005,0.0583623
5.0388e-005,0.0587642
5.0392e-005,0.0585955
5.0396e-005,0.0583375
5.04e-005,0.0588336
5.0404e-005,0.0588088
5.0408e-005,0.0585856
5.0412e-005,0.0584368
5.0416e-005,0.0588237
5.042e-005,0.0587294
5.0424e-005,0.0586947
5.0428e-005,0.0587542
5.0432e-005,0.0583872
5.0436e-005,0.0584467
5.044e-005,0.0591908
5.0444e-005,0.0587939
5.0448e-005,0.0588237
5.0452e-005,0.0586848
5.0456e-005,0.0584913
5.046e-005,0.0584864
5.0464e-005,0.0585657
5.0468e-005,0.0583276
5.0472e-005,0.0584963
5.0476e-005,0.0584814
5.048e-005,0.0587493
5.0484e-005,0.0585161
5.0488e-005,0.0585757
5.0492e-005,0.0584913
5.0496e-005,0.0588584
5.05e-005,0.0589675
5.0504e-005,0.0584715
5.0508e-005,0.0587691
5.0512e-005,0.058526
5.0516e-005,0.058526
5.052e-005,0.0590916
5.0524e-005,0.0589675
5.0528e-005,0.0585856
5.0532e-005,0.0585211
5.0536e-005,0.0583971
5.054e-005,0.0585905
5.0544e-005,0.0586352
5.0548e-005,0.058779
5.0552e-005,0.0586798
5.0556e-005,0.058913
5.056e-005,0.0585806
5.0564e-005,0.0587294
5.0568e-005,0.0584616
5.0572e-005,0.058412
5.0576e-005,0.0583028
5.058e-005,0.0586104
5.0584e-005,0.0587146
5.0588e-005,0.0582879
5.0592e-005,0.0583227
5.0596e-005,0.0587493
5.06e-005,0.0585161
5.0604e-005,0.0588336
5.0608e-005,0.0586798
5.0612e-005,0.0581788
5.0616e-005,0.0587394
5.062e-005,0.0591114
5.0624e-005,0.0587046
5.0628e-005,0.0585558
5.0632e-005,0.0587989
5.0636e-005,0.0587195
5.064e-005,0.0586997
5.0644e-005,0.0583475
5.0648e-005,0.0582383
5.0652e-005,0.0587493
5.0656e-005,0.0587592
5.066e-005,0.0585806
5.0664e-005,0.0590965
5.0668e-005,0.0585955
5.0672e-005,0.0585012
5.0676e-005,0.0587493
5.068e-005,0.0584566
5.0684e-005,0.0586749
5.0688e-005,0.0589527
5.0692e-005,0.0586451
5.0696e-005,0.0573851
5.07e-005,0.0496119
5.0704e-005,0.0435401
5.0708e-005,0.0399784
5.0712e-005,0.0376866
5.0716e-005,0.0364613
5.072e-005,0.0351865
5.0724e-005,0.0249676
5.0728e-005,0.0214109
5.0732e-005,0.0202948
5.0736e-005,0.0191935
5.074e-005,0.0189107
5.0744e-005,0.0182708
5.0748e-005,0.00930704
5.0752e-005,0.00174213
5.0756e-005,0.00138497
5.076e-005,1.58439e-005
5.0764e-005,0.000333322
5.0768e-005,0.000551588
5.0772e-005,0.000511903
5.0776e-005,0.000809539
5.078e-005,-0.000187541
5.0784e-005,-0.00130367
5.0788e-005,0.00961459
5.0792e-005,0.0192431
5.0796e-005,0.0210884
5.08e-005,0.0242335
5.0804e-005,0.0272049
5.0808e-005,0.0291494
5.0812e-005,0.0296306
5.0816e-005,0.0317388
5.082e-005,0.0337132
5.0824e-005,0.0348987
5.0828e-005,0.0360099
5.0832e-005,0.0370963
5.0836e-005,0.0382372
5.084e-005,0.0378949
5.0844e-005,0.0392145
5.0848e-005,0.0388226
5.0852e-005,0.0393534
5.0856e-005,0.0406133
5.086e-005,0.0405092
5.0864e-005,0.0402711
5.0868e-005,0.0400627
5.0872e-005,0.0405191
5.0876e-005,0.0412185
5.088e-005,0.0411789
5.0884e-005,0.0413426
5.0888e-005,0.041407
5.0892e-005,0.0412731
5.0896e-005,0.0415459
5.09e-005,0.0421065
5.0904e-005,0.0413475
5.0908e-005,0.0418039
5.0912e-005,0.0411392
5.0916e-005,0.0415559
5.092e-005,0.04167
5.0924e-005,0.0411789
5.0928e-005,0.041784
5.0932e-005,0.041665
5.0936e-005,0.0414666
5.094e-005,0.0414318
5.0944e-005,0.0410747
5.0948e-005,0.0411789
5.0952e-005,0.041407
5.0956e-005,0.0422206
5.096e-005,0.0411888
5.0964e-005,0.0414219
5.0968e-005,0.0415707
5.0972e-005,0.0413773
5.0976e-005,0.0414814
5.098e-005,0.0414219
5.0984e-005,0.0412235
5.0988e-005,0.0412433
5.0992e-005,0.0410896
5.0996e-005,0.0411044
5.1e-005,0.0414963
5.1004e-005,0.0414467
5.1008e-005,0.0405687
5.1012e-005,0.0417096
5.1016e-005,0.0412037
5.102e-005,0.0413376
5.1024e-005,0.0412731
5.1028e-005,0.0415906
5.1032e-005,0.0416154
5.1036e-005,0.0412929
5.104e-005,0.041784
5.1044e-005,0.0417344
5.1048e-005,0.0418337
5.1052e-005,0.0418783
5.1056e-005,0.041789
5.106e-005,0.0416898
5.1064e-005,0.0411987
5.1068e-005,0.041412
5.1072e-005,0.0410449
5.1076e-005,0.0414368
5.108e-005,0.0412235
5.1084e-005,0.0410995
5.1088e-005,0.0414566
5.1092e-005,0.0411987
5.1096e-005,0.0411144
5.11e-005,0.0412285
5.1104e-005,0.0412681
5.1108e-005,0.0411491
5.1112e-005,0.0410201
5.1116e-005,0.0410945
5.112e-005,0.0412235
5.1124e-005,0.0412285
5.1128e-005,0.0413277
5.1132e-005,0.04166
5.1136e-005,0.041412
5.114e-005,0.0416104
5.1144e-005,0.0414467
5.1148e-005,0.0412483
5.1152e-005,0.0411044
5.1156e-005,0.0413078
5.116e-005,0.0417444
5.1164e-005,0.0416352
5.1168e-005,0.0408465
5.1172e-005,0.0419229
5.1176e-005,0.0412731
5.118e-005,0.0416997
5.1184e-005,0.0412086
5.1188e-005,0.0416799
5.1192e-005,0.04229
5.1196e-005,0.0419775
5.12e-005,0.0415112
5.1204e-005,0.0416104
5.1208e-005,0.0411243
5.1212e-005,0.0414467
5.1216e-005,0.0412334
5.122e-005,0.0413326
5.1224e-005,0.0411739
5.1228e-005,0.0416948
5.1232e-005,0.0405935
5.1236e-005,0.0410003
5.124e-005,0.0412334
5.1244e-005,0.0411491
5.1248e-005,0.0407969
5.1252e-005,0.0412632
5.1256e-005,0.0415211
5.126e-005,0.0411243
