LECROYWR104MXi,20621,Waveform
Segments,1,SegmentSize,2501
Segment,TrigTime,TimeSinceSegment1
#1,21-May-2015 13:59:34,0                 
Time,Ampl
4.126e-005,0.0416799
4.1264e-005,0.0443536
4.1268e-005,0.0449836
4.1272e-005,0.0451324
4.1276e-005,0.0460105
4.128e-005,0.0476177
4.1284e-005,0.0479848
4.1288e-005,0.0480096
4.1292e-005,0.0489372
4.1296e-005,0.0491803
4.13e-005,0.0498053
4.1304e-005,0.0498252
4.1308e-005,0.0507578
4.1312e-005,0.0502071
4.1316e-005,0.0510951
4.132e-005,0.0516358
4.1324e-005,0.0505147
4.1328e-005,0.0517449
4.1332e-005,0.051735
4.1336e-005,0.0520872
4.134e-005,0.0522608
4.1344e-005,0.0524196
4.1348e-005,0.0523948
4.1352e-005,0.053248
4.1356e-005,0.0533968
4.136e-005,0.0523848
4.1364e-005,0.0531636
4.1368e-005,0.0527271
4.1372e-005,0.0528164
4.1376e-005,0.0536051
4.138e-005,0.0529553
4.1384e-005,0.0532182
4.1388e-005,0.053754
4.1392e-005,0.0533323
4.1396e-005,0.0535754
4.14e-005,0.052747
4.1404e-005,0.0537242
4.1408e-005,0.0538135
4.1412e-005,0.053744
4.1416e-005,0.0539028
4.142e-005,0.0536994
4.1424e-005,0.0535059
4.1428e-005,0.0541955
4.1432e-005,0.0538681
4.1436e-005,0.0540218
4.144e-005,0.0543889
4.1444e-005,0.0535109
4.1448e-005,0.0531587
4.1452e-005,0.0537192
4.1456e-005,0.0537936
4.146e-005,0.0536895
4.1464e-005,0.0544286
4.1468e-005,0.0538581
4.1472e-005,0.054498
4.1476e-005,0.0535258
4.148e-005,0.0543592
4.1484e-005,0.0534414
4.1488e-005,0.0543443
4.1492e-005,0.0543046
4.1496e-005,0.0539474
4.15e-005,0.0542451
4.1504e-005,0.0534514
4.1508e-005,0.053754
4.1512e-005,0.0541558
4.1516e-005,0.0541855
4.152e-005,0.0542847
4.1524e-005,0.0544137
4.1528e-005,0.0542401
4.1532e-005,0.0541905
4.1536e-005,0.0548651
4.154e-005,0.0541359
4.1544e-005,0.0539871
4.1548e-005,0.0534712
4.1552e-005,0.0530396
4.1556e-005,0.054627
4.156e-005,0.0541458
4.1564e-005,0.0544881
4.1568e-005,0.0544385
4.1572e-005,0.0538879
4.1576e-005,0.0542004
4.158e-005,0.0549048
4.1584e-005,0.0540615
4.1588e-005,0.0541558
4.1592e-005,0.0542996
4.1596e-005,0.0547312
4.16e-005,0.0544236
4.1604e-005,0.0542451
4.1608e-005,0.0543592
4.1612e-005,0.0540566
4.1616e-005,0.0543988
4.162e-005,0.0543393
4.1624e-005,0.0547114
4.1628e-005,0.0542748
4.1632e-005,0.0536696
4.1636e-005,0.0539821
4.164e-005,0.0542996
4.1644e-005,0.0545675
4.1648e-005,0.053744
4.1652e-005,0.0552025
4.1656e-005,0.0549346
4.166e-005,0.0540566
4.1664e-005,0.0549445
4.1668e-005,0.0544931
4.1672e-005,0.0544038
4.1676e-005,0.0542054
4.168e-005,0.0541706
4.1684e-005,0.0543542
4.1688e-005,0.0541508
4.1692e-005,0.0542699
4.1696e-005,0.0541806
4.17e-005,0.0548949
4.1704e-005,0.0543492
4.1708e-005,0.054374
4.1712e-005,0.0545129
4.1716e-005,0.0548651
4.172e-005,0.0538929
4.1724e-005,0.0539474
4.1728e-005,0.0543641
4.1732e-005,0.0536647
4.1736e-005,0.054498
4.174e-005,0.0547659
4.1744e-005,0.0536101
4.1748e-005,0.0542252
4.1752e-005,0.0538482
4.1756e-005,0.0537292
4.176e-005,0.0544633
4.1764e-005,0.0544286
4.1768e-005,0.0546469
4.1772e-005,0.0549048
4.1776e-005,0.0548949
4.178e-005,0.0541756
4.1784e-005,0.0537788
4.1788e-005,0.0542004
4.1792e-005,0.0536994
4.1796e-005,0.0537887
4.18e-005,0.0543244
4.1804e-005,0.0539375
4.1808e-005,0.0544286
4.1812e-005,0.0545873
4.1816e-005,0.0540714
4.182e-005,0.0541756
4.1824e-005,0.0539573
4.1828e-005,0.0545873
4.1832e-005,0.0539276
4.1836e-005,0.0542401
4.184e-005,0.0545129
4.1844e-005,0.0544187
4.1848e-005,0.0543294
4.1852e-005,0.0543691
4.1856e-005,0.0543542
4.186e-005,0.054503
4.1864e-005,0.0537292
4.1868e-005,0.0539821
4.1872e-005,0.053878
4.1876e-005,0.0539623
4.188e-005,0.0535655
4.1884e-005,0.0540218
4.1888e-005,0.0539921
4.1892e-005,0.0542153
4.1896e-005,0.0525039
4.19e-005,0.0456632
4.1904e-005,0.0412483
4.1908e-005,0.0387085
4.1912e-005,0.0368929
4.1916e-005,0.0376221
4.192e-005,0.0355337
4.1924e-005,0.0256373
4.1928e-005,0.0207164
4.1932e-005,0.0199773
4.1936e-005,0.0191092
4.194e-005,0.0187867
4.1944e-005,0.0191538
4.1948e-005,0.0083298
4.1952e-005,0.00153875
4.1956e-005,0.00138001
4.196e-005,-0.000475255
4.1964e-005,0.000685524
4.1968e-005,0.00109725
4.1972e-005,0.000596233
4.1976e-005,0.000784736
4.198e-005,0.000382928
4.1984e-005,9.62069e-007
4.1988e-005,0.0112565
4.1992e-005,0.0195209
4.1996e-005,0.0196846
4.2e-005,0.0202848
4.2004e-005,0.0220508
4.2008e-005,0.0231223
4.2012e-005,0.0236481
4.2016e-005,0.0242434
4.202e-005,0.0249627
4.2024e-005,0.0248188
4.2028e-005,0.0255083
4.2032e-005,0.0259498
4.2036e-005,0.0269668
4.204e-005,0.0263467
4.2044e-005,0.0262425
4.2048e-005,0.026302
4.2052e-005,0.026813
4.2056e-005,0.0266443
4.206e-005,0.027185
4.2064e-005,0.0275323
4.2068e-005,0.0272445
4.2072e-005,0.0267931
4.2076e-005,0.0271949
4.208e-005,0.0265401
4.2084e-005,0.0274678
4.2088e-005,0.0267733
4.2092e-005,0.0266443
4.2096e-005,0.0270808
4.21e-005,0.0268874
4.2104e-005,0.0274876
4.2108e-005,0.0268576
4.2112e-005,0.0266939
4.2116e-005,0.0266195
4.212e-005,0.0267038
4.2124e-005,0.0267088
4.2128e-005,0.0262723
4.2132e-005,0.0265997
4.2136e-005,0.0271354
4.214e-005,0.0266443
4.2144e-005,0.0264955
4.2148e-005,0.0274082
4.2152e-005,0.0261036
4.2156e-005,0.0270759
4.216e-005,0.0266989
4.2164e-005,0.0268179
4.2168e-005,0.027056
4.2172e-005,0.0266096
4.2176e-005,0.0258605
4.218e-005,0.0270263
4.2184e-005,0.0258556
4.2188e-005,0.0258308
4.2192e-005,0.02656
4.2196e-005,0.0261879
4.22e-005,0.0255877
4.2204e-005,0.0256869
4.2208e-005,0.0259846
4.2212e-005,0.0259052
4.2216e-005,0.0267187
4.222e-005,0.026054
4.2224e-005,0.0260639
4.2228e-005,0.0263715
4.2232e-005,0.0261879
4.2236e-005,0.0267435
4.224e-005,0.0261086
4.2244e-005,0.0263764
4.2248e-005,0.0260838
4.2252e-005,0.0267832
4.2256e-005,0.0268477
4.226e-005,0.0257613
4.2264e-005,0.026431
4.2268e-005,0.026808
4.2272e-005,0.025925
4.2276e-005,0.0265005
4.228e-005,0.0262425
4.2284e-005,0.0265153
4.2288e-005,0.0262177
4.2292e-005,0.0265104
4.2296e-005,0.0266195
4.23e-005,0.0262524
4.2304e-005,0.0263516
4.2308e-005,0.0265352
4.2312e-005,0.0263715
4.2316e-005,0.0256522
4.232e-005,0.0255679
4.2324e-005,0.0268775
4.2328e-005,0.0264806
4.2332e-005,0.0262227
4.2336e-005,0.0266443
4.234e-005,0.0256671
4.2344e-005,0.0268626
4.2348e-005,0.0261582
4.2352e-005,0.0264707
4.2356e-005,0.026426
4.236e-005,0.0259846
4.2364e-005,0.0260094
4.2368e-005,0.0263814
4.2372e-005,0.026178
4.2376e-005,0.0263467
4.238e-005,0.0258953
4.2384e-005,0.0261929
4.2388e-005,0.0260044
4.2392e-005,0.0258804
4.2396e-005,0.0260391
4.24e-005,0.0259002
4.2404e-005,0.0266096
4.2408e-005,0.0274628
4.2412e-005,0.0263467
4.2416e-005,0.0259895
4.242e-005,0.0266145
4.2424e-005,0.0268477
4.2428e-005,0.0257167
4.2432e-005,0.0257961
4.2436e-005,0.0260242
4.244e-005,0.02593
4.2444e-005,0.0262971
4.2448e-005,0.0262524
4.2452e-005,0.0262425
4.2456e-005,0.0260937
4.246e-005,0.0262078
4.2464e-005,0.025682
4.2468e-005,0.0260788
4.2472e-005,0.0258953
4.2476e-005,0.0257613
4.248e-005,0.0259548
4.2484e-005,0.0259101
4.2488e-005,0.0262871
4.2492e-005,0.0263467
4.2496e-005,0.0263467
4.25e-005,0.0259598
4.2504e-005,0.0262921
4.2508e-005,0.0264955
4.2512e-005,0.0262822
4.2516e-005,0.0259846
4.252e-005,0.0260639
4.2524e-005,0.0255629
4.2528e-005,0.0260788
4.2532e-005,0.0258407
4.2536e-005,0.0253546
4.254e-005,0.0260639
4.2544e-005,0.0260094
4.2548e-005,0.0254984
4.2552e-005,0.0258556
4.2556e-005,0.0261582
4.256e-005,0.0259994
4.2564e-005,0.0256671
4.2568e-005,0.02593
4.2572e-005,0.0257464
4.2576e-005,0.0259895
4.258e-005,0.0257216
4.2584e-005,0.0255381
4.2588e-005,0.0261284
4.2592e-005,0.0256373
4.2596e-005,0.0257018
4.26e-005,0.0256274
4.2604e-005,0.025682
4.2608e-005,0.0257068
4.2612e-005,0.026183
4.2616e-005,0.0261532
4.262e-005,0.0260193
4.2624e-005,0.0264012
4.2628e-005,0.0264905
4.2632e-005,0.0261036
4.2636e-005,0.0257167
4.264e-005,0.0254091
4.2644e-005,0.0254736
4.2648e-005,0.0259796
4.2652e-005,0.0260242
4.2656e-005,0.0257911
4.266e-005,0.0254042
4.2664e-005,0.0262127
4.2668e-005,0.0261483
4.2672e-005,0.0262425
4.2676e-005,0.0258655
4.268e-005,0.0260292
4.2684e-005,0.0262227
4.2688e-005,0.0270312
4.2692e-005,0.0214456
4.2696e-005,0.0199624
4.27e-005,0.0193572
4.2704e-005,0.0189058
4.2708e-005,0.0184097
4.2712e-005,0.0180873
4.2716e-005,0.00675233
4.272e-005,0.00164788
4.2724e-005,0.00183638
4.2728e-005,0.00031844
4.2732e-005,-0.000172659
4.2736e-005,0.000799618
4.274e-005,0.00057143
4.2744e-005,0.000377967
4.2748e-005,-1.39197e-005
4.2752e-005,-0.000996117
4.2756e-005,0.0105869
4.276e-005,0.0193026
4.2764e-005,0.0202699
4.2768e-005,0.0225469
4.2772e-005,0.0252702
4.2776e-005,0.0265997
4.278e-005,0.0269866
4.2784e-005,0.02908
4.2788e-005,0.0301515
4.2792e-005,0.0307418
4.2796e-005,0.0309551
4.28e-005,0.0320414
4.2804e-005,0.0340108
4.2808e-005,0.0337528
4.2812e-005,0.03411
4.2816e-005,0.0344622
4.282e-005,0.034869
4.2824e-005,0.0348144
4.2828e-005,0.0355833
4.2832e-005,0.0360694
4.2836e-005,0.0358462
4.284e-005,0.036372
4.2844e-005,0.035995
4.2848e-005,0.0362331
4.2852e-005,0.0361339
4.2856e-005,0.0361587
4.286e-005,0.0366201
4.2864e-005,0.0371757
4.2868e-005,0.0360645
4.2872e-005,0.0364216
4.2876e-005,0.0369127
4.288e-005,0.0370417
4.2884e-005,0.0363869
4.2888e-005,0.0363919
4.2892e-005,0.0364762
4.2896e-005,0.0363075
4.29e-005,0.0361538
4.2904e-005,0.035871
4.2908e-005,0.0364613
4.2912e-005,0.0364068
4.2916e-005,0.0369276
4.292e-005,0.0364068
4.2924e-005,0.0362778
4.2928e-005,0.0362133
4.2932e-005,0.0362034
4.2936e-005,0.0361538
4.294e-005,0.0366746
4.2944e-005,0.0362083
4.2948e-005,0.0367986
4.2952e-005,0.0366201
4.2956e-005,0.0363522
4.296e-005,0.0363175
4.2964e-005,0.0362431
4.2968e-005,0.0363125
4.2972e-005,0.0361935
4.2976e-005,0.0359405
4.298e-005,0.0355833
4.2984e-005,0.0369673
4.2988e-005,0.0359901
4.2992e-005,0.0359653
4.2996e-005,0.0367143
4.3e-005,0.0365258
4.3004e-005,0.0363125
4.3008e-005,0.0368086
4.3012e-005,0.0365903
4.3016e-005,0.0369425
4.302e-005,0.0365159
4.3024e-005,0.036119
4.3028e-005,0.0360843
4.3032e-005,0.0367292
4.3036e-005,0.0364216
4.304e-005,0.0364663
4.3044e-005,0.0370616
4.3048e-005,0.0360347
4.3052e-005,0.0363224
4.3056e-005,0.0369872
4.306e-005,0.0363968
4.3064e-005,0.0366945
4.3068e-005,0.0366647
4.3072e-005,0.0362133
4.3076e-005,0.0362183
4.308e-005,0.036625
4.3084e-005,0.0359008
4.3088e-005,0.0354196
4.3092e-005,0.0363472
4.3096e-005,0.0358859
4.31e-005,0.0363224
4.3104e-005,0.0367044
4.3108e-005,0.036129
4.3112e-005,0.0358909
4.3116e-005,0.0359702
4.312e-005,0.0365457
4.3124e-005,0.0360595
4.3128e-005,0.0358115
4.3132e-005,0.0367143
4.3136e-005,0.0357222
4.314e-005,0.0363968
4.3144e-005,0.0357123
4.3148e-005,0.0363869
4.3152e-005,0.0357272
4.3156e-005,0.0364266
4.316e-005,0.0359901
4.3164e-005,0.0361587
4.3168e-005,0.0363522
4.3172e-005,0.0369177
4.3176e-005,0.0358859
4.318e-005,0.0361637
4.3184e-005,0.0359405
4.3188e-005,0.0360645
4.3192e-005,0.0361687
4.3196e-005,0.036382
4.32e-005,0.0357718
4.3204e-005,0.0361042
4.3208e-005,0.0364712
4.3212e-005,0.0364663
4.3216e-005,0.036119
4.322e-005,0.0364216
4.3224e-005,0.0360198
4.3228e-005,0.0359702
4.3232e-005,0.0360794
4.3236e-005,0.0358909
4.324e-005,0.035742
4.3244e-005,0.0356974
4.3248e-005,0.0367143
4.3252e-005,0.0359256
4.3256e-005,0.0361587
4.326e-005,0.0359901
4.3264e-005,0.0360744
4.3268e-005,0.0355436
4.3272e-005,0.0352311
4.3276e-005,0.0364316
4.328e-005,0.0359752
4.3284e-005,0.0365605
4.3288e-005,0.0360645
4.3292e-005,0.0356478
4.3296e-005,0.036248
4.33e-005,0.0357371
4.3304e-005,0.0356726
4.3308e-005,0.0353502
4.3312e-005,0.0359901
4.3316e-005,0.0357024
4.332e-005,0.0356279
4.3324e-005,0.036759
4.3328e-005,0.0357569
4.3332e-005,0.0357272
4.3336e-005,0.0364514
4.334e-005,0.0362927
4.3344e-005,0.0363175
4.3348e-005,0.0363026
4.3352e-005,0.0362282
4.3356e-005,0.0362232
4.336e-005,0.0362034
4.3364e-005,0.0365159
4.3368e-005,0.0363671
4.3372e-005,0.0363075
4.3376e-005,0.0364861
4.338e-005,0.0365258
4.3384e-005,0.0365853
4.3388e-005,0.0357966
4.3392e-005,0.0360446
4.3396e-005,0.0366449
4.34e-005,0.0360893
4.3404e-005,0.0364216
4.3408e-005,0.0363869
4.3412e-005,0.0367986
4.3416e-005,0.0359256
4.342e-005,0.036759
4.3424e-005,0.0367788
4.3428e-005,0.0363324
4.3432e-005,0.035499
4.3436e-005,0.0343382
4.344e-005,0.0328699
4.3444e-005,0.0318629
4.3448e-005,0.03096
4.3452e-005,0.0314114
4.3456e-005,0.030965
4.346e-005,0.0237275
4.3464e-005,0.020007
4.3468e-005,0.0199425
4.3472e-005,0.0194167
4.3476e-005,0.0194217
4.348e-005,0.0189107
4.3484e-005,0.00746666
4.3488e-005,0.00143953
4.3492e-005,0.00113198
4.3496e-005,-0.000723285
4.35e-005,0.000764894
4.3504e-005,0.00089883
4.3508e-005,-0.000366122
4.3512e-005,0.000953396
4.3516e-005,0.000690485
4.352e-005,-0.000673679
4.3524e-005,0.0107853
4.3528e-005,0.01964
4.3532e-005,0.0212819
4.3536e-005,0.024665
4.354e-005,0.0284103
4.3544e-005,0.0308559
4.3548e-005,0.0319521
4.3552e-005,0.0345416
4.3556e-005,0.0352261
4.356e-005,0.0371459
4.3564e-005,0.0384803
4.3568e-005,0.0397155
4.3572e-005,0.0396956
4.3576e-005,0.0404199
4.358e-005,0.0411888
4.3584e-005,0.0421462
4.3588e-005,0.0424835
4.3592e-005,0.0428307
4.3596e-005,0.0437584
4.36e-005,0.0433218
4.3604e-005,0.043555
4.3608e-005,0.0443685
4.3612e-005,0.0441106
4.3616e-005,0.0445223
4.362e-005,0.0446413
4.3624e-005,0.0449291
4.3628e-005,0.0449638
4.3632e-005,0.04607
4.3636e-005,0.0455591
4.364e-005,0.0452465
4.3644e-005,0.0457575
4.3648e-005,0.0457575
4.3652e-005,0.0453854
4.3656e-005,0.046075
4.366e-005,0.0453854
4.3664e-005,0.0455541
4.3668e-005,0.0461494
4.3672e-005,0.0452217
4.3676e-005,0.0454946
4.368e-005,0.0460005
4.3684e-005,0.0468042
4.3688e-005,0.0458765
4.3692e-005,0.0459063
4.3696e-005,0.0453954
4.37e-005,0.0458765
4.3704e-005,0.0458071
4.3708e-005,0.0462387
4.3712e-005,0.0460105
4.3716e-005,0.0469431
4.372e-005,0.0458468
4.3724e-005,0.0460502
4.3728e-005,0.0461891
4.3732e-005,0.0461097
4.3736e-005,0.046065
4.374e-005,0.0470076
4.3744e-005,0.0461642
4.3748e-005,0.0462337
4.3752e-005,0.0459857
4.3756e-005,0.0456732
4.376e-005,0.0459311
4.3764e-005,0.0460551
4.3768e-005,0.0462734
4.3772e-005,0.045445
4.3776e-005,0.0459013
4.378e-005,0.0453507
4.3784e-005,0.0458071
4.3788e-005,0.0461345
4.3792e-005,0.0462337
4.3796e-005,0.0461791
4.38e-005,0.0465859
4.3804e-005,0.0463726
4.3808e-005,0.0459708
4.3812e-005,0.0465065
4.3816e-005,0.0457029
4.382e-005,0.0456831
4.3824e-005,0.0456087
4.3828e-005,0.0462982
4.3832e-005,0.0460303
4.3836e-005,0.046318
4.384e-005,0.0459807
4.3844e-005,0.046199
4.3848e-005,0.0472258
4.3852e-005,0.0460898
4.3856e-005,0.0459509
4.386e-005,0.0464222
4.3864e-005,0.0454995
4.3868e-005,0.0467446
4.3872e-005,0.0465264
4.3876e-005,0.045946
4.388e-005,0.0464222
4.3884e-005,0.0459162
4.3888e-005,0.0459708
4.3892e-005,0.04607
4.3896e-005,0.0462684
4.39e-005,0.0462585
4.3904e-005,0.0462932
4.3908e-005,0.0464619
4.3912e-005,0.0460601
4.3916e-005,0.0461394
4.392e-005,0.0462833
4.3924e-005,0.0463031
4.3928e-005,0.0458815
4.3932e-005,0.0459113
4.3936e-005,0.046452
4.394e-005,0.0458765
4.3944e-005,0.0467248
4.3948e-005,0.0465561
4.3952e-005,0.0464718
4.3956e-005,0.0469282
4.396e-005,0.0467298
4.3964e-005,0.0459063
4.3968e-005,0.0472953
4.3972e-005,0.0462238
4.3976e-005,0.0455789
4.398e-005,0.0458815
4.3984e-005,0.0461146
4.3988e-005,0.0462783
4.3992e-005,0.0465859
4.3996e-005,0.0458964
4.4e-005,0.0456384
4.4004e-005,0.0462287
4.4008e-005,0.045941
4.4012e-005,0.0458865
4.4016e-005,0.0459857
4.402e-005,0.0459311
4.4024e-005,0.0460799
4.4028e-005,0.0466305
4.4032e-005,0.0461891
4.4036e-005,0.0461543
4.404e-005,0.0467595
4.4044e-005,0.0466057
4.4048e-005,0.0465363
4.4052e-005,0.047702
4.4056e-005,0.0459311
4.406e-005,0.0466553
4.4064e-005,0.0470324
4.4068e-005,0.0463825
4.4072e-005,0.0466256
4.4076e-005,0.0474639
4.408e-005,0.0465958
4.4084e-005,0.0467595
4.4088e-005,0.0471911
4.4092e-005,0.0465958
4.4096e-005,0.0462039
4.41e-005,0.0467347
4.4104e-005,0.0464718
4.4108e-005,0.0466057
4.4112e-005,0.0471018
4.4116e-005,0.0461742
4.412e-005,0.0464817
4.4124e-005,0.0467794
4.4128e-005,0.0465115
4.4132e-005,0.0463974
4.4136e-005,0.0472357
4.414e-005,0.0465016
4.4144e-005,0.0458716
4.4148e-005,0.0467843
4.4152e-005,0.0468637
4.4156e-005,0.0462833
4.416e-005,0.0463279
4.4164e-005,0.0466901
4.4168e-005,0.046442
4.4172e-005,0.0468984
4.4176e-005,0.0462238
4.418e-005,0.0466008
4.4184e-005,0.0469232
4.4188e-005,0.0467744
4.4192e-005,0.0473796
4.4196e-005,0.0460601
4.42e-005,0.0450233
4.4204e-005,0.0411144
4.4208e-005,0.0383712
4.4212e-005,0.0370219
4.4216e-005,0.0356031
4.422e-005,0.0357024
4.4224e-005,0.034492
4.4228e-005,0.0246849
4.4232e-005,0.0197441
4.4236e-005,0.0198037
4.424e-005,0.0193225
4.4244e-005,0.0188413
4.4248e-005,0.0177797
4.4252e-005,0.00774445
4.4256e-005,0.0011915
4.426e-005,0.000740091
4.4264e-005,-0.000232186
4.4268e-005,0.000740091
4.4272e-005,0.000392849
4.4276e-005,0.000288677
4.428e-005,0.000606155
4.4284e-005,0.000457337
4.4288e-005,-0.000361161
4.4292e-005,0.0101851
4.4296e-005,0.0198483
4.43e-005,0.0227006
4.4304e-005,0.0273884
4.4308e-005,0.0318579
4.4312e-005,0.0344424
4.4316e-005,0.0360347
4.432e-005,0.0382223
4.4324e-005,0.0398445
4.4328e-005,0.0408167
4.4332e-005,0.042171
4.4336e-005,0.0436542
4.434e-005,0.0442296
4.4344e-005,0.0453507
4.4348e-005,0.0466107
4.4352e-005,0.0471018
4.4356e-005,0.0477566
4.436e-005,0.0481088
4.4364e-005,0.0485652
4.4368e-005,0.0493192
4.4372e-005,0.0489967
4.4376e-005,0.0505445
4.438e-005,0.049969
4.4384e-005,0.050093
4.4388e-005,0.051482
4.4392e-005,0.0510901
4.4396e-005,0.0508371
4.44e-005,0.0521368
4.4404e-005,0.0524245
4.4408e-005,0.051859
4.4412e-005,0.0526477
4.4416e-005,0.0523402
4.442e-005,0.0517648
4.4424e-005,0.0527966
4.4428e-005,0.0530496
4.4432e-005,0.0526626
4.4436e-005,0.0532281
4.444e-005,0.053377
4.4444e-005,0.052737
4.4448e-005,0.0533323
4.4452e-005,0.0536647
4.4456e-005,0.0531537
4.446e-005,0.0534613
4.4464e-005,0.0534563
4.4468e-005,0.0530297
4.4472e-005,0.0536696
4.4476e-005,0.0534117
4.448e-005,0.0530942
4.4484e-005,0.0532529
4.4488e-005,0.053997
4.4492e-005,0.0538135
4.4496e-005,0.0537688
4.45e-005,0.0540615
4.4504e-005,0.0535655
4.4508e-005,0.0536101
4.4512e-005,0.0537788
4.4516e-005,0.0537639
4.452e-005,0.0543145
4.4524e-005,0.054374
4.4528e-005,0.0539028
4.4532e-005,0.054002
4.4536e-005,0.0549693
4.454e-005,0.0543294
4.4544e-005,0.0540764
4.4548e-005,0.0544732
4.4552e-005,0.05362
4.4556e-005,0.0542748
4.456e-005,0.0541012
4.4564e-005,0.0544286
4.4568e-005,0.0542699
4.4572e-005,0.0544931
4.4576e-005,0.0541458
4.458e-005,0.0539276
4.4584e-005,0.0537341
4.4588e-005,0.0540665
4.4592e-005,0.0543592
4.4596e-005,0.0545377
4.46e-005,0.053997
4.4604e-005,0.0545229
4.4608e-005,0.0540119
4.4612e-005,0.0545774
4.4616e-005,0.0546469
4.462e-005,0.0550586
4.4624e-005,0.0540119
4.4628e-005,0.0549197
4.4632e-005,0.0541855
4.4636e-005,0.053501
4.464e-005,0.0541062
4.4644e-005,0.0543393
4.4648e-005,0.0537986
4.4652e-005,0.0542004
4.4656e-005,0.0539623
4.466e-005,0.0541359
4.4664e-005,0.0541409
4.4668e-005,0.0539276
4.4672e-005,0.0538333
4.4676e-005,0.0540169
4.468e-005,0.0540714
4.4684e-005,0.0546766
4.4688e-005,0.054885
4.4692e-005,0.0547114
4.4696e-005,0.0539177
4.47e-005,0.0547064
4.4704e-005,0.0545427
4.4708e-005,0.0551132
4.4712e-005,0.0544683
4.4716e-005,0.0552967
4.472e-005,0.0541161
4.4724e-005,0.0546469
4.4728e-005,0.0545576
4.4732e-005,0.0544732
4.4736e-005,0.0548205
4.474e-005,0.0543492
4.4744e-005,0.0545824
4.4748e-005,0.0546369
4.4752e-005,0.0549445
4.4756e-005,0.0544286
4.476e-005,0.0545229
4.4764e-005,0.0553612
4.4768e-005,0.0543988
4.4772e-005,0.0545328
4.4776e-005,0.0545923
4.478e-005,0.0544187
4.4784e-005,0.0537887
4.4788e-005,0.0544435
4.4792e-005,0.0546568
4.4796e-005,0.0549147
4.48e-005,0.0537738
4.4804e-005,0.0538978
4.4808e-005,0.0547362
4.4812e-005,0.0540913
4.4816e-005,0.0543542
4.482e-005,0.0549197
4.4824e-005,0.0547362
4.4828e-005,0.0544385
4.4832e-005,0.0537292
4.4836e-005,0.054384
4.484e-005,0.0539772
4.4844e-005,0.0548651
4.4848e-005,0.053997
4.4852e-005,0.05362
4.4856e-005,0.0545774
4.486e-005,0.0542947
4.4864e-005,0.0546617
4.4868e-005,0.0548999
4.4872e-005,0.0542302
4.4876e-005,0.0539821
4.488e-005,0.054255
4.4884e-005,0.0539921
4.4888e-005,0.0539226
4.4892e-005,0.0544931
4.4896e-005,0.0539177
4.49e-005,0.0547461
4.4904e-005,0.0546072
4.4908e-005,0.0549048
4.4912e-005,0.0535903
4.4916e-005,0.0544534
4.492e-005,0.054374
4.4924e-005,0.0539375
4.4928e-005,0.0546518
4.4932e-005,0.0547362
4.4936e-005,0.0539623
4.494e-005,0.0549495
4.4944e-005,0.054384
4.4948e-005,0.0544038
4.4952e-005,0.0546469
4.4956e-005,0.0540913
4.496e-005,0.0545477
4.4964e-005,0.0540814
4.4968e-005,0.0522807
4.4972e-005,0.0461791
4.4976e-005,0.0416402
4.498e-005,0.0386291
4.4984e-005,0.0369772
4.4988e-005,0.036253
4.4992e-005,0.0351368
4.4996e-005,0.0258109
4.5e-005,0.0214506
4.5004e-005,0.0197689
4.5008e-005,0.0190893
4.5012e-005,0.0193076
4.5016e-005,0.0188215
4.502e-005,0.00890027
4.5024e-005,0.001003
4.5028e-005,0.00138001
4.5032e-005,0.000472218
4.5036e-005,0.00101292
4.504e-005,0.000824421
4.5044e-005,0.000268834
4.5048e-005,0.000730169
4.5052e-005,0.000303558
4.5056e-005,-0.000896905
4.506e-005,0.0110432
4.5064e-005,0.019134
4.5068e-005,0.0195655
4.5072e-005,0.0201459
4.5076e-005,0.0222046
4.508e-005,0.0232661
4.5084e-005,0.0234199
4.5088e-005,0.0245261
4.5092e-005,0.0253694
4.5096e-005,0.0256125
4.51e-005,0.0256125
4.5104e-005,0.0264608
4.5108e-005,0.0265005
4.5112e-005,0.0269122
4.5116e-005,0.0273834
4.512e-005,0.0273537
4.5124e-005,0.0276513
4.5128e-005,0.0271602
4.5132e-005,0.0273686
4.5136e-005,0.0274777
4.514e-005,0.0271652
4.5144e-005,0.0271999
4.5148e-005,0.0272842
4.5152e-005,0.0268824
4.5156e-005,0.0275521
4.516e-005,0.0269271
4.5164e-005,0.0271652
4.5168e-005,0.0274628
4.5172e-005,0.0272545
4.5176e-005,0.0271007
4.518e-005,0.0271453
4.5184e-005,0.0271453
4.5188e-005,0.0269816
4.5192e-005,0.0276712
4.5196e-005,0.0268279
4.52e-005,0.0267138
4.5204e-005,0.0265798
4.5208e-005,0.0270362
4.5212e-005,0.0266145
4.5216e-005,0.0270461
4.522e-005,0.027066
4.5224e-005,0.0267683
4.5228e-005,0.0265451
4.5232e-005,0.0273586
4.5236e-005,0.026431
4.524e-005,0.0266741
4.5244e-005,0.0268328
4.5248e-005,0.0271156
4.5252e-005,0.0269866
4.5256e-005,0.0264955
4.526e-005,0.0266493
4.5264e-005,0.0266642
4.5268e-005,0.0266145
4.5272e-005,0.0262524
4.5276e-005,0.0267138
4.528e-005,0.0272693
4.5284e-005,0.0265897
4.5288e-005,0.0267534
4.5292e-005,0.0269916
4.5296e-005,0.0270164
4.53e-005,0.0263516
4.5304e-005,0.0267088
4.5308e-005,0.0271553
4.5312e-005,0.0266344
4.5316e-005,0.0260788
4.532e-005,0.0264558
4.5324e-005,0.0272693
4.5328e-005,0.0264409
4.5332e-005,0.0264608
4.5336e-005,0.0263516
4.534e-005,0.0261879
4.5344e-005,0.0263814
4.5348e-005,0.0260689
4.5352e-005,0.0265302
4.5356e-005,0.0260242
4.536e-005,0.0263417
4.5364e-005,0.026555
4.5368e-005,0.0260689
4.5372e-005,0.0262574
4.5376e-005,0.0252206
4.538e-005,0.0264856
4.5384e-005,0.0262326
4.5388e-005,0.026932
4.5392e-005,0.026679
4.5396e-005,0.0267286
4.54e-005,0.026689
4.5404e-005,0.0265501
4.5408e-005,0.0268824
4.5412e-005,0.0263864
4.5416e-005,0.0263963
4.542e-005,0.0268626
4.5424e-005,0.0263913
4.5428e-005,0.026436
4.5432e-005,0.0261929
4.5436e-005,0.0265798
4.544e-005,0.0260838
4.5444e-005,0.0266145
4.5448e-005,0.0261979
4.5452e-005,0.0259399
4.5456e-005,0.0271652
4.546e-005,0.0268725
4.5464e-005,0.026049
4.5468e-005,0.0268031
4.5472e-005,0.0258209
4.5476e-005,0.0259895
4.548e-005,0.0264409
4.5484e-005,0.0263715
4.5488e-005,0.0260738
4.5492e-005,0.0270957
4.5496e-005,0.0266096
4.55e-005,0.0263467
4.5504e-005,0.0270858
4.5508e-005,0.0267286
4.5512e-005,0.026555
4.5516e-005,0.0262127
4.552e-005,0.0262028
4.5524e-005,0.026436
4.5528e-005,0.0264806
4.5532e-005,0.0264856
4.5536e-005,0.0264657
4.554e-005,0.026689
4.5544e-005,0.0260937
4.5548e-005,0.0264558
4.5552e-005,0.026059
4.5556e-005,0.0260044
4.556e-005,0.0261979
4.5564e-005,0.0268328
4.5568e-005,0.0264211
4.5572e-005,0.026302
4.5576e-005,0.0261483
4.558e-005,0.0269171
4.5584e-005,0.026431
4.5588e-005,0.026307
4.5592e-005,0.026426
4.5596e-005,0.0262177
4.56e-005,0.0262673
4.5604e-005,0.0271751
4.5608e-005,0.0268626
4.5612e-005,0.0262524
4.5616e-005,0.0260292
4.562e-005,0.0269023
4.5624e-005,0.0267782
4.5628e-005,0.0266989
4.5632e-005,0.026813
4.5636e-005,0.0264211
4.564e-005,0.0258109
4.5644e-005,0.0260391
4.5648e-005,0.0261979
4.5652e-005,0.0268328
4.5656e-005,0.0266642
4.566e-005,0.0267584
4.5664e-005,0.0261582
4.5668e-005,0.0260143
4.5672e-005,0.0270015
4.5676e-005,0.026808
4.568e-005,0.0269965
4.5684e-005,0.0265798
4.5688e-005,0.0263467
4.5692e-005,0.0260838
4.5696e-005,0.026684
4.57e-005,0.0267931
4.5704e-005,0.0256175
4.5708e-005,0.0261433
4.5712e-005,0.026431
4.5716e-005,0.0262425
4.572e-005,0.0268874
4.5724e-005,0.0265054
4.5728e-005,0.0271751
4.5732e-005,0.0256125
4.5736e-005,0.0267485
4.574e-005,0.0263715
4.5744e-005,0.0265352
4.5748e-005,0.027066
4.5752e-005,0.0271949
4.5756e-005,0.02719
4.576e-005,0.027066
4.5764e-005,0.0219516
4.5768e-005,0.0199128
4.5772e-005,0.0194614
4.5776e-005,0.0187917
4.578e-005,0.0188016
4.5784e-005,0.0183601
4.5788e-005,0.00766508
4.5792e-005,0.00131056
4.5796e-005,0.00129072
4.58e-005,-0.000490137
4.5804e-005,0.000953396
4.5808e-005,0.000506943
4.5812e-005,0.0006508
4.5816e-005,0.000308519
4.582e-005,0.000660721
4.5824e-005,-0.00026691
4.5828e-005,0.0102347
4.5832e-005,0.0185982
4.5836e-005,0.0201707
4.584e-005,0.0219218
4.5844e-005,0.0249776
4.5848e-005,0.0264161
4.5852e-005,0.0282267
4.5856e-005,0.0295512
4.586e-005,0.0306029
4.5864e-005,0.0310295
4.5868e-005,0.0324929
4.5872e-005,0.0327012
4.5876e-005,0.03411
4.588e-005,0.0336239
4.5884e-005,0.0350525
4.5888e-005,0.0347053
4.5892e-005,0.0347053
4.5896e-005,0.0355535
4.59e-005,0.0357718
4.5904e-005,0.0362183
4.5908e-005,0.0362034
4.5912e-005,0.0369872
4.5916e-005,0.0369276
4.592e-005,0.0363324
4.5924e-005,0.0369177
4.5928e-005,0.0365109
4.5932e-005,0.0361835
4.5936e-005,0.0373046
4.594e-005,0.0372253
4.5944e-005,0.0364613
4.5948e-005,0.0367738
4.5952e-005,0.036883
4.5956e-005,0.0362083
4.596e-005,0.0367738
4.5964e-005,0.0369971
4.5968e-005,0.0368383
4.5972e-005,0.0369227
4.5976e-005,0.0368086
4.598e-005,0.0364365
4.5984e-005,0.0365605
4.5988e-005,0.0367738
4.5992e-005,0.0363125
4.5996e-005,0.0369227
4.6e-005,0.0372253
4.6004e-005,0.0371161
4.6008e-005,0.0367342
4.6012e-005,0.0378999
4.6016e-005,0.0370169
4.602e-005,0.03726
4.6024e-005,0.0366498
4.6028e-005,0.0366052
4.6032e-005,0.0370963
4.6036e-005,0.0367044
4.604e-005,0.0366498
4.6044e-005,0.0369078
4.6048e-005,0.0374038
4.6052e-005,0.0369921
4.6056e-005,0.0369425
4.606e-005,0.0373493
4.6064e-005,0.0372005
4.6068e-005,0.0376916
4.6072e-005,0.0372153
4.6076e-005,0.0369623
4.608e-005,0.036754
4.6084e-005,0.0371459
4.6088e-005,0.0368433
4.6092e-005,0.0366697
4.6096e-005,0.0369078
4.61e-005,0.0368086
4.6104e-005,0.0365605
4.6108e-005,0.0371062
4.6112e-005,0.0367342
4.6116e-005,0.0373691
4.612e-005,0.0364068
4.6124e-005,0.0367342
4.6128e-005,0.0371806
4.6132e-005,0.0365457
4.6136e-005,0.0372203
4.614e-005,0.0372253
4.6144e-005,0.0363075
4.6148e-005,0.0365853
4.6152e-005,0.0367838
4.6156e-005,0.0369822
4.616e-005,0.0364514
4.6164e-005,0.0373989
4.6168e-005,0.0367391
4.6172e-005,0.0366349
4.6176e-005,0.0371012
4.618e-005,0.0369127
4.6184e-005,0.0368532
4.6188e-005,0.0369673
4.6192e-005,0.0366399
4.6196e-005,0.0360347
4.62e-005,0.0376519
4.6204e-005,0.03726
4.6208e-005,0.0372104
4.6212e-005,0.0375675
4.6216e-005,0.0371608
4.622e-005,0.037255
4.6224e-005,0.0370715
4.6228e-005,0.0367986
4.6232e-005,0.0368433
4.6236e-005,0.0369623
4.624e-005,0.0368433
4.6244e-005,0.03663
4.6248e-005,0.0368532
4.6252e-005,0.0374237
4.6256e-005,0.0363572
4.626e-005,0.0365705
4.6264e-005,0.0364663
4.6268e-005,0.0367887
4.6272e-005,0.0362183
4.6276e-005,0.03663
4.628e-005,0.0367738
4.6284e-005,0.0369127
4.6288e-005,0.0366449
4.6292e-005,0.0363919
4.6296e-005,0.0373542
4.63e-005,0.0372054
4.6304e-005,0.0363373
4.6308e-005,0.0368582
4.6312e-005,0.0367887
4.6316e-005,0.0367391
4.632e-005,0.0368383
4.6324e-005,0.0367788
4.6328e-005,0.036506
4.6332e-005,0.0370516
4.6336e-005,0.0364861
4.634e-005,0.0366746
4.6344e-005,0.0368929
4.6348e-005,0.037389
4.6352e-005,0.0360843
4.6356e-005,0.0367342
4.636e-005,0.0364712
4.6364e-005,0.0364812
4.6368e-005,0.0366647
4.6372e-005,0.0367292
4.6376e-005,0.0364117
4.638e-005,0.0368383
4.6384e-005,0.0369227
4.6388e-005,0.0358512
4.6392e-005,0.0369127
4.6396e-005,0.0370566
4.64e-005,0.0367887
4.6404e-005,0.0363224
4.6408e-005,0.0366151
4.6412e-005,0.0362679
4.6416e-005,0.036625
4.642e-005,0.0368185
4.6424e-005,0.035623
4.6428e-005,0.0370814
4.6432e-005,0.0364266
4.6436e-005,0.0365209
4.644e-005,0.0371459
4.6444e-005,0.0364464
4.6448e-005,0.0365953
4.6452e-005,0.0371806
4.6456e-005,0.0369475
4.646e-005,0.0364514
4.6464e-005,0.0369475
4.6468e-005,0.0362877
4.6472e-005,0.0367193
4.6476e-005,0.0369127
4.648e-005,0.0369078
4.6484e-005,0.0365258
4.6488e-005,0.0370764
4.6492e-005,0.037508
4.6496e-005,0.0362629
4.65e-005,0.0359107
4.6504e-005,0.0355387
4.6508e-005,0.0338223
4.6512e-005,0.0321952
4.6516e-005,0.0322151
4.652e-005,0.0316198
4.6524e-005,0.0312477
4.6528e-005,0.0310096
4.6532e-005,0.0236035
4.6536e-005,0.0201658
4.654e-005,0.0195606
4.6544e-005,0.0195507
4.6548e-005,0.019134
4.6552e-005,0.0185833
4.6556e-005,0.00823555
4.656e-005,0.001633
4.6564e-005,0.00127583
4.6568e-005,0.000541667
4.6572e-005,0.000427573
4.6576e-005,0.000645839
4.658e-005,0.000472218
4.6584e-005,0.000293637
4.6588e-005,0.000174583
4.6592e-005,-0.000192501
4.6596e-005,0.0107158
4.66e-005,0.0198483
4.6604e-005,0.0223484
4.6608e-005,0.0250172
4.6612e-005,0.0281821
4.6616e-005,0.0310196
4.662e-005,0.0319521
4.6624e-005,0.0338124
4.6628e-005,0.0356379
4.6632e-005,0.0372947
4.6636e-005,0.0375874
4.664e-005,0.0390111
4.6644e-005,0.0402215
4.6648e-005,0.0404397
4.6652e-005,0.0409011
4.6656e-005,0.0423297
4.666e-005,0.0424488
4.6664e-005,0.0437286
4.6668e-005,0.043431
4.6672e-005,0.0438526
4.6676e-005,0.0437732
4.668e-005,0.0449439
4.6684e-005,0.0448547
4.6688e-005,0.0449092
4.6692e-005,0.045068
4.6696e-005,0.0449191
4.67e-005,0.0450977
4.6704e-005,0.0452862
4.6708e-005,0.0449787
4.6712e-005,0.0457724
4.6716e-005,0.0460452
4.672e-005,0.0453854
4.6724e-005,0.0454549
4.6728e-005,0.0459857
4.6732e-005,0.0458666
4.6736e-005,0.0457972
4.674e-005,0.0466057
4.6744e-005,0.0463081
4.6748e-005,0.0468786
4.6752e-005,0.0462932
4.6756e-005,0.0466752
4.676e-005,0.0460849
4.6764e-005,0.0462535
4.6768e-005,0.0459807
4.6772e-005,0.0458964
4.6776e-005,0.0458964
4.678e-005,0.0462387
4.6784e-005,0.0457029
4.6788e-005,0.0466057
4.6792e-005,0.046075
4.6796e-005,0.0458468
4.68e-005,0.0468389
4.6804e-005,0.0463924
4.6808e-005,0.0462039
4.6812e-005,0.0467546
4.6816e-005,0.0461543
4.682e-005,0.0467099
4.6824e-005,0.0466901
4.6828e-005,0.0471018
4.6832e-005,0.0467
4.6836e-005,0.0470919
4.684e-005,0.0462585
4.6844e-005,0.0466454
4.6848e-005,0.0463081
4.6852e-005,0.047077
4.6856e-005,0.0463924
4.686e-005,0.0461444
4.6864e-005,0.0466057
4.6868e-005,0.0466256
4.6872e-005,0.0467843
4.6876e-005,0.0461394
4.688e-005,0.046452
4.6884e-005,0.0470572
4.6888e-005,0.0465809
4.6892e-005,0.0467099
4.6896e-005,0.0470919
4.69e-005,0.0465165
4.6904e-005,0.0470373
4.6908e-005,0.0463279
4.6912e-005,0.0462932
4.6916e-005,0.0467446
4.692e-005,0.0476276
4.6924e-005,0.0463627
4.6928e-005,0.0465661
4.6932e-005,0.046953
4.6936e-005,0.0470324
4.694e-005,0.0464916
4.6944e-005,0.0471167
4.6948e-005,0.0465661
4.6952e-005,0.0458716
4.6956e-005,0.0468736
4.696e-005,0.0464867
4.6964e-005,0.0463081
4.6968e-005,0.0469183
4.6972e-005,0.0465859
4.6976e-005,0.0464569
4.698e-005,0.0469232
4.6984e-005,0.0469629
4.6988e-005,0.0466851
4.6992e-005,0.0471514
4.6996e-005,0.0462436
4.7e-005,0.046452
4.7004e-005,0.047325
4.7008e-005,0.046819
4.7012e-005,0.0466504
4.7016e-005,0.0469183
4.702e-005,0.0464668
4.7024e-005,0.0466603
4.7028e-005,0.0470125
4.7032e-005,0.0467099
4.7036e-005,0.0472705
4.704e-005,0.046948
4.7044e-005,0.0470076
4.7048e-005,0.0470175
4.7052e-005,0.0470671
4.7056e-005,0.0463131
4.706e-005,0.0466553
4.7064e-005,0.0469679
4.7068e-005,0.0473697
4.7072e-005,0.046576
4.7076e-005,0.047206
4.708e-005,0.0467645
4.7084e-005,0.0458716
4.7088e-005,0.0464321
4.7092e-005,0.0466057
4.7096e-005,0.0461196
4.71e-005,0.0466454
4.7104e-005,0.0463825
4.7108e-005,0.0457872
4.7112e-005,0.0459658
4.7116e-005,0.046065
4.712e-005,0.046576
4.7124e-005,0.0468984
4.7128e-005,0.0461494
4.7132e-005,0.0457773
4.7136e-005,0.0470224
4.714e-005,0.0462188
4.7144e-005,0.0464073
4.7148e-005,0.0465611
4.7152e-005,0.046194
4.7156e-005,0.0461841
4.716e-005,0.0465462
4.7164e-005,0.0460948
4.7168e-005,0.0460452
4.7172e-005,0.0468587
4.7176e-005,0.0457823
4.718e-005,0.0453954
4.7184e-005,0.0465661
4.7188e-005,0.0467595
4.7192e-005,0.0464172
4.7196e-005,0.0467645
4.72e-005,0.0469381
4.7204e-005,0.0466454
4.7208e-005,0.0465214
4.7212e-005,0.0465661
4.7216e-005,0.0464817
4.722e-005,0.0475929
4.7224e-005,0.0460105
4.7228e-005,0.046824
4.7232e-005,0.0468835
4.7236e-005,0.0469877
4.724e-005,0.0469034
4.7244e-005,0.0469877
4.7248e-005,0.0462287
4.7252e-005,0.0462238
4.7256e-005,0.0467794
4.726e-005,0.0468091
4.7264e-005,0.0471167
4.7268e-005,0.0462139
4.7272e-005,0.0452465
4.7276e-005,0.0414021
4.728e-005,0.0380834
4.7284e-005,0.0366697
4.7288e-005,0.0352757
4.7292e-005,0.0338372
4.7296e-005,0.0344572
4.73e-005,0.0250073
4.7304e-005,0.0208206
4.7308e-005,0.0199525
4.7312e-005,0.0188363
4.7316e-005,0.019134
4.732e-005,0.0192183
4.7324e-005,0.00834468
4.7328e-005,0.00164292
4.7332e-005,0.00113694
4.7336e-005,-3.99852e-006
4.734e-005,0.00121135
4.7344e-005,0.000630958
4.7348e-005,0.000690485
4.7352e-005,0.000769854
4.7356e-005,0.000283716
4.736e-005,-0.000286752
4.7364e-005,0.0112367
4.7368e-005,0.019754
4.7372e-005,0.0238069
4.7376e-005,0.0275372
4.738e-005,0.0318827
4.7384e-005,0.0338223
4.7388e-005,0.0353055
4.7392e-005,0.0377808
4.7396e-005,0.0391103
4.74e-005,0.0413078
4.7404e-005,0.0426025
4.7408e-005,0.0435203
4.7412e-005,0.0444528
4.7416e-005,0.0448447
4.742e-005,0.0459857
4.7424e-005,0.0469679
4.7428e-005,0.047826
4.7432e-005,0.0485106
4.7436e-005,0.04922
4.744e-005,0.0484858
4.7444e-005,0.0497805
4.7448e-005,0.0502369
4.7452e-005,0.0507478
4.7456e-005,0.050733
4.746e-005,0.0506784
4.7464e-005,0.0511645
4.7468e-005,0.0508669
4.7472e-005,0.051859
4.7476e-005,0.0516705
4.748e-005,0.0524592
4.7484e-005,0.0526775
4.7488e-005,0.0515415
4.7492e-005,0.0523402
4.7496e-005,0.0527122
4.75e-005,0.0523253
4.7504e-005,0.0525237
4.7508e-005,0.052484
4.7512e-005,0.0531537
4.7516e-005,0.0529454
4.752e-005,0.0529305
4.7524e-005,0.0523352
4.7528e-005,0.0530545
4.7532e-005,0.0532629
4.7536e-005,0.0536051
4.754e-005,0.0533869
4.7544e-005,0.0531885
4.7548e-005,0.0535059
4.7552e-005,0.0530694
4.7556e-005,0.053625
4.756e-005,0.0543046
4.7564e-005,0.0535506
4.7568e-005,0.0532381
4.7572e-005,0.0537887
4.7576e-005,0.053377
4.758e-005,0.0538234
4.7584e-005,0.0531736
4.7588e-005,0.0535307
4.7592e-005,0.0537589
4.7596e-005,0.0541955
4.76e-005,0.0541161
4.7604e-005,0.05362
4.7608e-005,0.0541706
4.7612e-005,0.0532827
4.7616e-005,0.0541458
4.762e-005,0.0538631
4.7624e-005,0.0540417
4.7628e-005,0.0541062
4.7632e-005,0.0549792
4.7636e-005,0.0535803
4.764e-005,0.0538978
4.7644e-005,0.0541905
4.7648e-005,0.0541657
4.7652e-005,0.0541756
4.7656e-005,0.0530198
4.766e-005,0.0544732
4.7664e-005,0.0541955
4.7668e-005,0.0537143
4.7672e-005,0.0541905
4.7676e-005,0.0537837
4.768e-005,0.0535803
4.7684e-005,0.0534365
4.7688e-005,0.0535655
4.7692e-005,0.0537837
4.7696e-005,0.0534018
4.77e-005,0.0535109
4.7704e-005,0.0534266
4.7708e-005,0.0545427
4.7712e-005,0.0543393
4.7716e-005,0.0535903
4.772e-005,0.0539375
4.7724e-005,0.0542451
4.7728e-005,0.0544286
4.7732e-005,0.0539722
4.7736e-005,0.0545675
4.774e-005,0.0540169
4.7744e-005,0.0538333
4.7748e-005,0.0540516
4.7752e-005,0.0540318
4.7756e-005,0.0535158
4.776e-005,0.0546865
4.7764e-005,0.0540665
4.7768e-005,0.053873
4.7772e-005,0.0547461
4.7776e-005,0.0541359
4.778e-005,0.0542451
4.7784e-005,0.053873
4.7788e-005,0.0539921
4.7792e-005,0.0542302
4.7796e-005,0.0538631
4.78e-005,0.0535655
4.7804e-005,0.0535555
4.7808e-005,0.0537143
4.7812e-005,0.0541508
4.7816e-005,0.0537242
4.782e-005,0.0538978
4.7824e-005,0.0539673
4.7828e-005,0.054751
4.7832e-005,0.0540863
4.7836e-005,0.0536597
4.784e-005,0.0542798
4.7844e-005,0.0545774
4.7848e-005,0.0543195
4.7852e-005,0.0540268
4.7856e-005,0.0540566
4.786e-005,0.0539276
4.7864e-005,0.0544584
4.7868e-005,0.0542996
4.7872e-005,0.0541558
4.7876e-005,0.0538482
4.788e-005,0.0544137
4.7884e-005,0.0543443
4.7888e-005,0.0539821
4.7892e-005,0.0547808
4.7896e-005,0.0545675
4.79e-005,0.0538432
4.7904e-005,0.054121
4.7908e-005,0.0542252
4.7912e-005,0.0545526
4.7916e-005,0.0543145
4.792e-005,0.0541508
4.7924e-005,0.0545377
4.7928e-005,0.0542103
4.7932e-005,0.0544732
4.7936e-005,0.0538432
4.794e-005,0.0543592
4.7944e-005,0.0537589
4.7948e-005,0.0535258
4.7952e-005,0.0539673
4.7956e-005,0.0543195
4.796e-005,0.054002
4.7964e-005,0.0537688
4.7968e-005,0.0542649
4.7972e-005,0.054384
4.7976e-005,0.0544633
4.798e-005,0.0540417
4.7984e-005,0.0549544
4.7988e-005,0.054508
4.7992e-005,0.0541359
4.7996e-005,0.0539127
4.8e-005,0.0545229
4.8004e-005,0.0547312
4.8008e-005,0.0538929
4.8012e-005,0.0548006
4.8016e-005,0.0543393
4.802e-005,0.0543889
4.8024e-005,0.0540615
4.8028e-005,0.0537837
4.8032e-005,0.0541012
4.8036e-005,0.053997
4.804e-005,0.0525485
4.8044e-005,0.0453755
4.8048e-005,0.0413525
4.8052e-005,0.0384505
4.8056e-005,0.0375675
4.806e-005,0.0370318
4.8064e-005,0.0351815
4.8068e-005,0.0252702
4.8072e-005,0.0208454
4.8076e-005,0.0195755
4.808e-005,0.0192481
4.8084e-005,0.0191389
4.8088e-005,0.0182907
4.8092e-005,0.00872169
4.8096e-005,0.00131552
4.81e-005,0.00117166
4.8104e-005,0.000531746
4.8108e-005,0.0004871
4.8112e-005,0.000516864
4.8116e-005,-0.000390925
4.812e-005,0.00129072
4.8124e-005,-7.84074e-005
4.8128e-005,2.5765e-005
4.8132e-005,0.011326
4.8136e-005,0.0189405
4.814e-005,0.0199574
4.8144e-005,0.0211182
4.8148e-005,0.0232066
4.8152e-005,0.0229338
4.8156e-005,0.0231818
4.816e-005,0.0243972
4.8164e-005,0.0246154
4.8168e-005,0.0248684
4.8172e-005,0.0253546
4.8176e-005,0.0251512
4.818e-005,0.0261433
4.8184e-005,0.026178
4.8188e-005,0.0265699
4.8192e-005,0.0269271
4.8196e-005,0.0266394
4.82e-005,0.026431
4.8204e-005,0.0263814
4.8208e-005,0.0266046
4.8212e-005,0.0269122
4.8216e-005,0.0270412
4.822e-005,0.0268179
4.8224e-005,0.0269519
4.8228e-005,0.0275719
4.8232e-005,0.0272098
4.8236e-005,0.026436
4.824e-005,0.0267733
4.8244e-005,0.0265451
4.8248e-005,0.0265352
4.8252e-005,0.0267832
4.8256e-005,0.0267733
4.826e-005,0.0267634
4.8264e-005,0.0265005
4.8268e-005,0.0266443
4.8272e-005,0.0260986
4.8276e-005,0.0267634
4.828e-005,0.0266443
4.8284e-005,0.0265798
4.8288e-005,0.0264608
4.8292e-005,0.0262871
4.8296e-005,0.0266294
4.83e-005,0.0261979
4.8304e-005,0.0267386
4.8308e-005,0.0265699
4.8312e-005,0.0271503
4.8316e-005,0.0265203
4.832e-005,0.0261086
4.8324e-005,0.0264707
4.8328e-005,0.0257018
4.8332e-005,0.0265798
4.8336e-005,0.026302
4.834e-005,0.0265203
4.8344e-005,0.0257464
4.8348e-005,0.0264757
4.8352e-005,0.0266741
4.8356e-005,0.0271553
4.836e-005,0.0268179
4.8364e-005,0.0268675
4.8368e-005,0.0265501
4.8372e-005,0.0259697
4.8376e-005,0.0261979
4.838e-005,0.0261879
4.8384e-005,0.0263566
4.8388e-005,0.0260738
4.8392e-005,0.025677
4.8396e-005,0.0258605
4.84e-005,0.0261532
4.8404e-005,0.0258754
4.8408e-005,0.0254637
4.8412e-005,0.0262227
4.8416e-005,0.0255331
4.842e-005,0.026054
4.8424e-005,0.0259796
4.8428e-005,0.0264062
4.8432e-005,0.0255728
4.8436e-005,0.0256522
4.844e-005,0.0253099
4.8444e-005,0.0260689
4.8448e-005,0.025925
4.8452e-005,0.0255827
4.8456e-005,0.0257564
4.846e-005,0.0262028
4.8464e-005,0.0250172
4.8468e-005,0.0260937
4.8472e-005,0.0258457
4.8476e-005,0.0261582
4.848e-005,0.0257316
4.8484e-005,0.0262127
4.8488e-005,0.0254141
4.8492e-005,0.0257663
4.8496e-005,0.0263715
4.85e-005,0.0257911
4.8504e-005,0.0268427
4.8508e-005,0.0259796
4.8512e-005,0.0257117
4.8516e-005,0.0261631
4.852e-005,0.0261532
4.8524e-005,0.0255083
4.8528e-005,0.026183
4.8532e-005,0.026054
4.8536e-005,0.0261383
4.854e-005,0.0252355
4.8544e-005,0.0256968
4.8548e-005,0.0253099
4.8552e-005,0.0264409
4.8556e-005,0.0259349
4.856e-005,0.0259201
4.8564e-005,0.0256125
4.8568e-005,0.0265153
4.8572e-005,0.025429
4.8576e-005,0.0262921
4.858e-005,0.0262822
4.8584e-005,0.0261631
4.8588e-005,0.0256671
4.8592e-005,0.0257861
4.8596e-005,0.0260738
4.86e-005,0.0256175
4.8604e-005,0.0262871
4.8608e-005,0.0255827
4.8612e-005,0.0258953
4.8616e-005,0.0266344
4.862e-005,0.0259697
4.8624e-005,0.0261631
4.8628e-005,0.0261086
4.8632e-005,0.026431
4.8636e-005,0.0260986
4.864e-005,0.0259598
4.8644e-005,0.0263715
4.8648e-005,0.025548
4.8652e-005,0.0255331
4.8656e-005,0.026312
4.866e-005,0.0253942
4.8664e-005,0.0262921
4.8668e-005,0.0260242
4.8672e-005,0.0266741
4.8676e-005,0.0259151
4.868e-005,0.0253942
4.8684e-005,0.026302
4.8688e-005,0.0254835
4.8692e-005,0.0260738
4.8696e-005,0.026054
4.87e-005,0.0266245
4.8704e-005,0.0259101
4.8708e-005,0.0259201
4.8712e-005,0.0258556
4.8716e-005,0.0261532
4.872e-005,0.0258953
4.8724e-005,0.0261532
4.8728e-005,0.0257812
4.8732e-005,0.0261036
4.8736e-005,0.0262623
4.874e-005,0.0253198
4.8744e-005,0.0258853
4.8748e-005,0.026307
4.8752e-005,0.0263467
4.8756e-005,0.0254538
4.876e-005,0.0256224
4.8764e-005,0.0267336
4.8768e-005,0.026183
4.8772e-005,0.0261929
4.8776e-005,0.0257812
4.878e-005,0.026183
4.8784e-005,0.0262921
4.8788e-005,0.0258109
4.8792e-005,0.0265749
4.8796e-005,0.026183
4.88e-005,0.026555
4.8804e-005,0.0261086
4.8808e-005,0.0260986
4.8812e-005,0.0260441
4.8816e-005,0.0269271
4.882e-005,0.0269171
4.8824e-005,0.0266195
4.8828e-005,0.0268378
4.8832e-005,0.0268378
4.8836e-005,0.0219863
4.884e-005,0.0189852
4.8844e-005,0.01964
4.8848e-005,0.0190447
4.8852e-005,0.0193026
4.8856e-005,0.0184643
4.886e-005,0.00739225
4.8864e-005,0.00188103
4.8868e-005,0.00122623
4.8872e-005,0.000328361
4.8876e-005,0.000923633
4.888e-005,0.000968278
4.8884e-005,0.00048214
4.8888e-005,0.000769854
4.8892e-005,0.00015474
4.8896e-005,-0.000564546
4.89e-005,0.0108944
4.8904e-005,0.0189752
4.8908e-005,0.0201112
4.8912e-005,0.0225568
4.8916e-005,0.0248982
4.892e-005,0.0264459
4.8924e-005,0.0277654
4.8928e-005,0.0290552
4.8932e-005,0.0295611
4.8936e-005,0.0314065
4.894e-005,0.0317339
4.8944e-005,0.0330038
4.8948e-005,0.0336884
4.8952e-005,0.0340951
4.8956e-005,0.0348739
4.896e-005,0.0352509
4.8964e-005,0.0351815
4.8968e-005,0.0352212
4.8972e-005,0.0358016
4.8976e-005,0.0354394
4.898e-005,0.0359901
4.8984e-005,0.0361538
4.8988e-005,0.0367391
4.8992e-005,0.0360893
4.8996e-005,0.0366994
4.9e-005,0.0361637
4.9004e-005,0.0369574
4.9008e-005,0.0369276
4.9012e-005,0.0367193
4.9016e-005,0.0361687
4.902e-005,0.0368334
4.9024e-005,0.0368036
4.9028e-005,0.0369227
4.9032e-005,0.0361885
4.9036e-005,0.0363373
4.904e-005,0.0365109
4.9044e-005,0.0364564
4.9048e-005,0.0368036
4.9052e-005,0.0363572
4.9056e-005,0.0364514
4.906e-005,0.036878
4.9064e-005,0.0361587
4.9068e-005,0.0368433
4.9072e-005,0.0359206
4.9076e-005,0.0362232
4.908e-005,0.0362133
4.9084e-005,0.0364167
4.9088e-005,0.0361736
4.9092e-005,0.0364812
4.9096e-005,0.0360645
4.91e-005,0.0364266
4.9104e-005,0.0370864
4.9108e-005,0.0364117
4.9112e-005,0.0363522
4.9116e-005,0.0360694
4.912e-005,0.0362827
4.9124e-005,0.0360248
4.9128e-005,0.0359802
4.9132e-005,0.0362976
4.9136e-005,0.0361339
4.914e-005,0.0369524
4.9144e-005,0.0360347
4.9148e-005,0.0356379
4.9152e-005,0.0361637
4.9156e-005,0.0364564
4.916e-005,0.0362282
4.9164e-005,0.0363968
4.9168e-005,0.0368731
4.9172e-005,0.0365407
4.9176e-005,0.0358909
4.918e-005,0.0365754
4.9184e-005,0.0360595
4.9188e-005,0.0366449
4.9192e-005,0.03663
4.9196e-005,0.036754
4.92e-005,0.0358264
4.9204e-005,0.036501
4.9208e-005,0.0364464
4.9212e-005,0.0363572
4.9216e-005,0.0363869
4.922e-005,0.0362183
4.9224e-005,0.0367391
4.9228e-005,0.0369673
4.9232e-005,0.0360595
4.9236e-005,0.0373741
4.924e-005,0.036248
4.9244e-005,0.0353154
4.9248e-005,0.0364712
4.9252e-005,0.0366994
4.9256e-005,0.0366895
4.926e-005,0.0367193
4.9264e-005,0.0368879
4.9268e-005,0.0367242
4.9272e-005,0.0365457
4.9276e-005,0.0362778
4.928e-005,0.0363026
4.9284e-005,0.0367937
4.9288e-005,0.0365258
4.9292e-005,0.0359752
4.9296e-005,0.0366201
4.93e-005,0.0369623
4.9304e-005,0.0367143
4.9308e-005,0.0367143
4.9312e-005,0.0368334
4.9316e-005,0.0367391
4.932e-005,0.0364961
4.9324e-005,0.0363968
4.9328e-005,0.0362728
4.9332e-005,0.0364266
4.9336e-005,0.0360843
4.934e-005,0.0360744
4.9344e-005,0.0366399
4.9348e-005,0.0363274
4.9352e-005,0.036372
4.9356e-005,0.0366399
4.936e-005,0.0363175
4.9364e-005,0.0360645
4.9368e-005,0.0362778
4.9372e-005,0.0365308
4.9376e-005,0.0354345
4.938e-005,0.0362331
4.9384e-005,0.0368235
4.9388e-005,0.0362629
4.9392e-005,0.0360198
4.9396e-005,0.0360595
4.94e-005,0.0363671
4.9404e-005,0.0362282
4.9408e-005,0.0362728
4.9412e-005,0.0362579
4.9416e-005,0.0364812
4.942e-005,0.0366945
4.9424e-005,0.0360248
4.9428e-005,0.0365953
4.9432e-005,0.0370764
4.9436e-005,0.036382
4.944e-005,0.0364613
4.9444e-005,0.0362679
4.9448e-005,0.0364613
4.9452e-005,0.0369921
4.9456e-005,0.036501
4.946e-005,0.0361141
4.9464e-005,0.0370913
4.9468e-005,0.0366895
4.9472e-005,0.0364613
4.9476e-005,0.0367689
4.948e-005,0.0363324
4.9484e-005,0.0364464
4.9488e-005,0.0366101
4.9492e-005,0.0363075
4.9496e-005,0.037136
4.95e-005,0.0360744
4.9504e-005,0.0366994
4.9508e-005,0.0368135
4.9512e-005,0.0359802
4.9516e-005,0.0359653
4.952e-005,0.0361736
4.9524e-005,0.0372997
4.9528e-005,0.0359305
4.9532e-005,0.0362282
4.9536e-005,0.0359901
4.954e-005,0.0361488
4.9544e-005,0.0361835
4.9548e-005,0.0362579
4.9552e-005,0.0360198
4.9556e-005,0.0363026
4.956e-005,0.0363175
4.9564e-005,0.0363869
4.9568e-005,0.0364117
4.9572e-005,0.036382
4.9576e-005,0.0359107
4.958e-005,0.0339562
4.9584e-005,0.0323292
4.9588e-005,0.0316148
4.9592e-005,0.0315057
4.9596e-005,0.0317785
4.96e-005,0.0312477
4.9604e-005,0.0240747
4.9608e-005,0.019253
4.9612e-005,0.0197987
4.9616e-005,0.0198086
4.962e-005,0.0196747
4.9624e-005,0.0194862
4.9628e-005,0.00740713
4.9632e-005,0.00135024
4.9636e-005,0.0013056
4.964e-005,-0.000584388
4.9644e-005,0.000427573
4.9648e-005,0.000794657
4.9652e-005,-5.36045e-005
4.9656e-005,0.00136016
4.966e-005,0.000100174
4.9664e-005,-0.000485176
4.9668e-005,0.0109936
4.9672e-005,0.0196995
4.9676e-005,0.022274
4.968e-005,0.0250619
4.9684e-005,0.0293875
4.9688e-005,0.0313817
4.9692e-005,0.0322349
4.9696e-005,0.0338173
4.97e-005,0.0359603
4.9704e-005,0.0364316
4.9708e-005,0.0376866
4.9712e-005,0.039269
4.9716e-005,0.0397304
4.972e-005,0.0403306
4.9724e-005,0.040777
4.9728e-005,0.0422355
4.9732e-005,0.0427216
4.9736e-005,0.0431879
4.974e-005,0.0438477
4.9744e-005,0.043679
4.9748e-005,0.0438179
4.9752e-005,0.0449687
4.9756e-005,0.044939
4.976e-005,0.0445868
4.9764e-005,0.045693
4.9768e-005,0.0451324
4.9772e-005,0.0450779
4.9776e-005,0.0457674
4.978e-005,0.0453755
4.9784e-005,0.0454846
4.9788e-005,0.0463478
4.9792e-005,0.0451572
4.9796e-005,0.0458021
4.98e-005,0.0462535
4.9804e-005,0.0464024
4.9808e-005,0.0452763
4.9812e-005,0.0453061
4.9816e-005,0.0456335
4.982e-005,0.0461692
4.9824e-005,0.0465065
4.9828e-005,0.0463776
4.9832e-005,0.0461146
4.9836e-005,0.0469728
4.984e-005,0.0466504
4.9844e-005,0.0458964
4.9848e-005,0.0464668
4.9852e-005,0.045812
4.9856e-005,0.0458418
4.986e-005,0.0463081
4.9864e-005,0.0463924
4.9868e-005,0.045946
4.9872e-005,0.0460055
4.9876e-005,0.0458765
4.988e-005,0.0462635
4.9884e-005,0.0458269
4.9888e-005,0.0464668
4.9892e-005,0.0459658
4.9896e-005,0.0467298
4.99e-005,0.0456136
4.9904e-005,0.0455343
4.9908e-005,0.0469133
4.9912e-005,0.0462783
4.9916e-005,0.0463279
4.992e-005,0.0459757
4.9924e-005,0.0456632
4.9928e-005,0.0461345
4.9932e-005,0.0466553
4.9936e-005,0.0464321
4.994e-005,0.0471911
4.9944e-005,0.0471316
4.9948e-005,0.0462883
4.9952e-005,0.0468488
4.9956e-005,0.0462635
4.996e-005,0.0464867
4.9964e-005,0.0463924
4.9968e-005,0.0466008
4.9972e-005,0.046442
4.9976e-005,0.0463031
4.998e-005,0.0463528
4.9984e-005,0.0468935
4.9988e-005,0.0466553
4.9992e-005,0.0465313
4.9996e-005,0.0468637
5e-005,0.046442
5.0004e-005,0.0469183
5.0008e-005,0.0467149
5.0012e-005,0.0465115
5.0016e-005,0.0467446
5.002e-005,0.0467496
5.0024e-005,0.0467099
5.0028e-005,0.0466504
5.0032e-005,0.0465809
5.0036e-005,0.0462089
5.004e-005,0.0465016
5.0044e-005,0.0463081
5.0048e-005,0.0466157
5.0052e-005,0.0468935
5.0056e-005,0.0467
5.006e-005,0.0470869
5.0064e-005,0.0469579
5.0068e-005,0.0473002
5.0072e-005,0.0467099
5.0076e-005,0.0468042
5.008e-005,0.0459509
5.0084e-005,0.0458815
5.0088e-005,0.0469431
5.0092e-005,0.0463825
5.0096e-005,0.0463974
5.01e-005,0.0470125
5.0104e-005,0.0462188
5.0108e-005,0.0465016
5.0112e-005,0.0463627
5.0116e-005,0.0467546
5.012e-005,0.0467744
5.0124e-005,0.0466107
5.0128e-005,0.0463776
5.0132e-005,0.0467694
5.0136e-005,0.0469083
5.014e-005,0.0468488
5.0144e-005,0.0463974
5.0148e-005,0.047206
5.0152e-005,0.0469431
5.0156e-005,0.0465313
5.016e-005,0.0464966
5.0164e-005,0.0461692
5.0168e-005,0.0467992
5.0172e-005,0.0473994
5.0176e-005,0.0470274
5.018e-005,0.0468835
5.0184e-005,0.0470324
5.0188e-005,0.0467843
5.0192e-005,0.0470324
5.0196e-005,0.0465561
5.02e-005,0.0463031
5.0204e-005,0.0466702
5.0208e-005,0.0469282
5.0212e-005,0.0466504
5.0216e-005,0.0464272
5.022e-005,0.0470919
5.0224e-005,0.0459807
5.0228e-005,0.0468488
5.0232e-005,0.0471464
5.0236e-005,0.0468439
5.024e-005,0.0461642
5.0244e-005,0.0470224
5.0248e-005,0.0472357
5.0252e-005,0.0468885
5.0256e-005,0.0472953
5.026e-005,0.047077
5.0264e-005,0.0464619
5.0268e-005,0.0468042
5.0272e-005,0.0467
5.0276e-005,0.0471018
5.028e-005,0.0464371
5.0284e-005,0.0468488
5.0288e-005,0.0462188
5.0292e-005,0.0470919
5.0296e-005,0.0465958
5.03e-005,0.0464569
5.0304e-005,0.0466504
5.0308e-005,0.046442
5.0312e-005,0.0463279
5.0316e-005,0.0465313
5.032e-005,0.0465462
5.0324e-005,0.0460105
5.0328e-005,0.0466206
5.0332e-005,0.0466802
5.0336e-005,0.047082
5.034e-005,0.0464718
5.0344e-005,0.0453805
5.0348e-005,0.0409903
5.0352e-005,0.0378553
5.0356e-005,0.0370516
5.036e-005,0.0349583
5.0364e-005,0.0353948
5.0368e-005,0.0343332
5.0372e-005,0.0245261
5.0376e-005,0.0199971
5.038e-005,0.0196697
5.0384e-005,0.0191489
5.0388e-005,0.0191588
5.0392e-005,0.0184544
5.0396e-005,0.00815618
5.04e-005,0.00131056
5.0404e-005,0.00203977
5.0408e-005,-0.000361161
5.0412e-005,0.000670642
5.0416e-005,0.000640879
5.042e-005,0.000804578
5.0424e-005,0.00113198
5.0428e-005,0.000472218
5.0432e-005,0.000224189
5.0436e-005,0.0108547
5.044e-005,0.0205973
5.0444e-005,0.0232215
5.0448e-005,0.0272991
5.0452e-005,0.0317884
5.0456e-005,0.0339364
5.046e-005,0.0364712
5.0464e-005,0.0386341
5.0468e-005,0.0401024
5.0472e-005,0.042037
5.0476e-005,0.0430292
5.048e-005,0.0436988
5.0484e-005,0.0445769
5.0488e-005,0.0450828
5.0492e-005,0.0461742
5.0496e-005,0.0467645
5.05e-005,0.047831
5.0504e-005,0.0488628
5.0508e-005,0.0493738
5.0512e-005,0.0493539
5.0516e-005,0.0495821
5.052e-005,0.0504204
5.0524e-005,0.0503163
5.0528e-005,0.0500831
5.0532e-005,0.0513778
5.0536e-005,0.0510703
5.054e-005,0.051229
5.0544e-005,0.0520326
5.0548e-005,0.0523005
5.0552e-005,0.0516259
5.0556e-005,0.052866
5.056e-005,0.0521318
5.0564e-005,0.0523203
5.0568e-005,0.0524592
5.0572e-005,0.052871
5.0576e-005,0.0528015
5.058e-005,0.0534662
5.0584e-005,0.0530396
5.0588e-005,0.0534712
5.0592e-005,0.0531736
5.0596e-005,0.0528611
5.06e-005,0.0532777
5.0604e-005,0.0533918
5.0608e-005,0.0534514
5.0612e-005,0.0536547
5.0616e-005,0.053243
5.062e-005,0.0533819
5.0624e-005,0.0543294
5.0628e-005,0.0538036
5.0632e-005,0.0534762
5.0636e-005,0.0535903
5.064e-005,0.0540466
5.0644e-005,0.0536101
5.0648e-005,0.0537391
5.0652e-005,0.054255
5.0656e-005,0.0540665
5.066e-005,0.0539821
5.0664e-005,0.053744
5.0668e-005,0.0541409
5.0672e-005,0.0540714
5.0676e-005,0.0545129
5.068e-005,0.0547064
5.0684e-005,0.0540913
5.0688e-005,0.0541855
5.0692e-005,0.0538184
5.0696e-005,0.0543592
5.07e-005,0.0548056
5.0704e-005,0.0548403
5.0708e-005,0.054632
5.0712e-005,0.0544286
5.0716e-005,0.0547858
5.072e-005,0.0540268
5.0724e-005,0.0546221
5.0728e-005,0.0540169
5.0732e-005,0.0536746
5.0736e-005,0.054002
5.074e-005,0.0539325
5.0744e-005,0.0545625
5.0748e-005,0.0540814
5.0752e-005,0.0546469
5.0756e-005,0.0549247
5.076e-005,0.0544385
5.0764e-005,0.0539722
5.0768e-005,0.0546766
5.0772e-005,0.0550983
5.0776e-005,0.0546121
5.078e-005,0.0552471
5.0784e-005,0.0545229
5.0788e-005,0.0541062
5.0792e-005,0.0546022
5.0796e-005,0.054255
5.08e-005,0.0541508
5.0804e-005,0.0542798
5.0808e-005,0.0547808
5.0812e-005,0.0549147
5.0816e-005,0.054131
5.082e-005,0.054255
5.0824e-005,0.054002
5.0828e-005,0.0548899
5.0832e-005,0.0543443
5.0836e-005,0.0547114
5.084e-005,0.0540764
5.0844e-005,0.0544931
5.0848e-005,0.0545278
5.0852e-005,0.0543095
5.0856e-005,0.0541706
5.086e-005,0.0540714
5.0864e-005,0.0539921
5.0868e-005,0.0546221
5.0872e-005,0.0545625
5.0876e-005,0.0545923
5.088e-005,0.0544881
5.0884e-005,0.0540516
5.0888e-005,0.0542054
5.0892e-005,0.0536597
5.0896e-005,0.0556737
5.09e-005,0.0548453
5.0904e-005,0.0544435
5.0908e-005,0.0538631
5.0912e-005,0.0539375
5.0916e-005,0.0541161
5.092e-005,0.0543939
5.0924e-005,0.054126
5.0928e-005,0.0543592
5.0932e-005,0.0542599
5.0936e-005,0.0543393
5.094e-005,0.0544088
5.0944e-005,0.054384
5.0948e-005,0.0540814
5.0952e-005,0.0541409
5.0956e-005,0.054131
5.096e-005,0.0540863
5.0964e-005,0.0556439
5.0968e-005,0.0544385
5.0972e-005,0.0539821
5.0976e-005,0.0546469
5.098e-005,0.0539375
5.0984e-005,0.0541359
5.0988e-005,0.0549743
5.0992e-005,0.0544484
5.0996e-005,0.0540615
5.1e-005,0.0546419
5.1004e-005,0.0538085
5.1008e-005,0.0540814
5.1012e-005,0.0548751
5.1016e-005,0.0541657
5.102e-005,0.0546915
5.1024e-005,0.0541806
5.1028e-005,0.0551082
5.1032e-005,0.0540714
5.1036e-005,0.0542054
5.104e-005,0.0540665
5.1044e-005,0.0546171
5.1048e-005,0.0545526
5.1052e-005,0.054498
5.1056e-005,0.0535952
5.106e-005,0.0551528
5.1064e-005,0.0541359
5.1068e-005,0.0543393
5.1072e-005,0.0546667
5.1076e-005,0.0541855
5.108e-005,0.054632
5.1084e-005,0.0548304
5.1088e-005,0.0547014
5.1092e-005,0.0543592
5.1096e-005,0.0548205
5.11e-005,0.0547907
5.1104e-005,0.0550685
5.1108e-005,0.0548602
5.1112e-005,0.0519185
5.1116e-005,0.0467546
5.112e-005,0.0418981
5.1124e-005,0.0394674
5.1128e-005,0.0379049
5.1132e-005,0.0371905
5.1136e-005,0.0362679
5.114e-005,0.0258407
5.1144e-005,0.0206668
5.1148e-005,0.0203295
5.1152e-005,0.0195259
5.1156e-005,0.0190943
5.116e-005,0.0182808
5.1164e-005,0.00866712
5.1168e-005,0.00183638
5.1172e-005,0.00172725
5.1176e-005,1.08833e-005
5.118e-005,0.000611115
5.1184e-005,0.00147426
5.1188e-005,0.000710327
5.1192e-005,0.000779775
5.1196e-005,0.000437494
5.12e-005,4.56074e-005
5.1204e-005,0.0116435
5.1208e-005,0.0188463
5.1212e-005,0.0199822
5.1216e-005,0.0207412
5.122e-005,0.0222542
5.1224e-005,0.0229487
5.1228e-005,0.023782
5.1232e-005,0.0239755
5.1236e-005,0.0251264
5.124e-005,0.0253992
5.1244e-005,0.0257216
5.1248e-005,0.0261731
5.1252e-005,0.0261879
5.1256e-005,0.026436
5.126e-005,0.0257812
