LECROYWR104MXi,20621,Waveform
Segments,1,SegmentSize,2501
Segment,TrigTime,TimeSinceSegment1
#1,21-May-2015 13:59:34,0                 
Time,Ampl
4.126e-005,0.0232711
4.1264e-005,0.0276116
4.1268e-005,0.0320861
4.1272e-005,0.0341249
4.1276e-005,0.035618
4.128e-005,0.0382323
4.1284e-005,0.0398345
4.1288e-005,0.0410201
4.1292e-005,0.042171
4.1296e-005,0.04355
4.13e-005,0.04481
4.1304e-005,0.045941
4.1308e-005,0.0467248
4.1312e-005,0.0474292
4.1316e-005,0.0477368
4.132e-005,0.0486842
4.1324e-005,0.0491952
4.1328e-005,0.0490464
4.1332e-005,0.049592
4.1336e-005,0.0500286
4.134e-005,0.0507974
4.1344e-005,0.0506734
4.1348e-005,0.0515415
4.1352e-005,0.0514076
4.1356e-005,0.0514423
4.136e-005,0.0514374
4.1364e-005,0.0523848
4.1368e-005,0.0524592
4.1372e-005,0.0519929
4.1376e-005,0.0531686
4.138e-005,0.0536151
4.1384e-005,0.0527718
4.1388e-005,0.0530496
4.1392e-005,0.0528958
4.1396e-005,0.0529355
4.14e-005,0.052995
4.1404e-005,0.0532083
4.1408e-005,0.05362
4.1412e-005,0.0535506
4.1416e-005,0.0539772
4.142e-005,0.0534811
4.1424e-005,0.0538135
4.1428e-005,0.054121
4.1432e-005,0.053754
4.1436e-005,0.0539276
4.144e-005,0.0539871
4.1444e-005,0.0541855
4.1448e-005,0.0543244
4.1452e-005,0.0544732
4.1456e-005,0.0542748
4.146e-005,0.0533621
4.1464e-005,0.0536845
4.1468e-005,0.0540466
4.1472e-005,0.0537936
4.1476e-005,0.0546865
4.148e-005,0.0541161
4.1484e-005,0.054002
4.1488e-005,0.053749
4.1492e-005,0.0541905
4.1496e-005,0.0544137
4.15e-005,0.0539772
4.1504e-005,0.0538581
4.1508e-005,0.0542947
4.1512e-005,0.0541558
4.1516e-005,0.054756
4.152e-005,0.0550586
4.1524e-005,0.0542203
4.1528e-005,0.0551082
4.1532e-005,0.0549991
4.1536e-005,0.0540863
4.154e-005,0.0545824
4.1544e-005,0.0546667
4.1548e-005,0.0541409
4.1552e-005,0.0544236
4.1556e-005,0.0548056
4.156e-005,0.0550239
4.1564e-005,0.0543343
4.1568e-005,0.0553017
4.1572e-005,0.0544137
4.1576e-005,0.0547858
4.158e-005,0.0545526
4.1584e-005,0.0549495
4.1588e-005,0.0544931
4.1592e-005,0.0549098
4.1596e-005,0.0552868
4.16e-005,0.0540318
4.1604e-005,0.0542599
4.1608e-005,0.0544435
4.1612e-005,0.0545923
4.1616e-005,0.055138
4.162e-005,0.054498
4.1624e-005,0.0552372
4.1628e-005,0.0553066
4.1632e-005,0.0551082
4.1636e-005,0.0542054
4.164e-005,0.0552669
4.1644e-005,0.0554108
4.1648e-005,0.0548205
4.1652e-005,0.0554505
4.1656e-005,0.0549296
4.166e-005,0.0554753
4.1664e-005,0.0551975
4.1668e-005,0.0546171
4.1672e-005,0.0552124
4.1676e-005,0.0551578
4.168e-005,0.0555199
4.1684e-005,0.0547362
4.1688e-005,0.0547907
4.1692e-005,0.0544385
4.1696e-005,0.0552273
4.17e-005,0.0555745
4.1704e-005,0.0548899
4.1708e-005,0.0549247
4.1712e-005,0.0555497
4.1716e-005,0.0545725
4.172e-005,0.054374
4.1724e-005,0.0552669
4.1728e-005,0.0549842
4.1732e-005,0.0546171
4.1736e-005,0.055133
4.174e-005,0.0554802
4.1744e-005,0.0548403
4.1748e-005,0.0551826
4.1752e-005,0.0554356
4.1756e-005,0.055004
4.176e-005,0.0556787
4.1764e-005,0.0553562
4.1768e-005,0.0552868
4.1772e-005,0.0551628
4.1776e-005,0.0545278
4.178e-005,0.054627
4.1784e-005,0.0540268
4.1788e-005,0.0547213
4.1792e-005,0.0546568
4.1796e-005,0.0549743
4.18e-005,0.0542699
4.1804e-005,0.0548106
4.1808e-005,0.0549594
4.1812e-005,0.0546667
4.1816e-005,0.0550338
4.182e-005,0.054885
4.1824e-005,0.0545675
4.1828e-005,0.0544732
4.1832e-005,0.0539474
4.1836e-005,0.0551876
4.184e-005,0.0549842
4.1844e-005,0.054761
4.1848e-005,0.0547461
4.1852e-005,0.0545973
4.1856e-005,0.0545923
4.186e-005,0.0547907
4.1864e-005,0.0554207
4.1868e-005,0.0551826
4.1872e-005,0.0552669
4.1876e-005,0.0549346
4.188e-005,0.0543393
4.1884e-005,0.0546568
4.1888e-005,0.0549296
4.1892e-005,0.0549147
4.1896e-005,0.0555993
4.19e-005,0.0547114
4.1904e-005,0.0545477
4.1908e-005,0.0548999
4.1912e-005,0.0547808
4.1916e-005,0.0544534
4.192e-005,0.0553066
4.1924e-005,0.054627
4.1928e-005,0.0534266
4.1932e-005,0.0465413
4.1936e-005,0.0409507
4.194e-005,0.0385448
4.1944e-005,0.0379247
4.1948e-005,0.0362331
4.1952e-005,0.0355486
4.1956e-005,0.0261681
4.196e-005,0.0210041
4.1964e-005,0.0199723
4.1968e-005,0.01964
4.1972e-005,0.0188711
4.1976e-005,0.018881
4.198e-005,0.00856791
4.1984e-005,0.00130064
4.1988e-005,0.00117166
4.1992e-005,0.00014978
4.1996e-005,0.000541667
4.2e-005,0.000759933
4.2004e-005,0.000541667
4.2008e-005,0.000625997
4.2012e-005,0.000606155
4.2016e-005,-0.000132974
4.202e-005,0.0110879
4.2024e-005,0.0187272
4.2028e-005,0.0200864
4.2032e-005,0.0210091
4.2036e-005,0.022274
4.204e-005,0.0228346
4.2044e-005,0.0232116
4.2048e-005,0.0247097
4.2052e-005,0.0252157
4.2056e-005,0.0256274
4.206e-005,0.0261135
4.2064e-005,0.0266592
4.2068e-005,0.0269816
4.2072e-005,0.026684
4.2076e-005,0.0277307
4.208e-005,0.0272396
4.2084e-005,0.0271751
4.2088e-005,0.0273686
4.2092e-005,0.0273785
4.2096e-005,0.0275124
4.21e-005,0.0277555
4.2104e-005,0.0281375
4.2108e-005,0.027686
4.2112e-005,0.0274678
4.2116e-005,0.0271999
4.212e-005,0.0279936
4.2124e-005,0.0274033
4.2128e-005,0.0282565
4.2132e-005,0.0279986
4.2136e-005,0.0277852
4.214e-005,0.0277356
4.2144e-005,0.0277803
4.2148e-005,0.0276464
4.2152e-005,0.0274082
4.2156e-005,0.0282416
4.216e-005,0.0270114
4.2164e-005,0.0274132
4.2168e-005,0.0278249
4.2172e-005,0.0271007
4.2176e-005,0.028063
4.218e-005,0.0272346
4.2184e-005,0.0277654
4.2188e-005,0.0273289
4.2192e-005,0.0272197
4.2196e-005,0.0274678
4.22e-005,0.0274231
4.2204e-005,0.0269866
4.2208e-005,0.0276166
4.2212e-005,0.0266245
4.2216e-005,0.0273041
4.222e-005,0.0278944
4.2224e-005,0.0271205
4.2228e-005,0.0272991
4.2232e-005,0.027562
4.2236e-005,0.026932
4.224e-005,0.0272545
4.2244e-005,0.0276464
4.2248e-005,0.027061
4.2252e-005,0.0274628
4.2256e-005,0.0271553
4.226e-005,0.0265203
4.2264e-005,0.0266046
4.2268e-005,0.0269816
4.2272e-005,0.0269122
4.2276e-005,0.0273735
4.228e-005,0.0269122
4.2284e-005,0.0267237
4.2288e-005,0.027309
4.2292e-005,0.0269271
4.2296e-005,0.0270858
4.23e-005,0.0272594
4.2304e-005,0.02656
4.2308e-005,0.0269221
4.2312e-005,0.0276215
4.2316e-005,0.0272793
4.232e-005,0.0268279
4.2324e-005,0.026684
4.2328e-005,0.0264806
4.2332e-005,0.0268229
4.2336e-005,0.027309
4.234e-005,0.02719
4.2344e-005,0.0262574
4.2348e-005,0.0273636
4.2352e-005,0.0269916
4.2356e-005,0.0271007
4.236e-005,0.0267286
4.2364e-005,0.0274628
4.2368e-005,0.0265649
4.2372e-005,0.0271156
4.2376e-005,0.0271453
4.238e-005,0.0270759
4.2384e-005,0.0270114
4.2388e-005,0.0278646
4.2392e-005,0.027309
4.2396e-005,0.0277456
4.24e-005,0.0275422
4.2404e-005,0.0271106
4.2408e-005,0.0273239
4.2412e-005,0.0273388
4.2416e-005,0.0271106
4.242e-005,0.0275521
4.2424e-005,0.0270908
4.2428e-005,0.0275174
4.2432e-005,0.0270808
4.2436e-005,0.0269171
4.244e-005,0.0271156
4.2444e-005,0.0269816
4.2448e-005,0.0270858
4.2452e-005,0.0264409
4.2456e-005,0.0269122
4.246e-005,0.0273537
4.2464e-005,0.0273884
4.2468e-005,0.0271305
4.2472e-005,0.0271156
4.2476e-005,0.0269568
4.248e-005,0.0269916
4.2484e-005,0.0267386
4.2488e-005,0.0266989
4.2492e-005,0.0272049
4.2496e-005,0.0270511
4.25e-005,0.0277257
4.2504e-005,0.0276761
4.2508e-005,0.027433
4.2512e-005,0.0269221
4.2516e-005,0.027438
4.252e-005,0.0277852
4.2524e-005,0.0269469
4.2528e-005,0.0277208
4.2532e-005,0.0268626
4.2536e-005,0.0275769
4.254e-005,0.0273438
4.2544e-005,0.0272793
4.2548e-005,0.0269618
4.2552e-005,0.0272594
4.2556e-005,0.0270114
4.256e-005,0.0268031
4.2564e-005,0.0276811
4.2568e-005,0.0268328
4.2572e-005,0.0276116
4.2576e-005,0.0272842
4.258e-005,0.0272793
4.2584e-005,0.0271503
4.2588e-005,0.0275868
4.2592e-005,0.0276662
4.2596e-005,0.0273438
4.26e-005,0.0271106
4.2604e-005,0.027567
4.2608e-005,0.027314
4.2612e-005,0.0274231
4.2616e-005,0.0274479
4.262e-005,0.0265699
4.2624e-005,0.0274182
4.2628e-005,0.0268279
4.2632e-005,0.0269866
4.2636e-005,0.0271354
4.264e-005,0.0272892
4.2644e-005,0.0268775
4.2648e-005,0.0270015
4.2652e-005,0.0271602
4.2656e-005,0.026937
4.266e-005,0.0269717
4.2664e-005,0.0273537
4.2668e-005,0.0263764
4.2672e-005,0.0272743
4.2676e-005,0.0269122
4.268e-005,0.0273636
4.2684e-005,0.027443
4.2688e-005,0.0276612
4.2692e-005,0.026431
4.2696e-005,0.0268179
4.27e-005,0.0268031
4.2704e-005,0.0271354
4.2708e-005,0.0267038
4.2712e-005,0.0272743
4.2716e-005,0.0270858
4.272e-005,0.0271503
4.2724e-005,0.0221699
4.2728e-005,0.0196052
4.2732e-005,0.0194713
4.2736e-005,0.0191092
4.274e-005,0.0185635
4.2744e-005,0.0182311
4.2748e-005,0.00743193
4.2752e-005,0.00172725
4.2756e-005,0.00148418
4.276e-005,0.000169622
4.2764e-005,0.000348204
4.2768e-005,0.000293637
4.2772e-005,0.000422613
4.2776e-005,0.000293637
4.278e-005,0.000685524
4.2784e-005,-2.38409e-005
4.2788e-005,0.0101603
4.2792e-005,0.0182857
4.2796e-005,0.0204535
4.28e-005,0.0222145
4.2804e-005,0.0254339
4.2808e-005,0.0267187
4.2812e-005,0.0280134
4.2816e-005,0.0298241
4.282e-005,0.0306872
4.2824e-005,0.0316892
4.2828e-005,0.0322002
4.2832e-005,0.0335445
4.2836e-005,0.0340902
4.284e-005,0.034234
4.2844e-005,0.0349087
4.2848e-005,0.0351865
4.2852e-005,0.0356081
4.2856e-005,0.0362282
4.286e-005,0.0365556
4.2864e-005,0.0366399
4.2868e-005,0.0364812
4.2872e-005,0.0368334
4.2876e-005,0.0369425
4.288e-005,0.0366598
4.2884e-005,0.0367441
4.2888e-005,0.0372153
4.2892e-005,0.0372054
4.2896e-005,0.0367937
4.29e-005,0.0373989
4.2904e-005,0.0375576
4.2908e-005,0.036878
4.2912e-005,0.0370665
4.2916e-005,0.0371012
4.292e-005,0.0369822
4.2924e-005,0.0374683
4.2928e-005,0.0372451
4.2932e-005,0.0372749
4.2936e-005,0.0374237
4.294e-005,0.0372897
4.2944e-005,0.0376668
4.2948e-005,0.0368681
4.2952e-005,0.0376271
4.2956e-005,0.0376717
4.296e-005,0.0377114
4.2964e-005,0.0376668
4.2968e-005,0.0367094
4.2972e-005,0.0376866
4.2976e-005,0.0369971
4.298e-005,0.0371409
4.2984e-005,0.0378007
4.2988e-005,0.0375923
4.2992e-005,0.0374237
4.2996e-005,0.0368334
4.3e-005,0.0381132
4.3004e-005,0.0379644
4.3008e-005,0.0377362
4.3012e-005,0.0373989
4.3016e-005,0.0370467
4.302e-005,0.0377064
4.3024e-005,0.0373145
4.3028e-005,0.0372253
4.3032e-005,0.0374088
4.3036e-005,0.037508
4.304e-005,0.037756
4.3044e-005,0.0371707
4.3048e-005,0.0371806
4.3052e-005,0.0375179
4.3056e-005,0.0369375
4.306e-005,0.0366945
4.3064e-005,0.0371558
4.3068e-005,0.0374634
4.3072e-005,0.0375279
4.3076e-005,0.0368433
4.308e-005,0.0373195
4.3084e-005,0.0371757
4.3088e-005,0.0371905
4.3092e-005,0.0368582
4.3096e-005,0.0364365
4.31e-005,0.037761
4.3104e-005,0.0373443
4.3108e-005,0.0371509
4.3112e-005,0.0373294
4.3116e-005,0.0373642
4.312e-005,0.0366697
4.3124e-005,0.0369028
4.3128e-005,0.0376916
4.3132e-005,0.0379396
4.3136e-005,0.0375031
4.314e-005,0.0376767
4.3144e-005,0.0372699
4.3148e-005,0.0372997
4.3152e-005,0.0374286
4.3156e-005,0.0376965
4.316e-005,0.03726
4.3164e-005,0.0377908
4.3168e-005,0.037885
4.3172e-005,0.0373245
4.3176e-005,0.0372203
4.318e-005,0.0375229
4.3184e-005,0.0374782
4.3188e-005,0.0379693
4.3192e-005,0.0372897
4.3196e-005,0.0370467
4.32e-005,0.0374088
4.3204e-005,0.037637
4.3208e-005,0.0371905
4.3212e-005,0.0375973
4.3216e-005,0.0372203
4.322e-005,0.0378602
4.3224e-005,0.0374882
4.3228e-005,0.0367738
4.3232e-005,0.037136
4.3236e-005,0.0375775
4.324e-005,0.0376171
4.3244e-005,0.0372104
4.3248e-005,0.0373394
4.3252e-005,0.0372897
4.3256e-005,0.0371757
4.326e-005,0.0381876
4.3264e-005,0.0371856
4.3268e-005,0.0372253
4.3272e-005,0.0369822
4.3276e-005,0.0370268
4.328e-005,0.0369524
4.3284e-005,0.0368979
4.3288e-005,0.037255
4.3292e-005,0.0371012
4.3296e-005,0.037756
4.33e-005,0.0373642
4.3304e-005,0.0373096
4.3308e-005,0.0373245
4.3312e-005,0.0372104
4.3316e-005,0.03726
4.332e-005,0.0372749
4.3324e-005,0.0370913
4.3328e-005,0.038009
4.3332e-005,0.0377362
4.3336e-005,0.0379594
4.334e-005,0.0380239
4.3344e-005,0.0379594
4.3348e-005,0.0383116
4.3352e-005,0.0375973
4.3356e-005,0.0375328
4.336e-005,0.0379297
4.3364e-005,0.0374286
4.3368e-005,0.0374088
4.3372e-005,0.0371757
4.3376e-005,0.0373691
4.338e-005,0.0376668
4.3384e-005,0.0373294
4.3388e-005,0.037761
4.3392e-005,0.037637
4.3396e-005,0.0375973
4.34e-005,0.0374931
4.3404e-005,0.0377759
4.3408e-005,0.037632
4.3412e-005,0.0373741
4.3416e-005,0.0374733
4.342e-005,0.0371806
4.3424e-005,0.0380636
4.3428e-005,0.037389
4.3432e-005,0.0364514
4.3436e-005,0.0376568
4.344e-005,0.0373195
4.3444e-005,0.0371856
4.3448e-005,0.0374485
4.3452e-005,0.037513
4.3456e-005,0.037131
4.346e-005,0.0367292
4.3464e-005,0.0366151
4.3468e-005,0.034363
4.3472e-005,0.0328302
4.3476e-005,0.0327806
4.348e-005,0.0326863
4.3484e-005,0.0325375
4.3488e-005,0.0314759
4.3492e-005,0.0240747
4.3496e-005,0.0205676
4.35e-005,0.019754
4.3504e-005,0.0193969
4.3508e-005,0.0185189
4.3512e-005,0.0189058
4.3516e-005,0.00787342
4.352e-005,0.00136513
4.3524e-005,0.00141473
4.3528e-005,-2.38409e-005
4.3532e-005,0.000690485
4.3536e-005,0.001003
4.354e-005,0.000437494
4.3544e-005,0.000511903
4.3548e-005,0.000412691
4.3552e-005,-0.000584388
4.3556e-005,0.0102545
4.356e-005,0.0199922
4.3564e-005,0.0221798
4.3568e-005,0.0252107
4.3572e-005,0.0287278
4.3576e-005,0.0311237
4.358e-005,0.0327409
4.3584e-005,0.0344324
4.3588e-005,0.0359752
4.3592e-005,0.0376767
4.3596e-005,0.0389912
4.36e-005,0.0402909
4.3604e-005,0.0406233
4.3608e-005,0.0409159
4.3612e-005,0.041794
4.3616e-005,0.0430589
4.362e-005,0.0431383
4.3624e-005,0.044061
4.3628e-005,0.0436988
4.3632e-005,0.044681
4.3636e-005,0.0451027
4.364e-005,0.0453358
4.3644e-005,0.0445322
4.3648e-005,0.0448943
4.3652e-005,0.0459956
4.3656e-005,0.0452614
4.366e-005,0.0459063
4.3664e-005,0.0453755
4.3668e-005,0.0464718
4.3672e-005,0.0468538
4.3676e-005,0.0459708
4.368e-005,0.0458815
4.3684e-005,0.0462188
4.3688e-005,0.0457972
4.3692e-005,0.0462932
4.3696e-005,0.0464718
4.37e-005,0.0468885
4.3704e-005,0.0467992
4.3708e-005,0.0467546
4.3712e-005,0.0467248
4.3716e-005,0.0468439
4.372e-005,0.046194
4.3724e-005,0.0466355
4.3728e-005,0.0464966
4.3732e-005,0.0466057
4.3736e-005,0.0463875
4.374e-005,0.0466603
4.3744e-005,0.0469431
4.3748e-005,0.0468687
4.3752e-005,0.0466454
4.3756e-005,0.0471911
4.376e-005,0.0465413
4.3764e-005,0.0471663
4.3768e-005,0.0467347
4.3772e-005,0.0464768
4.3776e-005,0.0471861
4.378e-005,0.0469778
4.3784e-005,0.0466851
4.3788e-005,0.0473746
4.3792e-005,0.0470919
4.3796e-005,0.0466454
4.38e-005,0.0470572
4.3804e-005,0.0467198
4.3808e-005,0.0469133
4.3812e-005,0.0474441
4.3816e-005,0.0465214
4.382e-005,0.0466553
4.3824e-005,0.0467893
4.3828e-005,0.0465264
4.3832e-005,0.0470125
4.3836e-005,0.0469034
4.384e-005,0.0467794
4.3844e-005,0.0463031
4.3848e-005,0.0464024
4.3852e-005,0.0463131
4.3856e-005,0.0466256
4.386e-005,0.0467149
4.3864e-005,0.0466157
4.3868e-005,0.0468488
4.3872e-005,0.046953
4.3876e-005,0.0473498
4.388e-005,0.047077
4.3884e-005,0.046948
4.3888e-005,0.0465958
4.3892e-005,0.0472159
4.3896e-005,0.0468488
4.39e-005,0.0464966
4.3904e-005,0.0470671
4.3908e-005,0.0464172
4.3912e-005,0.0471961
4.3916e-005,0.0459708
4.392e-005,0.0473846
4.3924e-005,0.0464272
4.3928e-005,0.0472407
4.3932e-005,0.046829
4.3936e-005,0.0467347
4.394e-005,0.0467446
4.3944e-005,0.0470968
4.3948e-005,0.0467198
4.3952e-005,0.046953
4.3956e-005,0.0470125
4.396e-005,0.0474788
4.3964e-005,0.046948
4.3968e-005,0.0470472
4.3972e-005,0.0466504
4.3976e-005,0.0467397
4.398e-005,0.0472655
4.3984e-005,0.0467347
4.3988e-005,0.0467794
4.3992e-005,0.047201
4.3996e-005,0.0465264
4.4e-005,0.0463577
4.4004e-005,0.0470026
4.4008e-005,0.0468935
4.4012e-005,0.0474044
4.4016e-005,0.0470919
4.402e-005,0.0470472
4.4024e-005,0.0475036
4.4028e-005,0.0469034
4.4032e-005,0.0470671
4.4036e-005,0.0475979
4.404e-005,0.0474094
4.4044e-005,0.046323
4.4048e-005,0.0470175
4.4052e-005,0.0471415
4.4056e-005,0.0476623
4.406e-005,0.0474887
4.4064e-005,0.0469133
4.4068e-005,0.0469183
4.4072e-005,0.0478657
4.4076e-005,0.0470671
4.408e-005,0.0467992
4.4084e-005,0.0468389
4.4088e-005,0.0475433
4.4092e-005,0.0471961
4.4096e-005,0.0470026
4.41e-005,0.0473101
4.4104e-005,0.0474143
4.4108e-005,0.0472754
4.4112e-005,0.0473498
4.4116e-005,0.0475979
4.412e-005,0.0472308
4.4124e-005,0.0475929
4.4128e-005,0.0470572
4.4132e-005,0.0475433
4.4136e-005,0.0470423
4.414e-005,0.0473994
4.4144e-005,0.0476276
4.4148e-005,0.0469331
4.4152e-005,0.0474342
4.4156e-005,0.0476227
4.416e-005,0.0466901
4.4164e-005,0.0475631
4.4168e-005,0.047082
4.4172e-005,0.0472655
4.4176e-005,0.046318
4.418e-005,0.0468885
4.4184e-005,0.0476375
4.4188e-005,0.0468587
4.4192e-005,0.0468587
4.4196e-005,0.0471167
4.42e-005,0.0467149
4.4204e-005,0.0470472
4.4208e-005,0.046576
4.4212e-005,0.0467248
4.4216e-005,0.046452
4.422e-005,0.0474143
4.4224e-005,0.0472258
4.4228e-005,0.0470423
4.4232e-005,0.0456533
4.4236e-005,0.0410003
4.424e-005,0.038143
4.4244e-005,0.0369623
4.4248e-005,0.0365258
4.4252e-005,0.0348491
4.4256e-005,0.034363
4.426e-005,0.0253744
4.4264e-005,0.0203047
4.4268e-005,0.0196102
4.4272e-005,0.0197441
4.4276e-005,0.0193126
4.428e-005,0.0187718
4.4284e-005,0.00821571
4.4288e-005,0.00125103
4.4292e-005,0.0013304
4.4296e-005,0.000115056
4.43e-005,0.000854184
4.4304e-005,0.000779775
4.4308e-005,0.000124977
4.4312e-005,0.000531746
4.4316e-005,0.000720248
4.432e-005,-0.000648876
4.4324e-005,0.0101801
4.4328e-005,0.0196697
4.4332e-005,0.0230231
4.4336e-005,0.0268576
4.434e-005,0.0318529
4.4344e-005,0.0340604
4.4348e-005,0.0359653
4.4352e-005,0.0386837
4.4356e-005,0.0400776
4.436e-005,0.0410598
4.4364e-005,0.0430738
4.4368e-005,0.0440114
4.4372e-005,0.0442891
4.4376e-005,0.0457922
4.438e-005,0.0464073
4.4384e-005,0.0469083
4.4388e-005,0.0475979
4.4392e-005,0.0485056
4.4396e-005,0.0489918
4.44e-005,0.0490116
4.4404e-005,0.0498004
4.4408e-005,0.0504056
4.4412e-005,0.0510256
4.4416e-005,0.0507776
4.442e-005,0.05047
4.4424e-005,0.0511844
4.4428e-005,0.0510901
4.4432e-005,0.0514076
4.4436e-005,0.0519533
4.444e-005,0.0523898
4.4444e-005,0.0522757
4.4448e-005,0.0526031
4.4452e-005,0.0525833
4.4456e-005,0.0528809
4.446e-005,0.0533422
4.4464e-005,0.0531091
4.4468e-005,0.0533968
4.4472e-005,0.0537093
4.4476e-005,0.053496
4.448e-005,0.0534117
4.4484e-005,0.0536994
4.4488e-005,0.0536151
4.4492e-005,0.0530099
4.4496e-005,0.0535307
4.45e-005,0.0534662
4.4504e-005,0.0539375
4.4508e-005,0.0533819
4.4512e-005,0.0540367
4.4516e-005,0.0535307
4.452e-005,0.0540218
4.4524e-005,0.0540119
4.4528e-005,0.0538581
4.4532e-005,0.0547213
4.4536e-005,0.0546568
4.454e-005,0.053744
4.4544e-005,0.0541508
4.4548e-005,0.0539871
4.4552e-005,0.0539474
4.4556e-005,0.0537887
4.456e-005,0.0542153
4.4564e-005,0.0542649
4.4568e-005,0.0545625
4.4572e-005,0.0546717
4.4576e-005,0.0544088
4.458e-005,0.0541161
4.4584e-005,0.0541062
4.4588e-005,0.0551231
4.4592e-005,0.0544088
4.4596e-005,0.0549693
4.46e-005,0.0542897
4.4604e-005,0.0548899
4.4608e-005,0.054384
4.4612e-005,0.0544038
4.4616e-005,0.0545477
4.462e-005,0.054374
4.4624e-005,0.0543443
4.4628e-005,0.0545278
4.4632e-005,0.0549048
4.4636e-005,0.054002
4.464e-005,0.0542649
4.4644e-005,0.0553463
4.4648e-005,0.0550735
4.4652e-005,0.0542599
4.4656e-005,0.0545873
4.466e-005,0.0542996
4.4664e-005,0.0541409
4.4668e-005,0.0544088
4.4672e-005,0.0545229
4.4676e-005,0.0544732
4.468e-005,0.054761
4.4684e-005,0.0542252
4.4688e-005,0.054627
4.4692e-005,0.0545377
4.4696e-005,0.0544782
4.47e-005,0.0552471
4.4704e-005,0.0546816
4.4708e-005,0.054131
4.4712e-005,0.0544732
4.4716e-005,0.054756
4.472e-005,0.0545923
4.4724e-005,0.055257
4.4728e-005,0.0549594
4.4732e-005,0.0547659
4.4736e-005,0.0549346
4.474e-005,0.0545427
4.4744e-005,0.0550189
4.4748e-005,0.0549197
4.4752e-005,0.0549197
4.4756e-005,0.0544534
4.476e-005,0.0547461
4.4764e-005,0.0542252
4.4768e-005,0.054002
4.4772e-005,0.0546121
4.4776e-005,0.0550288
4.478e-005,0.0546816
4.4784e-005,0.0544534
4.4788e-005,0.0549544
4.4792e-005,0.0532133
4.4796e-005,0.054751
4.48e-005,0.055128
4.4804e-005,0.0546022
4.4808e-005,0.0549743
4.4812e-005,0.0548949
4.4816e-005,0.0546816
4.482e-005,0.0542451
4.4824e-005,0.0544782
4.4828e-005,0.0551132
4.4832e-005,0.0545526
4.4836e-005,0.0548106
4.484e-005,0.0546717
4.4844e-005,0.0546171
4.4848e-005,0.0543592
4.4852e-005,0.0545129
4.4856e-005,0.0548056
4.486e-005,0.0548205
4.4864e-005,0.0544881
4.4868e-005,0.0548453
4.4872e-005,0.0551528
4.4876e-005,0.0546369
4.488e-005,0.0544336
4.4884e-005,0.0547163
4.4888e-005,0.0552521
4.4892e-005,0.054627
4.4896e-005,0.0555844
4.49e-005,0.0550784
4.4904e-005,0.0554306
4.4908e-005,0.0545824
4.4912e-005,0.0541905
4.4916e-005,0.0550834
4.492e-005,0.0541607
4.4924e-005,0.0550487
4.4928e-005,0.0548949
4.4932e-005,0.0550487
4.4936e-005,0.0545477
4.494e-005,0.0546072
4.4944e-005,0.0551032
4.4948e-005,0.0547808
4.4952e-005,0.0546568
4.4956e-005,0.0541062
4.496e-005,0.0544633
4.4964e-005,0.0552769
4.4968e-005,0.0543641
4.4972e-005,0.0545774
4.4976e-005,0.0549197
4.498e-005,0.0552719
4.4984e-005,0.0543592
4.4988e-005,0.0547709
4.4992e-005,0.0552471
4.4996e-005,0.0541607
4.5e-005,0.0530892
4.5004e-005,0.0460898
4.5008e-005,0.0413277
4.5012e-005,0.0388176
4.5016e-005,0.036754
4.502e-005,0.0364068
4.5024e-005,0.0355783
4.5028e-005,0.0260441
4.5032e-005,0.021019
4.5036e-005,0.019883
4.504e-005,0.0194316
4.5044e-005,0.0193374
4.5048e-005,0.019387
4.5052e-005,0.00819586
4.5056e-005,0.00128576
4.506e-005,0.00166276
4.5064e-005,0.000769854
4.5068e-005,6.54498e-005
4.5072e-005,0.00098812
4.5076e-005,0.000660721
4.508e-005,0.000774815
4.5084e-005,0.00117662
4.5088e-005,-0.000390925
4.5092e-005,0.0106662
4.5096e-005,0.0192778
4.51e-005,0.0199227
4.5104e-005,0.0212075
4.5108e-005,0.0228544
4.5112e-005,0.0237374
4.5116e-005,0.0235291
4.512e-005,0.0247345
4.5124e-005,0.0250371
4.5128e-005,0.0255381
4.5132e-005,0.0262326
4.5136e-005,0.0265401
4.514e-005,0.0266245
4.5144e-005,0.0263665
4.5148e-005,0.0277108
4.5152e-005,0.0268477
4.5156e-005,0.0275323
4.516e-005,0.0276315
4.5164e-005,0.0281424
4.5168e-005,0.0272297
4.5172e-005,0.0275223
4.5176e-005,0.027567
4.518e-005,0.0277902
4.5184e-005,0.0274777
4.5188e-005,0.0276464
4.5192e-005,0.0271949
4.5196e-005,0.027696
4.52e-005,0.0277704
4.5204e-005,0.0272693
4.5208e-005,0.0271453
4.5212e-005,0.0273834
4.5216e-005,0.0273983
4.522e-005,0.0276464
4.5224e-005,0.0272892
4.5228e-005,0.0277654
4.5232e-005,0.0279589
4.5236e-005,0.0271503
4.524e-005,0.0272197
4.5244e-005,0.0273834
4.5248e-005,0.0275174
4.5252e-005,0.0277208
4.5256e-005,0.0279589
4.526e-005,0.0277505
4.5264e-005,0.0273983
4.5268e-005,0.0272644
4.5272e-005,0.0275422
4.5276e-005,0.0271156
4.528e-005,0.0268675
4.5284e-005,0.0276315
4.5288e-005,0.0272049
4.5292e-005,0.0275918
4.5296e-005,0.0276712
4.53e-005,0.0272644
4.5304e-005,0.0268179
4.5308e-005,0.0270213
4.5312e-005,0.0267634
4.5316e-005,0.0269618
4.532e-005,0.0265649
4.5324e-005,0.0268328
4.5328e-005,0.0272396
4.5332e-005,0.0270759
4.5336e-005,0.0269122
4.534e-005,0.0267931
4.5344e-005,0.0268378
4.5348e-005,0.0266542
4.5352e-005,0.0268378
4.5356e-005,0.0264757
4.536e-005,0.0270064
4.5364e-005,0.0270015
4.5368e-005,0.0274281
4.5372e-005,0.0269965
4.5376e-005,0.0270164
4.538e-005,0.0272098
4.5384e-005,0.0270858
4.5388e-005,0.0272495
4.5392e-005,0.0270858
4.5396e-005,0.0272247
4.54e-005,0.0269618
4.5404e-005,0.0272396
4.5408e-005,0.0274628
4.5412e-005,0.0274578
4.5416e-005,0.0270709
4.542e-005,0.0272247
4.5424e-005,0.0272197
4.5428e-005,0.0267882
4.5432e-005,0.027056
4.5436e-005,0.0275124
4.544e-005,0.0272346
4.5444e-005,0.0276712
4.5448e-005,0.0270015
4.5452e-005,0.0275471
4.5456e-005,0.0276116
4.546e-005,0.0266344
4.5464e-005,0.0270858
4.5468e-005,0.0269419
4.5472e-005,0.0269271
4.5476e-005,0.026312
4.548e-005,0.0268427
4.5484e-005,0.0261532
4.5488e-005,0.0265005
4.5492e-005,0.0275174
4.5496e-005,0.0263913
4.55e-005,0.0268973
4.5504e-005,0.0272991
4.5508e-005,0.0266096
4.5512e-005,0.0269221
4.5516e-005,0.0275124
4.552e-005,0.0271999
4.5524e-005,0.0269122
4.5528e-005,0.0268725
4.5532e-005,0.0268725
4.5536e-005,0.0271999
4.554e-005,0.0266939
4.5544e-005,0.0268923
4.5548e-005,0.027309
4.5552e-005,0.0272545
4.5556e-005,0.0271701
4.556e-005,0.0271801
4.5564e-005,0.0266096
4.5568e-005,0.027066
4.5572e-005,0.0264112
4.5576e-005,0.0262177
4.558e-005,0.027185
4.5584e-005,0.0268626
4.5588e-005,0.0267435
4.5592e-005,0.0270957
4.5596e-005,0.0271354
4.56e-005,0.0263318
4.5604e-005,0.0272396
4.5608e-005,0.0268477
4.5612e-005,0.0277108
4.5616e-005,0.0272098
4.562e-005,0.0275223
4.5624e-005,0.0274082
4.5628e-005,0.0271553
4.5632e-005,0.0276414
4.5636e-005,0.0268229
4.564e-005,0.0272495
4.5644e-005,0.0272049
4.5648e-005,0.0272346
4.5652e-005,0.0272693
4.5656e-005,0.0265897
4.566e-005,0.0272049
4.5664e-005,0.0268279
4.5668e-005,0.0272644
4.5672e-005,0.0268229
4.5676e-005,0.0271056
4.568e-005,0.0271751
4.5684e-005,0.0270709
4.5688e-005,0.0266642
4.5692e-005,0.026813
4.5696e-005,0.0270709
4.57e-005,0.027056
4.5704e-005,0.0276464
4.5708e-005,0.0274479
4.5712e-005,0.0269866
4.5716e-005,0.0268725
4.572e-005,0.0268031
4.5724e-005,0.0272396
4.5728e-005,0.0269469
4.5732e-005,0.0270858
4.5736e-005,0.0269916
4.574e-005,0.0269916
4.5744e-005,0.0270213
4.5748e-005,0.0267733
4.5752e-005,0.0275471
4.5756e-005,0.0272842
4.576e-005,0.0283458
4.5764e-005,0.0261731
4.5768e-005,0.0266642
4.5772e-005,0.0272197
4.5776e-005,0.027433
4.578e-005,0.0273239
4.5784e-005,0.0279539
4.5788e-005,0.0270808
4.5792e-005,0.0270759
4.5796e-005,0.0217879
4.58e-005,0.0201807
4.5804e-005,0.0201856
4.5808e-005,0.0191489
4.5812e-005,0.0188661
4.5816e-005,0.0185437
4.582e-005,0.00729304
4.5824e-005,0.00159827
4.5828e-005,0.0013304
4.5832e-005,-3.99852e-006
4.5836e-005,-0.000316516
4.584e-005,0.000963317
4.5844e-005,0.000373007
4.5848e-005,0.000764894
4.5852e-005,0.00065576
4.5856e-005,-0.000321477
4.586e-005,0.0106811
4.5864e-005,0.0192233
4.5868e-005,0.0209694
4.5872e-005,0.0229288
4.5876e-005,0.025305
4.588e-005,0.0270362
4.5884e-005,0.0282813
4.5888e-005,0.0298489
4.5892e-005,0.0309402
4.5896e-005,0.0315603
4.59e-005,0.0335792
4.5904e-005,0.0338769
4.5908e-005,0.0341199
4.5912e-005,0.0349037
4.5916e-005,0.0356428
4.592e-005,0.0357073
4.5924e-005,0.035623
4.5928e-005,0.0364961
4.5932e-005,0.0369772
4.5936e-005,0.0371012
4.594e-005,0.0368135
4.5944e-005,0.037384
4.5948e-005,0.0379693
4.5952e-005,0.0369822
4.5956e-005,0.0376816
4.596e-005,0.0377709
4.5964e-005,0.0373642
4.5968e-005,0.0376767
4.5972e-005,0.0379197
4.5976e-005,0.0381926
4.598e-005,0.0378205
4.5984e-005,0.0382273
4.5988e-005,0.0379545
4.5992e-005,0.038019
4.5996e-005,0.038773
4.6e-005,0.0373294
4.6004e-005,0.0377759
4.6008e-005,0.0380884
4.6012e-005,0.0378602
4.6016e-005,0.0367986
4.602e-005,0.0373542
4.6024e-005,0.0381876
4.6028e-005,0.0380884
4.6032e-005,0.0377263
4.6036e-005,0.0376866
4.604e-005,0.0380636
4.6044e-005,0.0382124
4.6048e-005,0.0373145
4.6052e-005,0.0377808
4.6056e-005,0.0375378
4.606e-005,0.0375824
4.6064e-005,0.0374038
4.6068e-005,0.037632
4.6072e-005,0.0374485
4.6076e-005,0.0376866
4.608e-005,0.0371012
4.6084e-005,0.0370665
4.6088e-005,0.0374733
4.6092e-005,0.0369623
4.6096e-005,0.0372749
4.61e-005,0.037126
4.6104e-005,0.0382273
4.6108e-005,0.0371856
4.6112e-005,0.0374187
4.6116e-005,0.0369623
4.612e-005,0.0377015
4.6124e-005,0.0375923
4.6128e-005,0.0371062
4.6132e-005,0.0368532
4.6136e-005,0.0378652
4.614e-005,0.0370318
4.6144e-005,0.0371012
4.6148e-005,0.0373691
4.6152e-005,0.0374634
4.6156e-005,0.0368086
4.616e-005,0.0374336
4.6164e-005,0.0366647
4.6168e-005,0.0366697
4.6172e-005,0.0368483
4.6176e-005,0.0360794
4.618e-005,0.0366598
4.6184e-005,0.0366746
4.6188e-005,0.0378949
4.6192e-005,0.0371062
4.6196e-005,0.0366796
4.62e-005,0.0376717
4.6204e-005,0.0377064
4.6208e-005,0.0371608
4.6212e-005,0.0373245
4.6216e-005,0.0370864
4.622e-005,0.03726
4.6224e-005,0.0372451
4.6228e-005,0.0367986
4.6232e-005,0.0369822
4.6236e-005,0.0374386
4.624e-005,0.0375378
4.6244e-005,0.0369227
4.6248e-005,0.0372501
4.6252e-005,0.0373344
4.6256e-005,0.0378056
4.626e-005,0.0374485
4.6264e-005,0.0375031
4.6268e-005,0.037255
4.6272e-005,0.0371409
4.6276e-005,0.0368532
4.628e-005,0.0367788
4.6284e-005,0.0367986
4.6288e-005,0.0364365
4.6292e-005,0.0369673
4.6296e-005,0.0376419
4.63e-005,0.0366945
4.6304e-005,0.037513
4.6308e-005,0.0371062
4.6312e-005,0.0367838
4.6316e-005,0.0374733
4.632e-005,0.0369127
4.6324e-005,0.0368483
4.6328e-005,0.0371409
4.6332e-005,0.0372401
4.6336e-005,0.0372203
4.634e-005,0.0370318
4.6344e-005,0.0375328
4.6348e-005,0.0376419
4.6352e-005,0.0370467
4.6356e-005,0.0369623
4.636e-005,0.036759
4.6364e-005,0.0373046
4.6368e-005,0.037255
4.6372e-005,0.0368582
4.6376e-005,0.0363274
4.638e-005,0.0368086
4.6384e-005,0.0367986
4.6388e-005,0.0364762
4.6392e-005,0.0372005
4.6396e-005,0.0368582
4.64e-005,0.0364117
4.6404e-005,0.0375725
4.6408e-005,0.0372501
4.6412e-005,0.0373344
4.6416e-005,0.0369375
4.642e-005,0.0374038
4.6424e-005,0.0368879
4.6428e-005,0.0377908
4.6432e-005,0.0370368
4.6436e-005,0.0371161
4.644e-005,0.0377015
4.6444e-005,0.0373542
4.6448e-005,0.0379197
4.6452e-005,0.0365506
4.6456e-005,0.0372798
4.646e-005,0.0375279
4.6464e-005,0.0374832
4.6468e-005,0.0371757
4.6472e-005,0.0374435
4.6476e-005,0.0373344
4.648e-005,0.036501
4.6484e-005,0.036382
4.6488e-005,0.0374088
4.6492e-005,0.0371112
4.6496e-005,0.0375179
4.65e-005,0.0373046
4.6504e-005,0.0371757
4.6508e-005,0.0374485
4.6512e-005,0.038019
4.6516e-005,0.037126
4.652e-005,0.0373245
4.6524e-005,0.0370368
4.6528e-005,0.0375279
4.6532e-005,0.0362381
4.6536e-005,0.0359901
4.654e-005,0.0348243
4.6544e-005,0.0332171
4.6548e-005,0.0326863
4.6552e-005,0.0321208
4.6556e-005,0.0324929
4.656e-005,0.0312279
4.6564e-005,0.0247295
4.6568e-005,0.0200418
4.6572e-005,0.0198285
4.6576e-005,0.0193919
4.658e-005,0.0181865
4.6584e-005,0.0187371
4.6588e-005,0.00832484
4.6592e-005,0.00159331
4.6596e-005,0.00108237
4.66e-005,0.000313479
4.6604e-005,0.000437494
4.6608e-005,0.000764894
4.6612e-005,0.000754972
4.6616e-005,0.000278755
4.662e-005,0.000844263
4.6624e-005,-0.00035124
4.6628e-005,0.0103488
4.6632e-005,0.0195854
4.6636e-005,0.0221401
4.664e-005,0.0247097
4.6644e-005,0.0286881
4.6648e-005,0.03097
4.6652e-005,0.0320067
4.6656e-005,0.0343481
4.666e-005,0.0363968
4.6664e-005,0.037766
4.6668e-005,0.0384257
4.6672e-005,0.0399685
4.6676e-005,0.0409159
4.668e-005,0.0410102
4.6684e-005,0.0421065
4.6688e-005,0.0424636
4.6692e-005,0.0432623
4.6696e-005,0.0433417
4.67e-005,0.044681
4.6704e-005,0.0443487
4.6708e-005,0.0448398
4.6712e-005,0.045063
4.6716e-005,0.0456583
4.672e-005,0.0452118
4.6724e-005,0.0458021
4.6728e-005,0.0463875
4.6732e-005,0.0464916
4.6736e-005,0.0460452
4.674e-005,0.0456831
4.6744e-005,0.0464321
4.6748e-005,0.046705
4.6752e-005,0.0464371
4.6756e-005,0.0462982
4.676e-005,0.046199
4.6764e-005,0.0461345
4.6768e-005,0.0466157
4.6772e-005,0.0461444
4.6776e-005,0.0470423
4.678e-005,0.0463379
4.6784e-005,0.047325
4.6788e-005,0.0467546
4.6792e-005,0.0471018
4.6796e-005,0.046953
4.68e-005,0.0468488
4.6804e-005,0.0475383
4.6808e-005,0.0473002
4.6812e-005,0.0465909
4.6816e-005,0.0473945
4.682e-005,0.0465264
4.6824e-005,0.0476524
4.6828e-005,0.0474193
4.6832e-005,0.0473895
4.6836e-005,0.0471564
4.684e-005,0.0472903
4.6844e-005,0.0476127
4.6848e-005,0.0473548
4.6852e-005,0.0476028
4.6856e-005,0.04733
4.686e-005,0.0475334
4.6864e-005,0.0469331
4.6868e-005,0.0468488
4.6872e-005,0.0467099
4.6876e-005,0.0475185
4.688e-005,0.0471167
4.6884e-005,0.0483568
4.6888e-005,0.0475433
4.6892e-005,0.0471415
4.6896e-005,0.0474937
4.69e-005,0.0477318
4.6904e-005,0.0470472
4.6908e-005,0.0475582
4.6912e-005,0.0474143
4.6916e-005,0.0473846
4.692e-005,0.0473498
4.6924e-005,0.0470671
4.6928e-005,0.0470274
4.6932e-005,0.0475383
4.6936e-005,0.0468885
4.694e-005,0.0472159
4.6944e-005,0.0467198
4.6948e-005,0.0473399
4.6952e-005,0.0472556
4.6956e-005,0.0477665
4.696e-005,0.0471911
4.6964e-005,0.0474986
4.6968e-005,0.0477566
4.6972e-005,0.0471613
4.6976e-005,0.0477368
4.698e-005,0.0471167
4.6984e-005,0.0471812
4.6988e-005,0.0475731
4.6992e-005,0.0471961
4.6996e-005,0.0471961
4.7e-005,0.0477368
4.7004e-005,0.0472258
4.7008e-005,0.0472209
4.7012e-005,0.0475135
4.7016e-005,0.0476772
4.702e-005,0.0479253
4.7024e-005,0.0473846
4.7028e-005,0.0473101
4.7032e-005,0.0469579
4.7036e-005,0.0469927
4.704e-005,0.0474838
4.7044e-005,0.0474242
4.7048e-005,0.0474193
4.7052e-005,0.0480294
4.7056e-005,0.0475681
4.706e-005,0.0473598
4.7064e-005,0.0474639
4.7068e-005,0.0476971
4.7072e-005,0.0476028
4.7076e-005,0.0473449
4.708e-005,0.0480642
4.7084e-005,0.046948
4.7088e-005,0.0471018
4.7092e-005,0.0482874
4.7096e-005,0.0474242
4.71e-005,0.0475731
4.7104e-005,0.0470522
4.7108e-005,0.0479005
4.7112e-005,0.047578
4.7116e-005,0.047578
4.712e-005,0.0468439
4.7124e-005,0.0474986
4.7128e-005,0.0472258
4.7132e-005,0.0475086
4.7136e-005,0.0472804
4.714e-005,0.0480146
4.7144e-005,0.0476723
4.7148e-005,0.0475284
4.7152e-005,0.0475086
4.7156e-005,0.0476375
4.716e-005,0.0477467
4.7164e-005,0.0468538
4.7168e-005,0.047707
4.7172e-005,0.0479352
4.7176e-005,0.0474094
4.718e-005,0.0470373
4.7184e-005,0.0473945
4.7188e-005,0.0471464
4.7192e-005,0.0479302
4.7196e-005,0.0475284
4.72e-005,0.0475235
4.7204e-005,0.0472109
4.7208e-005,0.0477764
4.7212e-005,0.0474788
4.7216e-005,0.0476673
4.722e-005,0.0474887
4.7224e-005,0.0476524
4.7228e-005,0.047449
4.7232e-005,0.0480344
4.7236e-005,0.0480741
4.724e-005,0.0476375
4.7244e-005,0.047831
4.7248e-005,0.0480741
4.7252e-005,0.0478459
4.7256e-005,0.0477913
4.726e-005,0.0481088
4.7264e-005,0.0476822
4.7268e-005,0.0472209
4.7272e-005,0.0474937
4.7276e-005,0.0472804
4.728e-005,0.0472556
4.7284e-005,0.0469282
4.7288e-005,0.0472159
4.7292e-005,0.0474639
4.7296e-005,0.0475681
4.73e-005,0.0468736
4.7304e-005,0.0465958
4.7308e-005,0.0421214
4.7312e-005,0.0379594
4.7316e-005,0.037885
4.732e-005,0.0362282
4.7324e-005,0.0358561
4.7328e-005,0.0341795
4.7332e-005,0.026431
4.7336e-005,0.0205279
4.734e-005,0.0194812
4.7344e-005,0.019258
4.7348e-005,0.0184147
4.7352e-005,0.0188711
4.7356e-005,0.00813138
4.736e-005,0.00158339
4.7364e-005,0.000968278
4.7368e-005,0.000358125
4.7372e-005,0.000263874
4.7376e-005,0.000640879
4.738e-005,0.000645839
4.7384e-005,0.000422613
4.7388e-005,0.000874027
4.7392e-005,-0.000549664
4.7396e-005,0.00986262
4.74e-005,0.0196846
4.7404e-005,0.0227453
4.7408e-005,0.026932
4.7412e-005,0.0315503
4.7416e-005,0.0340951
4.742e-005,0.0366449
4.7424e-005,0.0384257
4.7428e-005,0.0399189
4.7432e-005,0.0416997
4.7436e-005,0.0425331
4.744e-005,0.0447306
4.7444e-005,0.0451473
4.7448e-005,0.0466107
4.7452e-005,0.0466603
4.7456e-005,0.0476723
4.746e-005,0.048213
4.7464e-005,0.0482675
4.7468e-005,0.0485503
4.7472e-005,0.049592
4.7476e-005,0.0497408
4.748e-005,0.050852
4.7484e-005,0.051229
4.7488e-005,0.0509463
4.7492e-005,0.0516804
4.7496e-005,0.0516804
4.75e-005,0.0523997
4.7504e-005,0.0520029
4.7508e-005,0.0530942
4.7512e-005,0.0527569
4.7516e-005,0.0528859
4.752e-005,0.0530793
4.7524e-005,0.0531438
4.7528e-005,0.0531686
4.7532e-005,0.0530942
4.7536e-005,0.0533174
4.754e-005,0.0531686
4.7544e-005,0.0535704
4.7548e-005,0.0538879
4.7552e-005,0.0539127
4.7556e-005,0.0540962
4.756e-005,0.053496
4.7564e-005,0.0537242
4.7568e-005,0.0536746
4.7572e-005,0.0532232
4.7576e-005,0.0540714
4.758e-005,0.0543641
4.7584e-005,0.054131
4.7588e-005,0.0533472
4.7592e-005,0.0541012
4.7596e-005,0.0536498
4.76e-005,0.0540318
4.7604e-005,0.0541756
4.7608e-005,0.0536944
4.7612e-005,0.0543641
4.7616e-005,0.054627
4.762e-005,0.0535704
4.7624e-005,0.0543542
4.7628e-005,0.0548552
4.7632e-005,0.055004
4.7636e-005,0.0543641
4.764e-005,0.0541359
4.7644e-005,0.0540169
4.7648e-005,0.0548304
4.7652e-005,0.0544187
4.7656e-005,0.0548751
4.766e-005,0.054632
4.7664e-005,0.0544732
4.7668e-005,0.0544236
4.7672e-005,0.0542203
4.7676e-005,0.0544286
4.768e-005,0.0550338
4.7684e-005,0.0549594
4.7688e-005,0.0549098
4.7692e-005,0.0547014
4.7696e-005,0.0548899
4.77e-005,0.0547709
4.7704e-005,0.055386
4.7708e-005,0.0546419
4.7712e-005,0.0548602
4.7716e-005,0.0545873
4.772e-005,0.0544584
4.7724e-005,0.0550685
4.7728e-005,0.0548602
4.7732e-005,0.0543343
4.7736e-005,0.0550884
4.774e-005,0.055257
4.7744e-005,0.0548254
4.7748e-005,0.054632
4.7752e-005,0.0553612
4.7756e-005,0.0544832
4.776e-005,0.0548949
4.7764e-005,0.0541111
4.7768e-005,0.0547808
4.7772e-005,0.0545675
4.7776e-005,0.0544931
4.778e-005,0.0545824
4.7784e-005,0.0548751
4.7788e-005,0.0551826
4.7792e-005,0.0547957
4.7796e-005,0.0551181
4.78e-005,0.0550139
4.7804e-005,0.0540665
4.7808e-005,0.0545129
4.7812e-005,0.0542996
4.7816e-005,0.0549991
4.782e-005,0.0550487
4.7824e-005,0.0545526
4.7828e-005,0.0544534
4.7832e-005,0.0544286
4.7836e-005,0.0545576
4.784e-005,0.0550487
4.7844e-005,0.0547808
4.7848e-005,0.055128
4.7852e-005,0.0548701
4.7856e-005,0.0546766
4.786e-005,0.054379
4.7864e-005,0.0549495
4.7868e-005,0.0552967
4.7872e-005,0.0548205
4.7876e-005,0.0548701
4.788e-005,0.0551429
4.7884e-005,0.0548899
4.7888e-005,0.0549346
4.7892e-005,0.054761
4.7896e-005,0.0548999
4.79e-005,0.0540962
4.7904e-005,0.0546469
4.7908e-005,0.0552719
4.7912e-005,0.0550388
4.7916e-005,0.0553017
4.792e-005,0.0544832
4.7924e-005,0.0549594
4.7928e-005,0.0549941
4.7932e-005,0.0544683
4.7936e-005,0.0545923
4.794e-005,0.0556489
4.7944e-005,0.0551032
4.7948e-005,0.054498
4.7952e-005,0.0551975
4.7956e-005,0.0547262
4.796e-005,0.0547461
4.7964e-005,0.0555894
4.7968e-005,0.0552917
4.7972e-005,0.0552868
4.7976e-005,0.054885
4.798e-005,0.0551975
4.7984e-005,0.0547114
4.7988e-005,0.0554802
4.7992e-005,0.054885
4.7996e-005,0.0548254
4.8e-005,0.0548205
4.8004e-005,0.0552917
4.8008e-005,0.0545179
4.8012e-005,0.0548254
4.8016e-005,0.055133
4.802e-005,0.0549048
4.8024e-005,0.0552917
4.8028e-005,0.0542451
4.8032e-005,0.055257
4.8036e-005,0.054498
4.804e-005,0.0545725
4.8044e-005,0.0547014
4.8048e-005,0.054756
4.8052e-005,0.0546221
4.8056e-005,0.0548453
4.806e-005,0.0556092
4.8064e-005,0.0557828
4.8068e-005,0.0549048
4.8072e-005,0.0531339
4.8076e-005,0.0467546
4.808e-005,0.0411441
4.8084e-005,0.0385101
4.8088e-005,0.0371112
4.8092e-005,0.0358115
4.8096e-005,0.0350674
4.81e-005,0.0258407
4.8104e-005,0.0208652
4.8108e-005,0.0201608
4.8112e-005,0.0191935
4.8116e-005,0.0187272
4.812e-005,0.0189504
4.8124e-005,0.00816114
4.8128e-005,0.00138497
4.8132e-005,0.00168756
4.8136e-005,0.000343243
4.814e-005,0.000854184
4.8144e-005,0.000452376
4.8148e-005,0.000794657
4.8152e-005,0.000799618
4.8156e-005,0.000938514
4.816e-005,-0.000306595
4.8164e-005,0.0103041
4.8168e-005,0.0185982
4.8172e-005,0.0193969
4.8176e-005,0.0210636
4.818e-005,0.0226064
4.8184e-005,0.0235092
4.8188e-005,0.023658
4.8192e-005,0.0243476
4.8196e-005,0.0249676
4.82e-005,0.0254786
4.8204e-005,0.0258655
4.8208e-005,0.0263566
4.8212e-005,0.0262822
4.8216e-005,0.0259002
4.822e-005,0.0265253
4.8224e-005,0.0269023
4.8228e-005,0.027061
4.8232e-005,0.0273487
4.8236e-005,0.0275769
4.824e-005,0.0267038
4.8244e-005,0.027309
4.8248e-005,0.0277108
4.8252e-005,0.0272594
4.8256e-005,0.0281077
4.826e-005,0.0276513
4.8264e-005,0.0279291
4.8268e-005,0.0273983
4.8272e-005,0.0275422
4.8276e-005,0.0271553
4.828e-005,0.0272098
4.8284e-005,0.0275174
4.8288e-005,0.0273785
4.8292e-005,0.0282267
4.8296e-005,0.0276414
4.83e-005,0.027696
4.8304e-005,0.0276315
4.8308e-005,0.0272594
4.8312e-005,0.0279787
4.8316e-005,0.0266294
4.832e-005,0.0274529
4.8324e-005,0.0271106
4.8328e-005,0.0266195
4.8332e-005,0.027686
4.8336e-005,0.0265153
4.834e-005,0.027185
4.8344e-005,0.0264657
4.8348e-005,0.0275868
4.8352e-005,0.0274876
4.8356e-005,0.0270015
4.836e-005,0.0270511
4.8364e-005,0.0272793
4.8368e-005,0.0265947
4.8372e-005,0.0265451
4.8376e-005,0.0263764
4.838e-005,0.0265897
4.8384e-005,0.0270858
4.8388e-005,0.0270312
4.8392e-005,0.0267336
4.8396e-005,0.0267634
4.84e-005,0.0270957
4.8404e-005,0.0263764
4.8408e-005,0.0267286
4.8412e-005,0.0267336
4.8416e-005,0.0271751
4.842e-005,0.0275223
4.8424e-005,0.0273438
4.8428e-005,0.0264657
4.8432e-005,0.0268824
4.8436e-005,0.0270461
4.844e-005,0.0273487
4.8444e-005,0.026808
4.8448e-005,0.0270957
4.8452e-005,0.0266394
4.8456e-005,0.0266394
4.846e-005,0.0277505
4.8464e-005,0.0270213
4.8468e-005,0.0270858
4.8472e-005,0.0268328
4.8476e-005,0.0270808
4.848e-005,0.0265997
4.8484e-005,0.0271205
4.8488e-005,0.0272396
4.8492e-005,0.027061
4.8496e-005,0.0265501
4.85e-005,0.0269568
4.8504e-005,0.0265401
4.8508e-005,0.0265253
4.8512e-005,0.0268824
4.8516e-005,0.0267286
4.852e-005,0.0271056
4.8524e-005,0.0278001
4.8528e-005,0.0266989
4.8532e-005,0.0262574
4.8536e-005,0.0276116
4.854e-005,0.0271106
4.8544e-005,0.0271404
4.8548e-005,0.0270957
4.8552e-005,0.0266989
4.8556e-005,0.0269965
4.856e-005,0.026813
4.8564e-005,0.0270312
4.8568e-005,0.0271106
4.8572e-005,0.0264806
4.8576e-005,0.0269965
4.858e-005,0.0272197
4.8584e-005,0.0269568
4.8588e-005,0.027433
4.8592e-005,0.0263219
4.8596e-005,0.0266642
4.86e-005,0.0264657
4.8604e-005,0.0265401
4.8608e-005,0.0270957
4.8612e-005,0.0274926
4.8616e-005,0.0268725
4.862e-005,0.0268626
4.8624e-005,0.026555
4.8628e-005,0.0269717
4.8632e-005,0.0262078
4.8636e-005,0.02656
4.864e-005,0.0269221
4.8644e-005,0.0269122
4.8648e-005,0.0263616
4.8652e-005,0.0269816
4.8656e-005,0.0269171
4.866e-005,0.0265699
4.8664e-005,0.0263417
4.8668e-005,0.0267485
4.8672e-005,0.0268725
4.8676e-005,0.0268626
4.868e-005,0.0264955
4.8684e-005,0.0266939
4.8688e-005,0.0267386
4.8692e-005,0.0267584
4.8696e-005,0.0267534
4.87e-005,0.0269519
4.8704e-005,0.0260887
4.8708e-005,0.0262425
4.8712e-005,0.0271156
4.8716e-005,0.0271056
4.872e-005,0.0265798
4.8724e-005,0.02719
4.8728e-005,0.0269122
4.8732e-005,0.0267782
4.8736e-005,0.0263268
4.874e-005,0.026932
4.8744e-005,0.0267485
4.8748e-005,0.026808
4.8752e-005,0.0272991
4.8756e-005,0.0268279
4.876e-005,0.0267683
4.8764e-005,0.02719
4.8768e-005,0.0272445
4.8772e-005,0.0267782
4.8776e-005,0.027185
4.878e-005,0.0272247
4.8784e-005,0.0267435
4.8788e-005,0.0271106
4.8792e-005,0.0271453
4.8796e-005,0.0270362
4.88e-005,0.0268675
4.8804e-005,0.0267485
4.8808e-005,0.0267683
4.8812e-005,0.0264012
4.8816e-005,0.0269668
4.882e-005,0.0268725
4.8824e-005,0.026932
4.8828e-005,0.0268973
4.8832e-005,0.0267782
4.8836e-005,0.026312
4.884e-005,0.0265153
4.8844e-005,0.0270759
4.8848e-005,0.0273537
4.8852e-005,0.0271801
4.8856e-005,0.0275571
4.886e-005,0.0276612
4.8864e-005,0.0269072
4.8868e-005,0.022155
4.8872e-005,0.0199078
4.8876e-005,0.0201062
4.888e-005,0.0196995
4.8884e-005,0.0189157
4.8888e-005,0.0186429
4.8892e-005,0.0071591
4.8896e-005,0.00103773
4.89e-005,0.000745051
4.8904e-005,0.000353164
4.8908e-005,0.000501982
4.8912e-005,0.00104765
4.8916e-005,0.000546627
4.892e-005,8.03316e-005
4.8924e-005,0.000427573
4.8928e-005,-0.000113132
4.8932e-005,0.0104678
4.8936e-005,0.0186478
4.894e-005,0.0209744
4.8944e-005,0.0223236
4.8948e-005,0.0248287
4.8952e-005,0.0269568
4.8956e-005,0.0275323
4.896e-005,0.0291941
4.8964e-005,0.0305433
4.8968e-005,0.0307318
4.8972e-005,0.0316793
4.8976e-005,0.0332022
4.898e-005,0.0339463
4.8984e-005,0.0344523
4.8988e-005,0.0355139
4.8992e-005,0.035623
4.8996e-005,0.0352261
4.9e-005,0.0361885
4.9004e-005,0.0368086
4.9008e-005,0.0363472
4.9012e-005,0.0363671
4.9016e-005,0.0366151
4.902e-005,0.0367242
4.9024e-005,0.037389
4.9028e-005,0.037255
4.9032e-005,0.0371806
4.9036e-005,0.0369475
4.904e-005,0.0375477
4.9044e-005,0.0376568
4.9048e-005,0.037131
4.9052e-005,0.0370219
4.9056e-005,0.0373394
4.906e-005,0.0382075
4.9064e-005,0.0374237
4.9068e-005,0.0380537
4.9072e-005,0.0373939
4.9076e-005,0.036759
4.908e-005,0.0373691
4.9084e-005,0.0377164
4.9088e-005,0.0367838
4.9092e-005,0.0365903
4.9096e-005,0.0372997
4.91e-005,0.0376122
4.9104e-005,0.036382
4.9108e-005,0.0367986
4.9112e-005,0.0371112
4.9116e-005,0.037007
4.912e-005,0.0372302
4.9124e-005,0.037389
4.9128e-005,0.0373642
4.9132e-005,0.0368086
4.9136e-005,0.0370864
4.914e-005,0.037255
4.9144e-005,0.0372897
4.9148e-005,0.0372253
4.9152e-005,0.0369723
4.9156e-005,0.0368135
4.916e-005,0.0364514
4.9164e-005,0.0373245
4.9168e-005,0.03663
4.9172e-005,0.0369425
4.9176e-005,0.0368383
4.918e-005,0.0365159
4.9184e-005,0.0361587
4.9188e-005,0.0368433
4.9192e-005,0.0361339
4.9196e-005,0.0366895
4.92e-005,0.0372798
4.9204e-005,0.0365407
4.9208e-005,0.0372401
4.9212e-005,0.037136
4.9216e-005,0.0370219
4.922e-005,0.0365953
4.9224e-005,0.0371707
4.9228e-005,0.0367887
4.9232e-005,0.0373443
4.9236e-005,0.0370219
4.924e-005,0.0365655
4.9244e-005,0.0370467
4.9248e-005,0.0363472
4.9252e-005,0.037379
4.9256e-005,0.0372054
4.926e-005,0.03663
4.9264e-005,0.0369326
4.9268e-005,0.0368036
4.9272e-005,0.037136
4.9276e-005,0.0369971
4.928e-005,0.0367441
4.9284e-005,0.0373741
4.9288e-005,0.0372104
4.9292e-005,0.0366449
4.9296e-005,0.037012
4.93e-005,0.0368284
4.9304e-005,0.0369425
4.9308e-005,0.0375775
4.9312e-005,0.0365407
4.9316e-005,0.0360843
4.932e-005,0.0376023
4.9324e-005,0.0368979
4.9328e-005,0.0370665
4.9332e-005,0.0369822
4.9336e-005,0.0373989
4.934e-005,0.0366697
4.9344e-005,0.0362431
4.9348e-005,0.0368036
4.9352e-005,0.0366498
4.9356e-005,0.0365754
4.936e-005,0.0369425
4.9364e-005,0.0369872
4.9368e-005,0.036506
4.9372e-005,0.0368929
4.9376e-005,0.0362183
4.938e-005,0.0362778
4.9384e-005,0.0364564
4.9388e-005,0.0367639
4.9392e-005,0.0368433
4.9396e-005,0.0367441
4.94e-005,0.0360347
4.9404e-005,0.0361935
4.9408e-005,0.0362133
4.9412e-005,0.0363423
4.9416e-005,0.0364514
4.942e-005,0.0362877
4.9424e-005,0.0371558
4.9428e-005,0.0360347
4.9432e-005,0.036754
4.9436e-005,0.0366498
4.944e-005,0.0364464
4.9444e-005,0.0361835
4.9448e-005,0.0369921
4.9452e-005,0.037131
4.9456e-005,0.0365804
4.946e-005,0.0366746
4.9464e-005,0.0367639
4.9468e-005,0.0370467
4.9472e-005,0.0370913
4.9476e-005,0.0369723
4.948e-005,0.0371012
4.9484e-005,0.0368731
4.9488e-005,0.0367838
4.9492e-005,0.0365804
4.9496e-005,0.0367391
4.95e-005,0.0374634
4.9504e-005,0.0369375
4.9508e-005,0.0371062
4.9512e-005,0.0367143
4.9516e-005,0.0371657
4.952e-005,0.0369276
4.9524e-005,0.0368681
4.9528e-005,0.0368284
4.9532e-005,0.0367242
4.9536e-005,0.0369028
4.954e-005,0.0369723
4.9544e-005,0.0368235
4.9548e-005,0.0367937
4.9552e-005,0.0364613
4.9556e-005,0.0366052
4.956e-005,0.0366201
4.9564e-005,0.036382
4.9568e-005,0.0364266
4.9572e-005,0.0364415
4.9576e-005,0.0366101
4.958e-005,0.0362331
4.9584e-005,0.0369375
4.9588e-005,0.0367391
4.9592e-005,0.0360347
4.9596e-005,0.0370516
4.96e-005,0.0367738
4.9604e-005,0.0356478
4.9608e-005,0.0355833
4.9612e-005,0.0343729
4.9616e-005,0.033351
4.962e-005,0.0324631
4.9624e-005,0.0320514
4.9628e-005,0.0315553
4.9632e-005,0.0313966
4.9636e-005,0.0241343
4.964e-005,0.0200666
4.9644e-005,0.0195804
4.9648e-005,0.0205031
4.9652e-005,0.0182311
4.9656e-005,0.0186826
4.966e-005,0.00698548
4.9664e-005,0.00123119
4.9668e-005,0.0013552
4.9672e-005,0.000377967
4.9676e-005,0.000417652
4.968e-005,0.00105757
4.9684e-005,0.000551588
4.9688e-005,0.000665682
4.9692e-005,0.000804578
4.9696e-005,-0.00026691
4.97e-005,0.010944
4.9704e-005,0.019382
4.9708e-005,0.0218276
4.9712e-005,0.0251065
4.9716e-005,0.0290006
4.972e-005,0.0311287
4.9724e-005,0.0328897
4.9728e-005,0.0344622
4.9732e-005,0.0363423
4.9736e-005,0.0372054
4.974e-005,0.0384555
4.9744e-005,0.0402661
4.9748e-005,0.0403504
4.9752e-005,0.0413128
4.9756e-005,0.0412781
4.976e-005,0.0420023
4.9764e-005,0.0424289
4.9768e-005,0.043679
4.9772e-005,0.044433
4.9776e-005,0.0443338
4.978e-005,0.0447951
4.9784e-005,0.0451076
4.9788e-005,0.0452168
4.9792e-005,0.0455144
4.9796e-005,0.046075
4.98e-005,0.0457823
4.9804e-005,0.0456235
4.9808e-005,0.0455789
4.9812e-005,0.0462932
4.9816e-005,0.046571
4.982e-005,0.0459113
4.9824e-005,0.0471713
4.9828e-005,0.0465313
4.9832e-005,0.0464966
4.9836e-005,0.046953
4.984e-005,0.0468786
4.9844e-005,0.0458418
4.9848e-005,0.0470274
4.9852e-005,0.0463131
4.9856e-005,0.0473002
4.986e-005,0.0472506
4.9864e-005,0.0467942
4.9868e-005,0.0473945
4.9872e-005,0.0470572
4.9876e-005,0.0469679
4.988e-005,0.0472457
4.9884e-005,0.0471365
4.9888e-005,0.0471961
4.9892e-005,0.0465909
4.9896e-005,0.0476127
4.99e-005,0.0471316
4.9904e-005,0.0475681
4.9908e-005,0.0472754
4.9912e-005,0.0477368
4.9916e-005,0.047449
4.992e-005,0.0471167
4.9924e-005,0.0473399
4.9928e-005,0.0473796
4.9932e-005,0.0472159
4.9936e-005,0.0468835
4.994e-005,0.0475334
4.9944e-005,0.0474838
4.9948e-005,0.0474639
4.9952e-005,0.0476872
4.9956e-005,0.0476375
4.996e-005,0.0465611
4.9964e-005,0.0469679
4.9968e-005,0.0473846
4.9972e-005,0.046819
4.9976e-005,0.0469877
4.998e-005,0.0478409
4.9984e-005,0.0476475
4.9988e-005,0.0471961
4.9992e-005,0.0476425
4.9996e-005,0.0473052
5e-005,0.0476772
5.0004e-005,0.0476822
5.0008e-005,0.0477516
5.0012e-005,0.0474689
5.0016e-005,0.0480691
5.002e-005,0.0471018
5.0024e-005,0.0477715
5.0028e-005,0.0472655
5.0032e-005,0.0473746
5.0036e-005,0.0472506
5.004e-005,0.0479005
5.0044e-005,0.0472308
5.0048e-005,0.0469034
5.0052e-005,0.0472655
5.0056e-005,0.0474738
5.006e-005,0.0476375
5.0064e-005,0.0472754
5.0068e-005,0.0474738
5.0072e-005,0.0475879
5.0076e-005,0.0474788
5.008e-005,0.0472407
5.0084e-005,0.0468736
5.0088e-005,0.0475731
5.0092e-005,0.0468637
5.0096e-005,0.0476921
5.01e-005,0.0471117
5.0104e-005,0.0479749
5.0108e-005,0.047702
5.0112e-005,0.0474639
5.0116e-005,0.0472853
5.012e-005,0.0471216
5.0124e-005,0.0471961
5.0128e-005,0.0470373
5.0132e-005,0.047077
5.0136e-005,0.0473349
5.014e-005,0.0478608
5.0144e-005,0.0474143
5.0148e-005,0.0476276
5.0152e-005,0.047077
5.0156e-005,0.0469282
5.016e-005,0.0477318
5.0164e-005,0.0470621
5.0168e-005,0.0470224
5.0172e-005,0.0476227
5.0176e-005,0.0474838
5.018e-005,0.0472109
5.0184e-005,0.0476921
5.0188e-005,0.0471266
5.0192e-005,0.0476822
5.0196e-005,0.047459
5.02e-005,0.0472655
5.0204e-005,0.0477814
5.0208e-005,0.0475731
5.0212e-005,0.0473548
5.0216e-005,0.0477814
5.022e-005,0.0474391
5.0224e-005,0.0471812
5.0228e-005,0.0472109
5.0232e-005,0.0475879
5.0236e-005,0.0468687
5.024e-005,0.0473498
5.0244e-005,0.0477268
5.0248e-005,0.0473052
5.0252e-005,0.0474342
5.0256e-005,0.0476574
5.026e-005,0.0471316
5.0264e-005,0.047201
5.0268e-005,0.0475433
5.0272e-005,0.0466355
5.0276e-005,0.0470224
5.028e-005,0.0473548
5.0284e-005,0.0476971
5.0288e-005,0.0469827
5.0292e-005,0.0472357
5.0296e-005,0.0474887
5.03e-005,0.0472159
5.0304e-005,0.0474292
5.0308e-005,0.0479005
5.0312e-005,0.0477913
5.0316e-005,0.0475284
5.032e-005,0.0474094
5.0324e-005,0.0477814
5.0328e-005,0.0481435
5.0332e-005,0.0476872
5.0336e-005,0.0468984
5.034e-005,0.047831
5.0344e-005,0.0481683
5.0348e-005,0.0474689
5.0352e-005,0.047206
5.0356e-005,0.0470076
5.036e-005,0.0470572
5.0364e-005,0.0474094
5.0368e-005,0.0474242
5.0372e-005,0.0465264
5.0376e-005,0.0468984
5.038e-005,0.0415112
5.0384e-005,0.0382124
5.0388e-005,0.037255
5.0392e-005,0.0359405
5.0396e-005,0.0350079
5.04e-005,0.0347053
5.0404e-005,0.0249875
5.0408e-005,0.0207759
5.0412e-005,0.0197292
5.0416e-005,0.0195903
5.042e-005,0.0190447
5.0424e-005,0.0191737
5.0428e-005,0.00883082
5.0432e-005,0.00132544
5.0436e-005,0.00166772
5.044e-005,0.000100174
5.0444e-005,0.000958357
5.0448e-005,0.000705366
5.0452e-005,0.000253952
5.0456e-005,0.00109229
5.046e-005,0.00116174
5.0464e-005,-0.000227225
5.0468e-005,0.0104728
5.0472e-005,0.0204386
5.0476e-005,0.0239656
5.048e-005,0.0272793
5.0484e-005,0.0312775
5.0488e-005,0.034735
5.0492e-005,0.0364464
5.0496e-005,0.0386936
5.05e-005,0.0404298
5.0504e-005,0.0418188
5.0508e-005,0.042801
5.0512e-005,0.0442346
5.0516e-005,0.0450779
5.052e-005,0.0462287
5.0524e-005,0.0468984
5.0528e-005,0.0477715
5.0532e-005,0.0484858
5.0536e-005,0.0489471
5.054e-005,0.0499988
5.0544e-005,0.0499095
5.0548e-005,0.0503609
5.0552e-005,0.0508818
5.0556e-005,0.0509115
5.056e-005,0.0515515
5.0564e-005,0.053114
5.0568e-005,0.0523848
5.0572e-005,0.05236
5.0576e-005,0.0530793
5.058e-005,0.0527073
5.0584e-005,0.0529603
5.0588e-005,0.0529255
5.0592e-005,0.0530545
5.0596e-005,0.0530347
5.06e-005,0.0532678
5.0604e-005,0.0530595
5.0608e-005,0.0536399
5.0612e-005,0.0533571
5.0616e-005,0.0532083
5.062e-005,0.0532678
5.0624e-005,0.0537292
5.0628e-005,0.0543244
5.0632e-005,0.0540863
5.0636e-005,0.0544187
5.064e-005,0.0547808
5.0644e-005,0.0540814
5.0648e-005,0.0544732
5.0652e-005,0.0542699
5.0656e-005,0.0548999
5.066e-005,0.0542847
5.0664e-005,0.0547312
5.0668e-005,0.0542302
5.0672e-005,0.0542054
5.0676e-005,0.0544683
5.068e-005,0.0547709
5.0684e-005,0.0548205
5.0688e-005,0.0555646
5.0692e-005,0.0549048
5.0696e-005,0.055381
5.07e-005,0.0554356
5.0704e-005,0.0549147
5.0708e-005,0.054498
5.0712e-005,0.0548502
5.0716e-005,0.055262
5.072e-005,0.0545923
5.0724e-005,0.0547907
5.0728e-005,0.0544584
5.0732e-005,0.0547213
5.0736e-005,0.0549693
5.074e-005,0.0544534
5.0744e-005,0.0542004
5.0748e-005,0.0546369
5.0752e-005,0.0548999
5.0756e-005,0.0548205
5.076e-005,0.0543988
5.0764e-005,0.0549495
5.0768e-005,0.0552074
5.0772e-005,0.0550189
5.0776e-005,0.0543492
5.078e-005,0.0548304
5.0784e-005,0.0543393
5.0788e-005,0.0545576
5.0792e-005,0.0544534
5.0796e-005,0.0550784
5.08e-005,0.0545328
5.0804e-005,0.0551776
5.0808e-005,0.0546915
5.0812e-005,0.054503
5.0816e-005,0.0548999
5.082e-005,0.0549842
5.0824e-005,0.0549147
5.0828e-005,0.0551628
5.0832e-005,0.0555596
5.0836e-005,0.0550735
5.084e-005,0.055386
5.0844e-005,0.0545725
5.0848e-005,0.0553761
5.0852e-005,0.0548205
5.0856e-005,0.0553314
5.086e-005,0.0546419
5.0864e-005,0.0547957
5.0868e-005,0.0546915
5.0872e-005,0.0547262
5.0876e-005,0.0551578
5.088e-005,0.0551826
5.0884e-005,0.0550338
5.0888e-005,0.0550685
5.0892e-005,0.0547858
5.0896e-005,0.0548999
5.09e-005,0.0551429
5.0904e-005,0.0554207
5.0908e-005,0.0556588
5.0912e-005,0.0551082
5.0916e-005,0.0544584
5.092e-005,0.0550933
5.0924e-005,0.0547709
5.0928e-005,0.0543691
5.0932e-005,0.0554356
5.0936e-005,0.0549346
5.094e-005,0.0548502
5.0944e-005,0.0555844
5.0948e-005,0.0549842
5.0952e-005,0.0549842
5.0956e-005,0.0546617
5.096e-005,0.054503
5.0964e-005,0.0555894
5.0968e-005,0.0549643
5.0972e-005,0.0549693
5.0976e-005,0.0550685
5.098e-005,0.0550388
5.0984e-005,0.0552967
5.0988e-005,0.0549346
5.0992e-005,0.0550636
5.0996e-005,0.0551528
5.1e-005,0.0547758
5.1004e-005,0.0550983
5.1008e-005,0.0554852
5.1012e-005,0.0552868
5.1016e-005,0.0544931
5.102e-005,0.0554753
5.1024e-005,0.0557432
5.1028e-005,0.0554009
5.1032e-005,0.0551231
5.1036e-005,0.0552471
5.104e-005,0.0552421
5.1044e-005,0.0550586
5.1048e-005,0.0553364
5.1052e-005,0.054503
5.1056e-005,0.0556043
5.106e-005,0.0551479
5.1064e-005,0.054384
5.1068e-005,0.0551132
5.1072e-005,0.055128
5.1076e-005,0.0556142
5.108e-005,0.0553562
5.1084e-005,0.0555001
5.1088e-005,0.0548751
5.1092e-005,0.055009
5.1096e-005,0.0547411
5.11e-005,0.0546965
5.1104e-005,0.0552025
5.1108e-005,0.0549743
5.1112e-005,0.0545973
5.1116e-005,0.0543889
5.112e-005,0.0549991
5.1124e-005,0.0547858
5.1128e-005,0.0557878
5.1132e-005,0.0554852
5.1136e-005,0.0552421
5.114e-005,0.0558969
5.1144e-005,0.0527073
5.1148e-005,0.046571
5.1152e-005,0.0421412
5.1156e-005,0.0389416
5.116e-005,0.0380735
5.1164e-005,0.0368334
5.1168e-005,0.0357619
5.1172e-005,0.026049
5.1176e-005,0.0208454
5.118e-005,0.0200814
5.1184e-005,0.0196548
5.1188e-005,0.0186478
5.1192e-005,0.0187024
5.1196e-005,0.00793295
5.12e-005,0.0015189
5.1204e-005,0.00169252
5.1208e-005,0.000437494
5.1212e-005,0.000377967
5.1216e-005,0.000447416
5.122e-005,0.00089883
5.1224e-005,0.000501982
5.1228e-005,0.00104765
5.1232e-005,-0.000470294
5.1236e-005,0.0110036
5.124e-005,0.0188463
5.1244e-005,0.0203394
5.1248e-005,0.0208107
5.1252e-005,0.0220508
5.1256e-005,0.0228643
5.126e-005,0.0239259
