LECROYWR104MXi,20621,Waveform
Segments,1,SegmentSize,2501
Segment,TrigTime,TimeSinceSegment1
#1,21-May-2015 13:59:34,0                 
Time,Ampl
4.126e-005,0.0511248
4.1264e-005,0.0515961
4.1268e-005,0.0511645
4.1272e-005,0.0510852
4.1276e-005,0.0513778
4.128e-005,0.0515465
4.1284e-005,0.0511348
4.1288e-005,0.0514423
4.1292e-005,0.0513828
4.1296e-005,0.0517499
4.13e-005,0.0512588
4.1304e-005,0.0515217
4.1308e-005,0.0514919
4.1312e-005,0.0510405
4.1316e-005,0.051234
4.132e-005,0.0515763
4.1324e-005,0.0504353
4.1328e-005,0.0514572
4.1332e-005,0.051105
4.1336e-005,0.0502964
4.134e-005,0.0514175
4.1344e-005,0.0515663
4.1348e-005,0.0521467
4.1352e-005,0.0510107
4.1356e-005,0.0519433
4.136e-005,0.0512489
4.1364e-005,0.0514919
4.1368e-005,0.0518937
4.1372e-005,0.0515515
4.1376e-005,0.0526031
4.138e-005,0.0515465
4.1384e-005,0.0516556
4.1388e-005,0.0521021
4.1392e-005,0.051477
4.1396e-005,0.0513233
4.14e-005,0.0514572
4.1404e-005,0.0512389
4.1408e-005,0.0520128
4.1412e-005,0.0515068
4.1416e-005,0.0515167
4.142e-005,0.0514324
4.1424e-005,0.0515564
4.1428e-005,0.0520277
4.1432e-005,0.0514622
4.1436e-005,0.0521021
4.144e-005,0.051611
4.1444e-005,0.0522063
4.1448e-005,0.0517449
4.1452e-005,0.0519929
4.1456e-005,0.0515614
4.146e-005,0.0509909
4.1464e-005,0.0512935
4.1468e-005,0.0513778
4.1472e-005,0.0520723
4.1476e-005,0.0510901
4.148e-005,0.0511893
4.1484e-005,0.0515515
4.1488e-005,0.051983
4.1492e-005,0.0514274
4.1496e-005,0.0526725
4.15e-005,0.0511298
4.1504e-005,0.0519979
4.1508e-005,0.0515316
4.1512e-005,0.0522063
4.1516e-005,0.0512737
4.152e-005,0.0516308
4.1524e-005,0.0515167
4.1528e-005,0.0518044
4.1532e-005,0.0517648
4.1536e-005,0.0520773
4.154e-005,0.0517003
4.1544e-005,0.0510901
4.1548e-005,0.0519037
4.1552e-005,0.0517251
4.1556e-005,0.0516507
4.156e-005,0.0516507
4.1564e-005,0.0518094
4.1568e-005,0.0519384
4.1572e-005,0.0521666
4.1576e-005,0.0523005
4.158e-005,0.0512985
4.1584e-005,0.0519781
4.1588e-005,0.0520376
4.1592e-005,0.051983
4.1596e-005,0.0518044
4.16e-005,0.0511794
4.1604e-005,0.0515862
4.1608e-005,0.0513233
4.1612e-005,0.0514026
4.1616e-005,0.0511695
4.162e-005,0.0513084
4.1624e-005,0.0511596
4.1628e-005,0.0512489
4.1632e-005,0.0515366
4.1636e-005,0.0511893
4.164e-005,0.0499492
4.1644e-005,0.0437881
4.1648e-005,0.0398196
4.1652e-005,0.0381479
4.1656e-005,0.036878
4.166e-005,0.0361488
4.1664e-005,0.0346854
4.1668e-005,0.025295
4.1672e-005,0.0199326
4.1676e-005,0.0198334
4.168e-005,0.0193126
4.1684e-005,0.0191141
4.1688e-005,0.018752
4.1692e-005,0.00886058
4.1696e-005,0.00215386
4.17e-005,0.00192567
4.1704e-005,0.00131552
4.1708e-005,0.000209307
4.1712e-005,0.00100796
4.1716e-005,0.00040277
4.172e-005,0.000452376
4.1724e-005,0.000814499
4.1728e-005,-0.000172659
4.1732e-005,0.0114748
4.1736e-005,0.0208057
4.174e-005,0.0238763
4.1744e-005,0.0287625
4.1748e-005,0.0326119
4.1752e-005,0.0360347
4.1756e-005,0.0375626
4.176e-005,0.0399933
4.1764e-005,0.0415112
4.1768e-005,0.042419
4.1772e-005,0.0433615
4.1776e-005,0.0449886
4.178e-005,0.0463478
4.1784e-005,0.0475879
4.1788e-005,0.0481435
4.1792e-005,0.0488975
4.1796e-005,0.0493093
4.18e-005,0.0502419
4.1804e-005,0.0509215
4.1808e-005,0.0513977
4.1812e-005,0.0512241
4.1816e-005,0.0513729
4.182e-005,0.0517548
4.1824e-005,0.0523203
4.1828e-005,0.0533571
4.1832e-005,0.0534067
4.1836e-005,0.0530644
4.184e-005,0.0536299
4.1844e-005,0.0542401
4.1848e-005,0.054632
4.1852e-005,0.0541955
4.1856e-005,0.0548006
4.186e-005,0.0551925
4.1864e-005,0.0546369
4.1868e-005,0.055138
4.1872e-005,0.0551429
4.1876e-005,0.0556241
4.188e-005,0.0554257
4.1884e-005,0.0554554
4.1888e-005,0.0555547
4.1892e-005,0.0558176
4.1896e-005,0.0564128
4.19e-005,0.0562392
4.1904e-005,0.056398
4.1908e-005,0.0565716
4.1912e-005,0.056011
4.1916e-005,0.0569139
4.192e-005,0.0567303
4.1924e-005,0.0562591
4.1928e-005,0.0563235
4.1932e-005,0.056388
4.1936e-005,0.0563533
4.194e-005,0.0560954
4.1944e-005,0.0563136
4.1948e-005,0.0567105
4.1952e-005,0.0566361
4.1956e-005,0.0563335
4.196e-005,0.0567055
4.1964e-005,0.056899
4.1968e-005,0.0564228
4.1972e-005,0.056641
4.1976e-005,0.0571916
4.198e-005,0.0564079
4.1984e-005,0.0561598
4.1988e-005,0.0567154
4.1992e-005,0.0566013
4.1996e-005,0.0574942
4.2e-005,0.0571569
4.2004e-005,0.0572214
4.2008e-005,0.0570478
4.2012e-005,0.0565269
4.2016e-005,0.0565319
4.202e-005,0.0566906
4.2024e-005,0.0565964
4.2028e-005,0.0572561
4.2032e-005,0.0568047
4.2036e-005,0.0564773
4.204e-005,0.0570329
4.2044e-005,0.0566063
4.2048e-005,0.057276
4.2052e-005,0.056894
4.2056e-005,0.0561946
4.206e-005,0.057395
4.2064e-005,0.0568891
4.2068e-005,0.0571867
4.2072e-005,0.0568643
4.2076e-005,0.0575439
4.208e-005,0.0569188
4.2084e-005,0.0566757
4.2088e-005,0.0574397
4.2092e-005,0.0572512
4.2096e-005,0.0571073
4.21e-005,0.0569188
4.2104e-005,0.0564327
4.2108e-005,0.0567898
4.2112e-005,0.0567006
4.2116e-005,0.057271
4.212e-005,0.0576381
4.2124e-005,0.0566609
4.2128e-005,0.0566757
4.2132e-005,0.0570676
4.2136e-005,0.0574992
4.214e-005,0.056641
4.2144e-005,0.0570726
4.2148e-005,0.0566509
4.2152e-005,0.0567006
4.2156e-005,0.0569783
4.216e-005,0.0566013
4.2164e-005,0.0566857
4.2168e-005,0.0568097
4.2172e-005,0.0574298
4.2176e-005,0.0569337
4.218e-005,0.0566013
4.2184e-005,0.0572363
4.2188e-005,0.0572611
4.2192e-005,0.0578365
4.2196e-005,0.0575736
4.22e-005,0.0573405
4.2204e-005,0.0569883
4.2208e-005,0.0572809
4.2212e-005,0.0564128
4.2216e-005,0.0576728
4.222e-005,0.0569932
4.2224e-005,0.0568146
4.2228e-005,0.057142
4.2232e-005,0.0572661
4.2236e-005,0.0567948
4.224e-005,0.0567849
4.2244e-005,0.0569486
4.2248e-005,0.0567551
4.2252e-005,0.0565914
4.2256e-005,0.056641
4.226e-005,0.0574397
4.2264e-005,0.0566956
4.2268e-005,0.0568196
4.2272e-005,0.0559813
4.2276e-005,0.056765
4.228e-005,0.0566857
4.2284e-005,0.0561003
4.2288e-005,0.0566509
4.2292e-005,0.0566162
4.2296e-005,0.0570875
4.23e-005,0.0569932
4.2304e-005,0.0566757
4.2308e-005,0.0567303
4.2312e-005,0.0571073
4.2316e-005,0.0573057
4.232e-005,0.0563732
4.2324e-005,0.0575141
4.2328e-005,0.0569783
4.2332e-005,0.0572809
4.2336e-005,0.0574446
4.234e-005,0.0576331
4.2344e-005,0.0565468
4.2348e-005,0.0568047
4.2352e-005,0.0564624
4.2356e-005,0.0571172
4.236e-005,0.0562194
4.2364e-005,0.0565567
4.2368e-005,0.0567254
4.2372e-005,0.0563533
4.2376e-005,0.0567551
4.238e-005,0.0567353
4.2384e-005,0.0572363
4.2388e-005,0.0570081
4.2392e-005,0.0569287
4.2396e-005,0.0570577
4.24e-005,0.0565666
4.2404e-005,0.0557828
4.2408e-005,0.055386
4.2412e-005,0.0476375
4.2416e-005,0.0419725
4.242e-005,0.0387333
4.2424e-005,0.0372203
4.2428e-005,0.035995
4.2432e-005,0.0354047
4.2436e-005,0.0242533
4.244e-005,0.020895
4.2444e-005,0.020017
4.2448e-005,0.0198731
4.2452e-005,0.0192233
4.2456e-005,0.0191092
4.246e-005,0.0085431
4.2464e-005,0.00138001
4.2468e-005,0.00117662
4.2472e-005,0.000303558
4.2476e-005,0.000373007
4.248e-005,0.000978199
4.2484e-005,0.000323401
4.2488e-005,0.000839302
4.2492e-005,0.00106749
4.2496e-005,-0.000738166
4.25e-005,0.0108299
4.2504e-005,0.0184693
4.2508e-005,0.0204138
4.2512e-005,0.0212968
4.2516e-005,0.024675
4.252e-005,0.0257663
4.2524e-005,0.0268527
4.2528e-005,0.0275174
4.2532e-005,0.0284897
4.2536e-005,0.0285045
4.254e-005,0.0296207
4.2544e-005,0.0307368
4.2548e-005,0.0305037
4.2552e-005,0.0308955
4.2556e-005,0.0322101
4.256e-005,0.0321208
4.2564e-005,0.0318579
4.2568e-005,0.0322349
4.2572e-005,0.0327756
4.2576e-005,0.0325673
4.258e-005,0.033232
4.2584e-005,0.0327806
4.2588e-005,0.0331427
4.2592e-005,0.0333362
4.2596e-005,0.0335842
4.26e-005,0.0326566
4.2604e-005,0.0334602
4.2608e-005,0.0329889
4.2612e-005,0.0330435
4.2616e-005,0.0324929
4.262e-005,0.0330038
4.2624e-005,0.0333114
4.2628e-005,0.0325673
4.2632e-005,0.0329492
4.2636e-005,0.0327657
4.264e-005,0.033232
4.2644e-005,0.0327905
4.2648e-005,0.0326863
4.2652e-005,0.0326566
4.2656e-005,0.0328302
4.266e-005,0.0331824
4.2664e-005,0.0327508
4.2668e-005,0.0330038
4.2672e-005,0.0326417
4.2676e-005,0.0334155
4.268e-005,0.0325524
4.2684e-005,0.0325673
4.2688e-005,0.0327905
4.2692e-005,0.0320861
4.2696e-005,0.0321506
4.27e-005,0.0331625
4.2704e-005,0.0325474
4.2708e-005,0.0325127
4.2712e-005,0.0331179
4.2716e-005,0.0325921
4.272e-005,0.0321208
4.2724e-005,0.0326367
4.2728e-005,0.0324432
4.2732e-005,0.0330137
4.2736e-005,0.0328996
4.274e-005,0.0327558
4.2744e-005,0.0332617
4.2748e-005,0.0324085
4.2752e-005,0.0328004
4.2756e-005,0.0322498
4.276e-005,0.0319125
4.2764e-005,0.0331526
4.2768e-005,0.0330683
4.2772e-005,0.0331427
4.2776e-005,0.0325921
4.278e-005,0.0325325
4.2784e-005,0.0325871
4.2788e-005,0.0325276
4.2792e-005,0.0327409
4.2796e-005,0.0328699
4.28e-005,0.032091
4.2804e-005,0.0324532
4.2808e-005,0.0325573
4.2812e-005,0.0319472
4.2816e-005,0.0320861
4.282e-005,0.0325524
4.2824e-005,0.0318976
4.2828e-005,0.031466
4.2832e-005,0.0323688
4.2836e-005,0.0321407
4.284e-005,0.0327905
4.2844e-005,0.0325524
4.2848e-005,0.0321853
4.2852e-005,0.0319621
4.2856e-005,0.0325325
4.286e-005,0.0321605
4.2864e-005,0.0322696
4.2868e-005,0.032597
4.2872e-005,0.0326367
4.2876e-005,0.0329244
4.288e-005,0.0330732
4.2884e-005,0.0331625
4.2888e-005,0.032979
4.2892e-005,0.0324532
4.2896e-005,0.0321903
4.29e-005,0.0318381
4.2904e-005,0.0323738
4.2908e-005,0.0320563
4.2912e-005,0.0328004
4.2916e-005,0.0327409
4.292e-005,0.0323391
4.2924e-005,0.0324929
4.2928e-005,0.0327111
4.2932e-005,0.0319621
4.2936e-005,0.0323887
4.294e-005,0.0326764
4.2944e-005,0.0317388
4.2948e-005,0.031972
4.2952e-005,0.0327508
4.2956e-005,0.031724
4.296e-005,0.031967
4.2964e-005,0.0324234
4.2968e-005,0.0327458
4.2972e-005,0.0319422
4.2976e-005,0.0323887
4.298e-005,0.0323292
4.2984e-005,0.0322944
4.2988e-005,0.0321357
4.2992e-005,0.0330385
4.2996e-005,0.0327905
4.3e-005,0.0329393
4.3004e-005,0.0323341
4.3008e-005,0.0319968
4.3012e-005,0.0323143
4.3016e-005,0.0326069
4.302e-005,0.0327111
4.3024e-005,0.0330137
4.3028e-005,0.0322944
4.3032e-005,0.0324184
4.3036e-005,0.0328252
4.304e-005,0.0325821
4.3044e-005,0.0328748
4.3048e-005,0.0331526
4.3052e-005,0.0333114
4.3056e-005,0.0329988
4.306e-005,0.0329988
4.3064e-005,0.032855
4.3068e-005,0.0334602
4.3072e-005,0.0331774
4.3076e-005,0.0325772
4.308e-005,0.0325623
4.3084e-005,0.032726
4.3088e-005,0.032225
4.3092e-005,0.0325722
4.3096e-005,0.033108
4.31e-005,0.0327012
4.3104e-005,0.0323639
4.3108e-005,0.0323639
4.3112e-005,0.0322795
4.3116e-005,0.0329393
4.312e-005,0.0328103
4.3124e-005,0.032349
4.3128e-005,0.0322994
4.3132e-005,0.0319025
4.3136e-005,0.0323936
4.314e-005,0.0323887
4.3144e-005,0.0320712
4.3148e-005,0.0318678
4.3152e-005,0.0325573
4.3156e-005,0.0321208
4.316e-005,0.0326169
4.3164e-005,0.0327508
4.3168e-005,0.0327359
4.3172e-005,0.0311287
4.3176e-005,0.0309551
4.318e-005,0.0312081
4.3184e-005,0.030588
4.3188e-005,0.0301068
4.3192e-005,0.0311585
4.3196e-005,0.0309997
4.32e-005,0.0301118
4.3204e-005,0.0225965
4.3208e-005,0.0197789
4.3212e-005,0.0194862
4.3216e-005,0.0192629
4.322e-005,0.018881
4.3224e-005,0.0190744
4.3228e-005,0.00820578
4.3232e-005,0.000923633
4.3236e-005,0.00139985
4.324e-005,0.000417652
4.3244e-005,4.56074e-005
4.3248e-005,0.000591273
4.3252e-005,0.000209307
4.3256e-005,0.000606155
4.326e-005,0.000556549
4.3264e-005,-0.000500058
4.3268e-005,0.0105075
4.3272e-005,0.0195606
4.3276e-005,0.0217184
4.328e-005,0.0235886
4.3284e-005,0.0270114
4.3288e-005,0.0293478
4.3292e-005,0.0301961
4.3296e-005,0.0327806
4.33e-005,0.0334254
4.3304e-005,0.0348739
4.3308e-005,0.0356131
4.3312e-005,0.037136
4.3316e-005,0.0371062
4.332e-005,0.038386
4.3324e-005,0.0391698
4.3328e-005,0.039398
4.3332e-005,0.0398097
4.3336e-005,0.0401619
4.334e-005,0.0404695
4.3344e-005,0.0406778
4.3348e-005,0.0408068
4.3352e-005,0.0417791
4.3356e-005,0.0418833
4.336e-005,0.0419577
4.3364e-005,0.0425232
4.3368e-005,0.0418783
4.3372e-005,0.0428109
4.3376e-005,0.0413723
4.338e-005,0.042791
4.3384e-005,0.0420073
4.3388e-005,0.0422553
4.3392e-005,0.0431184
4.3396e-005,0.0431184
4.34e-005,0.0422999
4.3404e-005,0.042925
4.3408e-005,0.0427811
4.3412e-005,0.0431978
4.3416e-005,0.0430589
4.342e-005,0.0429795
4.3424e-005,0.043054
4.3428e-005,0.0431184
4.3432e-005,0.0435103
4.3436e-005,0.0424934
4.344e-005,0.0431581
4.3444e-005,0.0423297
4.3448e-005,0.0426869
4.3452e-005,0.0432772
4.3456e-005,0.0427563
4.346e-005,0.0426571
4.3464e-005,0.0430936
4.3468e-005,0.0430044
4.3472e-005,0.0425381
4.3476e-005,0.0427811
4.348e-005,0.0429002
4.3484e-005,0.0419775
4.3488e-005,0.0421958
4.3492e-005,0.0432226
4.3496e-005,0.0425877
4.35e-005,0.0429547
4.3504e-005,0.0426918
4.3508e-005,0.0428506
4.3512e-005,0.0434508
4.3516e-005,0.0427365
4.352e-005,0.0423446
4.3524e-005,0.0428803
4.3528e-005,0.0436294
4.3532e-005,0.0427216
4.3536e-005,0.0426521
4.354e-005,0.0426174
4.3544e-005,0.0425678
4.3548e-005,0.0428704
4.3552e-005,0.0422999
4.3556e-005,0.0426968
4.356e-005,0.0429051
4.3564e-005,0.0428952
4.3568e-005,0.0421958
4.3572e-005,0.0427365
4.3576e-005,0.0429399
4.358e-005,0.042166
4.3584e-005,0.0423496
4.3588e-005,0.0424884
4.3592e-005,0.0422107
4.3596e-005,0.0426571
4.36e-005,0.0427365
4.3604e-005,0.0423595
4.3608e-005,0.0428158
4.3612e-005,0.0420817
4.3616e-005,0.0429448
4.362e-005,0.0424339
4.3624e-005,0.0428952
4.3628e-005,0.0426521
4.3632e-005,0.0428158
4.3636e-005,0.0422206
4.364e-005,0.0420618
4.3644e-005,0.042171
4.3648e-005,0.0429597
4.3652e-005,0.0422751
4.3656e-005,0.0434458
4.366e-005,0.042791
4.3664e-005,0.0424587
4.3668e-005,0.0422305
4.3672e-005,0.0431085
4.3676e-005,0.0423148
4.368e-005,0.0428258
4.3684e-005,0.0423049
4.3688e-005,0.0427613
4.3692e-005,0.0429448
4.3696e-005,0.0429101
4.37e-005,0.0423644
4.3704e-005,0.0428555
4.3708e-005,0.0428952
4.3712e-005,0.042414
4.3716e-005,0.0429299
4.372e-005,0.043049
4.3724e-005,0.0431631
4.3728e-005,0.0427662
4.3732e-005,0.0427613
4.3736e-005,0.0433466
4.374e-005,0.0424587
4.3744e-005,0.0424339
4.3748e-005,0.0422851
4.3752e-005,0.0433318
4.3756e-005,0.043054
4.376e-005,0.0425232
4.3764e-005,0.0428903
4.3768e-005,0.0431631
4.3772e-005,0.0429448
4.3776e-005,0.0426174
4.378e-005,0.0430788
4.3784e-005,0.0422603
4.3788e-005,0.0424537
4.3792e-005,0.0435054
4.3796e-005,0.0424686
4.38e-005,0.0428754
4.3804e-005,0.0429994
4.3808e-005,0.043049
4.3812e-005,0.043044
4.3816e-005,0.0432375
4.382e-005,0.042791
4.3824e-005,0.0430788
4.3828e-005,0.0426968
4.3832e-005,0.0428307
4.3836e-005,0.0425232
4.384e-005,0.043297
4.3844e-005,0.0427464
4.3848e-005,0.0427514
4.3852e-005,0.0422305
4.3856e-005,0.0425381
4.386e-005,0.0427266
4.3864e-005,0.0428506
4.3868e-005,0.0430093
4.3872e-005,0.0432276
4.3876e-005,0.0431879
4.388e-005,0.0420668
4.3884e-005,0.0430986
4.3888e-005,0.0431532
4.3892e-005,0.0422355
4.3896e-005,0.0427712
4.39e-005,0.0425777
4.3904e-005,0.0426075
4.3908e-005,0.0428555
4.3912e-005,0.0424984
4.3916e-005,0.0426472
4.392e-005,0.042801
4.3924e-005,0.0427563
4.3928e-005,0.0424289
4.3932e-005,0.042925
4.3936e-005,0.0431978
4.394e-005,0.0413773
4.3944e-005,0.0414864
4.3948e-005,0.0382174
4.3952e-005,0.035623
4.3956e-005,0.0349682
4.396e-005,0.0340257
4.3964e-005,0.0336139
4.3968e-005,0.032468
4.3972e-005,0.0234943
4.3976e-005,0.0199574
4.398e-005,0.0192183
4.3984e-005,0.0192878
4.3988e-005,0.0183899
4.3992e-005,0.0193969
4.3996e-005,0.00815618
4.4e-005,0.00109229
4.4004e-005,0.000888908
4.4008e-005,0.000293637
4.4012e-005,0.000139859
4.4016e-005,0.000834342
4.402e-005,0.000422613
4.4024e-005,0.000358125
4.4028e-005,0.000745051
4.4032e-005,7.5371e-005
4.4036e-005,0.0108746
4.404e-005,0.020384
4.4044e-005,0.0233058
4.4048e-005,0.0258407
4.4052e-005,0.0312031
4.4056e-005,0.0328302
4.406e-005,0.0338719
4.4064e-005,0.0367838
4.4068e-005,0.0387432
4.4072e-005,0.0393037
4.4076e-005,0.0406927
4.408e-005,0.0421065
4.4084e-005,0.0425083
4.4088e-005,0.0438824
4.4092e-005,0.0448497
4.4096e-005,0.0449439
4.41e-005,0.0456136
4.4104e-005,0.0469232
4.4108e-005,0.0469083
4.4112e-005,0.0475383
4.4116e-005,0.0481435
4.412e-005,0.0484114
4.4124e-005,0.0488727
4.4128e-005,0.0481138
4.4132e-005,0.0486693
4.4136e-005,0.0493589
4.414e-005,0.0493787
4.4144e-005,0.0494928
4.4148e-005,0.0500534
4.4152e-005,0.0498053
4.4156e-005,0.0498698
4.416e-005,0.0503411
4.4164e-005,0.0503262
4.4168e-005,0.0505147
4.4172e-005,0.0506685
4.4176e-005,0.0500782
4.418e-005,0.0504105
4.4184e-005,0.0507726
4.4188e-005,0.0512141
4.4192e-005,0.0511893
4.4196e-005,0.0508421
4.42e-005,0.0509611
4.4204e-005,0.0511645
4.4208e-005,0.0504452
4.4212e-005,0.0510901
4.4216e-005,0.0506883
4.422e-005,0.0515564
4.4224e-005,0.0513481
4.4228e-005,0.0506635
4.4232e-005,0.0510852
4.4236e-005,0.0514175
4.424e-005,0.0509959
4.4244e-005,0.051234
4.4248e-005,0.0511
4.4252e-005,0.0511596
4.4256e-005,0.0516804
4.426e-005,0.0515267
4.4264e-005,0.0510157
4.4268e-005,0.0509215
4.4272e-005,0.0515763
4.4276e-005,0.0510058
4.428e-005,0.0514076
4.4284e-005,0.05173
4.4288e-005,0.0522162
4.4292e-005,0.051358
4.4296e-005,0.0516655
4.43e-005,0.0513828
4.4304e-005,0.0517499
4.4308e-005,0.0520525
4.4312e-005,0.0510455
4.4316e-005,0.0516209
4.432e-005,0.0511397
4.4324e-005,0.0510653
4.4328e-005,0.051229
4.4332e-005,0.0514423
4.4336e-005,0.0516755
4.434e-005,0.0512836
4.4344e-005,0.0517201
4.4348e-005,0.0518342
4.4352e-005,0.0515018
4.4356e-005,0.0509413
4.436e-005,0.0516407
4.4364e-005,0.0520277
4.4368e-005,0.0522658
4.4372e-005,0.0509314
4.4376e-005,0.0517052
4.438e-005,0.0512092
4.4384e-005,0.0521368
4.4388e-005,0.0507627
4.4392e-005,0.051477
4.4396e-005,0.0516556
4.44e-005,0.0516407
4.4404e-005,0.051229
4.4408e-005,0.0507925
4.4412e-005,0.0511496
4.4416e-005,0.0516308
4.442e-005,0.0515415
4.4424e-005,0.0514969
4.4428e-005,0.0519384
4.4432e-005,0.0510356
4.4436e-005,0.0514175
4.444e-005,0.0514026
4.4444e-005,0.0511397
4.4448e-005,0.0508768
4.4452e-005,0.0514374
4.4456e-005,0.0515515
4.446e-005,0.0509314
4.4464e-005,0.0514522
4.4468e-005,0.051105
4.4472e-005,0.0515018
4.4476e-005,0.0515961
4.448e-005,0.0515018
4.4484e-005,0.0520029
4.4488e-005,0.0511397
4.4492e-005,0.05173
4.4496e-005,0.0516606
4.45e-005,0.0513084
4.4504e-005,0.0515118
4.4508e-005,0.0516606
4.4512e-005,0.0517152
4.4516e-005,0.0514175
4.452e-005,0.0516308
4.4524e-005,0.0517697
4.4528e-005,0.0517896
4.4532e-005,0.0513084
4.4536e-005,0.051487
4.454e-005,0.0517548
4.4544e-005,0.0512935
4.4548e-005,0.0513034
4.4552e-005,0.0508322
4.4556e-005,0.0514225
4.456e-005,0.0512985
4.4564e-005,0.0508173
4.4568e-005,0.0518838
4.4572e-005,0.0515366
4.4576e-005,0.0513679
4.458e-005,0.0506238
4.4584e-005,0.0513729
4.4588e-005,0.0512885
4.4592e-005,0.0514622
4.4596e-005,0.0516606
4.46e-005,0.051482
4.4604e-005,0.052117
4.4608e-005,0.0510455
4.4612e-005,0.0516407
4.4616e-005,0.0517449
4.462e-005,0.0515018
4.4624e-005,0.05174
4.4628e-005,0.0515217
4.4632e-005,0.0513828
4.4636e-005,0.0516457
4.464e-005,0.0518392
4.4644e-005,0.05174
4.4648e-005,0.0517846
4.4652e-005,0.0518838
4.4656e-005,0.051735
4.466e-005,0.0524146
4.4664e-005,0.0520475
4.4668e-005,0.0515515
4.4672e-005,0.0518739
4.4676e-005,0.052236
4.468e-005,0.0511695
4.4684e-005,0.0516804
4.4688e-005,0.0515663
4.4692e-005,0.0520822
4.4696e-005,0.051482
4.47e-005,0.0520922
4.4704e-005,0.0527172
4.4708e-005,0.0513183
4.4712e-005,0.049473
4.4716e-005,0.0451473
4.472e-005,0.0401074
4.4724e-005,0.0382124
4.4728e-005,0.0374485
4.4732e-005,0.0363224
4.4736e-005,0.0359256
4.474e-005,0.025429
4.4744e-005,0.0202948
4.4748e-005,0.0196796
4.4752e-005,0.0191042
4.4756e-005,0.0182311
4.476e-005,0.019005
4.4764e-005,0.00767004
4.4768e-005,0.000809539
4.4772e-005,0.00118158
4.4776e-005,5.92266e-006
4.478e-005,0.000100174
4.4784e-005,0.00112206
4.4788e-005,0.000993081
4.4792e-005,-0.000147856
4.4796e-005,0.000432534
4.48e-005,8.03316e-005
4.4804e-005,0.0109986
4.4808e-005,0.0204535
4.4812e-005,0.0241541
4.4816e-005,0.0280333
4.482e-005,0.0321853
4.4824e-005,0.0352708
4.4828e-005,0.0364316
4.4832e-005,0.0392988
4.4836e-005,0.0408564
4.484e-005,0.0421412
4.4844e-005,0.0438477
4.4848e-005,0.0457228
4.4852e-005,0.0459361
4.4856e-005,0.0467893
4.486e-005,0.0479104
4.4864e-005,0.0492101
4.4868e-005,0.048833
4.4872e-005,0.0494035
4.4876e-005,0.0506089
4.488e-005,0.0506486
4.4884e-005,0.0515564
4.4888e-005,0.0511248
4.4892e-005,0.0522559
4.4896e-005,0.0527519
4.49e-005,0.0523948
4.4904e-005,0.0532033
4.4908e-005,0.0531091
4.4912e-005,0.0529355
4.4916e-005,0.0535208
4.492e-005,0.0534811
4.4924e-005,0.0543691
4.4928e-005,0.0543145
4.4932e-005,0.0545477
4.4936e-005,0.0546568
4.494e-005,0.0552818
4.4944e-005,0.0548453
4.4948e-005,0.0551975
4.4952e-005,0.0549941
4.4956e-005,0.0554554
4.496e-005,0.0552372
4.4964e-005,0.0551132
4.4968e-005,0.0559416
4.4972e-005,0.0556737
4.4976e-005,0.0560706
4.498e-005,0.0554902
4.4984e-005,0.0565765
4.4988e-005,0.0555398
4.4992e-005,0.0555993
4.4996e-005,0.0563583
4.5e-005,0.0561598
4.5004e-005,0.0564525
4.5008e-005,0.0559862
4.5012e-005,0.056016
4.5016e-005,0.0566361
4.502e-005,0.0562095
4.5024e-005,0.0559813
4.5028e-005,0.0558523
4.5032e-005,0.0564872
4.5036e-005,0.0567551
4.504e-005,0.0563533
4.5044e-005,0.0564624
4.5048e-005,0.0565666
4.5052e-005,0.0576679
4.5056e-005,0.0569684
4.506e-005,0.0567948
4.5064e-005,0.0571916
4.5068e-005,0.0563483
4.5072e-005,0.056775
4.5076e-005,0.0564823
4.508e-005,0.0563632
4.5084e-005,0.0563483
4.5088e-005,0.0563781
4.5092e-005,0.0565865
4.5096e-005,0.0567601
4.51e-005,0.0567948
4.5104e-005,0.0564872
4.5108e-005,0.0566807
4.5112e-005,0.0565567
4.5116e-005,0.0566013
4.512e-005,0.0569337
4.5124e-005,0.0564079
4.5128e-005,0.0564277
4.5132e-005,0.0566857
4.5136e-005,0.0570528
4.514e-005,0.0566857
4.5144e-005,0.0563434
4.5148e-005,0.0569287
4.5152e-005,0.0568791
4.5156e-005,0.0566063
4.516e-005,0.0570924
4.5164e-005,0.05677
4.5168e-005,0.0564228
4.5172e-005,0.0565071
4.5176e-005,0.056388
4.518e-005,0.057147
4.5184e-005,0.0572264
4.5188e-005,0.0567452
4.5192e-005,0.0571718
4.5196e-005,0.0566013
4.52e-005,0.0569337
4.5204e-005,0.0567601
4.5208e-005,0.0568692
4.5212e-005,0.0568345
4.5216e-005,0.0568097
4.522e-005,0.0574099
4.5224e-005,0.0568841
4.5228e-005,0.0569635
4.5232e-005,0.0568246
4.5236e-005,0.0561152
4.524e-005,0.0573206
4.5244e-005,0.0572661
4.5248e-005,0.0569287
4.5252e-005,0.0563533
4.5256e-005,0.0565666
4.526e-005,0.0572512
4.5264e-005,0.0569833
4.5268e-005,0.0569635
4.5272e-005,0.0567551
4.5276e-005,0.0569883
4.528e-005,0.057519
4.5284e-005,0.0568643
4.5288e-005,0.0569039
4.5292e-005,0.0568394
4.5296e-005,0.056765
4.53e-005,0.0571321
4.5304e-005,0.0570528
4.5308e-005,0.0569932
4.5312e-005,0.0569486
4.5316e-005,0.057152
4.532e-005,0.0570676
4.5324e-005,0.0574694
4.5328e-005,0.0574298
4.5332e-005,0.0568643
4.5336e-005,0.0571966
4.534e-005,0.0568394
4.5344e-005,0.0565418
4.5348e-005,0.0566906
4.5352e-005,0.0572214
4.5356e-005,0.057152
4.536e-005,0.057147
4.5364e-005,0.0569535
4.5368e-005,0.0568394
4.5372e-005,0.0575786
4.5376e-005,0.0569883
4.538e-005,0.0567601
4.5384e-005,0.0568841
4.5388e-005,0.0571867
4.5392e-005,0.0565617
4.5396e-005,0.057653
4.54e-005,0.0572809
4.5404e-005,0.0567948
4.5408e-005,0.0568841
4.5412e-005,0.0574694
4.5416e-005,0.0574149
4.542e-005,0.057529
4.5424e-005,0.0569783
4.5428e-005,0.056899
4.5432e-005,0.0572065
4.5436e-005,0.0576431
4.544e-005,0.0572214
4.5444e-005,0.057529
4.5448e-005,0.057147
4.5452e-005,0.0571817
4.5456e-005,0.0571718
4.546e-005,0.0572561
4.5464e-005,0.0571817
4.5468e-005,0.0574893
4.5472e-005,0.0574744
4.5476e-005,0.0568444
4.548e-005,0.055505
4.5484e-005,0.047712
4.5488e-005,0.0421462
4.5492e-005,0.0390557
4.5496e-005,0.0378553
4.55e-005,0.03663
4.5504e-005,0.0350228
4.5508e-005,0.0248635
4.5512e-005,0.0210537
4.5516e-005,0.0199376
4.552e-005,0.0199227
4.5524e-005,0.0180426
4.5528e-005,0.0192431
4.5532e-005,0.00833476
4.5536e-005,0.00180166
4.554e-005,0.00125103
4.5544e-005,0.000308519
4.5548e-005,0.000263874
4.5552e-005,0.000581352
4.5556e-005,-0.000147856
4.556e-005,0.000343243
4.5564e-005,0.000690485
4.5568e-005,-0.0006836
4.5572e-005,0.0115691
4.5576e-005,0.0198037
4.558e-005,0.020384
4.5584e-005,0.0222889
4.5588e-005,0.0247196
4.5592e-005,0.0264757
4.5596e-005,0.0264211
4.56e-005,0.0286037
4.5604e-005,0.0291048
4.5608e-005,0.0293776
4.5612e-005,0.030077
4.5616e-005,0.0315355
4.562e-005,0.0314065
4.5624e-005,0.0313866
4.5628e-005,0.032349
4.5632e-005,0.0320712
4.5636e-005,0.0325871
4.564e-005,0.0334304
4.5644e-005,0.0332766
4.5648e-005,0.0329095
4.5652e-005,0.0335197
4.5656e-005,0.0336536
4.566e-005,0.0336933
4.5664e-005,0.0337826
4.5668e-005,0.0335544
4.5672e-005,0.0332766
4.5676e-005,0.0334552
4.568e-005,0.0331675
4.5684e-005,0.033108
4.5688e-005,0.0332865
4.5692e-005,0.0338173
4.5696e-005,0.0337876
4.57e-005,0.0342142
4.5704e-005,0.032974
4.5708e-005,0.0335147
4.5712e-005,0.0336536
4.5716e-005,0.0332965
4.572e-005,0.0332469
4.5724e-005,0.0336983
4.5728e-005,0.0334006
4.5732e-005,0.0335048
4.5736e-005,0.0332221
4.574e-005,0.0329691
4.5744e-005,0.0327706
4.5748e-005,0.0325921
4.5752e-005,0.0328699
4.5756e-005,0.0333262
4.576e-005,0.0331824
4.5764e-005,0.0333014
4.5768e-005,0.0331824
4.5772e-005,0.0336239
4.5776e-005,0.0320861
4.578e-005,0.0331675
4.5784e-005,0.0332766
4.5788e-005,0.0327657
4.5792e-005,0.0323837
4.5796e-005,0.0334106
4.58e-005,0.03285
4.5804e-005,0.0335941
4.5808e-005,0.0336586
4.5812e-005,0.0339711
4.5816e-005,0.032726
4.582e-005,0.032731
4.5824e-005,0.0325821
4.5828e-005,0.0329343
4.5832e-005,0.0330683
4.5836e-005,0.0328054
4.584e-005,0.0326764
4.5844e-005,0.0328004
4.5848e-005,0.0329145
4.5852e-005,0.0329988
4.5856e-005,0.0328203
4.586e-005,0.0330683
4.5864e-005,0.0325077
4.5868e-005,0.0330534
4.5872e-005,0.0330187
4.5876e-005,0.0324036
4.588e-005,0.0329294
4.5884e-005,0.0324085
4.5888e-005,0.0325127
4.5892e-005,0.0327855
4.5896e-005,0.0320117
4.59e-005,0.0328699
4.5904e-005,0.0330187
4.5908e-005,0.0328599
4.5912e-005,0.0326317
4.5916e-005,0.0332022
4.592e-005,0.0326615
4.5924e-005,0.0323936
4.5928e-005,0.0331625
4.5932e-005,0.0325276
4.5936e-005,0.032721
4.594e-005,0.0330484
4.5944e-005,0.032354
4.5948e-005,0.0322349
4.5952e-005,0.0323887
4.5956e-005,0.0325127
4.596e-005,0.0325623
4.5964e-005,0.0325673
4.5968e-005,0.0322795
4.5972e-005,0.0326764
4.5976e-005,0.032726
4.598e-005,0.0330633
4.5984e-005,0.0327458
4.5988e-005,0.0320563
4.5992e-005,0.0327855
4.5996e-005,0.0323043
4.6e-005,0.0326417
4.6004e-005,0.0327756
4.6008e-005,0.0324036
4.6012e-005,0.0325871
4.6016e-005,0.0322795
4.602e-005,0.0319224
4.6024e-005,0.03285
4.6028e-005,0.0327062
4.6032e-005,0.032101
4.6036e-005,0.0328897
4.604e-005,0.0329343
4.6044e-005,0.0324383
4.6048e-005,0.0324631
4.6052e-005,0.0328996
4.6056e-005,0.0327111
4.606e-005,0.0334254
4.6064e-005,0.032731
4.6068e-005,0.0326764
4.6072e-005,0.0328947
4.6076e-005,0.0329294
4.608e-005,0.0331725
4.6084e-005,0.0330336
4.6088e-005,0.0332419
4.6092e-005,0.0324631
4.6096e-005,0.0326615
4.61e-005,0.0327905
4.6104e-005,0.0327607
4.6108e-005,0.0328699
4.6112e-005,0.0322994
4.6116e-005,0.0322448
4.612e-005,0.0329343
4.6124e-005,0.0329641
4.6128e-005,0.0328649
4.6132e-005,0.0328004
4.6136e-005,0.032468
4.614e-005,0.0326069
4.6144e-005,0.0330782
4.6148e-005,0.0329591
4.6152e-005,0.0333312
4.6156e-005,0.0326317
4.616e-005,0.032468
4.6164e-005,0.0332965
4.6168e-005,0.0327111
4.6172e-005,0.03285
4.6176e-005,0.0328947
4.618e-005,0.0334205
4.6184e-005,0.0321754
4.6188e-005,0.0328103
4.6192e-005,0.0333362
4.6196e-005,0.0323986
4.62e-005,0.0323936
4.6204e-005,0.033227
4.6208e-005,0.0320315
4.6212e-005,0.0323192
4.6216e-005,0.0322498
4.622e-005,0.0317984
4.6224e-005,0.03285
4.6228e-005,0.0325425
4.6232e-005,0.032721
4.6236e-005,0.0330683
4.624e-005,0.0331278
4.6244e-005,0.0320365
4.6248e-005,0.0321059
4.6252e-005,0.0316247
4.6256e-005,0.0305136
4.626e-005,0.0305979
4.6264e-005,0.0308459
4.6268e-005,0.0308955
4.6272e-005,0.0303102
4.6276e-005,0.0227304
4.628e-005,0.0195259
4.6284e-005,0.0198384
4.6288e-005,0.0194415
4.6292e-005,0.0187024
4.6296e-005,0.0188959
4.63e-005,0.00721367
4.6304e-005,0.00100796
4.6308e-005,0.00145442
4.6312e-005,7.04104e-005
4.6316e-005,0.000134898
4.632e-005,0.00103773
4.6324e-005,0.000809539
4.6328e-005,5.55286e-005
4.6332e-005,0.000611115
4.6336e-005,-8.83286e-005
4.634e-005,0.0111524
4.6344e-005,0.01963
4.6348e-005,0.0215696
4.6352e-005,0.0240797
4.6356e-005,0.027433
4.636e-005,0.029447
4.6364e-005,0.0298637
4.6368e-005,0.0324284
4.6372e-005,0.0337132
4.6376e-005,0.0347995
4.638e-005,0.036124
4.6384e-005,0.0374882
4.6388e-005,0.0377759
4.6392e-005,0.0380686
4.6396e-005,0.0390359
4.64e-005,0.0393236
4.6404e-005,0.0398147
4.6408e-005,0.0407423
4.6412e-005,0.0411292
4.6416e-005,0.0413872
4.642e-005,0.0416154
4.6424e-005,0.042037
4.6428e-005,0.041536
4.6432e-005,0.0416402
4.6436e-005,0.0415459
4.644e-005,0.042047
4.6444e-005,0.0425728
4.6448e-005,0.0425579
4.6452e-005,0.0424785
4.6456e-005,0.0424537
4.646e-005,0.0429944
4.6464e-005,0.0428506
4.6468e-005,0.0425033
4.6472e-005,0.0425926
4.6476e-005,0.0424537
4.648e-005,0.0427018
4.6484e-005,0.0428158
4.6488e-005,0.0431085
4.6492e-005,0.0428407
4.6496e-005,0.0427166
4.65e-005,0.0432425
4.6504e-005,0.0432722
4.6508e-005,0.0425083
4.6512e-005,0.042801
4.6516e-005,0.0432375
4.652e-005,0.0428952
4.6524e-005,0.0435451
4.6528e-005,0.0430589
4.6532e-005,0.0429895
4.6536e-005,0.0430391
4.654e-005,0.0426968
4.6544e-005,0.0422255
4.6548e-005,0.0430788
4.6552e-005,0.0429795
4.6556e-005,0.0421958
4.656e-005,0.0430292
4.6564e-005,0.0422107
4.6568e-005,0.0426273
4.6572e-005,0.0431284
4.6576e-005,0.0428407
4.658e-005,0.0427414
4.6584e-005,0.0428655
4.6588e-005,0.0429746
4.6592e-005,0.0422404
4.6596e-005,0.0424934
4.66e-005,0.0428307
4.6604e-005,0.0421114
4.6608e-005,0.0433764
4.6612e-005,0.0429845
4.6616e-005,0.0427662
4.662e-005,0.0431631
4.6624e-005,0.0423496
4.6628e-005,0.042295
4.6632e-005,0.0424587
4.6636e-005,0.0428456
4.664e-005,0.0424289
4.6644e-005,0.0427861
4.6648e-005,0.0426819
4.6652e-005,0.0422156
4.6656e-005,0.042672
4.666e-005,0.042414
4.6664e-005,0.0423446
4.6668e-005,0.0428903
4.6672e-005,0.0425777
4.6676e-005,0.0421462
4.668e-005,0.0429349
4.6684e-005,0.0430788
4.6688e-005,0.0423198
4.6692e-005,0.0430639
4.6696e-005,0.0425728
4.67e-005,0.0428059
4.6704e-005,0.042414
4.6708e-005,0.0424587
4.6712e-005,0.0425281
4.6716e-005,0.0425232
4.672e-005,0.0426025
4.6724e-005,0.0424041
4.6728e-005,0.0422305
4.6732e-005,0.0427018
4.6736e-005,0.0425728
4.674e-005,0.0423049
4.6744e-005,0.0435004
4.6748e-005,0.0424091
4.6752e-005,0.0419974
4.6756e-005,0.0426621
4.676e-005,0.0424388
4.6764e-005,0.042791
4.6768e-005,0.0427861
4.6772e-005,0.0433367
4.6776e-005,0.0423942
4.678e-005,0.0424438
4.6784e-005,0.0424488
4.6788e-005,0.0426373
4.6792e-005,0.0424736
4.6796e-005,0.0426273
4.68e-005,0.0432177
4.6804e-005,0.0433913
4.6808e-005,0.0426224
4.6812e-005,0.0430292
4.6816e-005,0.042667
4.682e-005,0.0424686
4.6824e-005,0.0428456
4.6828e-005,0.0431284
4.6832e-005,0.0422107
4.6836e-005,0.0427613
4.684e-005,0.0429994
4.6844e-005,0.0431234
4.6848e-005,0.0433714
4.6852e-005,0.043049
4.6856e-005,0.0421065
4.686e-005,0.0430639
4.6864e-005,0.0430589
4.6868e-005,0.0426869
4.6872e-005,0.0422206
4.6876e-005,0.0435153
4.688e-005,0.0424984
4.6884e-005,0.0432474
4.6888e-005,0.0428655
4.6892e-005,0.0427216
4.6896e-005,0.0428059
4.69e-005,0.0432623
4.6904e-005,0.0422107
4.6908e-005,0.0431631
4.6912e-005,0.043421
4.6916e-005,0.042677
4.692e-005,0.0427712
4.6924e-005,0.0429547
4.6928e-005,0.0426323
4.6932e-005,0.0430788
4.6936e-005,0.0430192
4.694e-005,0.0418287
4.6944e-005,0.0430341
4.6948e-005,0.0424686
4.6952e-005,0.0424884
4.6956e-005,0.0424636
4.696e-005,0.0429597
4.6964e-005,0.0424636
4.6968e-005,0.0428307
4.6972e-005,0.0427414
4.6976e-005,0.0419725
4.698e-005,0.0425033
4.6984e-005,0.0424438
4.6988e-005,0.0423099
4.6992e-005,0.0422007
4.6996e-005,0.0429299
4.7e-005,0.0426869
4.7004e-005,0.042677
4.7008e-005,0.0429448
4.7012e-005,0.0416898
4.7016e-005,0.0410152
4.702e-005,0.0380239
4.7024e-005,0.0359405
4.7028e-005,0.0356528
4.7032e-005,0.0346557
4.7036e-005,0.0343531
4.704e-005,0.0339116
4.7044e-005,0.0249329
4.7048e-005,0.0202749
4.7052e-005,0.0194911
4.7056e-005,0.0196648
4.706e-005,0.0191141
4.7064e-005,0.0191241
4.7068e-005,0.00773453
4.7072e-005,0.00150402
4.7076e-005,0.00102781
4.708e-005,0.000209307
4.7084e-005,0.000581352
4.7088e-005,0.000893869
4.7092e-005,0.000541667
4.7096e-005,0.000199386
4.71e-005,0.000784736
4.7104e-005,-0.000157777
4.7108e-005,0.0114699
4.7112e-005,0.0202303
4.7116e-005,0.0234646
4.712e-005,0.0269469
4.7124e-005,0.0310791
4.7128e-005,0.0328798
4.7132e-005,0.0348739
4.7136e-005,0.0367937
4.714e-005,0.0383265
4.7144e-005,0.0395567
4.7148e-005,0.0407969
4.7152e-005,0.0433268
4.7156e-005,0.0426472
4.716e-005,0.0439171
4.7164e-005,0.0443983
4.7168e-005,0.0457029
4.7172e-005,0.0464073
4.7176e-005,0.0474937
4.718e-005,0.0471018
4.7184e-005,0.048089
4.7188e-005,0.0479401
4.7192e-005,0.047702
4.7196e-005,0.0486892
4.72e-005,0.0492993
4.7204e-005,0.0487884
4.7208e-005,0.0488727
4.7212e-005,0.0496714
4.7216e-005,0.0497309
4.722e-005,0.0504056
4.7224e-005,0.0491654
4.7228e-005,0.0496019
4.7232e-005,0.0500335
4.7236e-005,0.0503411
4.724e-005,0.0499293
4.7244e-005,0.0500335
4.7248e-005,0.0503212
4.7252e-005,0.0496019
4.7256e-005,0.0507379
4.726e-005,0.0512836
4.7264e-005,0.0498549
4.7268e-005,0.0508867
4.7272e-005,0.0511298
4.7276e-005,0.0505643
4.728e-005,0.0514423
4.7284e-005,0.0506437
4.7288e-005,0.050599
4.7292e-005,0.0515862
4.7296e-005,0.0511496
4.73e-005,0.0512588
4.7304e-005,0.0511496
4.7308e-005,0.0510207
4.7312e-005,0.052489
4.7316e-005,0.0513381
4.732e-005,0.0513183
4.7324e-005,0.0510802
4.7328e-005,0.0514622
4.7332e-005,0.0517995
4.7336e-005,0.0509512
4.734e-005,0.0519235
4.7344e-005,0.0522013
4.7348e-005,0.0520277
4.7352e-005,0.0512538
4.7356e-005,0.0517697
4.736e-005,0.051105
4.7364e-005,0.0516507
4.7368e-005,0.0523352
4.7372e-005,0.0515167
4.7376e-005,0.0516457
4.738e-005,0.0517995
4.7384e-005,0.0510504
4.7388e-005,0.0513381
4.7392e-005,0.0519334
4.7396e-005,0.0514225
4.74e-005,0.0517995
4.7404e-005,0.0518144
4.7408e-005,0.0513233
4.7412e-005,0.0513183
4.7416e-005,0.0515316
4.742e-005,0.0512786
4.7424e-005,0.0518789
4.7428e-005,0.0514969
4.7432e-005,0.0517697
4.7436e-005,0.0517052
4.744e-005,0.0520128
4.7444e-005,0.0513828
4.7448e-005,0.0521318
4.7452e-005,0.0515465
4.7456e-005,0.0515415
4.746e-005,0.0514671
4.7464e-005,0.0515862
4.7468e-005,0.0518243
4.7472e-005,0.0516655
4.7476e-005,0.0512786
4.748e-005,0.0511645
4.7484e-005,0.0509512
4.7488e-005,0.0518888
4.7492e-005,0.0511893
4.7496e-005,0.0515018
4.75e-005,0.0519185
4.7504e-005,0.0510306
4.7508e-005,0.0522162
4.7512e-005,0.0515118
4.7516e-005,0.0512985
4.752e-005,0.051487
4.7524e-005,0.051358
4.7528e-005,0.0519086
4.7532e-005,0.0517747
4.7536e-005,0.0516854
4.754e-005,0.0513034
4.7544e-005,0.0520227
4.7548e-005,0.05174
4.7552e-005,0.0511447
4.7556e-005,0.0516606
4.756e-005,0.0520922
4.7564e-005,0.0519285
4.7568e-005,0.052241
4.7572e-005,0.0518491
4.7576e-005,0.051611
4.758e-005,0.0520971
4.7584e-005,0.0526031
4.7588e-005,0.0523352
4.7592e-005,0.0520078
4.7596e-005,0.05173
4.76e-005,0.0513133
4.7604e-005,0.0513977
4.7608e-005,0.0517747
4.7612e-005,0.0518292
4.7616e-005,0.0519582
4.762e-005,0.0512489
4.7624e-005,0.0519185
4.7628e-005,0.0518987
4.7632e-005,0.0514076
4.7636e-005,0.0513133
4.764e-005,0.0514274
4.7644e-005,0.0510604
4.7648e-005,0.0514126
4.7652e-005,0.0518937
4.7656e-005,0.0519979
4.766e-005,0.0517945
4.7664e-005,0.0514175
4.7668e-005,0.0517152
4.7672e-005,0.0519979
4.7676e-005,0.0519929
4.768e-005,0.0514274
4.7684e-005,0.0511744
4.7688e-005,0.052107
4.7692e-005,0.0515663
4.7696e-005,0.0515217
4.77e-005,0.0513679
4.7704e-005,0.051477
4.7708e-005,0.0512588
4.7712e-005,0.0519979
4.7716e-005,0.052112
4.772e-005,0.051358
4.7724e-005,0.0518243
4.7728e-005,0.0516804
4.7732e-005,0.0508719
4.7736e-005,0.052489
4.774e-005,0.0516953
4.7744e-005,0.051353
4.7748e-005,0.0523005
4.7752e-005,0.0517548
4.7756e-005,0.0513878
4.776e-005,0.0516606
4.7764e-005,0.0512588
4.7768e-005,0.0517201
4.7772e-005,0.053119
4.7776e-005,0.0526626
4.778e-005,0.0512687
4.7784e-005,0.0503361
4.7788e-005,0.0447802
4.7792e-005,0.0400974
4.7796e-005,0.0379148
4.78e-005,0.036501
4.7804e-005,0.0360496
4.7808e-005,0.0350525
4.7812e-005,0.0251115
4.7816e-005,0.0206767
4.782e-005,0.0201608
4.7824e-005,0.0199128
4.7828e-005,0.0189703
4.7832e-005,0.0188016
4.7836e-005,0.00759067
4.784e-005,0.000492061
4.7844e-005,0.0011915
4.7848e-005,0.000586312
4.7852e-005,0.000581352
4.7856e-005,0.00114686
4.786e-005,0.00098812
4.7864e-005,0.000348204
4.7868e-005,-5.36045e-005
4.7872e-005,-0.000242107
4.7876e-005,0.0110432
4.788e-005,0.0196102
4.7884e-005,0.0238565
4.7888e-005,0.0287278
4.7892e-005,0.0326367
4.7896e-005,0.0361389
4.79e-005,0.0373344
4.7904e-005,0.0397403
4.7908e-005,0.0414368
4.7912e-005,0.0426869
4.7916e-005,0.044051
4.792e-005,0.0453061
4.7924e-005,0.0460898
4.7928e-005,0.0474391
4.7932e-005,0.0480989
4.7936e-005,0.0484511
4.794e-005,0.0484511
4.7944e-005,0.0501823
4.7948e-005,0.0509661
4.7952e-005,0.0507826
4.7956e-005,0.0518888
4.796e-005,0.052365
4.7964e-005,0.0520475
4.7968e-005,0.0525237
4.7972e-005,0.0526874
4.7976e-005,0.0542649
4.798e-005,0.0539821
4.7984e-005,0.0533125
4.7988e-005,0.054508
4.7992e-005,0.0543046
4.7996e-005,0.0539722
4.8e-005,0.0548254
4.8004e-005,0.0552868
4.8008e-005,0.0549743
4.8012e-005,0.0555646
4.8016e-005,0.0557878
4.802e-005,0.0553513
4.8024e-005,0.0556489
4.8028e-005,0.0556787
4.8032e-005,0.0557729
4.8036e-005,0.0562739
4.804e-005,0.0558622
4.8044e-005,0.056269
4.8048e-005,0.0560954
4.8052e-005,0.0567254
4.8056e-005,0.0565567
4.806e-005,0.056522
4.8064e-005,0.0566509
4.8068e-005,0.0562938
4.8072e-005,0.0569486
4.8076e-005,0.0566113
4.808e-005,0.0564029
4.8084e-005,0.0566361
4.8088e-005,0.056646
4.8092e-005,0.0565269
4.8096e-005,0.0570776
4.81e-005,0.0560904
4.8104e-005,0.0563831
4.8108e-005,0.0567799
4.8112e-005,0.0565369
4.8116e-005,0.0567006
4.812e-005,0.0568097
4.8124e-005,0.0563483
4.8128e-005,0.0567551
4.8132e-005,0.0569387
4.8136e-005,0.0570825
4.814e-005,0.0570627
4.8144e-005,0.0569982
4.8148e-005,0.0570676
4.8152e-005,0.0574645
4.8156e-005,0.0572909
4.816e-005,0.0574794
4.8164e-005,0.0568444
4.8168e-005,0.05677
4.8172e-005,0.0569833
4.8176e-005,0.0567948
4.818e-005,0.0572909
4.8184e-005,0.0570379
4.8188e-005,0.0570776
4.8192e-005,0.0574496
4.8196e-005,0.0570428
4.82e-005,0.0564575
4.8204e-005,0.0570329
4.8208e-005,0.0569833
4.8212e-005,0.0569635
4.8216e-005,0.0570726
4.822e-005,0.057276
4.8224e-005,0.0568692
4.8228e-005,0.0573256
4.8232e-005,0.057405
4.8236e-005,0.057529
4.824e-005,0.0565716
4.8244e-005,0.0575141
4.8248e-005,0.0569635
4.8252e-005,0.0575587
4.8256e-005,0.0569635
4.826e-005,0.0572561
4.8264e-005,0.0575935
4.8268e-005,0.0574843
4.8272e-005,0.0575439
4.8276e-005,0.0575935
4.828e-005,0.0573802
4.8284e-005,0.0571222
4.8288e-005,0.0569436
4.8292e-005,0.0575538
4.8296e-005,0.0574694
4.83e-005,0.0570776
4.8304e-005,0.0574446
4.8308e-005,0.0572462
4.8312e-005,0.057271
4.8316e-005,0.0576679
4.832e-005,0.0572859
4.8324e-005,0.0571966
4.8328e-005,0.0571817
4.8332e-005,0.0574694
4.8336e-005,0.0569783
4.834e-005,0.0579159
4.8344e-005,0.0569585
4.8348e-005,0.0575091
4.8352e-005,0.0572313
4.8356e-005,0.0575935
4.836e-005,0.0576579
4.8364e-005,0.0578167
4.8368e-005,0.0568742
4.8372e-005,0.0578663
4.8376e-005,0.0574446
4.838e-005,0.0575786
4.8384e-005,0.0569883
4.8388e-005,0.0572313
4.8392e-005,0.0573355
4.8396e-005,0.0574397
4.84e-005,0.0574595
4.8404e-005,0.0574397
4.8408e-005,0.0573504
4.8412e-005,0.0576976
4.8416e-005,0.0578812
4.842e-005,0.0577423
4.8424e-005,0.057906
4.8428e-005,0.0574893
4.8432e-005,0.0575786
4.8436e-005,0.0574347
4.844e-005,0.0569039
4.8444e-005,0.057405
4.8448e-005,0.0574446
4.8452e-005,0.0573603
4.8456e-005,0.0576133
4.846e-005,0.0570875
4.8464e-005,0.0573901
4.8468e-005,0.0574347
4.8472e-005,0.0576679
4.8476e-005,0.0571966
4.848e-005,0.057529
4.8484e-005,0.0572065
4.8488e-005,0.0568345
4.8492e-005,0.0572611
4.8496e-005,0.0573157
4.85e-005,0.0572909
4.8504e-005,0.0567452
4.8508e-005,0.0576877
4.8512e-005,0.0574893
4.8516e-005,0.0571916
4.852e-005,0.057276
4.8524e-005,0.0568891
4.8528e-005,0.0572413
4.8532e-005,0.0574794
4.8536e-005,0.0572958
4.854e-005,0.0574992
4.8544e-005,0.0577671
4.8548e-005,0.057028
4.8552e-005,0.0554406
4.8556e-005,0.0481386
4.856e-005,0.0420618
4.8564e-005,0.0393534
4.8568e-005,0.0379545
4.8572e-005,0.0364018
4.8576e-005,0.0349533
4.858e-005,0.0249776
4.8584e-005,0.0207412
4.8588e-005,0.0203096
4.8592e-005,0.020017
4.8596e-005,0.0189604
4.86e-005,0.0184395
4.8604e-005,0.00751626
4.8608e-005,0.000814499
4.8612e-005,0.0014693
4.8616e-005,-5.85651e-005
4.862e-005,0.00081946
4.8624e-005,0.000953396
4.8628e-005,0.000616076
4.8632e-005,0.000541667
4.8636e-005,0.0004871
4.864e-005,-0.000261949
4.8644e-005,0.0129977
4.8648e-005,0.0194068
4.8652e-005,0.0205229
4.8656e-005,0.0219317
4.866e-005,0.0249676
4.8664e-005,0.0262425
4.8668e-005,0.0266195
4.8672e-005,0.0278795
4.8676e-005,0.0294222
4.868e-005,0.0289311
4.8684e-005,0.0300671
4.8688e-005,0.0306922
4.8692e-005,0.0310394
4.8696e-005,0.0316099
4.87e-005,0.0319918
4.8704e-005,0.0315206
4.8708e-005,0.0319125
4.8712e-005,0.0325276
4.8716e-005,0.0320861
4.872e-005,0.0326764
4.8724e-005,0.032726
4.8728e-005,0.0334751
4.8732e-005,0.0334552
4.8736e-005,0.0335842
4.874e-005,0.0335048
4.8744e-005,0.0330236
4.8748e-005,0.0337578
4.8752e-005,0.0333262
4.8756e-005,0.0330236
4.876e-005,0.0334056
4.8764e-005,0.0332121
4.8768e-005,0.0331477
4.8772e-005,0.0331477
4.8776e-005,0.0335643
4.878e-005,0.0330931
4.8784e-005,0.0328996
4.8788e-005,0.0333014
4.8792e-005,0.0330484
4.8796e-005,0.0335346
4.88e-005,0.0328748
4.8804e-005,0.0333362
4.8808e-005,0.032473
4.8812e-005,0.0325028
4.8816e-005,0.0328947
4.882e-005,0.0330038
4.8824e-005,0.0328103
4.8828e-005,0.0324284
4.8832e-005,0.0323738
4.8836e-005,0.0323738
4.884e-005,0.0323986
4.8844e-005,0.0320166
4.8848e-005,0.0324929
4.8852e-005,0.032731
4.8856e-005,0.0328004
4.886e-005,0.0328401
4.8864e-005,0.0323837
4.8868e-005,0.0328103
4.8872e-005,0.0322498
4.8876e-005,0.0325127
4.888e-005,0.0325177
4.8884e-005,0.0321555
4.8888e-005,0.0329095
4.8892e-005,0.0333213
4.8896e-005,0.0327062
4.89e-005,0.032602
4.8904e-005,0.0321704
4.8908e-005,0.0324234
4.8912e-005,0.032096
4.8916e-005,0.0324234
4.892e-005,0.0316496
4.8924e-005,0.0326913
4.8928e-005,0.0321258
4.8932e-005,0.0321853
4.8936e-005,0.0318529
4.894e-005,0.0324581
4.8944e-005,0.0322597
4.8948e-005,0.0316247
4.8952e-005,0.0320117
4.8956e-005,0.0319373
4.896e-005,0.0321754
4.8964e-005,0.0326069
4.8968e-005,0.0322448
4.8972e-005,0.032101
4.8976e-005,0.0325077
4.898e-005,0.0324383
4.8984e-005,0.0321853
4.8988e-005,0.0323837
4.8992e-005,0.0327806
4.8996e-005,0.0317289
4.9e-005,0.0323788
4.9004e-005,0.0328401
4.9008e-005,0.0330187
4.9012e-005,0.032726
4.9016e-005,0.0316892
4.902e-005,0.0317835
4.9024e-005,0.0320861
4.9028e-005,0.0318678
4.9032e-005,0.0315156
4.9036e-005,0.0323242
4.904e-005,0.0326714
4.9044e-005,0.0324829
4.9048e-005,0.032354
4.9052e-005,0.032468
4.9056e-005,0.0324432
4.906e-005,0.0327657
4.9064e-005,0.0325722
4.9068e-005,0.0321704
4.9072e-005,0.0325077
4.9076e-005,0.0327954
4.908e-005,0.0322944
4.9084e-005,0.0329046
4.9088e-005,0.0323788
4.9092e-005,0.0321803
4.9096e-005,0.0318926
4.91e-005,0.0321407
4.9104e-005,0.0324929
4.9108e-005,0.0324482
4.9112e-005,0.0325425
4.9116e-005,0.0326516
4.912e-005,0.032354
4.9124e-005,0.0316744
4.9128e-005,0.0321655
4.9132e-005,0.0325474
4.9136e-005,0.0321605
4.914e-005,0.032979
4.9144e-005,0.0326069
4.9148e-005,0.0321407
4.9152e-005,0.0325921
4.9156e-005,0.0322002
4.916e-005,0.032091
4.9164e-005,0.0316793
4.9168e-005,0.0319869
4.9172e-005,0.0317438
4.9176e-005,0.0317884
4.918e-005,0.0322746
4.9184e-005,0.0320266
4.9188e-005,0.0327806
4.9192e-005,0.0325077
4.9196e-005,0.0324929
4.92e-005,0.0326665
4.9204e-005,0.0322647
4.9208e-005,0.0320018
4.9212e-005,0.032344
4.9216e-005,0.0325871
4.922e-005,0.0322895
4.9224e-005,0.0328798
4.9228e-005,0.0318629
4.9232e-005,0.031977
4.9236e-005,0.0328649
4.924e-005,0.0326962
4.9244e-005,0.0327409
4.9248e-005,0.0323589
4.9252e-005,0.0321258
4.9256e-005,0.031967
4.926e-005,0.0328054
4.9264e-005,0.0323043
4.9268e-005,0.0325921
4.9272e-005,0.0330336
4.9276e-005,0.0325573
4.928e-005,0.0323639
4.9284e-005,0.0320067
4.9288e-005,0.0325573
4.9292e-005,0.0325375
4.9296e-005,0.0322101
4.93e-005,0.0324036
4.9304e-005,0.0322647
4.9308e-005,0.032726
4.9312e-005,0.0326665
4.9316e-005,0.0316992
4.932e-005,0.031843
4.9324e-005,0.0310146
4.9328e-005,0.0306326
4.9332e-005,0.0300969
4.9336e-005,0.0299629
4.934e-005,0.0306971
4.9344e-005,0.0297496
4.9348e-005,0.0229536
4.9352e-005,0.0201112
4.9356e-005,0.0203543
4.936e-005,0.0195705
4.9364e-005,0.0192133
4.9368e-005,0.0200666
4.9372e-005,0.00690611
4.9376e-005,0.000918672
4.938e-005,0.00109725
4.9384e-005,2.08044e-005
4.9388e-005,0.000253952
4.9392e-005,0.000804578
4.9396e-005,0.000219228
4.94e-005,-0.000162738
4.9404e-005,0.000556549
4.9408e-005,-0.000480216
4.9412e-005,0.0113706
4.9416e-005,0.0203196
4.942e-005,0.021644
4.9424e-005,0.0241442
4.9428e-005,0.0273834
4.9432e-005,0.0296256
4.9436e-005,0.0301515
4.944e-005,0.0327161
4.9444e-005,0.0340406
4.9448e-005,0.0351468
4.9452e-005,0.0354097
4.9456e-005,0.0374832
4.946e-005,0.0381727
4.9464e-005,0.03852
4.9468e-005,0.0393782
4.9472e-005,0.039651
4.9476e-005,0.0399189
4.948e-005,0.0408862
4.9484e-005,0.0403107
4.9488e-005,0.0408564
4.9492e-005,0.0409209
4.9496e-005,0.0412086
4.95e-005,0.0414566
4.9504e-005,0.0415658
4.9508e-005,0.041913
4.9512e-005,0.0418237
4.9516e-005,0.0423744
4.952e-005,0.0417146
4.9524e-005,0.0416997
4.9528e-005,0.0418981
4.9532e-005,0.0423744
4.9536e-005,0.0422255
4.954e-005,0.041913
4.9544e-005,0.0424736
4.9548e-005,0.042801
4.9552e-005,0.0431036
4.9556e-005,0.042166
4.956e-005,0.0424686
4.9564e-005,0.0426521
4.9568e-005,0.0419775
4.9572e-005,0.0421908
4.9576e-005,0.0425827
4.958e-005,0.0425678
4.9584e-005,0.0426918
4.9588e-005,0.0427563
4.9592e-005,0.0421561
4.9596e-005,0.0431978
4.96e-005,0.0425629
4.9604e-005,0.0424091
4.9608e-005,0.0431085
4.9612e-005,0.0429299
4.9616e-005,0.0425728
4.962e-005,0.042548
4.9624e-005,0.0430044
4.9628e-005,0.042677
4.9632e-005,0.0423247
4.9636e-005,0.0430639
4.964e-005,0.0421809
4.9644e-005,0.0423148
4.9648e-005,0.0425877
4.9652e-005,0.0425827
4.9656e-005,0.0430292
4.966e-005,0.043049
4.9664e-005,0.0421313
4.9668e-005,0.042672
4.9672e-005,0.0430391
4.9676e-005,0.0428903
4.968e-005,0.042801
4.9684e-005,0.0424339
4.9688e-005,0.0427613
4.9692e-005,0.0427067
4.9696e-005,0.0430788
4.97e-005,0.0426025
4.9704e-005,0.0425331
4.9708e-005,0.0431184
4.9712e-005,0.0426819
4.9716e-005,0.0427464
4.972e-005,0.0431532
4.9724e-005,0.0424934
4.9728e-005,0.0428605
4.9732e-005,0.0430738
4.9736e-005,0.0425629
4.974e-005,0.0427613
4.9744e-005,0.0436095
4.9748e-005,0.0425232
4.9752e-005,0.0437187
4.9756e-005,0.0433367
4.976e-005,0.0425926
4.9764e-005,0.0434012
4.9768e-005,0.0433814
4.9772e-005,0.0423942
4.9776e-005,0.0427514
4.978e-005,0.0427861
4.9784e-005,0.042424
4.9788e-005,0.0433764
4.9792e-005,0.0431184
4.9796e-005,0.0429746
4.98e-005,0.0436542
4.9804e-005,0.0433962
4.9808e-005,0.0424884
4.9812e-005,0.0426571
4.9816e-005,0.0429448
4.982e-005,0.0432573
4.9824e-005,0.0430341
4.9828e-005,0.043044
4.9832e-005,0.0423446
4.9836e-005,0.0424636
4.984e-005,0.0427018
4.9844e-005,0.0427067
4.9848e-005,0.0426571
4.9852e-005,0.0428506
4.9856e-005,0.0424934
4.986e-005,0.0423049
4.9864e-005,0.0430044
4.9868e-005,0.0424587
4.9872e-005,0.0430639
4.9876e-005,0.0424488
4.988e-005,0.0426918
4.9884e-005,0.0426075
4.9888e-005,0.0434409
4.9892e-005,0.0423744
4.9896e-005,0.042796
4.99e-005,0.0425926
4.9904e-005,0.0427018
4.9908e-005,0.0424934
4.9912e-005,0.0423694
4.9916e-005,0.0422603
4.992e-005,0.0421313
4.9924e-005,0.0423595
4.9928e-005,0.0416154
4.9932e-005,0.0422355
4.9936e-005,0.0425827
4.994e-005,0.0425529
4.9944e-005,0.0434657
4.9948e-005,0.0427613
4.9952e-005,0.0426472
4.9956e-005,0.0426819
4.996e-005,0.0430837
4.9964e-005,0.0431333
4.9968e-005,0.0429895
4.9972e-005,0.0431829
4.9976e-005,0.0427067
4.998e-005,0.0424686
4.9984e-005,0.0427861
4.9988e-005,0.0424488
4.9992e-005,0.0423148
4.9996e-005,0.0426918
5e-005,0.0422751
5.0004e-005,0.0427514
5.0008e-005,0.0423942
5.0012e-005,0.0425381
5.0016e-005,0.0424587
5.002e-005,0.0425033
5.0024e-005,0.0420916
5.0028e-005,0.0429547
5.0032e-005,0.0430688
5.0036e-005,0.0425579
5.004e-005,0.0432375
5.0044e-005,0.0431383
5.0048e-005,0.0414814
5.0052e-005,0.043421
5.0056e-005,0.0423793
5.006e-005,0.0427811
5.0064e-005,0.0424339
5.0068e-005,0.0429845
5.0072e-005,0.0422156
5.0076e-005,0.0426621
5.008e-005,0.0428903
5.0084e-005,0.0412632
5.0088e-005,0.0407126
5.0092e-005,0.0380338
5.0096e-005,0.0360595
5.01e-005,0.0348591
5.0104e-005,0.0346458
5.0108e-005,0.0336685
5.0112e-005,0.032731
5.0116e-005,0.0246005
5.012e-005,0.0198632
5.0124e-005,0.0198235
5.0128e-005,0.0196499
5.0132e-005,0.0185089
5.0136e-005,0.0188711
5.014e-005,0.00739721
5.0144e-005,0.000725209
5.0148e-005,0.00112206
5.0152e-005,0.000526785
5.0156e-005,0.000189465
5.016e-005,0.000794657
5.0164e-005,0.000601194
5.0168e-005,0.000422613
5.0172e-005,0.000675603
5.0176e-005,0.000323401
5.018e-005,0.0107903
5.0184e-005,0.019754
5.0188e-005,0.0233058
5.0192e-005,0.0268824
5.0196e-005,0.0304937
5.02e-005,0.0329294
5.0204e-005,0.0351319
5.0208e-005,0.0369822
5.0212e-005,0.039016
5.0216e-005,0.0395567
5.022e-005,0.0407721
5.0224e-005,0.0424537
5.0228e-005,0.0423545
5.0232e-005,0.0442147
5.0236e-005,0.0451126
5.024e-005,0.0456087
5.0244e-005,0.0460402
5.0248e-005,0.0473498
5.0252e-005,0.0471911
5.0256e-005,0.0477318
5.026e-005,0.0477665
5.0264e-005,0.0483271
5.0268e-005,0.0490464
5.0272e-005,0.0491902
5.0276e-005,0.0490116
5.028e-005,0.0495871
5.0284e-005,0.050093
5.0288e-005,0.0499641
5.0292e-005,0.0502518
5.0296e-005,0.0504552
5.03e-005,0.0498897
5.0304e-005,0.0502766
5.0308e-005,0.0510703
5.0312e-005,0.0499194
5.0316e-005,0.0515415
5.032e-005,0.0509413
5.0324e-005,0.0505345
5.0328e-005,0.0514671
5.0332e-005,0.0512637
5.0336e-005,0.0513927
5.034e-005,0.0511348
5.0344e-005,0.0517548
5.0348e-005,0.051363
5.0352e-005,0.0521269
5.0356e-005,0.0518342
5.036e-005,0.0515366
5.0364e-005,0.0519483
5.0368e-005,0.0519781
5.0372e-005,0.0515018
5.0376e-005,0.0519781
5.038e-005,0.0518888
5.0384e-005,0.0512935
5.0388e-005,0.0516308
5.0392e-005,0.0511596
5.0396e-005,0.0517201
5.04e-005,0.0516358
5.0404e-005,0.0516904
5.0408e-005,0.0519086
5.0412e-005,0.0516259
5.0416e-005,0.0517747
5.042e-005,0.0514622
5.0424e-005,0.0513828
5.0428e-005,0.051105
5.0432e-005,0.0512588
5.0436e-005,0.0509611
5.044e-005,0.0521517
5.0444e-005,0.0511298
5.0448e-005,0.0512191
5.0452e-005,0.0515763
5.0456e-005,0.0514721
5.046e-005,0.0517747
5.0464e-005,0.0513133
5.0468e-005,0.0524444
5.0472e-005,0.0521914
5.0476e-005,0.0518094
5.048e-005,0.0510852
5.0484e-005,0.0511546
5.0488e-005,0.0518144
5.0492e-005,0.0515267
5.0496e-005,0.0521814
5.05e-005,0.0520822
5.0504e-005,0.0512737
5.0508e-005,0.0522757
5.0512e-005,0.0521616
5.0516e-005,0.0516209
5.052e-005,0.0519285
5.0524e-005,0.0512588
5.0528e-005,0.0516159
5.0532e-005,0.0521318
5.0536e-005,0.0524344
5.054e-005,0.0520525
5.0544e-005,0.0526428
5.0548e-005,0.0516259
5.0552e-005,0.0509115
5.0556e-005,0.0516507
5.056e-005,0.0520029
5.0564e-005,0.0513431
5.0568e-005,0.0513878
5.0572e-005,0.051358
5.0576e-005,0.0509611
5.058e-005,0.0520624
5.0584e-005,0.0512141
5.0588e-005,0.0518789
5.0592e-005,0.0520922
5.0596e-005,0.0517747
5.06e-005,0.051983
5.0604e-005,0.0524394
5.0608e-005,0.0525337
5.0612e-005,0.051477
5.0616e-005,0.0518342
5.062e-005,0.0531537
5.0624e-005,0.051606
5.0628e-005,0.0512489
5.0632e-005,0.0520376
5.0636e-005,0.0521765
5.064e-005,0.0515663
5.0644e-005,0.0528263
5.0648e-005,0.0517201
5.0652e-005,0.0521269
5.0656e-005,0.052747
5.066e-005,0.0513034
5.0664e-005,0.051859
5.0668e-005,0.0520922
5.0672e-005,0.0517499
5.0676e-005,0.0520525
5.068e-005,0.0516507
5.0684e-005,0.0512836
5.0688e-005,0.0521864
5.0692e-005,0.0523749
5.0696e-005,0.0514572
5.07e-005,0.0521765
5.0704e-005,0.0520326
5.0708e-005,0.0520971
5.0712e-005,0.0520574
5.0716e-005,0.0521864
5.072e-005,0.0516159
5.0724e-005,0.0517201
5.0728e-005,0.0519136
5.0732e-005,0.0513034
5.0736e-005,0.0524245
5.074e-005,0.0523154
5.0744e-005,0.0517201
5.0748e-005,0.0513679
5.0752e-005,0.0517945
5.0756e-005,0.0521219
5.076e-005,0.0523352
5.0764e-005,0.0519136
5.0768e-005,0.0522707
5.0772e-005,0.0518094
5.0776e-005,0.0512935
5.078e-005,0.0518193
5.0784e-005,0.0521765
5.0788e-005,0.0514572
5.0792e-005,0.0516259
5.0796e-005,0.0519731
5.08e-005,0.0517201
5.0804e-005,0.0513729
5.0808e-005,0.0516804
5.0812e-005,0.0518392
5.0816e-005,0.0522162
5.082e-005,0.0514175
5.0824e-005,0.0519533
5.0828e-005,0.0517449
5.0832e-005,0.0522856
5.0836e-005,0.0525981
5.084e-005,0.0520078
5.0844e-005,0.0523005
5.0848e-005,0.0519086
5.0852e-005,0.051482
5.0856e-005,0.0505643
5.086e-005,0.0451126
5.0864e-005,0.039899
5.0868e-005,0.0382769
5.0872e-005,0.0369872
5.0876e-005,0.0353551
5.088e-005,0.0351468
5.0884e-005,0.0248883
5.0888e-005,0.0209247
5.0892e-005,0.0203741
5.0896e-005,0.0195705
5.09e-005,0.0189703
5.0904e-005,0.0183155
5.0908e-005,0.00805201
5.0912e-005,0.00230268
5.0916e-005,0.00120143
5.092e-005,0.000551588
5.0924e-005,0.000933554
5.0928e-005,0.00135024
5.0932e-005,0.00100796
5.0936e-005,-8.95912e-006
5.094e-005,0.000204346
5.0944e-005,-0.000385964
5.0948e-005,0.0111474
5.0952e-005,0.0206668
5.0956e-005,0.0241442
5.096e-005,0.0291048
5.0964e-005,0.0330286
5.0968e-005,0.036129
5.0972e-005,0.0377263
5.0976e-005,0.0405588
5.098e-005,0.0414566
5.0984e-005,0.0431681
5.0988e-005,0.0440312
5.0992e-005,0.045812
5.0996e-005,0.0466305
5.1e-005,0.0471365
5.1004e-005,0.0481733
5.1008e-005,0.0485453
5.1012e-005,0.0490364
5.1016e-005,0.0497756
5.102e-005,0.0507776
5.1024e-005,0.0515316
5.1028e-005,0.0520574
5.1032e-005,0.0522559
5.1036e-005,0.052489
5.104e-005,0.0531934
5.1044e-005,0.0532232
5.1048e-005,0.0531537
5.1052e-005,0.0537788
5.1056e-005,0.0541458
5.106e-005,0.0547312
5.1064e-005,0.0545229
5.1068e-005,0.0552074
5.1072e-005,0.0549792
5.1076e-005,0.0554554
5.108e-005,0.0557283
5.1084e-005,0.0555894
5.1088e-005,0.0561648
5.1092e-005,0.0553711
5.1096e-005,0.0555894
5.11e-005,0.0559565
5.1104e-005,0.0555795
5.1108e-005,0.0564128
5.1112e-005,0.0558176
5.1116e-005,0.0555894
5.112e-005,0.0563384
5.1124e-005,0.0559366
5.1128e-005,0.0563087
5.1132e-005,0.0562591
5.1136e-005,0.0566658
5.114e-005,0.0563235
5.1144e-005,0.056388
5.1148e-005,0.0569684
5.1152e-005,0.0560805
5.1156e-005,0.0569089
5.116e-005,0.0571966
5.1164e-005,0.0569089
5.1168e-005,0.057018
5.1172e-005,0.0567303
5.1176e-005,0.0561698
5.118e-005,0.0571123
5.1184e-005,0.0570577
5.1188e-005,0.0573802
5.1192e-005,0.0574397
5.1196e-005,0.0569684
5.12e-005,0.0567898
5.1204e-005,0.0574446
5.1208e-005,0.0573603
5.1212e-005,0.0568643
5.1216e-005,0.0569833
5.122e-005,0.0576232
5.1224e-005,0.057405
5.1228e-005,0.057276
5.1232e-005,0.0570875
5.1236e-005,0.056894
5.124e-005,0.0573107
5.1244e-005,0.0572512
5.1248e-005,0.0562839
5.1252e-005,0.0568593
5.1256e-005,0.0573405
5.126e-005,0.0579159
