LECROYWR104MXi,20621,Waveform
Segments,1,SegmentSize,2501
Segment,TrigTime,TimeSinceSegment1
#1,21-May-2015 13:59:34,0                 
Time,Ampl
4.126e-005,0.0227254
4.1264e-005,0.0260193
4.1268e-005,0.0306227
4.1272e-005,0.0327855
4.1276e-005,0.035122
4.128e-005,0.0370219
4.1284e-005,0.0382075
4.1288e-005,0.0403157
4.1292e-005,0.041159
4.1296e-005,0.0423049
4.13e-005,0.0440709
4.1304e-005,0.0438477
4.1308e-005,0.0449687
4.1312e-005,0.0467893
4.1316e-005,0.0457128
4.132e-005,0.0469976
4.1324e-005,0.047836
4.1328e-005,0.048079
4.1332e-005,0.0481783
4.1336e-005,0.0495226
4.134e-005,0.0493886
4.1344e-005,0.0491158
4.1348e-005,0.050733
4.1352e-005,0.0498847
4.1356e-005,0.0499095
4.136e-005,0.0507578
4.1364e-005,0.0504204
4.1368e-005,0.0506089
4.1372e-005,0.0514423
4.1376e-005,0.0504254
4.138e-005,0.0516209
4.1384e-005,0.0524741
4.1388e-005,0.0518292
4.1392e-005,0.0516804
4.1396e-005,0.0522459
4.14e-005,0.0520078
4.1404e-005,0.0519781
4.1408e-005,0.0524146
4.1412e-005,0.051864
4.1416e-005,0.0515167
4.142e-005,0.052613
4.1424e-005,0.0518193
4.1428e-005,0.0527023
4.1432e-005,0.0519731
4.1436e-005,0.0521269
4.144e-005,0.0520773
4.1444e-005,0.0526825
4.1448e-005,0.0521517
4.1452e-005,0.0520178
4.1456e-005,0.0527519
4.146e-005,0.052995
4.1464e-005,0.0524245
4.1468e-005,0.0530595
4.1472e-005,0.0522112
4.1476e-005,0.0523154
4.148e-005,0.0530049
4.1484e-005,0.0528362
4.1488e-005,0.0524989
4.1492e-005,0.0532182
4.1496e-005,0.05299
4.15e-005,0.0520326
4.1504e-005,0.0535158
4.1508e-005,0.0532281
4.1512e-005,0.0529355
4.1516e-005,0.0535704
4.152e-005,0.0523005
4.1524e-005,0.052871
4.1528e-005,0.0529404
4.1532e-005,0.0523997
4.1536e-005,0.0528263
4.154e-005,0.0527172
4.1544e-005,0.0532777
4.1548e-005,0.0521963
4.1552e-005,0.0527866
4.1556e-005,0.0534464
4.156e-005,0.0527519
4.1564e-005,0.053625
4.1568e-005,0.0531537
4.1572e-005,0.0531339
4.1576e-005,0.0533571
4.158e-005,0.0528164
4.1584e-005,0.0526974
4.1588e-005,0.0535605
4.1592e-005,0.052737
4.1596e-005,0.0518789
4.16e-005,0.0534365
4.1604e-005,0.0530942
4.1608e-005,0.0532529
4.1612e-005,0.0534166
4.1616e-005,0.0523501
4.162e-005,0.0527767
4.1624e-005,0.0532579
4.1628e-005,0.0529206
4.1632e-005,0.0530892
4.1636e-005,0.0535754
4.164e-005,0.0529751
4.1644e-005,0.0530644
4.1648e-005,0.0533075
4.1652e-005,0.0527966
4.1656e-005,0.0526031
4.166e-005,0.0536647
4.1664e-005,0.0530992
4.1668e-005,0.0530992
4.1672e-005,0.0532281
4.1676e-005,0.0528313
4.168e-005,0.0525733
4.1684e-005,0.0535059
4.1688e-005,0.0525485
4.1692e-005,0.0524096
4.1696e-005,0.053491
4.17e-005,0.0534117
4.1704e-005,0.0531041
4.1708e-005,0.0534216
4.1712e-005,0.0530595
4.1716e-005,0.0529603
4.172e-005,0.0535059
4.1724e-005,0.053124
4.1728e-005,0.0527668
4.1732e-005,0.0536746
4.1736e-005,0.0529851
4.174e-005,0.0524989
4.1744e-005,0.0534166
4.1748e-005,0.0532381
4.1752e-005,0.0526081
4.1756e-005,0.0539573
4.176e-005,0.0535307
4.1764e-005,0.053496
4.1768e-005,0.0532133
4.1772e-005,0.0535605
4.1776e-005,0.0527271
4.178e-005,0.0536002
4.1784e-005,0.0522906
4.1788e-005,0.0521219
4.1792e-005,0.053501
4.1796e-005,0.0523749
4.18e-005,0.0526874
4.1804e-005,0.0531736
4.1808e-005,0.0533819
4.1812e-005,0.0525386
4.1816e-005,0.0534861
4.182e-005,0.0532033
4.1824e-005,0.0524791
4.1828e-005,0.0538284
4.1832e-005,0.0528958
4.1836e-005,0.0531835
4.184e-005,0.0530793
4.1844e-005,0.0532579
4.1848e-005,0.0528958
4.1852e-005,0.0537738
4.1856e-005,0.0529305
4.186e-005,0.0531984
4.1864e-005,0.0532877
4.1868e-005,0.052866
4.1872e-005,0.0530793
4.1876e-005,0.052995
4.188e-005,0.0529007
4.1884e-005,0.0530148
4.1888e-005,0.0530595
4.1892e-005,0.0531785
4.1896e-005,0.0525386
4.19e-005,0.0532629
4.1904e-005,0.0530992
4.1908e-005,0.0526626
4.1912e-005,0.0535506
4.1916e-005,0.0526874
4.192e-005,0.053501
4.1924e-005,0.0533125
4.1928e-005,0.0514522
4.1932e-005,0.044805
4.1936e-005,0.0412681
4.194e-005,0.0376519
4.1944e-005,0.0362976
4.1948e-005,0.0361835
4.1952e-005,0.0346854
4.1956e-005,0.0247593
4.196e-005,0.020766
4.1964e-005,0.0194663
4.1968e-005,0.0190397
4.1972e-005,0.0195011
4.1976e-005,0.018499
4.198e-005,0.00853318
4.1984e-005,0.00211418
4.1988e-005,0.0013304
4.1992e-005,0.000313479
4.1996e-005,0.000839302
4.2e-005,0.000938514
4.2004e-005,0.000387888
4.2008e-005,0.00107741
4.2012e-005,0.000293637
4.2016e-005,-0.000723285
4.202e-005,0.00977333
4.2024e-005,0.0195209
4.2028e-005,0.024799
4.2032e-005,0.0286037
4.2036e-005,0.0332221
4.204e-005,0.0352261
4.2044e-005,0.0380983
4.2048e-005,0.0399635
4.2052e-005,0.0412533
4.2056e-005,0.0431532
4.206e-005,0.0439072
4.2064e-005,0.0452118
4.2068e-005,0.0477814
4.2072e-005,0.0472209
4.2076e-005,0.0472903
4.208e-005,0.0493341
4.2084e-005,0.0497061
4.2088e-005,0.0508917
4.2092e-005,0.0509413
4.2096e-005,0.0510207
4.21e-005,0.0514919
4.2104e-005,0.0525138
4.2108e-005,0.0533918
4.2112e-005,0.0530099
4.2116e-005,0.0533968
4.212e-005,0.0539276
4.2124e-005,0.0537738
4.2128e-005,0.0540119
4.2132e-005,0.0550536
4.2136e-005,0.0545725
4.214e-005,0.0550189
4.2144e-005,0.055133
4.2148e-005,0.0545923
4.2152e-005,0.0556043
4.2156e-005,0.0555199
4.216e-005,0.055381
4.2164e-005,0.0560854
4.2168e-005,0.055763
4.2172e-005,0.0555894
4.2176e-005,0.0556836
4.218e-005,0.0553116
4.2184e-005,0.0558225
4.2188e-005,0.0564128
4.2192e-005,0.0563136
4.2196e-005,0.0560904
4.22e-005,0.0567204
4.2204e-005,0.0575538
4.2208e-005,0.056646
4.2212e-005,0.0570974
4.2216e-005,0.0564327
4.222e-005,0.0571569
4.2224e-005,0.0571817
4.2228e-005,0.0565567
4.2232e-005,0.0570031
4.2236e-005,0.0574198
4.224e-005,0.0570528
4.2244e-005,0.056894
4.2248e-005,0.0568295
4.2252e-005,0.0568444
4.2256e-005,0.056765
4.226e-005,0.0574
4.2264e-005,0.0570577
4.2268e-005,0.0571916
4.2272e-005,0.0580498
4.2276e-005,0.0574645
4.228e-005,0.0569535
4.2284e-005,0.0579357
4.2288e-005,0.0571817
4.2292e-005,0.0568692
4.2296e-005,0.057906
4.23e-005,0.0572165
4.2304e-005,0.0571867
4.2308e-005,0.0574645
4.2312e-005,0.0576183
4.2316e-005,0.0574843
4.232e-005,0.0577076
4.2324e-005,0.0575736
4.2328e-005,0.057276
4.2332e-005,0.0574595
4.2336e-005,0.0572661
4.234e-005,0.0569287
4.2344e-005,0.0571024
4.2348e-005,0.0574694
4.2352e-005,0.0573107
4.2356e-005,0.0573603
4.236e-005,0.0570528
4.2364e-005,0.0575389
4.2368e-005,0.0576034
4.2372e-005,0.0571569
4.2376e-005,0.0572909
4.238e-005,0.0573901
4.2384e-005,0.0579804
4.2388e-005,0.0573107
4.2392e-005,0.057519
4.2396e-005,0.0571718
4.24e-005,0.0574298
4.2404e-005,0.0579407
4.2408e-005,0.0575439
4.2412e-005,0.0577026
4.2416e-005,0.0577076
4.242e-005,0.0576579
4.2424e-005,0.0574546
4.2428e-005,0.0578713
4.2432e-005,0.0573653
4.2436e-005,0.0575935
4.244e-005,0.0575786
4.2444e-005,0.0570428
4.2448e-005,0.0573256
4.2452e-005,0.0578068
4.2456e-005,0.0577423
4.246e-005,0.0574
4.2464e-005,0.0576431
4.2468e-005,0.057271
4.2472e-005,0.0574595
4.2476e-005,0.0574794
4.248e-005,0.0571768
4.2484e-005,0.0573057
4.2488e-005,0.0574744
4.2492e-005,0.0574347
4.2496e-005,0.0573901
4.25e-005,0.0582731
4.2504e-005,0.0578117
4.2508e-005,0.057271
4.2512e-005,0.0578216
4.2516e-005,0.0579605
4.252e-005,0.0573702
4.2524e-005,0.0574744
4.2528e-005,0.057524
4.2532e-005,0.0572661
4.2536e-005,0.0578316
4.254e-005,0.0573553
4.2544e-005,0.0571172
4.2548e-005,0.0576976
4.2552e-005,0.0574546
4.2556e-005,0.0572363
4.256e-005,0.0577671
4.2564e-005,0.0573851
4.2568e-005,0.057524
4.2572e-005,0.0580945
4.2576e-005,0.0568841
4.258e-005,0.0566559
4.2584e-005,0.0571619
4.2588e-005,0.0572165
4.2592e-005,0.0574645
4.2596e-005,0.0580846
4.26e-005,0.0577026
4.2604e-005,0.0571172
4.2608e-005,0.0577175
4.2612e-005,0.0571569
4.2616e-005,0.0571272
4.262e-005,0.0582879
4.2624e-005,0.057395
4.2628e-005,0.0577076
4.2632e-005,0.0577026
4.2636e-005,0.0573405
4.264e-005,0.0573454
4.2644e-005,0.0580052
4.2648e-005,0.0573454
4.2652e-005,0.0572413
4.2656e-005,0.0576282
4.266e-005,0.0570726
4.2664e-005,0.0568444
4.2668e-005,0.0583276
4.2672e-005,0.057648
4.2676e-005,0.057395
4.268e-005,0.0582036
4.2684e-005,0.0577175
4.2688e-005,0.0577274
4.2692e-005,0.0575141
4.2696e-005,0.0555497
4.27e-005,0.0473498
4.2704e-005,0.0429399
4.2708e-005,0.0387085
4.2712e-005,0.0376122
4.2716e-005,0.0373741
4.272e-005,0.0351517
4.2724e-005,0.0253099
4.2728e-005,0.0212521
4.2732e-005,0.0194911
4.2736e-005,0.0190992
4.274e-005,0.0191737
4.2744e-005,0.0183998
4.2748e-005,0.00781886
4.2752e-005,0.00195544
4.2756e-005,0.00153875
4.276e-005,-4.86439e-005
4.2764e-005,0.000928593
4.2768e-005,0.000888908
4.2772e-005,0.000531746
4.2776e-005,0.00104269
4.278e-005,0.000556549
4.2784e-005,-0.000539743
4.2788e-005,0.0104132
4.2792e-005,0.0197937
4.2796e-005,0.0202104
4.28e-005,0.022408
4.2804e-005,0.0246849
4.2808e-005,0.0259399
4.2812e-005,0.0267485
4.2816e-005,0.0285045
4.282e-005,0.0293726
4.2824e-005,0.0301316
4.2828e-005,0.0311783
4.2832e-005,0.03222
4.2836e-005,0.0326714
4.284e-005,0.0330782
4.2844e-005,0.0329542
4.2848e-005,0.0341447
4.2852e-005,0.033862
4.2856e-005,0.0341695
4.286e-005,0.034239
4.2864e-005,0.0341943
4.2868e-005,0.0343481
4.2872e-005,0.0352311
4.2876e-005,0.0351617
4.288e-005,0.0338769
4.2884e-005,0.0350872
4.2888e-005,0.0343729
4.2892e-005,0.0346507
4.2896e-005,0.0353204
4.29e-005,0.0349384
4.2904e-005,0.0349731
4.2908e-005,0.0353402
4.2912e-005,0.0347301
4.2916e-005,0.0352559
4.292e-005,0.0355387
4.2924e-005,0.0350823
4.2928e-005,0.0345912
4.2932e-005,0.0354047
4.2936e-005,0.0355089
4.294e-005,0.0344374
4.2944e-005,0.0351567
4.2948e-005,0.0344821
4.2952e-005,0.0347846
4.2956e-005,0.0348491
4.296e-005,0.0342588
4.2964e-005,0.0347946
4.2968e-005,0.0348541
4.2972e-005,0.0352757
4.2976e-005,0.0346358
4.298e-005,0.0344821
4.2984e-005,0.0351716
4.2988e-005,0.0345565
4.2992e-005,0.0348094
4.2996e-005,0.0349235
4.3e-005,0.0348888
4.3004e-005,0.035246
4.3008e-005,0.0348888
4.3012e-005,0.0345664
4.3016e-005,0.0357619
4.302e-005,0.0349434
4.3024e-005,0.0350476
4.3028e-005,0.0348144
4.3032e-005,0.0347896
4.3036e-005,0.0346954
4.304e-005,0.0344672
4.3044e-005,0.0349533
4.3048e-005,0.0349533
4.3052e-005,0.0349583
4.3056e-005,0.0350178
4.306e-005,0.0344176
4.3064e-005,0.0347003
4.3068e-005,0.0348144
4.3072e-005,0.0348789
4.3076e-005,0.0347301
4.308e-005,0.0349831
4.3084e-005,0.0344176
4.3088e-005,0.0348343
4.3092e-005,0.034745
4.3096e-005,0.0340356
4.31e-005,0.0348541
4.3104e-005,0.0341298
4.3108e-005,0.0343531
4.3112e-005,0.0348888
4.3116e-005,0.0345664
4.312e-005,0.034745
4.3124e-005,0.0344572
4.3128e-005,0.0350327
4.3132e-005,0.0338273
4.3136e-005,0.0348293
4.314e-005,0.034998
4.3144e-005,0.0350178
4.3148e-005,0.035117
4.3152e-005,0.0353005
4.3156e-005,0.0345019
4.316e-005,0.0347698
4.3164e-005,0.0345862
4.3168e-005,0.0344622
4.3172e-005,0.0351517
4.3176e-005,0.0346557
4.318e-005,0.0338223
4.3184e-005,0.0342687
4.3188e-005,0.033986
4.3192e-005,0.0344126
4.3196e-005,0.0346904
4.32e-005,0.0346061
4.3204e-005,0.033857
4.3208e-005,0.0350525
4.3212e-005,0.0335643
4.3216e-005,0.0340753
4.322e-005,0.0348987
4.3224e-005,0.0348094
4.3228e-005,0.0344176
4.3232e-005,0.0350128
4.3236e-005,0.0346755
4.324e-005,0.0339761
4.3244e-005,0.0347003
4.3248e-005,0.0343779
4.3252e-005,0.0345862
4.3256e-005,0.0345168
4.326e-005,0.0347549
4.3264e-005,0.0339562
4.3268e-005,0.0346954
4.3272e-005,0.0341795
4.3276e-005,0.0343382
4.328e-005,0.0345267
4.3284e-005,0.0344126
4.3288e-005,0.0344622
4.3292e-005,0.0348392
4.3296e-005,0.0345912
4.33e-005,0.0340802
4.3304e-005,0.0347003
4.3308e-005,0.034115
4.3312e-005,0.0345465
4.3316e-005,0.0344622
4.332e-005,0.0348293
4.3324e-005,0.0342588
4.3328e-005,0.0342836
4.3332e-005,0.0341547
4.3336e-005,0.0345614
4.334e-005,0.0347896
4.3344e-005,0.0339413
4.3348e-005,0.0340356
4.3352e-005,0.0345416
4.3356e-005,0.0340505
4.336e-005,0.0342142
4.3364e-005,0.0349831
4.3368e-005,0.0342539
4.3372e-005,0.0342539
4.3376e-005,0.0343531
4.338e-005,0.0339463
4.3384e-005,0.0338024
4.3388e-005,0.0346854
4.3392e-005,0.0350575
4.3396e-005,0.034234
4.34e-005,0.0348987
4.3404e-005,0.0344622
4.3408e-005,0.0338173
4.3412e-005,0.0344523
4.3416e-005,0.0345217
4.342e-005,0.0346061
4.3424e-005,0.0350228
4.3428e-005,0.0346656
4.3432e-005,0.0339364
4.3436e-005,0.0348491
4.344e-005,0.0347598
4.3444e-005,0.0348045
4.3448e-005,0.0348392
4.3452e-005,0.0342191
4.3456e-005,0.0346011
4.346e-005,0.0338372
4.3464e-005,0.0335495
4.3468e-005,0.0321754
4.3472e-005,0.0316347
4.3476e-005,0.0317934
4.348e-005,0.0311436
4.3484e-005,0.0315999
4.3488e-005,0.0306078
4.3492e-005,0.0234894
4.3496e-005,0.0202104
4.35e-005,0.0197044
4.3504e-005,0.0191538
4.3508e-005,0.0185685
4.3512e-005,0.0179137
4.3516e-005,0.00775933
4.352e-005,0.00211914
4.3524e-005,0.00102284
4.3528e-005,-0.000232186
4.3532e-005,0.000750012
4.3536e-005,0.000214268
4.354e-005,-0.000321477
4.3544e-005,0.00126095
4.3548e-005,-1.39197e-005
4.3552e-005,-0.000495097
4.3556e-005,0.00965924
4.356e-005,0.0187123
4.3564e-005,0.0203642
4.3568e-005,0.0247394
4.3572e-005,0.0277852
4.3576e-005,0.0296256
4.358e-005,0.0309352
4.3584e-005,0.0330187
4.3588e-005,0.0350724
4.3592e-005,0.0358264
4.3596e-005,0.0371657
4.36e-005,0.038009
4.3604e-005,0.0393434
4.3608e-005,0.0392244
4.3612e-005,0.0397651
4.3616e-005,0.0410499
4.362e-005,0.0408068
4.3624e-005,0.0419924
4.3628e-005,0.0426621
4.3632e-005,0.0425827
4.3636e-005,0.0425281
4.364e-005,0.0439667
4.3644e-005,0.0432623
4.3648e-005,0.0434657
4.3652e-005,0.044428
4.3656e-005,0.043426
4.366e-005,0.0440014
4.3664e-005,0.0447703
4.3668e-005,0.0437732
4.3672e-005,0.0436343
4.3676e-005,0.0451771
4.368e-005,0.0441006
4.3684e-005,0.043684
4.3688e-005,0.0448447
4.3692e-005,0.0440262
4.3696e-005,0.0442842
4.37e-005,0.0448844
4.3704e-005,0.0444132
4.3708e-005,0.0445421
4.3712e-005,0.0451225
4.3716e-005,0.0446215
4.372e-005,0.0443536
4.3724e-005,0.0450828
4.3728e-005,0.0444082
4.3732e-005,0.0443586
4.3736e-005,0.045311
4.374e-005,0.0441999
4.3744e-005,0.0440709
4.3748e-005,0.0459261
4.3752e-005,0.0440362
4.3756e-005,0.0443685
4.376e-005,0.0451969
4.3764e-005,0.0441751
4.3768e-005,0.044304
4.3772e-005,0.0450977
4.3776e-005,0.0447703
4.378e-005,0.0445025
4.3784e-005,0.0449439
4.3788e-005,0.0446513
4.3792e-005,0.0456434
4.3796e-005,0.0451424
4.38e-005,0.0443487
4.3804e-005,0.044304
4.3808e-005,0.0453954
4.3812e-005,0.0444181
4.3816e-005,0.0451076
4.382e-005,0.0453854
4.3824e-005,0.0448844
4.3828e-005,0.0453904
4.3832e-005,0.0451027
4.3836e-005,0.0449985
4.384e-005,0.044686
4.3844e-005,0.045311
4.3848e-005,0.0443139
4.3852e-005,0.0448199
4.3856e-005,0.0458319
4.386e-005,0.0447257
4.3864e-005,0.0443288
4.3868e-005,0.0456384
4.3872e-005,0.0451027
4.3876e-005,0.0448447
4.388e-005,0.0453805
4.3884e-005,0.0444528
4.3888e-005,0.0442098
4.3892e-005,0.0458815
4.3896e-005,0.044805
4.39e-005,0.0444032
4.3904e-005,0.0461097
4.3908e-005,0.0443139
4.3912e-005,0.0443338
4.3916e-005,0.0451225
4.392e-005,0.0446562
4.3924e-005,0.0446463
4.3928e-005,0.0453259
4.3932e-005,0.0441552
4.3936e-005,0.0445917
4.394e-005,0.0453904
4.3944e-005,0.0443586
4.3948e-005,0.0450283
4.3952e-005,0.0456483
4.3956e-005,0.0447158
4.396e-005,0.0447158
4.3964e-005,0.0459212
4.3968e-005,0.0452862
4.3972e-005,0.0445669
4.3976e-005,0.045316
4.398e-005,0.044309
4.3984e-005,0.0454846
4.3988e-005,0.0455888
4.3992e-005,0.0448447
4.3996e-005,0.0446017
4.4e-005,0.0449291
4.4004e-005,0.0449191
4.4008e-005,0.0444628
4.4012e-005,0.0454846
4.4016e-005,0.0446761
4.402e-005,0.0447802
4.4024e-005,0.0452515
4.4028e-005,0.0445669
4.4032e-005,0.0441354
4.4036e-005,0.0452217
4.404e-005,0.0450531
4.4044e-005,0.0445273
4.4048e-005,0.0453854
4.4052e-005,0.0453458
4.4056e-005,0.0452217
4.406e-005,0.0459658
4.4064e-005,0.0449836
4.4068e-005,0.0447604
4.4072e-005,0.0452912
4.4076e-005,0.0455144
4.408e-005,0.0446612
4.4084e-005,0.0461444
4.4088e-005,0.0447455
4.4092e-005,0.0455442
4.4096e-005,0.0455591
4.41e-005,0.0445917
4.4104e-005,0.044428
4.4108e-005,0.0457922
4.4112e-005,0.0451126
4.4116e-005,0.0448447
4.412e-005,0.0459658
4.4124e-005,0.044562
4.4128e-005,0.044557
4.4132e-005,0.0452763
4.4136e-005,0.0448398
4.414e-005,0.0442842
4.4144e-005,0.0453408
4.4148e-005,0.0446364
4.4152e-005,0.0436542
4.4156e-005,0.0452515
4.416e-005,0.0448695
4.4164e-005,0.0448001
4.4168e-005,0.0455888
4.4172e-005,0.0447802
4.4176e-005,0.0445372
4.418e-005,0.0453557
4.4184e-005,0.0443636
4.4188e-005,0.0441899
4.4192e-005,0.0456335
4.4196e-005,0.0445719
4.42e-005,0.0442296
4.4204e-005,0.0457674
4.4208e-005,0.0445223
4.4212e-005,0.0441155
4.4216e-005,0.0454797
4.422e-005,0.044934
4.4224e-005,0.0454896
4.4228e-005,0.0445124
4.4232e-005,0.0427712
4.4236e-005,0.0398345
4.424e-005,0.0373294
4.4244e-005,0.0354146
4.4248e-005,0.0339711
4.4252e-005,0.0342291
4.4256e-005,0.0326317
4.426e-005,0.0250222
4.4264e-005,0.0204287
4.4268e-005,0.0190149
4.4272e-005,0.01838
4.4276e-005,0.0192927
4.428e-005,0.0173531
4.4284e-005,0.00788831
4.4288e-005,0.00206953
4.4292e-005,0.00102781
4.4296e-005,0.000373007
4.43e-005,0.00109725
4.4304e-005,0.000531746
4.4308e-005,-0.000113132
4.4312e-005,0.001003
4.4316e-005,0.000313479
4.432e-005,-0.000633994
4.4324e-005,0.0098527
4.4328e-005,0.0195011
4.4332e-005,0.0222641
4.4336e-005,0.0270164
4.434e-005,0.0305582
4.4344e-005,0.0328451
4.4348e-005,0.0351865
4.4352e-005,0.0372401
4.4356e-005,0.0391599
4.436e-005,0.0408961
4.4364e-005,0.0410846
4.4368e-005,0.0430788
4.4372e-005,0.0443437
4.4376e-005,0.0439617
4.438e-005,0.0455392
4.4384e-005,0.0469282
4.4388e-005,0.0465512
4.4392e-005,0.0474193
4.4396e-005,0.0486495
4.44e-005,0.0485007
4.4404e-005,0.0491604
4.4408e-005,0.0501625
4.4412e-005,0.0492051
4.4416e-005,0.0500037
4.442e-005,0.0505693
4.4424e-005,0.0506387
4.4428e-005,0.0498996
4.4432e-005,0.0502667
4.4436e-005,0.0505494
4.444e-005,0.0504651
4.4444e-005,0.0515167
4.4448e-005,0.0503063
4.4452e-005,0.0510802
4.4456e-005,0.05174
4.446e-005,0.0513332
4.4464e-005,0.0515763
4.4468e-005,0.0519334
4.4472e-005,0.0517796
4.4476e-005,0.0528015
4.448e-005,0.0529156
4.4484e-005,0.0524592
4.4488e-005,0.052112
4.4492e-005,0.0523848
4.4496e-005,0.0522261
4.45e-005,0.0520723
4.4504e-005,0.0536101
4.4508e-005,0.0520773
4.4512e-005,0.0522013
4.4516e-005,0.0533125
4.452e-005,0.0519185
4.4524e-005,0.0519185
4.4528e-005,0.0532033
4.4532e-005,0.0519384
4.4536e-005,0.0525337
4.454e-005,0.0531835
4.4544e-005,0.0522559
4.4548e-005,0.0525337
4.4552e-005,0.0537044
4.4556e-005,0.0529007
4.456e-005,0.0526626
4.4564e-005,0.0533918
4.4568e-005,0.0526428
4.4572e-005,0.0520971
4.4576e-005,0.0538284
4.458e-005,0.052995
4.4584e-005,0.0533422
4.4588e-005,0.053119
4.4592e-005,0.0526428
4.4596e-005,0.0530297
4.46e-005,0.0529007
4.4604e-005,0.0529652
4.4608e-005,0.0521021
4.4612e-005,0.0539871
4.4616e-005,0.0518789
4.462e-005,0.0529751
4.4624e-005,0.0533522
4.4628e-005,0.0532331
4.4632e-005,0.0532629
4.4636e-005,0.0528214
4.464e-005,0.0536151
4.4644e-005,0.0532728
4.4648e-005,0.0537093
4.4652e-005,0.0526825
4.4656e-005,0.0530099
4.466e-005,0.0538978
4.4664e-005,0.0527618
4.4668e-005,0.0524444
4.4672e-005,0.0525436
4.4676e-005,0.0524493
4.468e-005,0.0532331
4.4684e-005,0.0532331
4.4688e-005,0.0527966
4.4692e-005,0.0523005
4.4696e-005,0.0535605
4.47e-005,0.0530595
4.4704e-005,0.0524047
4.4708e-005,0.0529057
4.4712e-005,0.0527271
4.4716e-005,0.0528908
4.472e-005,0.052866
4.4724e-005,0.0529305
4.4728e-005,0.0528214
4.4732e-005,0.0531885
4.4736e-005,0.0525684
4.474e-005,0.0528164
4.4744e-005,0.0529503
4.4748e-005,0.0527966
4.4752e-005,0.0524146
4.4756e-005,0.053248
4.476e-005,0.0529107
4.4764e-005,0.0526676
4.4768e-005,0.0528759
4.4772e-005,0.0528065
4.4776e-005,0.052742
4.478e-005,0.0533819
4.4784e-005,0.0534365
4.4788e-005,0.0522559
4.4792e-005,0.0530843
4.4796e-005,0.0525981
4.48e-005,0.052737
4.4804e-005,0.0535158
4.4808e-005,0.0534464
4.4812e-005,0.0528859
4.4816e-005,0.0536647
4.482e-005,0.0526775
4.4824e-005,0.0528263
4.4828e-005,0.0532728
4.4832e-005,0.0536795
4.4836e-005,0.0527767
4.484e-005,0.053367
4.4844e-005,0.0527718
4.4848e-005,0.0522807
4.4852e-005,0.05299
4.4856e-005,0.0532331
4.486e-005,0.0527668
4.4864e-005,0.0529652
4.4868e-005,0.0531488
4.4872e-005,0.0532777
4.4876e-005,0.0530446
4.488e-005,0.0526725
4.4884e-005,0.0530148
4.4888e-005,0.0530396
4.4892e-005,0.0531686
4.4896e-005,0.0532381
4.49e-005,0.0531686
4.4904e-005,0.0531636
4.4908e-005,0.0524791
4.4912e-005,0.0532281
4.4916e-005,0.0526626
4.492e-005,0.0520971
4.4924e-005,0.0536151
4.4928e-005,0.05237
4.4932e-005,0.052995
4.4936e-005,0.0538829
4.494e-005,0.0528412
4.4944e-005,0.0526031
4.4948e-005,0.0530595
4.4952e-005,0.0528958
4.4956e-005,0.0527271
4.496e-005,0.0527668
4.4964e-005,0.0529603
4.4968e-005,0.0525981
4.4972e-005,0.0528958
4.4976e-005,0.0525337
4.498e-005,0.0526725
4.4984e-005,0.0527668
4.4988e-005,0.0531587
4.4992e-005,0.0529156
4.4996e-005,0.0529156
4.5e-005,0.050599
4.5004e-005,0.044934
4.5008e-005,0.0410548
4.5012e-005,0.0375576
4.5016e-005,0.0370318
4.502e-005,0.036883
4.5024e-005,0.0347648
4.5028e-005,0.0260342
4.5032e-005,0.020771
4.5036e-005,0.0200566
4.504e-005,0.019511
4.5044e-005,0.0195308
4.5048e-005,0.0184097
4.5052e-005,0.00821075
4.5056e-005,0.00214394
4.506e-005,0.000824421
4.5064e-005,-0.000271871
4.5068e-005,0.0012808
4.5072e-005,0.000477179
4.5076e-005,0.000382928
4.508e-005,0.00102781
4.5084e-005,0.000100174
4.5088e-005,-0.000678639
4.5092e-005,0.00964932
4.5096e-005,0.0192679
4.51e-005,0.0230429
4.5104e-005,0.0282069
4.5108e-005,0.0325821
4.5112e-005,0.036
4.5116e-005,0.0372649
4.512e-005,0.0392938
4.5124e-005,0.0412235
4.5128e-005,0.0429647
4.5132e-005,0.0435947
4.5136e-005,0.0447654
4.514e-005,0.0470026
4.5144e-005,0.0464024
4.5148e-005,0.0469827
4.5152e-005,0.0489075
4.5156e-005,0.0489273
4.516e-005,0.0491505
4.5164e-005,0.0510554
4.5168e-005,0.0508471
4.5172e-005,0.0515366
4.5176e-005,0.0526725
4.518e-005,0.0522311
4.5184e-005,0.0522509
4.5188e-005,0.0537639
4.5192e-005,0.0538532
4.5196e-005,0.0536647
4.52e-005,0.0547907
4.5204e-005,0.054508
4.5208e-005,0.054121
4.5212e-005,0.0549395
4.5216e-005,0.0545526
4.522e-005,0.0544782
4.5224e-005,0.0554505
4.5228e-005,0.0551776
4.5232e-005,0.0544633
4.5236e-005,0.0557233
4.524e-005,0.0553662
4.5244e-005,0.0561053
4.5248e-005,0.0560309
4.5252e-005,0.0561003
4.5256e-005,0.0559664
4.526e-005,0.0561301
4.5264e-005,0.0559019
4.5268e-005,0.0564972
4.5272e-005,0.0567849
4.5276e-005,0.0559664
4.528e-005,0.0560706
4.5284e-005,0.0572165
4.5288e-005,0.0563186
4.5292e-005,0.0562045
4.5296e-005,0.0567849
4.53e-005,0.0561202
4.5304e-005,0.0563186
4.5308e-005,0.056775
4.5312e-005,0.0568444
4.5316e-005,0.0570577
4.532e-005,0.0572413
4.5324e-005,0.0566311
4.5328e-005,0.0566658
4.5332e-005,0.0572462
4.5336e-005,0.0570577
4.534e-005,0.0563682
4.5344e-005,0.0572115
4.5348e-005,0.0566906
4.5352e-005,0.0569188
4.5356e-005,0.0574298
4.536e-005,0.057405
4.5364e-005,0.0569734
4.5368e-005,0.0574843
4.5372e-005,0.0560358
4.5376e-005,0.0566361
4.538e-005,0.0572611
4.5384e-005,0.0566956
4.5388e-005,0.0571172
4.5392e-005,0.056894
4.5396e-005,0.0573802
4.54e-005,0.0572462
4.5404e-005,0.0572065
4.5408e-005,0.0569883
4.5412e-005,0.0572016
4.5416e-005,0.0574248
4.542e-005,0.056765
4.5424e-005,0.0565319
4.5428e-005,0.0575935
4.5432e-005,0.0565021
4.5436e-005,0.0565468
4.544e-005,0.0572264
4.5444e-005,0.0574843
4.5448e-005,0.056765
4.5452e-005,0.0573107
4.5456e-005,0.0567601
4.546e-005,0.0568593
4.5464e-005,0.0572115
4.5468e-005,0.0565666
4.5472e-005,0.0571619
4.5476e-005,0.0569635
4.548e-005,0.0567105
4.5484e-005,0.0569238
4.5488e-005,0.057395
4.5492e-005,0.0568196
4.5496e-005,0.0567303
4.55e-005,0.0571073
4.5504e-005,0.0571966
4.5508e-005,0.0567799
4.5512e-005,0.0572809
4.5516e-005,0.0570478
4.552e-005,0.0570676
4.5524e-005,0.0577423
4.5528e-005,0.0574397
4.5532e-005,0.0571867
4.5536e-005,0.0576083
4.554e-005,0.0577026
4.5544e-005,0.0574496
4.5548e-005,0.0576183
4.5552e-005,0.0569337
4.5556e-005,0.0567452
4.556e-005,0.0576827
4.5564e-005,0.0573256
4.5568e-005,0.0568891
4.5572e-005,0.0570726
4.5576e-005,0.0571569
4.558e-005,0.0571966
4.5584e-005,0.0581441
4.5588e-005,0.0564376
4.5592e-005,0.0570776
4.5596e-005,0.057529
4.56e-005,0.0568345
4.5604e-005,0.056899
4.5608e-005,0.0576778
4.5612e-005,0.0576976
4.5616e-005,0.0571024
4.562e-005,0.0572809
4.5624e-005,0.0571073
4.5628e-005,0.0574942
4.5632e-005,0.0573206
4.5636e-005,0.0569337
4.564e-005,0.0575538
4.5644e-005,0.0575984
4.5648e-005,0.0573702
4.5652e-005,0.0566807
4.5656e-005,0.0576133
4.566e-005,0.0569883
4.5664e-005,0.057018
4.5668e-005,0.0574893
4.5672e-005,0.0566509
4.5676e-005,0.0574794
4.568e-005,0.0574198
4.5684e-005,0.0572413
4.5688e-005,0.0575637
4.5692e-005,0.0575637
4.5696e-005,0.0571222
4.57e-005,0.056641
4.5704e-005,0.0574099
4.5708e-005,0.0572809
4.5712e-005,0.0568394
4.5716e-005,0.0573305
4.572e-005,0.0572958
4.5724e-005,0.0571668
4.5728e-005,0.0577026
4.5732e-005,0.0575389
4.5736e-005,0.0571272
4.574e-005,0.0572909
4.5744e-005,0.0572016
4.5748e-005,0.056775
4.5752e-005,0.0576232
4.5756e-005,0.0571073
4.576e-005,0.0572214
4.5764e-005,0.0575042
4.5768e-005,0.055009
4.5772e-005,0.0480542
4.5776e-005,0.0426621
4.578e-005,0.0385349
4.5784e-005,0.0370467
4.5788e-005,0.0362827
4.5792e-005,0.0344672
4.5796e-005,0.0245658
4.58e-005,0.0212373
4.5804e-005,0.0202402
4.5808e-005,0.0187322
4.5812e-005,0.0193423
4.5816e-005,0.017993
4.582e-005,0.00960963
4.5824e-005,0.00217866
4.5828e-005,0.00188599
4.5832e-005,4.56074e-005
4.5836e-005,0.00098812
4.584e-005,0.000442455
4.5844e-005,3.07256e-005
4.5848e-005,0.000382928
4.5852e-005,0.000387888
4.5856e-005,-0.000500058
4.586e-005,0.00958483
4.5864e-005,0.0192332
4.5868e-005,0.0207958
4.5872e-005,0.0223187
4.5876e-005,0.0250569
4.588e-005,0.026679
4.5884e-005,0.0274678
4.5888e-005,0.0283309
4.5892e-005,0.0295562
4.5896e-005,0.0300026
4.59e-005,0.0314859
4.5904e-005,0.0319174
4.5908e-005,0.032354
4.5912e-005,0.0332022
4.5916e-005,0.0329591
4.592e-005,0.033728
4.5924e-005,0.0345366
4.5928e-005,0.0343779
4.5932e-005,0.0348938
4.5936e-005,0.0345366
4.594e-005,0.0345366
4.5944e-005,0.0357272
4.5948e-005,0.0361042
4.5952e-005,0.0353303
4.5956e-005,0.0358512
4.596e-005,0.0348987
4.5964e-005,0.0350277
4.5968e-005,0.0360694
4.5972e-005,0.0355337
4.5976e-005,0.035618
4.598e-005,0.0358611
4.5984e-005,0.0352212
4.5988e-005,0.0348194
4.5992e-005,0.0351666
4.5996e-005,0.0351418
4.6e-005,0.0354444
4.6004e-005,0.0353204
4.6008e-005,0.0353353
4.6012e-005,0.035241
4.6016e-005,0.0349731
4.602e-005,0.0352658
4.6024e-005,0.03411
4.6028e-005,0.0356379
4.6032e-005,0.0352559
4.6036e-005,0.0351269
4.604e-005,0.0367788
4.6044e-005,0.0359206
4.6048e-005,0.0345813
4.6052e-005,0.0349136
4.6056e-005,0.0352261
4.606e-005,0.0354047
4.6064e-005,0.0359305
4.6068e-005,0.0347896
4.6072e-005,0.034487
4.6076e-005,0.0349434
4.608e-005,0.0354047
4.6084e-005,0.0347251
4.6088e-005,0.0350327
4.6092e-005,0.0353551
4.6096e-005,0.0351617
4.61e-005,0.0354841
4.6104e-005,0.0358859
4.6108e-005,0.0350922
4.6112e-005,0.0355337
4.6116e-005,0.0352162
4.612e-005,0.0354295
4.6124e-005,0.0353154
4.6128e-005,0.0354494
4.6132e-005,0.0349533
4.6136e-005,0.0358413
4.614e-005,0.0355238
4.6144e-005,0.0351716
4.6148e-005,0.0353452
4.6152e-005,0.0348739
4.6156e-005,0.0354791
4.616e-005,0.0356726
4.6164e-005,0.0353154
4.6168e-005,0.0344572
4.6172e-005,0.0350128
4.6176e-005,0.0348442
4.618e-005,0.0356329
4.6184e-005,0.0358363
4.6188e-005,0.0354692
4.6192e-005,0.0348045
4.6196e-005,0.0351617
4.62e-005,0.0352063
4.6204e-005,0.0345019
4.6208e-005,0.0358115
4.6212e-005,0.0351071
4.6216e-005,0.0354246
4.622e-005,0.035747
4.6224e-005,0.0350624
4.6228e-005,0.0345961
4.6232e-005,0.0356776
4.6236e-005,0.035117
4.624e-005,0.0345267
4.6244e-005,0.0351815
4.6248e-005,0.0342539
4.6252e-005,0.0350277
4.6256e-005,0.0353105
4.626e-005,0.034998
4.6264e-005,0.0341348
4.6268e-005,0.0343531
4.6272e-005,0.0347995
4.6276e-005,0.0348839
4.628e-005,0.0349087
4.6284e-005,0.0348938
4.6288e-005,0.0345019
4.6292e-005,0.0353105
4.6296e-005,0.0353402
4.63e-005,0.0345713
4.6304e-005,0.035112
4.6308e-005,0.0352311
4.6312e-005,0.0353551
4.6316e-005,0.035246
4.632e-005,0.0352658
4.6324e-005,0.0347797
4.6328e-005,0.0355883
4.6332e-005,0.0349434
4.6336e-005,0.0346209
4.634e-005,0.0353551
4.6344e-005,0.0351815
4.6348e-005,0.0354146
4.6352e-005,0.0354692
4.6356e-005,0.0347549
4.636e-005,0.0351021
4.6364e-005,0.0353502
4.6368e-005,0.0350525
4.6372e-005,0.0346408
4.6376e-005,0.0353154
4.638e-005,0.0345862
4.6384e-005,0.0341745
4.6388e-005,0.0347896
4.6392e-005,0.0343878
4.6396e-005,0.0350476
4.64e-005,0.0359802
4.6404e-005,0.0345366
4.6408e-005,0.0344424
4.6412e-005,0.0351666
4.6416e-005,0.0348739
4.642e-005,0.0351468
4.6424e-005,0.0351319
4.6428e-005,0.0347846
4.6432e-005,0.0351964
4.6436e-005,0.0352807
4.644e-005,0.0347896
4.6444e-005,0.0342935
4.6448e-005,0.0347648
4.6452e-005,0.034363
4.6456e-005,0.0344622
4.646e-005,0.0350426
4.6464e-005,0.0345515
4.6468e-005,0.0341447
4.6472e-005,0.0349384
4.6476e-005,0.0345565
4.648e-005,0.0349831
4.6484e-005,0.0351567
4.6488e-005,0.0348591
4.6492e-005,0.0340158
4.6496e-005,0.0354494
4.65e-005,0.0350972
4.6504e-005,0.0341745
4.6508e-005,0.0349335
4.6512e-005,0.0349136
4.6516e-005,0.0349533
4.652e-005,0.0350872
4.6524e-005,0.0352757
4.6528e-005,0.0350376
4.6532e-005,0.0341795
4.6536e-005,0.0340902
4.654e-005,0.0325921
4.6544e-005,0.032726
4.6548e-005,0.0319125
4.6552e-005,0.0316595
4.6556e-005,0.0323143
4.656e-005,0.0308559
4.6564e-005,0.0238565
4.6568e-005,0.0209099
4.6572e-005,0.0197838
4.6576e-005,0.0190199
4.658e-005,0.0190546
4.6584e-005,0.0180873
4.6588e-005,0.00769484
4.6592e-005,0.00199512
4.6596e-005,0.00122127
4.66e-005,-0.000609191
4.6604e-005,0.00143457
4.6608e-005,0.000725209
4.6612e-005,0.00014978
4.6616e-005,0.000511903
4.662e-005,-0.000296674
4.6624e-005,-0.000787772
4.6628e-005,0.0102793
4.6632e-005,0.0190844
4.6636e-005,0.0208751
4.664e-005,0.0250073
4.6644e-005,0.0282962
4.6648e-005,0.0300671
4.6652e-005,0.0315206
4.6656e-005,0.0331328
4.666e-005,0.0347499
4.6664e-005,0.0367193
4.6668e-005,0.0374038
4.6672e-005,0.0378652
4.6676e-005,0.0397452
4.668e-005,0.0393782
4.6684e-005,0.0398693
4.6688e-005,0.0415162
4.6692e-005,0.0410449
4.6696e-005,0.0411491
4.67e-005,0.0433665
4.6704e-005,0.042677
4.6708e-005,0.0424835
4.6712e-005,0.043426
4.6716e-005,0.0428357
4.672e-005,0.0425381
4.6724e-005,0.0447604
4.6728e-005,0.0439072
4.6732e-005,0.0436939
4.6736e-005,0.0445719
4.674e-005,0.0434756
4.6744e-005,0.0445719
4.6748e-005,0.0446215
4.6752e-005,0.0445868
4.6756e-005,0.0443735
4.676e-005,0.0445967
4.6764e-005,0.0446165
4.6768e-005,0.0442147
4.6772e-005,0.0450432
4.6776e-005,0.0438824
4.678e-005,0.0440758
4.6784e-005,0.0445818
4.6788e-005,0.0437683
4.6792e-005,0.0441106
4.6796e-005,0.0447505
4.68e-005,0.0445669
4.6804e-005,0.0440262
4.6808e-005,0.0451721
4.6812e-005,0.0447306
4.6816e-005,0.0441651
4.682e-005,0.0454053
4.6824e-005,0.0446612
4.6828e-005,0.0441056
4.6832e-005,0.045316
4.6836e-005,0.0443338
4.684e-005,0.0439221
4.6844e-005,0.045445
4.6848e-005,0.0446612
4.6852e-005,0.0447058
4.6856e-005,0.0448348
4.686e-005,0.0443189
4.6864e-005,0.0441106
4.6868e-005,0.0449191
4.6872e-005,0.0439419
4.6876e-005,0.0449291
4.688e-005,0.0452019
4.6884e-005,0.044681
4.6888e-005,0.04481
4.6892e-005,0.0453706
4.6896e-005,0.0440858
4.69e-005,0.0440461
4.6904e-005,0.0454003
4.6908e-005,0.0446612
4.6912e-005,0.0441155
4.6916e-005,0.0458716
4.692e-005,0.0448745
4.6924e-005,0.0443239
4.6928e-005,0.0454747
4.6932e-005,0.0446364
4.6936e-005,0.0447158
4.694e-005,0.0451672
4.6944e-005,0.044805
4.6948e-005,0.0442991
4.6952e-005,0.0456533
4.6956e-005,0.0445372
4.696e-005,0.0448497
4.6964e-005,0.0453706
4.6968e-005,0.0450928
4.6972e-005,0.0444975
4.6976e-005,0.0454202
4.698e-005,0.0448745
4.6984e-005,0.0445868
4.6988e-005,0.0459013
4.6992e-005,0.0447009
4.6996e-005,0.0444776
4.7e-005,0.0446017
4.7004e-005,0.0447257
4.7008e-005,0.04481
4.7012e-005,0.0456037
4.7016e-005,0.044185
4.702e-005,0.0439965
4.7024e-005,0.0449985
4.7028e-005,0.0445223
4.7032e-005,0.0445521
4.7036e-005,0.0450779
4.704e-005,0.0443735
4.7044e-005,0.0438923
4.7048e-005,0.045316
4.7052e-005,0.0440163
4.7056e-005,0.0438526
4.706e-005,0.0449935
4.7064e-005,0.0443437
4.7068e-005,0.0440957
4.7072e-005,0.045063
4.7076e-005,0.0439965
4.708e-005,0.0447455
4.7084e-005,0.0451572
4.7088e-005,0.0444876
4.7092e-005,0.044691
4.7096e-005,0.045063
4.71e-005,0.0438675
4.7104e-005,0.0439816
4.7108e-005,0.045192
4.7112e-005,0.0447406
4.7116e-005,0.0444032
4.712e-005,0.0449191
4.7124e-005,0.0446116
4.7128e-005,0.0441205
4.7132e-005,0.0454152
4.7136e-005,0.0441453
4.714e-005,0.044557
4.7144e-005,0.0451721
4.7148e-005,0.0445769
4.7152e-005,0.0441403
4.7156e-005,0.0451126
4.716e-005,0.0444776
4.7164e-005,0.0447108
4.7168e-005,0.045316
4.7172e-005,0.0448249
4.7176e-005,0.0445025
4.718e-005,0.0453606
4.7184e-005,0.0440758
4.7188e-005,0.0445868
4.7192e-005,0.0457773
4.7196e-005,0.0445074
4.72e-005,0.044056
4.7204e-005,0.0445471
4.7208e-005,0.0443338
4.7212e-005,0.0442098
4.7216e-005,0.0454003
4.722e-005,0.0440858
4.7224e-005,0.0448745
4.7228e-005,0.0454747
4.7232e-005,0.0438725
4.7236e-005,0.0442346
4.724e-005,0.0451374
4.7244e-005,0.0443288
4.7248e-005,0.0441155
4.7252e-005,0.0457228
4.7256e-005,0.0442891
4.726e-005,0.0444231
4.7264e-005,0.0447356
4.7268e-005,0.0447455
4.7272e-005,0.0441552
4.7276e-005,0.0453408
4.728e-005,0.0444776
4.7284e-005,0.0448447
4.7288e-005,0.0455045
4.7292e-005,0.0443437
4.7296e-005,0.0450283
4.73e-005,0.0453904
4.7304e-005,0.0436294
4.7308e-005,0.0399437
4.7312e-005,0.0373592
4.7316e-005,0.0357916
4.732e-005,0.0347202
4.7324e-005,0.0347499
4.7328e-005,0.0339761
4.7332e-005,0.0251413
4.7336e-005,0.0206122
4.734e-005,0.0190645
4.7344e-005,0.0191786
4.7348e-005,0.0190298
4.7352e-005,0.0184395
4.7356e-005,0.00763036
4.736e-005,0.00186118
4.7364e-005,0.000854184
4.7368e-005,-0.000118092
4.7372e-005,0.000576391
4.7376e-005,-5.36045e-005
4.738e-005,0.000105135
4.7384e-005,0.00112702
4.7388e-005,0.000888908
4.7392e-005,-0.000455413
4.7396e-005,0.0104281
4.74e-005,0.0192381
4.7404e-005,0.0225419
4.7408e-005,0.0269717
4.7412e-005,0.031213
4.7416e-005,0.0325325
4.742e-005,0.0357916
4.7424e-005,0.0376221
4.7428e-005,0.0390458
4.7432e-005,0.0413376
4.7436e-005,0.0416203
4.744e-005,0.0433069
4.7444e-005,0.0447654
4.7448e-005,0.0441552
4.7452e-005,0.0459906
4.7456e-005,0.0468935
4.746e-005,0.0463924
4.7464e-005,0.0471861
4.7468e-005,0.048342
4.7472e-005,0.0480741
4.7476e-005,0.0491952
4.748e-005,0.0495325
4.7484e-005,0.0495523
4.7488e-005,0.0491654
4.7492e-005,0.0507131
4.7496e-005,0.0500484
4.75e-005,0.0498202
4.7504e-005,0.0508173
4.7508e-005,0.0507578
4.7512e-005,0.0507627
4.7516e-005,0.0516011
4.752e-005,0.0513778
4.7524e-005,0.0511993
4.7528e-005,0.0520723
4.7532e-005,0.0517499
4.7536e-005,0.0517052
4.754e-005,0.0517003
4.7544e-005,0.0520574
4.7548e-005,0.0522261
4.7552e-005,0.0522757
4.7556e-005,0.0525138
4.756e-005,0.0523451
4.7564e-005,0.052365
4.7568e-005,0.0523451
4.7572e-005,0.0523104
4.7576e-005,0.0531537
4.758e-005,0.0517499
4.7584e-005,0.0522112
4.7588e-005,0.052866
4.7592e-005,0.0525783
4.7596e-005,0.0518739
4.76e-005,0.0525783
4.7604e-005,0.0528759
4.7608e-005,0.0521963
4.7612e-005,0.0533075
4.7616e-005,0.0530644
4.762e-005,0.052737
4.7624e-005,0.053496
4.7628e-005,0.0525386
4.7632e-005,0.0529751
4.7636e-005,0.053372
4.764e-005,0.0533571
4.7644e-005,0.0525287
4.7648e-005,0.0535704
4.7652e-005,0.0530992
4.7656e-005,0.0526428
4.766e-005,0.0531984
4.7664e-005,0.0531339
4.7668e-005,0.0528313
4.7672e-005,0.0531388
4.7676e-005,0.0528611
4.768e-005,0.0525833
4.7684e-005,0.0537242
4.7688e-005,0.0528114
4.7692e-005,0.0526825
4.7696e-005,0.0533819
4.77e-005,0.0526329
4.7704e-005,0.0533273
4.7708e-005,0.0535208
4.7712e-005,0.0533819
4.7716e-005,0.0529454
4.772e-005,0.0539673
4.7724e-005,0.0533819
4.7728e-005,0.0530793
4.7732e-005,0.0544435
4.7736e-005,0.0532529
4.774e-005,0.0526527
4.7744e-005,0.0538234
4.7748e-005,0.0531885
4.7752e-005,0.0535803
4.7756e-005,0.0538135
4.776e-005,0.0533075
4.7764e-005,0.0525634
4.7768e-005,0.0531686
4.7772e-005,0.0534514
4.7776e-005,0.0525088
4.778e-005,0.0541062
4.7784e-005,0.0522906
4.7788e-005,0.053243
4.7792e-005,0.0538929
4.7796e-005,0.0531934
4.78e-005,0.0524989
4.7804e-005,0.053114
4.7808e-005,0.0528561
4.7812e-005,0.0523055
4.7816e-005,0.0533273
4.782e-005,0.0527519
4.7824e-005,0.0525634
4.7828e-005,0.053754
4.7832e-005,0.0531984
4.7836e-005,0.0534861
4.784e-005,0.0528313
4.7844e-005,0.0531488
4.7848e-005,0.0527073
4.7852e-005,0.0529057
4.7856e-005,0.0530892
4.786e-005,0.0528214
4.7864e-005,0.0538135
4.7868e-005,0.0533869
4.7872e-005,0.0527122
4.7876e-005,0.0537044
4.788e-005,0.0535307
4.7884e-005,0.0531587
4.7888e-005,0.0527718
4.7892e-005,0.0531488
4.7896e-005,0.0530694
4.79e-005,0.053377
4.7904e-005,0.05299
4.7908e-005,0.05299
4.7912e-005,0.0533522
4.7916e-005,0.052871
4.792e-005,0.0527271
4.7924e-005,0.0532728
4.7928e-005,0.0527321
4.7932e-005,0.0530248
4.7936e-005,0.0539077
4.794e-005,0.0531438
4.7944e-005,0.0533323
4.7948e-005,0.0541012
4.7952e-005,0.0533472
4.7956e-005,0.0526725
4.796e-005,0.0533968
4.7964e-005,0.0526031
4.7968e-005,0.0523451
4.7972e-005,0.0540367
4.7976e-005,0.0536696
4.798e-005,0.0533819
4.7984e-005,0.053243
4.7988e-005,0.0528114
4.7992e-005,0.0536349
4.7996e-005,0.0529007
4.8e-005,0.0524295
4.8004e-005,0.0527023
4.8008e-005,0.0533323
4.8012e-005,0.0523303
4.8016e-005,0.0530595
4.802e-005,0.0538135
4.8024e-005,0.052489
4.8028e-005,0.0526676
4.8032e-005,0.0539623
4.8036e-005,0.0527122
4.804e-005,0.053243
4.8044e-005,0.0529603
4.8048e-005,0.0529156
4.8052e-005,0.052866
4.8056e-005,0.0532133
4.806e-005,0.0531686
4.8064e-005,0.0535903
4.8068e-005,0.0539375
4.8072e-005,0.0512141
4.8076e-005,0.045316
4.808e-005,0.0408366
4.8084e-005,0.0382174
4.8088e-005,0.036377
4.8092e-005,0.0358859
4.8096e-005,0.0345366
4.81e-005,0.0251958
4.8104e-005,0.0207065
4.8108e-005,0.0198384
4.8112e-005,0.0182113
4.8116e-005,0.0181319
4.812e-005,0.0186627
4.8124e-005,0.00844885
4.8128e-005,0.00173221
4.8132e-005,0.000660721
4.8136e-005,5.0568e-005
4.814e-005,0.000913711
4.8144e-005,-0.000197462
4.8148e-005,-3.37621e-005
4.8152e-005,0.000864105
4.8156e-005,0.000725209
4.816e-005,-0.000827457
4.8164e-005,0.00932192
4.8168e-005,0.0191637
4.8172e-005,0.0235985
4.8176e-005,0.0282317
4.818e-005,0.032225
4.8184e-005,0.0353849
4.8188e-005,0.0379693
4.8192e-005,0.0400082
4.8196e-005,0.0411094
4.82e-005,0.0431879
4.8204e-005,0.0434855
4.8208e-005,0.0449241
4.8212e-005,0.0472804
4.8216e-005,0.0462387
4.822e-005,0.0479997
4.8224e-005,0.048962
4.8228e-005,0.0488231
4.8232e-005,0.0500335
4.8236e-005,0.0509165
4.824e-005,0.050599
4.8244e-005,0.0512637
4.8248e-005,0.0523551
4.8252e-005,0.0523551
4.8256e-005,0.0518193
4.826e-005,0.0532033
4.8264e-005,0.0529057
4.8268e-005,0.053501
4.8272e-005,0.0547758
4.8276e-005,0.0531835
4.828e-005,0.0537391
4.8284e-005,0.0556588
4.8288e-005,0.0545427
4.8292e-005,0.0540516
4.8296e-005,0.0555447
4.83e-005,0.0552967
4.8304e-005,0.0550983
4.8308e-005,0.0560259
4.8312e-005,0.0544385
4.8316e-005,0.0553215
4.832e-005,0.0557729
4.8324e-005,0.0556836
4.8328e-005,0.0557184
4.8332e-005,0.0565765
4.8336e-005,0.0563186
4.834e-005,0.0560606
4.8344e-005,0.0559763
4.8348e-005,0.0561053
4.8352e-005,0.0558176
4.8356e-005,0.0570577
4.836e-005,0.0563186
4.8364e-005,0.0562144
4.8368e-005,0.0566708
4.8372e-005,0.0559961
4.8376e-005,0.0563285
4.838e-005,0.0568543
4.8384e-005,0.0565765
4.8388e-005,0.057028
4.8392e-005,0.0570528
4.8396e-005,0.0566609
4.84e-005,0.0566757
4.8404e-005,0.0571321
4.8408e-005,0.057028
4.8412e-005,0.0572512
4.8416e-005,0.0574694
4.842e-005,0.0570031
4.8424e-005,0.0571371
4.8428e-005,0.0573206
4.8432e-005,0.0570676
4.8436e-005,0.056894
4.844e-005,0.0573752
4.8444e-005,0.0572561
4.8448e-005,0.0573256
4.8452e-005,0.057653
4.8456e-005,0.0571619
4.846e-005,0.0575339
4.8464e-005,0.0572809
4.8468e-005,0.0573802
4.8472e-005,0.0569039
4.8476e-005,0.0573305
4.848e-005,0.0568841
4.8484e-005,0.0574298
4.8488e-005,0.0576927
4.8492e-005,0.0570131
4.8496e-005,0.0572512
4.85e-005,0.0576579
4.8504e-005,0.0570031
4.8508e-005,0.0570974
4.8512e-005,0.0569833
4.8516e-005,0.0573057
4.852e-005,0.0575538
4.8524e-005,0.057271
4.8528e-005,0.0575042
4.8532e-005,0.0573305
4.8536e-005,0.0578216
4.854e-005,0.0572958
4.8544e-005,0.0572115
4.8548e-005,0.0574893
4.8552e-005,0.0576976
4.8556e-005,0.0572313
4.856e-005,0.0577224
4.8564e-005,0.057152
4.8568e-005,0.0574
4.8572e-005,0.0576728
4.8576e-005,0.057772
4.858e-005,0.0577621
4.8584e-005,0.0578266
4.8588e-005,0.0575042
4.8592e-005,0.0573008
4.8596e-005,0.057653
4.86e-005,0.0573901
4.8604e-005,0.0570528
4.8608e-005,0.0578861
4.8612e-005,0.057529
4.8616e-005,0.056894
4.862e-005,0.0573057
4.8624e-005,0.0574248
4.8628e-005,0.0572958
4.8632e-005,0.0577373
4.8636e-005,0.0573157
4.864e-005,0.0573553
4.8644e-005,0.057405
4.8648e-005,0.0568742
4.8652e-005,0.0569982
4.8656e-005,0.0578018
4.866e-005,0.0575488
4.8664e-005,0.0575736
4.8668e-005,0.0578464
4.8672e-005,0.0573752
4.8676e-005,0.0572165
4.868e-005,0.0578613
4.8684e-005,0.0574347
4.8688e-005,0.0570924
4.8692e-005,0.0579556
4.8696e-005,0.0575687
4.87e-005,0.0575637
4.8704e-005,0.0573256
4.8708e-005,0.0571867
4.8712e-005,0.0568097
4.8716e-005,0.0577869
4.872e-005,0.0573355
4.8724e-005,0.0571371
4.8728e-005,0.0576679
4.8732e-005,0.0575885
4.8736e-005,0.0573107
4.874e-005,0.0574446
4.8744e-005,0.057405
4.8748e-005,0.0574893
4.8752e-005,0.0577522
4.8756e-005,0.057147
4.876e-005,0.0574942
4.8764e-005,0.0572809
4.8768e-005,0.0569883
4.8772e-005,0.0574099
4.8776e-005,0.0577224
4.878e-005,0.0576728
4.8784e-005,0.0576133
4.8788e-005,0.0577026
4.8792e-005,0.0572512
4.8796e-005,0.0570329
4.88e-005,0.0581342
4.8804e-005,0.0576431
4.8808e-005,0.0572214
4.8812e-005,0.0576232
4.8816e-005,0.0576927
4.882e-005,0.0570776
4.8824e-005,0.0579457
4.8828e-005,0.0577869
4.8832e-005,0.0571272
4.8836e-005,0.0578564
4.884e-005,0.0554455
4.8844e-005,0.0474143
4.8848e-005,0.0430936
4.8852e-005,0.0394377
4.8856e-005,0.0373741
4.886e-005,0.0371757
4.8864e-005,0.034735
4.8868e-005,0.0259697
4.8872e-005,0.0208156
4.8876e-005,0.0198334
4.888e-005,0.0195903
4.8884e-005,0.0191737
4.8888e-005,0.0183304
4.8892e-005,0.00799744
4.8896e-005,0.00198024
4.89e-005,0.000591273
4.8904e-005,-0.000321477
4.8908e-005,0.000437494
4.8912e-005,0.000824421
4.8916e-005,-0.000212343
4.892e-005,0.00150898
4.8924e-005,1.08833e-005
4.8928e-005,-0.000385964
4.8932e-005,0.0102942
4.8936e-005,0.0188859
4.894e-005,0.0208107
4.8944e-005,0.0228247
4.8948e-005,0.0243674
4.8952e-005,0.0255679
4.8956e-005,0.0274281
4.896e-005,0.0289163
4.8964e-005,0.0293578
4.8968e-005,0.0309551
4.8972e-005,0.0311535
4.8976e-005,0.0310394
4.898e-005,0.0332171
4.8984e-005,0.0334155
4.8988e-005,0.033485
4.8992e-005,0.0346557
4.8996e-005,0.0339413
4.9e-005,0.0338223
4.9004e-005,0.0353254
4.9008e-005,0.0345813
4.9012e-005,0.0350922
4.9016e-005,0.0350327
4.902e-005,0.0347797
4.9024e-005,0.0346309
4.9028e-005,0.0352361
4.9032e-005,0.0355337
4.9036e-005,0.0347598
4.904e-005,0.0360099
4.9044e-005,0.0350128
4.9048e-005,0.0346557
4.9052e-005,0.0348094
4.9056e-005,0.0350624
4.906e-005,0.034363
4.9064e-005,0.0351914
4.9068e-005,0.0351617
4.9072e-005,0.0349037
4.9076e-005,0.0348442
4.908e-005,0.0346954
4.9084e-005,0.0354593
4.9088e-005,0.0353154
4.9092e-005,0.0351964
4.9096e-005,0.0347251
4.91e-005,0.0355783
4.9104e-005,0.0350624
4.9108e-005,0.0344969
4.9112e-005,0.0351021
4.9116e-005,0.0351517
4.912e-005,0.0346209
4.9124e-005,0.0357817
4.9128e-005,0.0357172
4.9132e-005,0.0345019
4.9136e-005,0.0354444
4.914e-005,0.0352261
4.9144e-005,0.0348343
4.9148e-005,0.0354345
4.9152e-005,0.0345614
4.9156e-005,0.0347846
4.916e-005,0.0353055
4.9164e-005,0.0351418
4.9168e-005,0.0347747
4.9172e-005,0.0352162
4.9176e-005,0.0354196
4.918e-005,0.0341943
4.9184e-005,0.0346706
4.9188e-005,0.0340902
4.9192e-005,0.0341547
4.9196e-005,0.0352658
4.92e-005,0.0345912
4.9204e-005,0.0339413
4.9208e-005,0.0344572
4.9212e-005,0.0350426
4.9216e-005,0.0337132
4.922e-005,0.0348987
4.9224e-005,0.0346706
4.9228e-005,0.0333907
4.9232e-005,0.0341199
4.9236e-005,0.0344027
4.924e-005,0.0341695
4.9244e-005,0.0347946
4.9248e-005,0.0343134
4.9252e-005,0.033991
4.9256e-005,0.0349285
4.926e-005,0.0340505
4.9264e-005,0.0339265
4.9268e-005,0.0348987
4.9272e-005,0.034611
4.9276e-005,0.034115
4.928e-005,0.0342043
4.9284e-005,0.0343184
4.9288e-005,0.0338322
4.9292e-005,0.0342836
4.9296e-005,0.0344424
4.93e-005,0.0342489
4.9304e-005,0.0349285
4.9308e-005,0.0336487
4.9312e-005,0.0341943
4.9316e-005,0.0344374
4.932e-005,0.0342935
4.9324e-005,0.0345465
4.9328e-005,0.0343283
4.9332e-005,0.0345118
4.9336e-005,0.0345614
4.934e-005,0.0346805
4.9344e-005,0.0344126
4.9348e-005,0.0340505
4.9352e-005,0.0347549
4.9356e-005,0.0345614
4.936e-005,0.0340505
4.9364e-005,0.0344771
4.9368e-005,0.0346755
4.9372e-005,0.0344424
4.9376e-005,0.0348194
4.938e-005,0.0350773
4.9384e-005,0.0344027
4.9388e-005,0.0354345
4.9392e-005,0.0345961
4.9396e-005,0.034234
4.94e-005,0.0351765
4.9404e-005,0.0346011
4.9408e-005,0.0335098
4.9412e-005,0.0350773
4.9416e-005,0.0346954
4.942e-005,0.0337826
4.9424e-005,0.0353799
4.9428e-005,0.0341398
4.9432e-005,0.0343035
4.9436e-005,0.034988
4.944e-005,0.0341447
4.9444e-005,0.0341398
4.9448e-005,0.0356974
4.9452e-005,0.0347499
4.9456e-005,0.0340257
4.946e-005,0.0358413
4.9464e-005,0.0344275
4.9468e-005,0.0339215
4.9472e-005,0.034616
4.9476e-005,0.0343779
4.948e-005,0.0334502
4.9484e-005,0.0344622
4.9488e-005,0.0344424
4.9492e-005,0.034115
4.9496e-005,0.0338967
4.95e-005,0.0344572
4.9504e-005,0.0341646
4.9508e-005,0.0346061
4.9512e-005,0.0346507
4.9516e-005,0.0341497
4.952e-005,0.0346606
4.9524e-005,0.034363
4.9528e-005,0.0344523
4.9532e-005,0.0346507
4.9536e-005,0.0341894
4.954e-005,0.0345118
4.9544e-005,0.0350624
4.9548e-005,0.0342439
4.9552e-005,0.0342787
4.9556e-005,0.0341547
4.956e-005,0.0352757
4.9564e-005,0.0341695
4.9568e-005,0.0341795
4.9572e-005,0.0347747
4.9576e-005,0.0342489
4.958e-005,0.0345069
4.9584e-005,0.0344969
4.9588e-005,0.0346309
4.9592e-005,0.0345465
4.9596e-005,0.0346209
4.96e-005,0.0344821
4.9604e-005,0.0341497
4.9608e-005,0.0339959
4.9612e-005,0.0329443
4.9616e-005,0.031843
4.962e-005,0.0318877
4.9624e-005,0.0312973
4.9628e-005,0.0323242
4.9632e-005,0.0318629
4.9636e-005,0.0230628
4.964e-005,0.0195011
4.9644e-005,0.0195755
4.9648e-005,0.0189058
4.9652e-005,0.0186677
4.9656e-005,0.0182063
4.966e-005,0.00761547
4.9664e-005,0.00215386
4.9668e-005,0.00098316
4.9672e-005,-0.000792733
4.9676e-005,0.000789697
4.968e-005,0.000616076
4.9684e-005,0.000194425
4.9688e-005,0.00117166
4.9692e-005,-0.000157777
4.9696e-005,-0.000336358
4.97e-005,0.00988247
4.9704e-005,0.0192481
4.9708e-005,0.0215498
4.9712e-005,0.0248684
4.9716e-005,0.0279589
4.972e-005,0.0299183
4.9724e-005,0.0317438
4.9728e-005,0.0332865
4.9732e-005,0.0344473
4.9736e-005,0.0354642
4.974e-005,0.0364464
4.9744e-005,0.0383464
4.9748e-005,0.0390756
4.9752e-005,0.0390904
4.9756e-005,0.0399536
4.976e-005,0.0405985
4.9764e-005,0.0409011
4.9768e-005,0.040787
4.9772e-005,0.0425331
4.9776e-005,0.0420718
4.978e-005,0.0426174
4.9784e-005,0.0438824
4.9788e-005,0.0435451
4.9792e-005,0.0433615
4.9796e-005,0.0447753
4.98e-005,0.0437286
4.9804e-005,0.0435897
4.9808e-005,0.0442743
4.9812e-005,0.0437732
4.9816e-005,0.0438477
4.982e-005,0.0449142
4.9824e-005,0.0438228
4.9828e-005,0.0445521
4.9832e-005,0.0450035
4.9836e-005,0.0443735
4.984e-005,0.0442197
4.9844e-005,0.0451821
4.9848e-005,0.0439667
4.9852e-005,0.0444429
4.9856e-005,0.0454251
4.986e-005,0.044309
4.9864e-005,0.0439717
4.9868e-005,0.0449638
4.9872e-005,0.0437187
4.9876e-005,0.04355
4.988e-005,0.0453904
4.9884e-005,0.0443139
4.9888e-005,0.0446513
4.9892e-005,0.045445
4.9896e-005,0.0442594
4.99e-005,0.0443437
4.9904e-005,0.0449836
4.9908e-005,0.0442693
4.9912e-005,0.0445719
4.9916e-005,0.0458517
4.992e-005,0.0446265
4.9924e-005,0.0444082
4.9928e-005,0.0452813
4.9932e-005,0.0439766
4.9936e-005,0.0438179
4.994e-005,0.0454053
4.9944e-005,0.0444032
4.9948e-005,0.0442247
4.9952e-005,0.0453854
4.9956e-005,0.0438625
4.996e-005,0.0441354
4.9964e-005,0.045187
4.9968e-005,0.0441304
4.9972e-005,0.0441106
4.9976e-005,0.0455839
4.998e-005,0.0445223
4.9984e-005,0.0441751
4.9988e-005,0.0451622
4.9992e-005,0.0445719
4.9996e-005,0.0439667
5e-005,0.0454846
5.0004e-005,0.0447406
5.0008e-005,0.0443288
5.0012e-005,0.0447753
5.0016e-005,0.0444231
5.002e-005,0.0442395
5.0024e-005,0.0449489
5.0028e-005,0.044805
5.0032e-005,0.0441751
5.0036e-005,0.0455243
5.004e-005,0.0447505
5.0044e-005,0.0446662
5.0048e-005,0.0454648
5.0052e-005,0.044056
5.0056e-005,0.0443437
5.006e-005,0.044815
5.0064e-005,0.0442544
5.0068e-005,0.0450283
5.0072e-005,0.044815
5.0076e-005,0.0446513
5.008e-005,0.0445669
5.0084e-005,0.0456335
5.0088e-005,0.0433615
5.0092e-005,0.0450184
5.0096e-005,0.0456186
5.01e-005,0.0448646
5.0104e-005,0.0446066
5.0108e-005,0.0452118
5.0112e-005,0.0442693
5.0116e-005,0.0440064
5.012e-005,0.0449489
5.0124e-005,0.0441899
5.0128e-005,0.0440064
5.0132e-005,0.0447554
5.0136e-005,0.0435947
5.014e-005,0.0437236
5.0144e-005,0.044438
5.0148e-005,0.0436988
5.0152e-005,0.0440362
5.0156e-005,0.0450531
5.016e-005,0.0445719
5.0164e-005,0.0434657
5.0168e-005,0.0452317
5.0172e-005,0.0440014
5.0176e-005,0.042925
5.018e-005,0.0450184
5.0184e-005,0.0435699
5.0188e-005,0.0438774
5.0192e-005,0.0449638
5.0196e-005,0.044681
5.02e-005,0.0438675
5.0204e-005,0.0449439
5.0208e-005,0.0442991
5.0212e-005,0.0436046
5.0216e-005,0.0451821
5.022e-005,0.0441949
5.0224e-005,0.044304
5.0228e-005,0.0444677
5.0232e-005,0.044309
5.0236e-005,0.0442544
5.024e-005,0.0445818
5.0244e-005,0.0444032
5.0248e-005,0.0445471
5.0252e-005,0.0448993
5.0256e-005,0.0447852
5.026e-005,0.0438923
5.0264e-005,0.0449836
5.0268e-005,0.0443983
5.0272e-005,0.043803
5.0276e-005,0.0448993
5.028e-005,0.0442247
5.0284e-005,0.0441552
5.0288e-005,0.044934
5.0292e-005,0.04418
5.0296e-005,0.044428
5.03e-005,0.044309
5.0304e-005,0.0439469
5.0308e-005,0.0444132
5.0312e-005,0.0454797
5.0316e-005,0.0437732
5.032e-005,0.0439369
5.0324e-005,0.0452168
5.0328e-005,0.044691
5.0332e-005,0.0443884
5.0336e-005,0.0442247
5.034e-005,0.044433
5.0344e-005,0.0437782
5.0348e-005,0.0447703
5.0352e-005,0.043674
5.0356e-005,0.0435351
5.036e-005,0.0445124
5.0364e-005,0.0447554
5.0368e-005,0.0443983
5.0372e-005,0.0445273
5.0376e-005,0.042414
5.038e-005,0.0394178
5.0384e-005,0.0372302
5.0388e-005,0.036124
5.0392e-005,0.0345267
5.0396e-005,0.0342687
5.04e-005,0.0333858
5.0404e-005,0.0243575
5.0408e-005,0.0198086
5.0412e-005,0.0196052
5.0416e-005,0.019511
5.042e-005,0.0183998
5.0424e-005,0.0179682
5.0428e-005,0.00836452
5.0432e-005,0.00157843
5.0436e-005,0.00108733
5.044e-005,-0.000187541
5.0444e-005,0.00133536
5.0448e-005,-3.37621e-005
5.0452e-005,0.000546627
5.0456e-005,0.00137505
5.046e-005,-0.000137935
5.0464e-005,-0.000703442
5.0468e-005,0.010324
5.0472e-005,0.0193919
5.0476e-005,0.0230082
5.048e-005,0.0271205
5.0484e-005,0.0308112
5.0488e-005,0.0320613
5.0492e-005,0.0347648
5.0496e-005,0.0375477
5.05e-005,0.0382471
5.0504e-005,0.0406878
5.0508e-005,0.040777
5.0512e-005,0.042796
5.0516e-005,0.0437336
5.052e-005,0.0441701
5.0524e-005,0.0456186
5.0528e-005,0.0467893
5.0532e-005,0.0455987
5.0536e-005,0.0477318
5.054e-005,0.0487487
5.0544e-005,0.0483866
5.0548e-005,0.0485701
5.0552e-005,0.049592
5.0556e-005,0.0498103
5.056e-005,0.0501228
5.0564e-005,0.0501228
5.0568e-005,0.0499095
5.0572e-005,0.0498599
5.0576e-005,0.0511447
5.058e-005,0.0503609
5.0584e-005,0.0507429
5.0588e-005,0.0514622
5.0592e-005,0.051611
5.0596e-005,0.0513481
5.06e-005,0.0519037
5.0604e-005,0.0520426
5.0608e-005,0.0517152
5.0612e-005,0.0522112
5.0616e-005,0.0528362
5.062e-005,0.051606
5.0624e-005,0.0524543
5.0628e-005,0.0521566
5.0632e-005,0.0523948
5.0636e-005,0.0528462
5.064e-005,0.0519384
5.0644e-005,0.0524394
5.0648e-005,0.0518541
5.0652e-005,0.0523253
5.0656e-005,0.0519781
5.066e-005,0.0528859
5.0664e-005,0.0522807
5.0668e-005,0.0522757
5.0672e-005,0.0526527
5.0676e-005,0.0523005
5.068e-005,0.0526229
5.0684e-005,0.0531736
5.0688e-005,0.0519781
5.0692e-005,0.0519731
5.0696e-005,0.0532381
5.07e-005,0.0527718
5.0704e-005,0.0524146
5.0708e-005,0.0537688
5.0712e-005,0.0517945
5.0716e-005,0.0513332
5.072e-005,0.0533373
5.0724e-005,0.0524493
5.0728e-005,0.0526577
5.0732e-005,0.0530099
5.0736e-005,0.0527966
5.074e-005,0.0530595
5.0744e-005,0.052742
5.0748e-005,0.053119
5.0752e-005,0.0526378
5.0756e-005,0.0535704
5.076e-005,0.0521467
5.0764e-005,0.0523799
5.0768e-005,0.0526676
5.0772e-005,0.0525337
5.0776e-005,0.0525287
5.078e-005,0.0529355
5.0784e-005,0.052871
5.0788e-005,0.0523253
5.0792e-005,0.0527271
5.0796e-005,0.0523451
5.08e-005,0.0522211
5.0804e-005,0.0530297
5.0808e-005,0.0526477
5.0812e-005,0.0525981
5.0816e-005,0.0529156
5.082e-005,0.0517499
5.0824e-005,0.0527916
5.0828e-005,0.0531488
5.0832e-005,0.0526775
5.0836e-005,0.0530396
5.084e-005,0.0529255
5.0844e-005,0.0527271
5.0848e-005,0.0528313
5.0852e-005,0.0533522
5.0856e-005,0.0526279
5.086e-005,0.0520227
5.0864e-005,0.053625
5.0868e-005,0.0521666
5.0872e-005,0.0530347
5.0876e-005,0.0531934
5.088e-005,0.0533918
5.0884e-005,0.0524642
5.0888e-005,0.0535605
5.0892e-005,0.0533075
5.0896e-005,0.0520773
5.09e-005,0.0530942
5.0904e-005,0.0526031
5.0908e-005,0.0530347
5.0912e-005,0.0532331
5.0916e-005,0.0533621
5.092e-005,0.0529801
5.0924e-005,0.0536349
5.0928e-005,0.0534117
5.0932e-005,0.0525981
5.0936e-005,0.0529206
5.094e-005,0.0533819
5.0944e-005,0.0524642
5.0948e-005,0.0531785
5.0952e-005,0.0529999
5.0956e-005,0.0521467
5.096e-005,0.0526874
5.0964e-005,0.0532728
5.0968e-005,0.0527569
5.0972e-005,0.0530843
5.0976e-005,0.0528611
5.098e-005,0.0524146
5.0984e-005,0.0529156
5.0988e-005,0.0532083
5.0992e-005,0.0529007
5.0996e-005,0.0527767
5.1e-005,0.0535456
5.1004e-005,0.0526924
5.1008e-005,0.0532133
5.1012e-005,0.0534216
5.1016e-005,0.0529553
5.102e-005,0.0533522
5.1024e-005,0.0537639
5.1028e-005,0.0534464
5.1032e-005,0.053124
5.1036e-005,0.052236
5.104e-005,0.0525436
5.1044e-005,0.0535704
5.1048e-005,0.0527569
5.1052e-005,0.0520227
5.1056e-005,0.0534414
5.106e-005,0.0527817
5.1064e-005,0.0525337
5.1068e-005,0.0528462
5.1072e-005,0.0531488
5.1076e-005,0.0529255
5.108e-005,0.0529503
5.1084e-005,0.0524989
5.1088e-005,0.0526725
5.1092e-005,0.0536696
5.1096e-005,0.0530248
5.11e-005,0.0531339
5.1104e-005,0.0532232
5.1108e-005,0.0528362
5.1112e-005,0.0526874
5.1116e-005,0.0535407
5.112e-005,0.0530942
5.1124e-005,0.0529305
5.1128e-005,0.0532281
5.1132e-005,0.052489
5.1136e-005,0.0535059
5.114e-005,0.0534414
5.1144e-005,0.0507627
5.1148e-005,0.0446165
5.1152e-005,0.040787
5.1156e-005,0.0380239
5.116e-005,0.0367094
5.1164e-005,0.0365506
5.1168e-005,0.0350426
5.1172e-005,0.0250172
5.1176e-005,0.0207859
5.118e-005,0.0190348
5.1184e-005,0.018881
5.1188e-005,0.01901
5.1192e-005,0.0183056
5.1196e-005,0.00908877
5.12e-005,0.0021241
5.1204e-005,0.000829381
5.1208e-005,-0.000485176
5.1212e-005,0.000918672
5.1216e-005,0.000680563
5.122e-005,0.00048214
5.1224e-005,0.00118158
5.1228e-005,0.000323401
5.1232e-005,-0.000529821
5.1236e-005,0.00979317
5.124e-005,0.0194663
5.1244e-005,0.0248436
5.1248e-005,0.0285343
5.1252e-005,0.0329889
5.1256e-005,0.036382
5.126e-005,0.0384356
