LECROYWR104MXi,20621,Waveform
Segments,1,SegmentSize,2501
Segment,TrigTime,TimeSinceSegment1
#1,21-May-2015 13:59:34,0                 
Time,Ampl
4.126e-005,0.0469034
4.1264e-005,0.0475731
4.1268e-005,0.0477963
4.1272e-005,0.047072
4.1276e-005,0.0476921
4.128e-005,0.0479649
4.1284e-005,0.0471564
4.1288e-005,0.047201
4.1292e-005,0.0482031
4.1296e-005,0.047206
4.13e-005,0.0480592
4.1304e-005,0.0481485
4.1308e-005,0.0479997
4.1312e-005,0.0472853
4.1316e-005,0.0475284
4.132e-005,0.0471117
4.1324e-005,0.0479451
4.1328e-005,0.0479649
4.1332e-005,0.0482725
4.1336e-005,0.0483965
4.134e-005,0.0479947
4.1344e-005,0.0475631
4.1348e-005,0.0476127
4.1352e-005,0.0474788
4.1356e-005,0.0478012
4.136e-005,0.0478657
4.1364e-005,0.0479203
4.1368e-005,0.0474044
4.1372e-005,0.0475631
4.1376e-005,0.0479302
4.138e-005,0.0470324
4.1384e-005,0.0481981
4.1388e-005,0.0484312
4.1392e-005,0.0474193
4.1396e-005,0.0478558
4.14e-005,0.0477219
4.1404e-005,0.0481286
4.1408e-005,0.0472754
4.1412e-005,0.0487884
4.1416e-005,0.0476872
4.142e-005,0.0481634
4.1424e-005,0.0479054
4.1428e-005,0.0474937
4.1432e-005,0.0474639
4.1436e-005,0.0479997
4.144e-005,0.0472804
4.1444e-005,0.0481882
4.1448e-005,0.04796
4.1452e-005,0.0474838
4.1456e-005,0.0479997
4.146e-005,0.0480096
4.1464e-005,0.0475532
4.1468e-005,0.0480691
4.1472e-005,0.0475235
4.1476e-005,0.0476425
4.148e-005,0.048332
4.1484e-005,0.048332
4.1488e-005,0.0473647
4.1492e-005,0.0477864
4.1496e-005,0.0481882
4.15e-005,0.0482279
4.1504e-005,0.0481683
4.1508e-005,0.0479153
4.1512e-005,0.0476574
4.1516e-005,0.0480344
4.152e-005,0.0487438
4.1524e-005,0.0474143
4.1528e-005,0.0483767
4.1532e-005,0.0480691
4.1536e-005,0.0479253
4.154e-005,0.0478409
4.1544e-005,0.0479153
4.1548e-005,0.0483221
4.1552e-005,0.0476623
4.1556e-005,0.0483767
4.156e-005,0.0477318
4.1564e-005,0.0479501
4.1568e-005,0.0477814
4.1572e-005,0.0481882
4.1576e-005,0.0478657
4.158e-005,0.0482626
4.1584e-005,0.0478806
4.1588e-005,0.0483023
4.1592e-005,0.0479005
4.1596e-005,0.0481138
4.16e-005,0.0477268
4.1604e-005,0.0483023
4.1608e-005,0.0470572
4.1612e-005,0.0486892
4.1616e-005,0.0487338
4.162e-005,0.0479253
4.1624e-005,0.0482477
4.1628e-005,0.048079
4.1632e-005,0.0480394
4.1636e-005,0.0479997
4.164e-005,0.0467198
4.1644e-005,0.0423297
4.1648e-005,0.0388176
4.1652e-005,0.0370566
4.1656e-005,0.0365853
4.166e-005,0.0356279
4.1664e-005,0.0347896
4.1668e-005,0.0267981
4.1672e-005,0.0205279
4.1676e-005,0.0198285
4.168e-005,0.018876
4.1684e-005,0.0192034
4.1688e-005,0.0192927
4.1692e-005,0.00979814
4.1696e-005,0.00162308
4.17e-005,0.0022878
4.1704e-005,0.000248992
4.1708e-005,0.00057143
4.1712e-005,0.000586312
4.1716e-005,0.000184504
4.172e-005,0.000695445
4.1724e-005,0.000918672
4.1728e-005,-0.000807615
4.1732e-005,0.00808177
4.1736e-005,0.0192084
4.174e-005,0.0225915
4.1744e-005,0.0263169
4.1748e-005,0.0309154
4.1752e-005,0.0344473
4.1756e-005,0.0359802
4.176e-005,0.0388573
4.1764e-005,0.039904
4.1768e-005,0.0415013
4.1772e-005,0.0418932
4.1776e-005,0.0438477
4.178e-005,0.0453557
4.1784e-005,0.045946
4.1788e-005,0.0463627
4.1792e-005,0.0476375
4.1796e-005,0.0478905
4.18e-005,0.0483469
4.1804e-005,0.0495771
4.1808e-005,0.0492993
4.1812e-005,0.0500831
4.1816e-005,0.0501823
4.182e-005,0.0502171
4.1824e-005,0.0507181
4.1828e-005,0.0510107
4.1832e-005,0.0514076
4.1836e-005,0.0513977
4.184e-005,0.0521219
4.1844e-005,0.0523898
4.1848e-005,0.0526974
4.1852e-005,0.052489
4.1856e-005,0.0522063
4.186e-005,0.0532529
4.1864e-005,0.053243
4.1868e-005,0.0532629
4.1872e-005,0.0533125
4.1876e-005,0.0526974
4.188e-005,0.0539077
4.1884e-005,0.0537837
4.1888e-005,0.0533075
4.1892e-005,0.0536845
4.1896e-005,0.0540417
4.19e-005,0.0542302
4.1904e-005,0.0539077
4.1908e-005,0.0538681
4.1912e-005,0.0545179
4.1916e-005,0.0543592
4.192e-005,0.0540516
4.1924e-005,0.0546518
4.1928e-005,0.0540466
4.1932e-005,0.0539077
4.1936e-005,0.0545526
4.194e-005,0.0549544
4.1944e-005,0.0540218
4.1948e-005,0.0548354
4.1952e-005,0.0546816
4.1956e-005,0.0538829
4.196e-005,0.0545129
4.1964e-005,0.0547758
4.1968e-005,0.0540318
4.1972e-005,0.0545824
4.1976e-005,0.0546072
4.198e-005,0.0549147
4.1984e-005,0.0544534
4.1988e-005,0.0548056
4.1992e-005,0.0544782
4.1996e-005,0.0550338
4.2e-005,0.0544484
4.2004e-005,0.0548403
4.2008e-005,0.0551528
4.2012e-005,0.0544187
4.2016e-005,0.0542649
4.202e-005,0.0543542
4.2024e-005,0.0550636
4.2028e-005,0.0548602
4.2032e-005,0.0546419
4.2036e-005,0.0546766
4.204e-005,0.0544435
4.2044e-005,0.0556043
4.2048e-005,0.0551231
4.2052e-005,0.0547758
4.2056e-005,0.0557233
4.206e-005,0.0552669
4.2064e-005,0.0553215
4.2068e-005,0.0553314
4.2072e-005,0.0544683
4.2076e-005,0.0545576
4.208e-005,0.0553662
4.2084e-005,0.0551231
4.2088e-005,0.0551429
4.2092e-005,0.0550487
4.2096e-005,0.0553314
4.21e-005,0.0547659
4.2104e-005,0.0548304
4.2108e-005,0.0547064
4.2112e-005,0.055009
4.2116e-005,0.0551032
4.212e-005,0.0548354
4.2124e-005,0.0553513
4.2128e-005,0.0558424
4.2132e-005,0.0549743
4.2136e-005,0.0550487
4.214e-005,0.05551
4.2144e-005,0.0547758
4.2148e-005,0.0552967
4.2152e-005,0.0556092
4.2156e-005,0.0549991
4.216e-005,0.0545576
4.2164e-005,0.0550338
4.2168e-005,0.0548056
4.2172e-005,0.0544782
4.2176e-005,0.0553165
4.218e-005,0.055262
4.2184e-005,0.0543542
4.2188e-005,0.0546617
4.2192e-005,0.0555993
4.2196e-005,0.0551826
4.22e-005,0.0553662
4.2204e-005,0.055004
4.2208e-005,0.0551082
4.2212e-005,0.0548651
4.2216e-005,0.0553413
4.222e-005,0.0548701
4.2224e-005,0.0550784
4.2228e-005,0.054756
4.2232e-005,0.0549098
4.2236e-005,0.0554306
4.224e-005,0.0543542
4.2244e-005,0.0553314
4.2248e-005,0.0552471
4.2252e-005,0.0550983
4.2256e-005,0.0547858
4.226e-005,0.0551231
4.2264e-005,0.0555646
4.2268e-005,0.0554951
4.2272e-005,0.0544236
4.2276e-005,0.055505
4.228e-005,0.0550338
4.2284e-005,0.0544435
4.2288e-005,0.0552223
4.2292e-005,0.0551032
4.2296e-005,0.0551528
4.23e-005,0.055262
4.2304e-005,0.0544881
4.2308e-005,0.0549792
4.2312e-005,0.0547957
4.2316e-005,0.0548254
4.232e-005,0.0550636
4.2324e-005,0.0552025
4.2328e-005,0.0548254
4.2332e-005,0.0554257
4.2336e-005,0.0545973
4.234e-005,0.0549395
4.2344e-005,0.05551
4.2348e-005,0.0547163
4.2352e-005,0.0546121
4.2356e-005,0.0548403
4.236e-005,0.0550437
4.2364e-005,0.054751
4.2368e-005,0.054632
4.2372e-005,0.0554257
4.2376e-005,0.0550884
4.238e-005,0.0553662
4.2384e-005,0.0549693
4.2388e-005,0.0547709
4.2392e-005,0.055262
4.2396e-005,0.0555596
4.24e-005,0.0558672
4.2404e-005,0.0550388
4.2408e-005,0.0547064
4.2412e-005,0.0473548
4.2416e-005,0.0417096
4.242e-005,0.0382521
4.2424e-005,0.0367441
4.2428e-005,0.0366449
4.2432e-005,0.0356279
4.2436e-005,0.0264409
4.244e-005,0.0211877
4.2444e-005,0.020642
4.2448e-005,0.0207263
4.2452e-005,0.0192381
4.2456e-005,0.0186627
4.246e-005,0.010443
4.2464e-005,0.00154371
4.2468e-005,0.00136513
4.2472e-005,6.54498e-005
4.2476e-005,0.000447416
4.248e-005,0.00133536
4.2484e-005,-0.000291713
4.2488e-005,0.000685524
4.2492e-005,0.000561509
4.2496e-005,-0.000589349
4.25e-005,0.00857287
4.2504e-005,0.0200467
4.2508e-005,0.0241541
4.2512e-005,0.028703
4.2516e-005,0.0337975
4.252e-005,0.0369475
4.2524e-005,0.0382967
4.2528e-005,0.0407225
4.2532e-005,0.0420817
4.2536e-005,0.0435451
4.254e-005,0.0448497
4.2544e-005,0.0459757
4.2548e-005,0.0471564
4.2552e-005,0.0473994
4.2556e-005,0.0492001
4.256e-005,0.0504849
4.2564e-005,0.0504056
4.2568e-005,0.0511645
4.2572e-005,0.0516854
4.2576e-005,0.0514622
4.258e-005,0.0522013
4.2584e-005,0.053248
4.2588e-005,0.0533075
4.2592e-005,0.0532926
4.2596e-005,0.0540665
4.26e-005,0.0541558
4.2604e-005,0.0550636
4.2608e-005,0.0549197
4.2612e-005,0.0551578
4.2616e-005,0.0548751
4.262e-005,0.0557779
4.2624e-005,0.0560259
4.2628e-005,0.0560954
4.2632e-005,0.0555844
4.2636e-005,0.056135
4.264e-005,0.0557531
4.2644e-005,0.0569535
4.2648e-005,0.0566757
4.2652e-005,0.0563732
4.2656e-005,0.0562789
4.266e-005,0.0571073
4.2664e-005,0.0567502
4.2668e-005,0.0570676
4.2672e-005,0.0575091
4.2676e-005,0.057271
4.268e-005,0.0578266
4.2684e-005,0.0573553
4.2688e-005,0.0577026
4.2692e-005,0.0572859
4.2696e-005,0.0578812
4.27e-005,0.0574298
4.2704e-005,0.0578266
4.2708e-005,0.0581242
4.2712e-005,0.0575687
4.2716e-005,0.0580846
4.272e-005,0.0579953
4.2724e-005,0.0582284
4.2728e-005,0.0581987
4.2732e-005,0.0578167
4.2736e-005,0.0581193
4.274e-005,0.0582582
4.2744e-005,0.0582929
4.2748e-005,0.0582383
4.2752e-005,0.0582036
4.2756e-005,0.0581639
4.276e-005,0.0578464
4.2764e-005,0.0584516
4.2768e-005,0.0582929
4.2772e-005,0.0578266
4.2776e-005,0.0584566
4.278e-005,0.058655
4.2784e-005,0.0580994
4.2788e-005,0.0579109
4.2792e-005,0.0584268
4.2796e-005,0.0583028
4.28e-005,0.0583326
4.2804e-005,0.0580796
4.2808e-005,0.0578911
4.2812e-005,0.0580945
4.2816e-005,0.0583078
4.282e-005,0.058159
4.2824e-005,0.0582681
4.2828e-005,0.0588386
4.2832e-005,0.0577968
4.2836e-005,0.0580449
4.284e-005,0.0582532
4.2844e-005,0.0579209
4.2848e-005,0.0583177
4.2852e-005,0.0586451
4.2856e-005,0.0578961
4.286e-005,0.0578911
4.2864e-005,0.0578464
4.2868e-005,0.057901
4.2872e-005,0.058159
4.2876e-005,0.0580101
4.288e-005,0.0575587
4.2884e-005,0.0585459
4.2888e-005,0.0579308
4.2892e-005,0.0577423
4.2896e-005,0.0583673
4.29e-005,0.0579903
4.2904e-005,0.0582631
4.2908e-005,0.058035
4.2912e-005,0.058412
4.2916e-005,0.0583078
4.292e-005,0.0583326
4.2924e-005,0.0584665
4.2928e-005,0.0581143
4.2932e-005,0.0582582
4.2936e-005,0.0579109
4.294e-005,0.0581887
4.2944e-005,0.0581292
4.2948e-005,0.0585608
4.2952e-005,0.0583326
4.2956e-005,0.0579605
4.296e-005,0.0578812
4.2964e-005,0.0580498
4.2968e-005,0.0581292
4.2972e-005,0.058283
4.2976e-005,0.0580598
4.298e-005,0.0579357
4.2984e-005,0.0584913
4.2988e-005,0.0583872
4.2992e-005,0.0582036
4.2996e-005,0.0579705
4.3e-005,0.0581639
4.3004e-005,0.0584814
4.3008e-005,0.0578117
4.3012e-005,0.0580746
4.3016e-005,0.058412
4.302e-005,0.058526
4.3024e-005,0.0578018
4.3028e-005,0.0584616
4.3032e-005,0.0577522
4.3036e-005,0.0581689
4.304e-005,0.0582879
4.3044e-005,0.0580945
4.3048e-005,0.0584467
4.3052e-005,0.0583326
4.3056e-005,0.0581441
4.306e-005,0.0580598
4.3064e-005,0.0577522
4.3068e-005,0.0577919
4.3072e-005,0.0581639
4.3076e-005,0.0578117
4.308e-005,0.0581242
4.3084e-005,0.05803
4.3088e-005,0.058526
4.3092e-005,0.0582433
4.3096e-005,0.0580548
4.31e-005,0.0583375
4.3104e-005,0.0583375
4.3108e-005,0.057901
4.3112e-005,0.0581689
4.3116e-005,0.0582582
4.312e-005,0.0579804
4.3124e-005,0.058283
4.3128e-005,0.0580449
4.3132e-005,0.0578713
4.3136e-005,0.0583872
4.314e-005,0.0582235
4.3144e-005,0.0583475
4.3148e-005,0.0578713
4.3152e-005,0.058283
4.3156e-005,0.0580151
4.316e-005,0.0584219
4.3164e-005,0.0582681
4.3168e-005,0.0584219
4.3172e-005,0.0578961
4.3176e-005,0.0569337
4.318e-005,0.0505742
4.3184e-005,0.0428357
4.3188e-005,0.0401222
4.3192e-005,0.037255
4.3196e-005,0.0366548
4.32e-005,0.0354642
4.3204e-005,0.0261532
4.3208e-005,0.0215051
4.3212e-005,0.0203096
4.3216e-005,0.018757
4.322e-005,0.0190695
4.3224e-005,0.0183849
4.3228e-005,0.0106216
4.3232e-005,0.00201
4.3236e-005,0.00163796
4.324e-005,-0.000341319
4.3244e-005,0.000209307
4.3248e-005,0.000913711
4.3252e-005,0.000303558
4.3256e-005,0.00119647
4.326e-005,0.000814499
4.3264e-005,-0.000460373
4.3268e-005,0.0081661
4.3272e-005,0.0188859
4.3276e-005,0.0211827
4.328e-005,0.0232463
4.3284e-005,0.0260292
4.3288e-005,0.0268675
4.3292e-005,0.0282218
4.3296e-005,0.0308608
4.33e-005,0.0320067
4.3304e-005,0.0325573
4.3308e-005,0.032721
4.3312e-005,0.0347797
4.3316e-005,0.035747
4.332e-005,0.0358016
4.3324e-005,0.036501
4.3328e-005,0.0368879
4.3332e-005,0.0367887
4.3336e-005,0.0376519
4.334e-005,0.0379495
4.3344e-005,0.0375675
4.3348e-005,0.0375477
4.3352e-005,0.0383067
4.3356e-005,0.0381876
4.336e-005,0.0377461
4.3364e-005,0.0384406
4.3368e-005,0.038639
4.3372e-005,0.0378503
4.3376e-005,0.0386489
4.338e-005,0.0391549
4.3384e-005,0.0385001
4.3388e-005,0.0385299
4.3392e-005,0.0386886
4.3396e-005,0.0385646
4.34e-005,0.0385696
4.3404e-005,0.0395022
4.3408e-005,0.0383364
4.3412e-005,0.0388771
4.3416e-005,0.0383414
4.342e-005,0.0385448
4.3424e-005,0.038014
4.3428e-005,0.0383612
4.3432e-005,0.0389416
4.3436e-005,0.0389218
4.344e-005,0.0381628
4.3444e-005,0.0384555
4.3448e-005,0.0385051
4.3452e-005,0.0386241
4.3456e-005,0.0378602
4.346e-005,0.0379346
4.3464e-005,0.0378999
4.3468e-005,0.0383216
4.3472e-005,0.0380785
4.3476e-005,0.0384307
4.348e-005,0.0381082
4.3484e-005,0.0382471
4.3488e-005,0.037761
4.3492e-005,0.0384009
4.3496e-005,0.0385448
4.35e-005,0.0384208
4.3504e-005,0.0384753
4.3508e-005,0.0384952
4.3512e-005,0.0384059
4.3516e-005,0.0374038
4.352e-005,0.0385249
4.3524e-005,0.0378999
4.3528e-005,0.0382323
4.3532e-005,0.0379297
4.3536e-005,0.038014
4.354e-005,0.0380239
4.3544e-005,0.0383712
4.3548e-005,0.0381827
4.3552e-005,0.0379247
4.3556e-005,0.0380785
4.356e-005,0.0379892
4.3564e-005,0.0379942
4.3568e-005,0.0380686
4.3572e-005,0.0382075
4.3576e-005,0.0377263
4.358e-005,0.0378106
4.3584e-005,0.0380983
4.3588e-005,0.0379743
4.3592e-005,0.0378801
4.3596e-005,0.0376816
4.36e-005,0.0378255
4.3604e-005,0.0381231
4.3608e-005,0.0383265
4.3612e-005,0.0375328
4.3616e-005,0.038391
4.362e-005,0.0382273
4.3624e-005,0.0376916
4.3628e-005,0.0379346
4.3632e-005,0.0380041
4.3636e-005,0.037885
4.364e-005,0.0379644
4.3644e-005,0.0385249
4.3648e-005,0.0377114
4.3652e-005,0.0376419
4.3656e-005,0.0377709
4.366e-005,0.0378602
4.3664e-005,0.0380586
4.3668e-005,0.0381678
4.3672e-005,0.037885
4.3676e-005,0.0383464
4.368e-005,0.0381579
4.3684e-005,0.0381678
4.3688e-005,0.0381231
4.3692e-005,0.0373592
4.3696e-005,0.0380338
4.37e-005,0.0384704
4.3704e-005,0.0384555
4.3708e-005,0.0380388
4.3712e-005,0.0382174
4.3716e-005,0.0380487
4.372e-005,0.0378354
4.3724e-005,0.0382174
4.3728e-005,0.0381926
4.3732e-005,0.0374634
4.3736e-005,0.0384803
4.374e-005,0.0380487
4.3744e-005,0.0372153
4.3748e-005,0.0380785
4.3752e-005,0.0381926
4.3756e-005,0.0378701
4.376e-005,0.0376568
4.3764e-005,0.0382323
4.3768e-005,0.0374882
4.3772e-005,0.038019
4.3776e-005,0.0384803
4.378e-005,0.0380983
4.3784e-005,0.0379148
4.3788e-005,0.038267
4.3792e-005,0.0375279
4.3796e-005,0.0384902
4.38e-005,0.0378999
4.3804e-005,0.0379743
4.3808e-005,0.0377064
4.3812e-005,0.0381231
4.3816e-005,0.0379594
4.382e-005,0.0386043
4.3824e-005,0.0381033
4.3828e-005,0.0377461
4.3832e-005,0.0381876
4.3836e-005,0.0379743
4.384e-005,0.037756
4.3844e-005,0.038014
4.3848e-005,0.0381827
4.3852e-005,0.037761
4.3856e-005,0.0376419
4.386e-005,0.037637
4.3864e-005,0.0378305
4.3868e-005,0.0375378
4.3872e-005,0.0377759
4.3876e-005,0.0381281
4.388e-005,0.0373642
4.3884e-005,0.038391
4.3888e-005,0.0378949
4.3892e-005,0.0379049
4.3896e-005,0.0378156
4.39e-005,0.0376023
4.3904e-005,0.0378453
4.3908e-005,0.0384505
4.3912e-005,0.0377064
4.3916e-005,0.0377759
4.392e-005,0.0379346
4.3924e-005,0.0381132
4.3928e-005,0.0379346
4.3932e-005,0.0383811
4.3936e-005,0.0385051
4.394e-005,0.037761
4.3944e-005,0.037002
4.3948e-005,0.0356329
4.3952e-005,0.034368
4.3956e-005,0.0339562
4.396e-005,0.0333808
4.3964e-005,0.0330038
4.3968e-005,0.0329393
4.3972e-005,0.0255679
4.3976e-005,0.0198334
4.398e-005,0.0198136
4.3984e-005,0.0191489
4.3988e-005,0.0191786
4.3992e-005,0.019129
4.3996e-005,0.00946081
4.4e-005,0.00153379
4.4004e-005,0.00186118
4.4008e-005,-0.000296674
4.4012e-005,0.000353164
4.4016e-005,0.00065576
4.402e-005,0.000283716
4.4024e-005,0.000382928
4.4028e-005,0.00081946
4.4032e-005,-0.000247068
4.4036e-005,0.00796272
4.404e-005,0.0191687
4.4044e-005,0.0218821
4.4048e-005,0.0245509
4.4052e-005,0.0287823
4.4056e-005,0.0309501
4.406e-005,0.0324284
4.4064e-005,0.0347896
4.4068e-005,0.0356875
4.4072e-005,0.0374981
4.4076e-005,0.0384555
4.408e-005,0.0397502
4.4084e-005,0.0406927
4.4088e-005,0.0410995
4.4092e-005,0.0418783
4.4096e-005,0.042548
4.41e-005,0.0436641
4.4104e-005,0.0437732
4.4108e-005,0.044691
4.4112e-005,0.0445421
4.4116e-005,0.0451771
4.412e-005,0.045688
4.4124e-005,0.0458914
4.4128e-005,0.0460849
4.4132e-005,0.0461891
4.4136e-005,0.0464371
4.414e-005,0.0463329
4.4144e-005,0.0461246
4.4148e-005,0.0465313
4.4152e-005,0.0465561
4.4156e-005,0.0473746
4.416e-005,0.0465165
4.4164e-005,0.0469133
4.4168e-005,0.0470224
4.4172e-005,0.0476425
4.4176e-005,0.0473548
4.418e-005,0.0472407
4.4184e-005,0.047578
4.4188e-005,0.0472903
4.4192e-005,0.0476177
4.4196e-005,0.0471812
4.42e-005,0.0466256
4.4204e-005,0.0475731
4.4208e-005,0.0467942
4.4212e-005,0.0474738
4.4216e-005,0.0473101
4.422e-005,0.0471316
4.4224e-005,0.0475532
4.4228e-005,0.0476276
4.4232e-005,0.0470423
4.4236e-005,0.047702
4.424e-005,0.0476326
4.4244e-005,0.0475879
4.4248e-005,0.0474094
4.4252e-005,0.0475929
4.4256e-005,0.0475135
4.426e-005,0.0474639
4.4264e-005,0.0476723
4.4268e-005,0.0471514
4.4272e-005,0.046953
4.4276e-005,0.0481882
4.428e-005,0.0475086
4.4284e-005,0.0480592
4.4288e-005,0.0475284
4.4292e-005,0.047583
4.4296e-005,0.0471961
4.43e-005,0.0479699
4.4304e-005,0.0476028
4.4308e-005,0.0477963
4.4312e-005,0.0478757
4.4316e-005,0.0477814
4.432e-005,0.0475582
4.4324e-005,0.0480493
4.4328e-005,0.0480394
4.4332e-005,0.0473349
4.4336e-005,0.047578
4.434e-005,0.0480691
4.4344e-005,0.047583
4.4348e-005,0.0477368
4.4352e-005,0.0474342
4.4356e-005,0.0476028
4.436e-005,0.0482874
4.4364e-005,0.0478608
4.4368e-005,0.0474986
4.4372e-005,0.0485404
4.4376e-005,0.0473349
4.438e-005,0.0471663
4.4384e-005,0.0479401
4.4388e-005,0.0476375
4.4392e-005,0.0467744
4.4396e-005,0.0480741
4.44e-005,0.0478707
4.4404e-005,0.0480741
4.4408e-005,0.0481634
4.4412e-005,0.0481088
4.4416e-005,0.0476574
4.442e-005,0.0481931
4.4424e-005,0.0476822
4.4428e-005,0.0466454
4.4432e-005,0.0476673
4.4436e-005,0.0473697
4.444e-005,0.0473796
4.4444e-005,0.0477169
4.4448e-005,0.0471663
4.4452e-005,0.0473598
4.4456e-005,0.0472754
4.446e-005,0.0471266
4.4464e-005,0.0470621
4.4468e-005,0.0478509
4.4472e-005,0.0466851
4.4476e-005,0.0470274
4.448e-005,0.0479501
4.4484e-005,0.0476078
4.4488e-005,0.0471663
4.4492e-005,0.0476673
4.4496e-005,0.0479897
4.45e-005,0.0469679
4.4504e-005,0.0478509
4.4508e-005,0.0479848
4.4512e-005,0.0474639
4.4516e-005,0.0483568
4.452e-005,0.0469282
4.4524e-005,0.0467595
4.4528e-005,0.0470671
4.4532e-005,0.0473548
4.4536e-005,0.0476375
4.454e-005,0.0474838
4.4544e-005,0.0476028
4.4548e-005,0.0473498
4.4552e-005,0.0480741
4.4556e-005,0.0475483
4.456e-005,0.0477913
4.4564e-005,0.0476028
4.4568e-005,0.047712
4.4572e-005,0.0466653
4.4576e-005,0.0473349
4.458e-005,0.0470224
4.4584e-005,0.0476623
4.4588e-005,0.0482874
4.4592e-005,0.0479253
4.4596e-005,0.0474094
4.46e-005,0.0475185
4.4604e-005,0.0476822
4.4608e-005,0.0474441
4.4612e-005,0.0474391
4.4616e-005,0.0473449
4.462e-005,0.0474044
4.4624e-005,0.0479749
4.4628e-005,0.0475582
4.4632e-005,0.0476127
4.4636e-005,0.0486892
4.464e-005,0.0482328
4.4644e-005,0.0480195
4.4648e-005,0.0481534
4.4652e-005,0.0475036
4.4656e-005,0.0472506
4.466e-005,0.0489372
4.4664e-005,0.0479649
4.4668e-005,0.047826
4.4672e-005,0.0479401
4.4676e-005,0.0476425
4.468e-005,0.0477814
4.4684e-005,0.0479749
4.4688e-005,0.0475582
4.4692e-005,0.0479649
4.4696e-005,0.0479005
4.47e-005,0.0483866
4.4704e-005,0.0476822
4.4708e-005,0.0473895
4.4712e-005,0.0471464
4.4716e-005,0.0418684
4.472e-005,0.0392988
4.4724e-005,0.0373691
4.4728e-005,0.0353998
4.4732e-005,0.0359702
4.4736e-005,0.0352162
4.474e-005,0.0265798
4.4744e-005,0.0212273
4.4748e-005,0.0193374
4.4752e-005,0.0187272
4.4756e-005,0.0189355
4.476e-005,0.0188959
4.4764e-005,0.0104529
4.4768e-005,0.0016578
4.4772e-005,0.00167764
4.4776e-005,-0.000629033
4.478e-005,0.000110095
4.4784e-005,0.00118158
4.4788e-005,0.000313479
4.4792e-005,0.000918672
4.4796e-005,0.000878987
4.48e-005,-0.000549664
4.4804e-005,0.00785358
4.4808e-005,0.0188413
4.4812e-005,0.0221699
4.4816e-005,0.0271503
4.482e-005,0.031848
4.4824e-005,0.0343184
4.4828e-005,0.0365209
4.4832e-005,0.0379346
4.4836e-005,0.0398593
4.484e-005,0.0414715
4.4844e-005,0.0424884
4.4848e-005,0.0432127
4.4852e-005,0.0454251
4.4856e-005,0.0457228
4.486e-005,0.0470869
4.4864e-005,0.0476127
4.4868e-005,0.0481386
4.4872e-005,0.0492597
4.4876e-005,0.0497855
4.488e-005,0.0502022
4.4884e-005,0.0500335
4.4888e-005,0.0506437
4.4892e-005,0.0512687
4.4896e-005,0.0506982
4.49e-005,0.0518789
4.4904e-005,0.0521418
4.4908e-005,0.0523749
4.4912e-005,0.0518292
4.4916e-005,0.0525634
4.492e-005,0.0526874
4.4924e-005,0.0527172
4.4928e-005,0.0521715
4.4932e-005,0.0532133
4.4936e-005,0.0534464
4.494e-005,0.0537639
4.4944e-005,0.0528065
4.4948e-005,0.0530099
4.4952e-005,0.0533621
4.4956e-005,0.0536349
4.496e-005,0.0533323
4.4964e-005,0.0539425
4.4968e-005,0.0536597
4.4972e-005,0.0541062
4.4976e-005,0.053997
4.498e-005,0.0544633
4.4984e-005,0.0544236
4.4988e-005,0.0546221
4.4992e-005,0.0541508
4.4996e-005,0.0548552
4.5e-005,0.0540169
4.5004e-005,0.0545824
4.5008e-005,0.054379
4.5012e-005,0.054756
4.5016e-005,0.0542996
4.502e-005,0.0542798
4.5024e-005,0.0541806
4.5028e-005,0.0547758
4.5032e-005,0.0542699
4.5036e-005,0.0544385
4.504e-005,0.0534414
4.5044e-005,0.0545526
4.5048e-005,0.0544484
4.5052e-005,0.0545427
4.5056e-005,0.0546667
4.506e-005,0.0541905
4.5064e-005,0.0549594
4.5068e-005,0.0548949
4.5072e-005,0.0544584
4.5076e-005,0.0544633
4.508e-005,0.0547758
4.5084e-005,0.0547907
4.5088e-005,0.0550685
4.5092e-005,0.0551975
4.5096e-005,0.0556043
4.51e-005,0.0545179
4.5104e-005,0.0551628
4.5108e-005,0.0549395
4.5112e-005,0.054885
4.5116e-005,0.0547808
4.512e-005,0.0553612
4.5124e-005,0.0539772
4.5128e-005,0.0553959
4.5132e-005,0.0549346
4.5136e-005,0.0552421
4.514e-005,0.0551132
4.5144e-005,0.0554207
4.5148e-005,0.0548453
4.5152e-005,0.0549544
4.5156e-005,0.0550437
4.516e-005,0.0548006
4.5164e-005,0.0548304
4.5168e-005,0.0554951
4.5172e-005,0.0548899
4.5176e-005,0.055257
4.518e-005,0.0555943
4.5184e-005,0.054384
4.5188e-005,0.0548552
4.5192e-005,0.054498
4.5196e-005,0.0552173
4.52e-005,0.0547411
4.5204e-005,0.0555695
4.5208e-005,0.0551776
4.5212e-005,0.0549098
4.5216e-005,0.0555795
4.522e-005,0.0548453
4.5224e-005,0.0554009
4.5228e-005,0.05551
4.5232e-005,0.0556142
4.5236e-005,0.0552173
4.524e-005,0.0550933
4.5244e-005,0.054885
4.5248e-005,0.0554058
4.5252e-005,0.0549743
4.5256e-005,0.0547362
4.526e-005,0.055009
4.5264e-005,0.0551727
4.5268e-005,0.0548056
4.5272e-005,0.0554406
4.5276e-005,0.0555497
4.528e-005,0.0545377
4.5284e-005,0.0551132
4.5288e-005,0.0550685
4.5292e-005,0.0546369
4.5296e-005,0.0551082
4.53e-005,0.0549842
4.5304e-005,0.0551479
4.5308e-005,0.0553761
4.5312e-005,0.0555547
4.5316e-005,0.0549147
4.532e-005,0.0549197
4.5324e-005,0.0548701
4.5328e-005,0.0550884
4.5332e-005,0.0549693
4.5336e-005,0.0543393
4.534e-005,0.05488
4.5344e-005,0.0549098
4.5348e-005,0.0555447
4.5352e-005,0.0544088
4.5356e-005,0.0554554
4.536e-005,0.0547808
4.5364e-005,0.0549098
4.5368e-005,0.055262
4.5372e-005,0.0547659
4.5376e-005,0.0545526
4.538e-005,0.0558672
4.5384e-005,0.0549495
4.5388e-005,0.0549247
4.5392e-005,0.054885
4.5396e-005,0.0550239
4.54e-005,0.053997
4.5404e-005,0.0554257
4.5408e-005,0.0552322
4.5412e-005,0.054632
4.5416e-005,0.0545526
4.542e-005,0.055138
4.5424e-005,0.054632
4.5428e-005,0.0545625
4.5432e-005,0.0549197
4.5436e-005,0.0547213
4.544e-005,0.0555646
4.5444e-005,0.055133
4.5448e-005,0.0548155
4.5452e-005,0.0550536
4.5456e-005,0.0553215
4.546e-005,0.0549048
4.5464e-005,0.0557134
4.5468e-005,0.0556936
4.5472e-005,0.0554356
4.5476e-005,0.0548304
4.548e-005,0.0540714
4.5484e-005,0.0473746
4.5488e-005,0.0419626
4.5492e-005,0.0395716
4.5496e-005,0.037637
4.55e-005,0.0372104
4.5504e-005,0.0362976
4.5508e-005,0.0269618
4.5512e-005,0.0210884
4.5516e-005,0.0202898
4.552e-005,0.0195705
4.5524e-005,0.0187272
4.5528e-005,0.01838
4.5532e-005,0.00958483
4.5536e-005,0.00155363
4.554e-005,0.00181158
4.5544e-005,4.06468e-005
4.5548e-005,0.000516864
4.5552e-005,0.00122623
4.5556e-005,0.00065576
4.556e-005,0.000606155
4.5564e-005,7.04104e-005
4.5568e-005,-0.000946511
4.5572e-005,0.00785358
4.5576e-005,0.0199078
4.558e-005,0.0237027
4.5584e-005,0.0282763
4.5588e-005,0.0331377
4.5592e-005,0.0359653
4.5596e-005,0.0381678
4.56e-005,0.0403703
4.5604e-005,0.0417791
4.5608e-005,0.0437584
4.5612e-005,0.0445025
4.5616e-005,0.0453011
4.562e-005,0.047077
4.5624e-005,0.0478856
4.5628e-005,0.0486743
4.5632e-005,0.0492349
4.5636e-005,0.049468
4.564e-005,0.0500335
4.5644e-005,0.0518789
4.5648e-005,0.0520426
4.5652e-005,0.0517648
4.5656e-005,0.052117
4.566e-005,0.0525337
4.5664e-005,0.0533571
4.5668e-005,0.0537192
4.5672e-005,0.0534811
4.5676e-005,0.0540615
4.568e-005,0.0541905
4.5684e-005,0.0548502
4.5688e-005,0.0545477
4.5692e-005,0.0553017
4.5696e-005,0.0555894
4.57e-005,0.0554703
4.5704e-005,0.05614
4.5708e-005,0.0560606
4.5712e-005,0.0553314
4.5716e-005,0.0566857
4.572e-005,0.0566113
4.5724e-005,0.0559217
4.5728e-005,0.0570031
4.5732e-005,0.0566609
4.5736e-005,0.0570974
4.574e-005,0.057028
4.5744e-005,0.057271
4.5748e-005,0.0568494
4.5752e-005,0.0570726
4.5756e-005,0.0572264
4.576e-005,0.0570875
4.5764e-005,0.0578762
4.5768e-005,0.0575637
4.5772e-005,0.0571222
4.5776e-005,0.0569238
4.578e-005,0.0577274
4.5784e-005,0.0575439
4.5788e-005,0.0578911
4.5792e-005,0.0576331
4.5796e-005,0.0575389
4.58e-005,0.0578911
4.5804e-005,0.0580697
4.5808e-005,0.0581094
4.5812e-005,0.0578464
4.5816e-005,0.0578911
4.582e-005,0.0575835
4.5824e-005,0.0578564
4.5828e-005,0.0574694
4.5832e-005,0.0574694
4.5836e-005,0.0576827
4.584e-005,0.0579308
4.5844e-005,0.0580895
4.5848e-005,0.0582631
4.5852e-005,0.0582185
4.5856e-005,0.0578861
4.586e-005,0.0582483
4.5864e-005,0.0579705
4.5868e-005,0.0582631
4.5872e-005,0.058025
4.5876e-005,0.0582235
4.588e-005,0.058407
4.5884e-005,0.0579556
4.5888e-005,0.0580994
4.5892e-005,0.0583723
4.5896e-005,0.0575786
4.59e-005,0.0581094
4.5904e-005,0.05803
4.5908e-005,0.0583227
4.5912e-005,0.0584169
4.5916e-005,0.0581987
4.592e-005,0.0582532
4.5924e-005,0.0583524
4.5928e-005,0.0581937
4.5932e-005,0.0583971
4.5936e-005,0.058655
4.594e-005,0.0584169
4.5944e-005,0.0580151
4.5948e-005,0.0586253
4.5952e-005,0.058278
4.5956e-005,0.0583326
4.596e-005,0.0588783
4.5964e-005,0.0580399
4.5968e-005,0.0580201
4.5972e-005,0.058283
4.5976e-005,0.0587691
4.598e-005,0.0585608
4.5984e-005,0.0581887
4.5988e-005,0.0576679
4.5992e-005,0.0581242
4.5996e-005,0.0580895
4.6e-005,0.0579903
4.6004e-005,0.0581044
4.6008e-005,0.0581987
4.6012e-005,0.0580548
4.6016e-005,0.0580796
4.602e-005,0.0579903
4.6024e-005,0.0584516
4.6028e-005,0.058278
4.6032e-005,0.0580002
4.6036e-005,0.0580002
4.604e-005,0.0579853
4.6044e-005,0.0583623
4.6048e-005,0.0582929
4.6052e-005,0.0581094
4.6056e-005,0.0582433
4.606e-005,0.058035
4.6064e-005,0.0581937
4.6068e-005,0.0582631
4.6072e-005,0.0581788
4.6076e-005,0.0581937
4.608e-005,0.0586947
4.6084e-005,0.0585657
4.6088e-005,0.0584219
4.6092e-005,0.0580895
4.6096e-005,0.0580697
4.61e-005,0.0582185
4.6104e-005,0.0582235
4.6108e-005,0.0580846
4.6112e-005,0.0586897
4.6116e-005,0.0583326
4.612e-005,0.0579804
4.6124e-005,0.0586798
4.6128e-005,0.0582582
4.6132e-005,0.0585012
4.6136e-005,0.0584963
4.614e-005,0.0581242
4.6144e-005,0.0580101
4.6148e-005,0.0585757
4.6152e-005,0.0583971
4.6156e-005,0.0584913
4.616e-005,0.058283
4.6164e-005,0.058283
4.6168e-005,0.0582979
4.6172e-005,0.058531
4.6176e-005,0.0581987
4.618e-005,0.0585955
4.6184e-005,0.0582235
4.6188e-005,0.0583078
4.6192e-005,0.0584764
4.6196e-005,0.058278
4.62e-005,0.0584516
4.6204e-005,0.0583623
4.6208e-005,0.0585856
4.6212e-005,0.058154
4.6216e-005,0.0578911
4.622e-005,0.0582433
4.6224e-005,0.0582979
4.6228e-005,0.0582135
4.6232e-005,0.0585806
4.6236e-005,0.0587344
4.624e-005,0.0588286
4.6244e-005,0.05866
4.6248e-005,0.0574496
4.6252e-005,0.0503808
4.6256e-005,0.043302
4.626e-005,0.0403802
4.6264e-005,0.0379396
4.6268e-005,0.0366002
4.6272e-005,0.0361736
4.6276e-005,0.0266394
4.628e-005,0.0219317
4.6284e-005,0.0202799
4.6288e-005,0.0190248
4.6292e-005,0.0190744
4.6296e-005,0.0188512
4.63e-005,0.0103835
4.6304e-005,0.00171237
4.6308e-005,0.00160323
4.6312e-005,0.000531746
4.6316e-005,0.000829381
4.632e-005,0.000973238
4.6324e-005,0.000124977
4.6328e-005,0.000382928
4.6332e-005,0.00081946
4.6336e-005,-0.000534782
4.634e-005,0.00804208
4.6344e-005,0.0186578
4.6348e-005,0.0209496
4.6352e-005,0.02278
4.6356e-005,0.0259746
4.636e-005,0.0278696
4.6364e-005,0.0285789
4.6368e-005,0.0302953
4.6372e-005,0.0312378
4.6376e-005,0.0324532
4.638e-005,0.0341001
4.6384e-005,0.0349087
4.6388e-005,0.0354345
4.6392e-005,0.0363324
4.6396e-005,0.0362827
4.64e-005,0.0367342
4.6404e-005,0.0363224
4.6408e-005,0.0372203
4.6412e-005,0.037255
4.6416e-005,0.0376469
4.642e-005,0.0378999
4.6424e-005,0.0382521
4.6428e-005,0.0387581
4.6432e-005,0.0378205
4.6436e-005,0.0384654
4.644e-005,0.0379693
4.6444e-005,0.038386
4.6448e-005,0.0384704
4.6452e-005,0.039016
4.6456e-005,0.0385051
4.646e-005,0.0384803
4.6464e-005,0.0389664
4.6468e-005,0.038396
4.6472e-005,0.0390805
4.6476e-005,0.0381529
4.648e-005,0.038133
4.6484e-005,0.0384208
4.6488e-005,0.0376816
4.6492e-005,0.0380636
4.6496e-005,0.0382819
4.65e-005,0.038133
4.6504e-005,0.0381777
4.6508e-005,0.0378701
4.6512e-005,0.0380934
4.6516e-005,0.0380438
4.652e-005,0.0374782
4.6524e-005,0.0379098
4.6528e-005,0.0378305
4.6532e-005,0.0380041
4.6536e-005,0.0386241
4.654e-005,0.0378255
4.6544e-005,0.0383464
4.6548e-005,0.0382719
4.6552e-005,0.0380338
4.6556e-005,0.0382571
4.656e-005,0.0379842
4.6564e-005,0.0376816
4.6568e-005,0.0380884
4.6572e-005,0.0382819
4.6576e-005,0.0381579
4.658e-005,0.0382521
4.6584e-005,0.0376271
4.6588e-005,0.0376965
4.6592e-005,0.0384009
4.6596e-005,0.0385051
4.66e-005,0.0380735
4.6604e-005,0.0377312
4.6608e-005,0.0375576
4.6612e-005,0.0381827
4.6616e-005,0.0382174
4.662e-005,0.0378801
4.6624e-005,0.0379098
4.6628e-005,0.0384604
4.6632e-005,0.0378503
4.6636e-005,0.0381479
4.664e-005,0.0376469
4.6644e-005,0.038391
4.6648e-005,0.0379049
4.6652e-005,0.0383116
4.6656e-005,0.0376618
4.666e-005,0.0376072
4.6664e-005,0.0378602
4.6668e-005,0.0382769
4.6672e-005,0.0379644
4.6676e-005,0.0382769
4.668e-005,0.0382918
4.6684e-005,0.038133
4.6688e-005,0.0383761
4.6692e-005,0.0385894
4.6696e-005,0.0378999
4.67e-005,0.038138
4.6704e-005,0.0379545
4.6708e-005,0.037632
4.6712e-005,0.0384009
4.6716e-005,0.0384456
4.672e-005,0.0376618
4.6724e-005,0.0386936
4.6728e-005,0.0374038
4.6732e-005,0.0380686
4.6736e-005,0.0379545
4.674e-005,0.0384704
4.6744e-005,0.0372897
4.6748e-005,0.0384505
4.6752e-005,0.038009
4.6756e-005,0.0385249
4.676e-005,0.0384654
4.6764e-005,0.0385547
4.6768e-005,0.037255
4.6772e-005,0.0381033
4.6776e-005,0.0382819
4.678e-005,0.0379743
4.6784e-005,0.0379545
4.6788e-005,0.038267
4.6792e-005,0.0380983
4.6796e-005,0.0385745
4.68e-005,0.0381479
4.6804e-005,0.0376965
4.6808e-005,0.0382769
4.6812e-005,0.0381529
4.6816e-005,0.037766
4.682e-005,0.0383513
4.6824e-005,0.0383414
4.6828e-005,0.0373939
4.6832e-005,0.0381281
4.6836e-005,0.03852
4.684e-005,0.0377412
4.6844e-005,0.0378999
4.6848e-005,0.0381727
4.6852e-005,0.0375229
4.6856e-005,0.0380735
4.686e-005,0.0381727
4.6864e-005,0.037384
4.6868e-005,0.0383513
4.6872e-005,0.0383761
4.6876e-005,0.0384704
4.688e-005,0.0379793
4.6884e-005,0.0386837
4.6888e-005,0.03789
4.6892e-005,0.0384356
4.6896e-005,0.0381628
4.69e-005,0.0375824
4.6904e-005,0.0382769
4.6908e-005,0.0381579
4.6912e-005,0.0379445
4.6916e-005,0.038019
4.692e-005,0.0380983
4.6924e-005,0.0384704
4.6928e-005,0.0383315
4.6932e-005,0.0388126
4.6936e-005,0.0377412
4.694e-005,0.0376519
4.6944e-005,0.0389218
4.6948e-005,0.0374634
4.6952e-005,0.0378354
4.6956e-005,0.0377858
4.696e-005,0.037508
4.6964e-005,0.0381876
4.6968e-005,0.0374088
4.6972e-005,0.0384555
4.6976e-005,0.0378602
4.698e-005,0.0384456
4.6984e-005,0.0378553
4.6988e-005,0.0380537
4.6992e-005,0.0378453
4.6996e-005,0.0383067
4.7e-005,0.0380735
4.7004e-005,0.0381231
4.7008e-005,0.0382868
4.7012e-005,0.0375031
4.7016e-005,0.037379
4.702e-005,0.0350228
4.7024e-005,0.0343729
4.7028e-005,0.0336784
4.7032e-005,0.0325871
4.7036e-005,0.0331129
4.704e-005,0.0336636
4.7044e-005,0.0259349
4.7048e-005,0.0201112
4.7052e-005,0.0205825
4.7056e-005,0.0183601
4.706e-005,0.0192977
4.7064e-005,0.0185982
4.7068e-005,0.00921775
4.7072e-005,0.00124607
4.7076e-005,0.00177189
4.708e-005,9.62069e-007
4.7084e-005,0.000204346
4.7088e-005,0.000452376
4.7092e-005,0.000244031
4.7096e-005,0.000665682
4.71e-005,0.000888908
4.7104e-005,-0.000891945
4.7108e-005,0.00804208
4.7112e-005,0.0189752
4.7116e-005,0.0218077
4.712e-005,0.0250073
4.7124e-005,0.0294867
4.7128e-005,0.0306723
4.7132e-005,0.0329294
4.7136e-005,0.0346557
4.714e-005,0.0359553
4.7144e-005,0.0377412
4.7148e-005,0.0388126
4.7152e-005,0.0399189
4.7156e-005,0.0406729
4.716e-005,0.0416303
4.7164e-005,0.0425281
4.7168e-005,0.0433764
4.7172e-005,0.0437683
4.7176e-005,0.043684
4.718e-005,0.0446761
4.7184e-005,0.0449439
4.7188e-005,0.0449787
4.7192e-005,0.0458865
4.7196e-005,0.0462238
4.72e-005,0.0459708
4.7204e-005,0.0465264
4.7208e-005,0.0461494
4.7212e-005,0.0464222
4.7216e-005,0.0469679
4.722e-005,0.0469133
4.7224e-005,0.04607
4.7228e-005,0.0474441
4.7232e-005,0.0476971
4.7236e-005,0.0470125
4.724e-005,0.0467794
4.7244e-005,0.0480195
4.7248e-005,0.0471564
4.7252e-005,0.0479699
4.7256e-005,0.0473201
4.726e-005,0.0474441
4.7264e-005,0.0472407
4.7268e-005,0.047826
4.7272e-005,0.047077
4.7276e-005,0.0478459
4.728e-005,0.0476127
4.7284e-005,0.0476078
4.7288e-005,0.0477963
4.7292e-005,0.0481038
4.7296e-005,0.0479401
4.73e-005,0.0478558
4.7304e-005,0.0477516
4.7308e-005,0.0477665
4.7312e-005,0.0479749
4.7316e-005,0.0481435
4.732e-005,0.0476623
4.7324e-005,0.0481634
4.7328e-005,0.0477715
4.7332e-005,0.0478905
4.7336e-005,0.0476623
4.734e-005,0.0473846
4.7344e-005,0.0475135
4.7348e-005,0.0480195
4.7352e-005,0.0476822
4.7356e-005,0.0478161
4.736e-005,0.048208
4.7364e-005,0.0474887
4.7368e-005,0.0479054
4.7372e-005,0.0474441
4.7376e-005,0.0473846
4.738e-005,0.0478707
4.7384e-005,0.0482229
4.7388e-005,0.0474689
4.7392e-005,0.0478161
4.7396e-005,0.0484461
4.74e-005,0.0480294
4.7404e-005,0.0471216
4.7408e-005,0.0480195
4.7412e-005,0.0479798
4.7416e-005,0.0473746
4.742e-005,0.0484908
4.7424e-005,0.0478757
4.7428e-005,0.0475086
4.7432e-005,0.0476326
4.7436e-005,0.0475086
4.744e-005,0.0471216
4.7444e-005,0.0481138
4.7448e-005,0.048089
4.7452e-005,0.0472209
4.7456e-005,0.0473994
4.746e-005,0.048208
4.7464e-005,0.0472754
4.7468e-005,0.0477913
4.7472e-005,0.0474689
4.7476e-005,0.0475979
4.748e-005,0.0473548
4.7484e-005,0.0479501
4.7488e-005,0.0467149
4.7492e-005,0.0478409
4.7496e-005,0.047578
4.75e-005,0.0469629
4.7504e-005,0.047201
4.7508e-005,0.0480443
4.7512e-005,0.0475979
4.7516e-005,0.0475036
4.752e-005,0.0476623
4.7524e-005,0.0478409
4.7528e-005,0.0471663
4.7532e-005,0.0482973
4.7536e-005,0.0469083
4.754e-005,0.0473349
4.7544e-005,0.0479798
4.7548e-005,0.0470026
4.7552e-005,0.0472556
4.7556e-005,0.0477715
4.756e-005,0.0478062
4.7564e-005,0.0476028
4.7568e-005,0.048084
4.7572e-005,0.0477616
4.7576e-005,0.0473598
4.758e-005,0.0478062
4.7584e-005,0.0474391
4.7588e-005,0.0482427
4.7592e-005,0.0476623
4.7596e-005,0.0473201
4.76e-005,0.0475135
4.7604e-005,0.0480096
4.7608e-005,0.0474342
4.7612e-005,0.0476673
4.7616e-005,0.0479401
4.762e-005,0.0476872
4.7624e-005,0.0481584
4.7628e-005,0.0480294
4.7632e-005,0.0478459
4.7636e-005,0.0476425
4.764e-005,0.0476971
4.7644e-005,0.0472357
4.7648e-005,0.0481584
4.7652e-005,0.0476822
4.7656e-005,0.0479005
4.766e-005,0.0485354
4.7664e-005,0.0478062
4.7668e-005,0.0480245
4.7672e-005,0.0479302
4.7676e-005,0.0476227
4.768e-005,0.047831
4.7684e-005,0.047836
4.7688e-005,0.0479253
4.7692e-005,0.0476177
4.7696e-005,0.0478211
4.77e-005,0.0479649
4.7704e-005,0.047454
4.7708e-005,0.0483916
4.7712e-005,0.0477368
4.7716e-005,0.0472705
4.772e-005,0.0477963
4.7724e-005,0.047826
4.7728e-005,0.0476971
4.7732e-005,0.0481286
4.7736e-005,0.0478161
4.774e-005,0.047077
4.7744e-005,0.0483122
4.7748e-005,0.0479153
4.7752e-005,0.0472953
4.7756e-005,0.0486892
4.776e-005,0.0480245
4.7764e-005,0.047826
4.7768e-005,0.0474391
4.7772e-005,0.0480146
4.7776e-005,0.047712
4.778e-005,0.0475631
4.7784e-005,0.0474838
4.7788e-005,0.0423843
4.7792e-005,0.038763
4.7796e-005,0.0374237
4.78e-005,0.0357371
4.7804e-005,0.0357024
4.7808e-005,0.0347995
4.7812e-005,0.0262822
4.7816e-005,0.020766
4.782e-005,0.0196945
4.7824e-005,0.0195308
4.7828e-005,0.0185337
4.7832e-005,0.0188711
4.7836e-005,0.00935664
4.784e-005,0.00172725
4.7844e-005,0.00168756
4.7848e-005,-0.000232186
4.7852e-005,0.00014978
4.7856e-005,0.000452376
4.786e-005,0.000382928
4.7864e-005,0.000199386
4.7868e-005,0.000680563
4.7872e-005,-0.000847299
4.7876e-005,0.00836452
4.788e-005,0.0188661
4.7884e-005,0.0234001
4.7888e-005,0.0269568
4.7892e-005,0.0312279
4.7896e-005,0.034368
4.79e-005,0.0355982
4.7904e-005,0.0378999
4.7908e-005,0.0399337
4.7912e-005,0.0412533
4.7916e-005,0.0425777
4.792e-005,0.0439667
4.7924e-005,0.0453408
4.7928e-005,0.0461692
4.7932e-005,0.0464668
4.7936e-005,0.0478112
4.794e-005,0.0484957
4.7944e-005,0.0478905
4.7948e-005,0.0495871
4.7952e-005,0.0496912
4.7956e-005,0.0499194
4.796e-005,0.0510802
4.7964e-005,0.050976
4.7968e-005,0.0506437
4.7972e-005,0.0516854
4.7976e-005,0.0516655
4.798e-005,0.0520326
4.7984e-005,0.0519731
4.7988e-005,0.052613
4.7992e-005,0.0524592
4.7996e-005,0.0528561
4.8e-005,0.0534365
4.8004e-005,0.0534861
4.8008e-005,0.0532182
4.8012e-005,0.0530595
4.8016e-005,0.0533918
4.802e-005,0.0535407
4.8024e-005,0.0535208
4.8028e-005,0.053754
4.8032e-005,0.0531934
4.8036e-005,0.0540962
4.804e-005,0.0538234
4.8044e-005,0.0541508
4.8048e-005,0.0539772
4.8052e-005,0.0550536
4.8056e-005,0.0540169
4.806e-005,0.0548006
4.8064e-005,0.054384
4.8068e-005,0.0542103
4.8072e-005,0.054498
4.8076e-005,0.0548999
4.808e-005,0.0542054
4.8084e-005,0.0546518
4.8088e-005,0.0546171
4.8092e-005,0.0542748
4.8096e-005,0.0547907
4.81e-005,0.054503
4.8104e-005,0.0548751
4.8108e-005,0.0549197
4.8112e-005,0.0546221
4.8116e-005,0.0544931
4.812e-005,0.054508
4.8124e-005,0.0541955
4.8128e-005,0.0547709
4.8132e-005,0.0547709
4.8136e-005,0.0545973
4.814e-005,0.0550189
4.8144e-005,0.054632
4.8148e-005,0.0548106
4.8152e-005,0.0545179
4.8156e-005,0.0542699
4.816e-005,0.0539524
4.8164e-005,0.0551181
4.8168e-005,0.0538829
4.8172e-005,0.0541359
4.8176e-005,0.0542004
4.818e-005,0.0544931
4.8184e-005,0.0547014
4.8188e-005,0.0549495
4.8192e-005,0.0547907
4.8196e-005,0.0546965
4.82e-005,0.0554654
4.8204e-005,0.0551429
4.8208e-005,0.0536795
4.8212e-005,0.0549693
4.8216e-005,0.0549445
4.822e-005,0.055009
4.8224e-005,0.0539772
4.8228e-005,0.0546518
4.8232e-005,0.054627
4.8236e-005,0.0545923
4.824e-005,0.0549296
4.8244e-005,0.055004
4.8248e-005,0.0547858
4.8252e-005,0.0553562
4.8256e-005,0.0549693
4.826e-005,0.055133
4.8264e-005,0.0549594
4.8268e-005,0.0541607
4.8272e-005,0.0547114
4.8276e-005,0.0551776
4.828e-005,0.055009
4.8284e-005,0.05425
4.8288e-005,0.0549098
4.8292e-005,0.0542302
4.8296e-005,0.0542798
4.83e-005,0.0550288
4.8304e-005,0.0545576
4.8308e-005,0.0545625
4.8312e-005,0.054751
4.8316e-005,0.054374
4.832e-005,0.0542897
4.8324e-005,0.055009
4.8328e-005,0.054384
4.8332e-005,0.0544236
4.8336e-005,0.0550784
4.834e-005,0.054002
4.8344e-005,0.0551975
4.8348e-005,0.054508
4.8352e-005,0.0546816
4.8356e-005,0.0549544
4.836e-005,0.0551975
4.8364e-005,0.0550139
4.8368e-005,0.0549197
4.8372e-005,0.0552074
4.8376e-005,0.0550487
4.838e-005,0.0554852
4.8384e-005,0.0550487
4.8388e-005,0.055009
4.8392e-005,0.0551132
4.8396e-005,0.0548899
4.84e-005,0.0549743
4.8404e-005,0.0549495
4.8408e-005,0.0546816
4.8412e-005,0.0550933
4.8416e-005,0.0553066
4.842e-005,0.0553116
4.8424e-005,0.0544584
4.8428e-005,0.0548602
4.8432e-005,0.0551479
4.8436e-005,0.0551032
4.844e-005,0.055128
4.8444e-005,0.0549643
4.8448e-005,0.0557035
4.8452e-005,0.0548453
4.8456e-005,0.0551132
4.846e-005,0.0554306
4.8464e-005,0.055634
4.8468e-005,0.054761
4.8472e-005,0.0543443
4.8476e-005,0.0557928
4.848e-005,0.0556092
4.8484e-005,0.0547114
4.8488e-005,0.0544236
4.8492e-005,0.0556886
4.8496e-005,0.0545873
4.85e-005,0.0550189
4.8504e-005,0.0551727
4.8508e-005,0.054379
4.8512e-005,0.0549147
4.8516e-005,0.054498
4.852e-005,0.0549247
4.8524e-005,0.0550487
4.8528e-005,0.0551429
4.8532e-005,0.0547262
4.8536e-005,0.0547758
4.854e-005,0.0553165
4.8544e-005,0.0553562
4.8548e-005,0.0550784
4.8552e-005,0.0533174
4.8556e-005,0.0473052
4.856e-005,0.0417394
4.8564e-005,0.0392988
4.8568e-005,0.0371856
4.8572e-005,0.036005
4.8576e-005,0.0359107
4.858e-005,0.0268675
4.8584e-005,0.0209793
4.8588e-005,0.020007
4.8592e-005,0.0189008
4.8596e-005,0.019129
4.86e-005,0.0187024
4.8604e-005,0.0101851
4.8608e-005,0.00216378
4.8612e-005,0.00139489
4.8616e-005,-4.86439e-005
4.862e-005,0.000283716
4.8624e-005,0.00111214
4.8628e-005,0.000199386
4.8632e-005,0.00107741
4.8636e-005,0.000730169
4.864e-005,-0.000400846
4.8644e-005,0.00798752
4.8648e-005,0.0195259
4.8652e-005,0.0238912
4.8656e-005,0.0282763
4.866e-005,0.0335792
4.8664e-005,0.0364018
4.8668e-005,0.0391152
4.8672e-005,0.0401123
4.8676e-005,0.0418882
4.868e-005,0.0430986
4.8684e-005,0.0443834
4.8688e-005,0.0460154
4.8692e-005,0.0468687
4.8696e-005,0.047449
4.87e-005,0.0486793
4.8704e-005,0.0494432
4.8708e-005,0.0495523
4.8712e-005,0.0504155
4.8716e-005,0.0517896
4.872e-005,0.0519582
4.8724e-005,0.0516904
4.8728e-005,0.0527172
4.8732e-005,0.0537192
4.8736e-005,0.0531686
4.874e-005,0.0537044
4.8744e-005,0.0541359
4.8748e-005,0.0541458
4.8752e-005,0.0549891
4.8756e-005,0.0550933
4.876e-005,0.0548602
4.8764e-005,0.0558969
4.8768e-005,0.0554753
4.8772e-005,0.0557432
4.8776e-005,0.0556836
4.878e-005,0.0560557
4.8784e-005,0.0558771
4.8788e-005,0.0559912
4.8792e-005,0.0562293
4.8796e-005,0.0567402
4.88e-005,0.0565071
4.8804e-005,0.057028
4.8808e-005,0.0573305
4.8812e-005,0.0571668
4.8816e-005,0.0565517
4.882e-005,0.0570676
4.8824e-005,0.0571569
4.8828e-005,0.0568345
4.8832e-005,0.0568047
4.8836e-005,0.057524
4.884e-005,0.0570627
4.8844e-005,0.0569684
4.8848e-005,0.056894
4.8852e-005,0.0572264
4.8856e-005,0.0574942
4.886e-005,0.0571272
4.8864e-005,0.0577224
4.8868e-005,0.0576232
4.8872e-005,0.0570329
4.8876e-005,0.0577076
4.888e-005,0.0576877
4.8884e-005,0.057777
4.8888e-005,0.057906
4.8892e-005,0.0580002
4.8896e-005,0.0576381
4.89e-005,0.057901
4.8904e-005,0.0575141
4.8908e-005,0.0580151
4.8912e-005,0.0579506
4.8916e-005,0.0576629
4.892e-005,0.0574198
4.8924e-005,0.0578216
4.8928e-005,0.0575091
4.8932e-005,0.0580746
4.8936e-005,0.0580796
4.894e-005,0.0581788
4.8944e-005,0.0581639
4.8948e-005,0.057777
4.8952e-005,0.057772
4.8956e-005,0.0581838
4.896e-005,0.0579804
4.8964e-005,0.058402
4.8968e-005,0.0584318
4.8972e-005,0.0584566
4.8976e-005,0.0581342
4.898e-005,0.0585955
4.8984e-005,0.0580895
4.8988e-005,0.0587344
4.8992e-005,0.0579457
4.8996e-005,0.0575488
4.9e-005,0.0580399
4.9004e-005,0.0582681
4.9008e-005,0.0583872
4.9012e-005,0.058154
4.9016e-005,0.0583872
4.902e-005,0.0582036
4.9024e-005,0.0581242
4.9028e-005,0.0583772
4.9032e-005,0.0578415
4.9036e-005,0.0580449
4.904e-005,0.057653
4.9044e-005,0.0583028
4.9048e-005,0.0578762
4.9052e-005,0.0581987
4.9056e-005,0.0580449
4.906e-005,0.0582135
4.9064e-005,0.0579457
4.9068e-005,0.0586749
4.9072e-005,0.0584169
4.9076e-005,0.0579308
4.908e-005,0.0583425
4.9084e-005,0.0581987
4.9088e-005,0.0579308
4.9092e-005,0.0579903
4.9096e-005,0.0582582
4.91e-005,0.0581342
4.9104e-005,0.0584864
4.9108e-005,0.057777
4.9112e-005,0.0586897
4.9116e-005,0.0585608
4.912e-005,0.0585955
4.9124e-005,0.0584467
4.9128e-005,0.058278
4.9132e-005,0.0582086
4.9136e-005,0.05803
4.914e-005,0.0578613
4.9144e-005,0.0583673
4.9148e-005,0.0580151
4.9152e-005,0.0576778
4.9156e-005,0.0582433
4.916e-005,0.058407
4.9164e-005,0.0583326
4.9168e-005,0.0582086
4.9172e-005,0.0582185
4.9176e-005,0.0582036
4.918e-005,0.0580746
4.9184e-005,0.0585161
4.9188e-005,0.058159
4.9192e-005,0.057772
4.9196e-005,0.0581044
4.92e-005,0.0578812
4.9204e-005,0.0577373
4.9208e-005,0.0587146
4.9212e-005,0.0577621
4.9216e-005,0.0577423
4.922e-005,0.0579655
4.9224e-005,0.0577621
4.9228e-005,0.0575835
4.9232e-005,0.0582284
4.9236e-005,0.0581838
4.924e-005,0.0577274
4.9244e-005,0.0580101
4.9248e-005,0.0581242
4.9252e-005,0.0576579
4.9256e-005,0.0583425
4.926e-005,0.0583375
4.9264e-005,0.0574198
4.9268e-005,0.0579804
4.9272e-005,0.058283
4.9276e-005,0.0583276
4.928e-005,0.0583375
4.9284e-005,0.0579853
4.9288e-005,0.0578216
4.9292e-005,0.0577274
4.9296e-005,0.0580994
4.93e-005,0.0584814
4.9304e-005,0.0585856
4.9308e-005,0.0583276
4.9312e-005,0.0586451
4.9316e-005,0.0578415
4.932e-005,0.0570031
4.9324e-005,0.0494531
4.9328e-005,0.0425678
4.9332e-005,0.0398643
4.9336e-005,0.0376419
4.934e-005,0.0359901
4.9344e-005,0.0361736
4.9348e-005,0.0259895
4.9352e-005,0.0206073
4.9356e-005,0.0204485
4.936e-005,0.0188215
4.9364e-005,0.0194068
4.9368e-005,0.0190794
4.9372e-005,0.0107655
4.9376e-005,0.00118158
4.938e-005,0.00187607
4.9384e-005,-6.84862e-005
4.9388e-005,0.000100174
4.9392e-005,0.00110717
4.9396e-005,0.000263874
4.94e-005,0.00031844
4.9404e-005,0.000625997
4.9408e-005,-0.000648876
4.9412e-005,0.00910861
4.9416e-005,0.0186528
4.942e-005,0.0217135
4.9424e-005,0.0232215
4.9428e-005,0.0265848
4.9432e-005,0.0279341
4.9436e-005,0.0291891
4.944e-005,0.0302457
4.9444e-005,0.0315999
4.9448e-005,0.032468
4.9452e-005,0.0335197
4.9456e-005,0.034487
4.946e-005,0.0353105
4.9464e-005,0.0354791
4.9468e-005,0.0360694
4.9472e-005,0.036124
4.9476e-005,0.0363522
4.948e-005,0.0370516
4.9484e-005,0.0371062
4.9488e-005,0.037379
4.9492e-005,0.0377164
4.9496e-005,0.037389
4.95e-005,0.0380735
4.9504e-005,0.0381281
4.9508e-005,0.0384604
4.9512e-005,0.0379247
4.9516e-005,0.0380735
4.952e-005,0.0379942
4.9524e-005,0.0383315
4.9528e-005,0.0382719
4.9532e-005,0.0385101
4.9536e-005,0.0378106
4.954e-005,0.0382719
4.9544e-005,0.0383811
4.9548e-005,0.0387779
4.9552e-005,0.0378999
4.9556e-005,0.0375874
4.956e-005,0.0376221
4.9564e-005,0.0382174
4.9568e-005,0.0371211
4.9572e-005,0.0379445
4.9576e-005,0.0380884
4.958e-005,0.0377461
4.9584e-005,0.0371757
4.9588e-005,0.0373642
4.9592e-005,0.0375725
4.9596e-005,0.0378354
4.96e-005,0.0377064
4.9604e-005,0.0381727
4.9608e-005,0.0378801
4.9612e-005,0.0381033
4.9616e-005,0.0383216
4.962e-005,0.0378751
4.9624e-005,0.037513
4.9628e-005,0.038386
4.9632e-005,0.0380438
4.9636e-005,0.0381033
4.964e-005,0.038396
4.9644e-005,0.038391
4.9648e-005,0.0373443
4.9652e-005,0.0380834
4.9656e-005,0.0386688
4.966e-005,0.0376023
4.9664e-005,0.0384009
4.9668e-005,0.0384208
4.9672e-005,0.0377362
4.9676e-005,0.0384009
4.968e-005,0.038014
4.9684e-005,0.0377709
4.9688e-005,0.0375824
4.9692e-005,0.0376816
4.9696e-005,0.0372997
4.97e-005,0.0378056
4.9704e-005,0.0377015
4.9708e-005,0.0375378
4.9712e-005,0.0378751
4.9716e-005,0.0376122
4.972e-005,0.0378106
4.9724e-005,0.038391
4.9728e-005,0.0385349
4.9732e-005,0.0377114
4.9736e-005,0.0377908
4.974e-005,0.0381975
4.9744e-005,0.0375626
4.9748e-005,0.0379545
4.9752e-005,0.0382323
4.9756e-005,0.0379049
4.976e-005,0.0383464
4.9764e-005,0.0384059
4.9768e-005,0.0374882
4.9772e-005,0.0377511
4.9776e-005,0.0377908
4.978e-005,0.0384307
4.9784e-005,0.0377808
4.9788e-005,0.0382124
4.9792e-005,0.0377511
4.9796e-005,0.0384456
4.98e-005,0.0380686
4.9804e-005,0.0377908
4.9808e-005,0.0380388
4.9812e-005,0.0379049
4.9816e-005,0.0374931
4.982e-005,0.0378453
4.9824e-005,0.038009
4.9828e-005,0.0374782
4.9832e-005,0.0387134
4.9836e-005,0.0377263
4.984e-005,0.0374832
4.9844e-005,0.0386589
4.9848e-005,0.0377213
4.9852e-005,0.0380834
4.9856e-005,0.0381182
4.986e-005,0.0379197
4.9864e-005,0.037389
4.9868e-005,0.0378701
4.9872e-005,0.0378503
4.9876e-005,0.0375923
4.988e-005,0.0380438
4.9884e-005,0.0379545
4.9888e-005,0.0382372
4.9892e-005,0.0378602
4.9896e-005,0.038014
4.99e-005,0.0379049
4.9904e-005,0.0380983
4.9908e-005,0.0382025
4.9912e-005,0.0376916
4.9916e-005,0.037885
4.992e-005,0.0377263
4.9924e-005,0.0373592
4.9928e-005,0.0376965
4.9932e-005,0.0374782
4.9936e-005,0.037131
4.994e-005,0.0374931
4.9944e-005,0.038143
4.9948e-005,0.0376469
4.9952e-005,0.0375477
4.9956e-005,0.0380934
4.996e-005,0.037384
4.9964e-005,0.038014
4.9968e-005,0.0369872
4.9972e-005,0.0375378
4.9976e-005,0.0377213
4.998e-005,0.0376568
4.9984e-005,0.0379297
4.9988e-005,0.0377213
4.9992e-005,0.0372649
4.9996e-005,0.037766
5e-005,0.0377759
5.0004e-005,0.0377164
5.0008e-005,0.0374485
5.0012e-005,0.0373145
5.0016e-005,0.0371955
5.002e-005,0.0375576
5.0024e-005,0.0376965
5.0028e-005,0.0379396
5.0032e-005,0.0378305
5.0036e-005,0.0379148
5.004e-005,0.0380735
5.0044e-005,0.0380586
5.0048e-005,0.0378007
5.0052e-005,0.038386
5.0056e-005,0.0375824
5.006e-005,0.0386936
5.0064e-005,0.0373642
5.0068e-005,0.0378305
5.0072e-005,0.0381678
5.0076e-005,0.0376965
5.008e-005,0.038639
5.0084e-005,0.0378602
5.0088e-005,0.0372798
5.0092e-005,0.0358165
5.0096e-005,0.0342043
5.01e-005,0.0338868
5.0104e-005,0.0332469
5.0108e-005,0.0336536
5.0112e-005,0.033227
5.0116e-005,0.0259449
5.012e-005,0.0199326
5.0124e-005,0.0198681
5.0128e-005,0.0186925
5.0132e-005,0.0187272
5.0136e-005,0.0183105
5.014e-005,0.00913838
5.0144e-005,0.00135024
5.0148e-005,0.00136016
5.0152e-005,2.5765e-005
5.0156e-005,0.00057143
5.016e-005,0.00098812
5.0164e-005,6.54498e-005
5.0168e-005,0.00129568
5.0172e-005,0.000417652
5.0176e-005,-0.000326437
5.018e-005,0.00805697
5.0184e-005,0.0188363
5.0188e-005,0.021897
5.0192e-005,0.0250718
5.0196e-005,0.0285839
5.02e-005,0.0313618
5.0204e-005,0.0320414
5.0208e-005,0.0345614
5.0212e-005,0.0367986
5.0216e-005,0.0378404
5.022e-005,0.0385696
5.0224e-005,0.0393236
5.0228e-005,0.0412483
5.0232e-005,0.0410697
5.0236e-005,0.0408862
5.024e-005,0.042801
5.0244e-005,0.0437732
5.0248e-005,0.0442842
5.0252e-005,0.0451324
5.0256e-005,0.0448844
5.026e-005,0.0449638
5.0264e-005,0.0460948
5.0268e-005,0.0460005
5.0272e-005,0.0456682
5.0276e-005,0.0463875
5.028e-005,0.0462585
5.0284e-005,0.0462287
5.0288e-005,0.046576
5.0292e-005,0.0472308
5.0296e-005,0.0459311
5.03e-005,0.0471961
5.0304e-005,0.0465958
5.0308e-005,0.0462387
5.0312e-005,0.0472605
5.0316e-005,0.0472705
5.032e-005,0.0467347
5.0324e-005,0.0474788
5.0328e-005,0.0472258
5.0332e-005,0.0477417
5.0336e-005,0.0473598
5.034e-005,0.0472953
5.0344e-005,0.0468042
5.0348e-005,0.0479302
5.0352e-005,0.0468736
5.0356e-005,0.0470919
5.036e-005,0.0474342
5.0364e-005,0.0477467
5.0368e-005,0.0475383
5.0372e-005,0.0472655
5.0376e-005,0.0477864
5.038e-005,0.0473796
5.0384e-005,0.0477764
5.0388e-005,0.0476078
5.0392e-005,0.0472159
5.0396e-005,0.0471216
5.04e-005,0.0472655
5.0404e-005,0.0475433
5.0408e-005,0.0477913
5.0412e-005,0.0472308
5.0416e-005,0.0472953
5.042e-005,0.0483717
5.0424e-005,0.0478707
5.0428e-005,0.0466256
5.0432e-005,0.0477219
5.0436e-005,0.0476227
5.044e-005,0.0478459
5.0444e-005,0.0478459
5.0448e-005,0.0479401
5.0452e-005,0.0479302
5.0456e-005,0.0473796
5.046e-005,0.0479699
5.0464e-005,0.0476574
5.0468e-005,0.0481683
5.0472e-005,0.0477169
5.0476e-005,0.0466206
5.048e-005,0.0481138
5.0484e-005,0.0477665
5.0488e-005,0.0476921
5.0492e-005,0.0478657
5.0496e-005,0.0477963
5.05e-005,0.0473151
5.0504e-005,0.0475532
5.0508e-005,0.0483519
5.0512e-005,0.0471564
5.0516e-005,0.0479897
5.052e-005,0.048213
5.0524e-005,0.0475631
5.0528e-005,0.047826
5.0532e-005,0.0481485
5.0536e-005,0.0470522
5.054e-005,0.0477963
5.0544e-005,0.0474242
5.0548e-005,0.0475235
5.0552e-005,0.0475284
5.0556e-005,0.0471762
5.056e-005,0.0475681
5.0564e-005,0.0474193
5.0568e-005,0.0470076
5.0572e-005,0.0474391
5.0576e-005,0.0470423
5.058e-005,0.0470324
5.0584e-005,0.0466752
5.0588e-005,0.047826
5.0592e-005,0.0477467
5.0596e-005,0.0470076
5.06e-005,0.0476971
5.0604e-005,0.0477169
5.0608e-005,0.0472407
5.0612e-005,0.0476078
5.0616e-005,0.0475185
5.062e-005,0.0478012
5.0624e-005,0.0476872
5.0628e-005,0.0476673
5.0632e-005,0.0473349
5.0636e-005,0.0479054
5.064e-005,0.0475185
5.0644e-005,0.0469579
5.0648e-005,0.0474292
5.0652e-005,0.0473201
5.0656e-005,0.0467694
5.066e-005,0.0473647
5.0664e-005,0.0472209
5.0668e-005,0.0469331
5.0672e-005,0.0481138
5.0676e-005,0.0479451
5.068e-005,0.047072
5.0684e-005,0.0473895
5.0688e-005,0.0478112
5.0692e-005,0.0470125
5.0696e-005,0.0474292
5.07e-005,0.0479203
5.0704e-005,0.0474738
5.0708e-005,0.0481088
5.0712e-005,0.0477616
5.0716e-005,0.0476623
5.072e-005,0.047707
5.0724e-005,0.0481534
5.0728e-005,0.0470125
5.0732e-005,0.0476276
5.0736e-005,0.0474887
5.074e-005,0.0472705
5.0744e-005,0.0475483
5.0748e-005,0.048337
5.0752e-005,0.048213
5.0756e-005,0.0479253
5.076e-005,0.0474094
5.0764e-005,0.0475433
5.0768e-005,0.0473796
5.0772e-005,0.0472308
5.0776e-005,0.0467149
5.078e-005,0.0480344
5.0784e-005,0.0479203
5.0788e-005,0.0468687
5.0792e-005,0.0478062
5.0796e-005,0.0474242
5.08e-005,0.0473498
5.0804e-005,0.0478161
5.0808e-005,0.0474143
5.0812e-005,0.0474292
5.0816e-005,0.0475929
5.082e-005,0.048089
5.0824e-005,0.0472655
5.0828e-005,0.0474391
5.0832e-005,0.0480344
5.0836e-005,0.0477516
5.084e-005,0.0476276
5.0844e-005,0.0481088
5.0848e-005,0.0478657
5.0852e-005,0.0474292
5.0856e-005,0.046576
5.086e-005,0.0425728
5.0864e-005,0.0393583
5.0868e-005,0.0367937
5.0872e-005,0.0359157
5.0876e-005,0.0353402
5.088e-005,0.0351617
5.0884e-005,0.0258953
5.0888e-005,0.0204833
5.0892e-005,0.0196499
5.0896e-005,0.0193274
5.09e-005,0.0187867
5.0904e-005,0.0188859
5.0908e-005,0.0101999
5.0912e-005,0.00115182
5.0916e-005,0.00159331
5.092e-005,-0.00059927
5.0924e-005,0.00057143
5.0928e-005,0.000551588
5.0932e-005,1.08833e-005
5.0936e-005,0.000625997
5.094e-005,0.00073513
5.0944e-005,-0.000797694
5.0948e-005,0.00793295
5.0952e-005,0.0186131
5.0956e-005,0.0227304
5.096e-005,0.0269221
5.0964e-005,0.0316198
5.0968e-005,0.034998
5.0972e-005,0.0367242
5.0976e-005,0.0387928
5.098e-005,0.0399982
5.0984e-005,0.0421313
5.0988e-005,0.0435847
5.0992e-005,0.0433268
5.0996e-005,0.0448398
5.1e-005,0.0454549
5.1004e-005,0.0463379
5.1008e-005,0.0478657
5.1012e-005,0.0475532
5.1016e-005,0.0483965
5.102e-005,0.0493837
5.1024e-005,0.0499988
5.1028e-005,0.0501278
5.1032e-005,0.0513431
5.1036e-005,0.0511348
5.104e-005,0.0507974
5.1044e-005,0.0523104
5.1048e-005,0.051988
5.1052e-005,0.0517697
5.1056e-005,0.0521616
5.106e-005,0.0522013
5.1064e-005,0.0527618
5.1068e-005,0.0529702
5.1072e-005,0.0527618
5.1076e-005,0.0538036
5.108e-005,0.0537589
5.1084e-005,0.0528065
5.1088e-005,0.0530248
5.1092e-005,0.0527718
5.1096e-005,0.0538432
5.11e-005,0.0528908
5.1104e-005,0.0540962
5.1108e-005,0.0546717
5.1112e-005,0.0543889
5.1116e-005,0.0539375
5.112e-005,0.0535208
5.1124e-005,0.0537292
5.1128e-005,0.0542699
5.1132e-005,0.0542798
5.1136e-005,0.0536746
5.114e-005,0.0549891
5.1144e-005,0.0544187
5.1148e-005,0.0541508
5.1152e-005,0.0546617
5.1156e-005,0.054374
5.116e-005,0.0541806
5.1164e-005,0.0548701
5.1168e-005,0.0550239
5.1172e-005,0.0548701
5.1176e-005,0.0545774
5.118e-005,0.0544038
5.1184e-005,0.0536547
5.1188e-005,0.0550983
5.1192e-005,0.0547312
5.1196e-005,0.054627
5.12e-005,0.0540119
5.1204e-005,0.0557878
5.1208e-005,0.054374
5.1212e-005,0.0552421
5.1216e-005,0.0550636
5.122e-005,0.0548552
5.1224e-005,0.0550834
5.1228e-005,0.0555447
5.1232e-005,0.0540169
5.1236e-005,0.0555943
5.124e-005,0.0545675
5.1244e-005,0.0544385
5.1248e-005,0.0547362
5.1252e-005,0.0556142
5.1256e-005,0.0544683
5.126e-005,0.0544038
