LECROYWR104MXi,20621,Waveform
Segments,1,SegmentSize,2501
Segment,TrigTime,TimeSinceSegment1
#1,21-May-2015 13:59:34,0                 
Time,Ampl
4.126e-005,0.018127
4.1264e-005,0.0167182
4.1268e-005,0.0172986
4.1272e-005,0.0161229
4.1276e-005,0.0155921
4.128e-005,0.0150464
4.1284e-005,0.0157657
4.1288e-005,0.0147042
4.1292e-005,0.0138757
4.1296e-005,0.0133549
4.13e-005,0.0140692
4.1304e-005,0.0132656
4.1308e-005,0.0140593
4.1312e-005,0.0135037
4.1316e-005,0.0135682
4.132e-005,0.0127447
4.1324e-005,0.0135632
4.1328e-005,0.0139849
4.1332e-005,0.0137021
4.1336e-005,0.0140394
4.134e-005,0.0136724
4.1344e-005,0.0128191
4.1348e-005,0.0144115
4.1352e-005,0.012834
4.1356e-005,0.0132507
4.136e-005,0.0132954
4.1364e-005,0.0137071
4.1368e-005,0.0133053
4.1372e-005,0.0133747
4.1376e-005,0.0138559
4.138e-005,0.0136575
4.1384e-005,0.0139502
4.1388e-005,0.0131664
4.1392e-005,0.0135434
4.1396e-005,0.0139253
4.14e-005,0.0137418
4.1404e-005,0.0131713
4.1408e-005,0.0140593
4.1412e-005,0.013846
4.1416e-005,0.013464
4.142e-005,0.0140692
4.1424e-005,0.0138658
4.1428e-005,0.0141139
4.1432e-005,0.014342
4.1436e-005,0.0142131
4.144e-005,0.0142081
4.1444e-005,0.0148133
4.1448e-005,0.0140146
4.1452e-005,0.0140394
4.1456e-005,0.0142031
4.146e-005,0.0137418
4.1464e-005,0.01397
4.1468e-005,0.014218
4.1472e-005,0.0136972
4.1476e-005,0.0137021
4.148e-005,0.013717
4.1484e-005,0.0141089
4.1488e-005,0.0136724
4.1492e-005,0.0141635
4.1496e-005,0.0137914
4.15e-005,0.0142924
4.1504e-005,0.0135731
4.1508e-005,0.0137964
4.1512e-005,0.0140394
4.1516e-005,0.0134243
4.152e-005,0.0145256
4.1524e-005,0.013588
4.1528e-005,0.0141535
4.1532e-005,0.0138906
4.1536e-005,0.0138509
4.154e-005,0.0150018
4.1544e-005,0.0132061
4.1548e-005,0.014094
4.1552e-005,0.0145801
4.1556e-005,0.0142924
4.156e-005,0.0141436
4.1564e-005,0.0142825
4.1568e-005,0.0138559
4.1572e-005,0.0140742
4.1576e-005,0.0143172
4.158e-005,0.0136972
4.1584e-005,0.0130672
4.1588e-005,0.0146546
4.1592e-005,0.0139353
4.1596e-005,0.0136029
4.16e-005,0.0141982
4.1604e-005,0.0137468
4.1608e-005,0.0133797
4.1612e-005,0.0142776
4.1616e-005,0.014342
4.162e-005,0.0146298
4.1624e-005,0.0133202
4.1628e-005,0.0139154
4.1632e-005,0.0138361
4.1636e-005,0.0138261
4.164e-005,0.0137071
4.1644e-005,0.0138658
4.1648e-005,0.0140841
4.1652e-005,0.014218
4.1656e-005,0.0136922
4.166e-005,0.0143817
4.1664e-005,0.0132656
4.1668e-005,0.0140295
4.1672e-005,0.0144413
4.1676e-005,0.0139253
4.168e-005,0.0136773
4.1684e-005,0.014342
4.1688e-005,0.0143321
4.1692e-005,0.0135186
4.1696e-005,0.0147091
4.17e-005,0.013846
4.1704e-005,0.0146992
4.1708e-005,0.0146893
4.1712e-005,0.0144363
4.1716e-005,0.0138658
4.172e-005,0.0146496
4.1724e-005,0.0150464
4.1728e-005,0.0138162
4.1732e-005,0.0141734
4.1736e-005,0.0142081
4.174e-005,0.0140246
4.1744e-005,0.0141337
4.1748e-005,0.0143619
4.1752e-005,0.0140494
4.1756e-005,0.0141833
4.176e-005,0.0140097
4.1764e-005,0.0147687
4.1768e-005,0.0142627
4.1772e-005,0.014089
4.1776e-005,0.0140593
4.178e-005,0.0139799
4.1784e-005,0.0140642
4.1788e-005,0.0137666
4.1792e-005,0.0144016
4.1796e-005,0.0137815
4.18e-005,0.0138311
4.1804e-005,0.0144264
4.1808e-005,0.0139303
4.1812e-005,0.0139898
4.1816e-005,0.0140841
4.182e-005,0.0136823
4.1824e-005,0.0137567
4.1828e-005,0.0151407
4.1832e-005,0.0142924
4.1836e-005,0.0145603
4.184e-005,0.0145008
4.1844e-005,0.0143966
4.1848e-005,0.0132507
4.1852e-005,0.0143768
4.1856e-005,0.0140543
4.186e-005,0.0138906
4.1864e-005,0.0140841
4.1868e-005,0.0136376
4.1872e-005,0.0131664
4.1876e-005,0.0150117
4.188e-005,0.0135434
4.1884e-005,0.0138708
4.1888e-005,0.0142875
4.1892e-005,0.0134591
4.1896e-005,0.0138361
4.19e-005,0.0142627
4.1904e-005,0.0138807
4.1908e-005,0.0133896
4.1912e-005,0.0140394
4.1916e-005,0.0145454
4.192e-005,0.014724
4.1924e-005,0.0135235
4.1928e-005,0.0134839
4.1932e-005,0.0150415
4.1936e-005,0.0158253
4.194e-005,0.0155822
4.1944e-005,0.0158699
4.1948e-005,0.0162667
4.1952e-005,0.0156616
4.1956e-005,0.016733
4.196e-005,0.0187123
4.1964e-005,0.0197144
4.1968e-005,0.0188314
4.1972e-005,0.0183849
4.1976e-005,0.018623
4.198e-005,0.00874153
4.1984e-005,0.000750012
4.1988e-005,0.00114686
4.1992e-005,-0.000371082
4.1996e-005,0.000854184
4.2e-005,0.00108237
4.2004e-005,0.000516864
4.2008e-005,0.000368046
4.2012e-005,0.00150402
4.2016e-005,-0.000237146
4.202e-005,0.00847862
4.2024e-005,0.0170654
4.2028e-005,0.0180674
4.2032e-005,0.0185933
4.2036e-005,0.0194415
4.204e-005,0.0202104
4.2044e-005,0.0190893
4.2048e-005,0.0203989
4.2052e-005,0.0214307
4.2056e-005,0.0206718
4.206e-005,0.0209892
4.2064e-005,0.0209099
4.2068e-005,0.0206618
4.2072e-005,0.0211033
4.2076e-005,0.0217581
4.208e-005,0.0214655
4.2084e-005,0.021773
4.2088e-005,0.0220954
4.2092e-005,0.0220012
4.2096e-005,0.0218325
4.21e-005,0.0216242
4.2104e-005,0.0216192
4.2108e-005,0.0216788
4.2112e-005,0.0214258
4.2116e-005,0.0219466
4.212e-005,0.0215448
4.2124e-005,0.0218325
4.2128e-005,0.0212422
4.2132e-005,0.02215
4.2136e-005,0.0215944
4.214e-005,0.0214307
4.2144e-005,0.0220806
4.2148e-005,0.0219863
4.2152e-005,0.0218673
4.2156e-005,0.021654
4.216e-005,0.0209148
4.2164e-005,0.0210339
4.2168e-005,0.0210339
4.2172e-005,0.0213018
4.2176e-005,0.0217929
4.218e-005,0.0214704
4.2184e-005,0.0220905
4.2188e-005,0.02152
4.2192e-005,0.0214952
4.2196e-005,0.0223336
4.22e-005,0.0215746
4.2204e-005,0.0222641
4.2208e-005,0.0217929
4.2212e-005,0.0215895
4.2216e-005,0.0218028
4.222e-005,0.0213315
4.2224e-005,0.0210488
4.2228e-005,0.0216986
4.2232e-005,0.0211678
4.2236e-005,0.0216192
4.224e-005,0.0218127
4.2244e-005,0.02152
4.2248e-005,0.0216143
4.2252e-005,0.0221798
4.2256e-005,0.0215696
4.226e-005,0.0209148
4.2264e-005,0.0218623
4.2268e-005,0.021267
4.2272e-005,0.021014
4.2276e-005,0.0212769
4.228e-005,0.0214903
4.2284e-005,0.021401
4.2288e-005,0.0213266
4.2292e-005,0.0216837
4.2296e-005,0.0215498
4.23e-005,0.0213018
4.2304e-005,0.0214456
4.2308e-005,0.0211232
4.2312e-005,0.021019
4.2316e-005,0.0218673
4.232e-005,0.0216292
4.2324e-005,0.0215845
4.2328e-005,0.0212224
4.2332e-005,0.0212819
4.2336e-005,0.0218921
4.234e-005,0.0216837
4.2344e-005,0.0209297
4.2348e-005,0.0216341
4.2352e-005,0.0214059
4.2356e-005,0.0217036
4.236e-005,0.0215051
4.2364e-005,0.0213613
4.2368e-005,0.0211182
4.2372e-005,0.0218028
4.2376e-005,0.0220657
4.238e-005,0.0217333
4.2384e-005,0.021773
4.2388e-005,0.0211083
4.2392e-005,0.0213166
4.2396e-005,0.0215051
4.24e-005,0.0215597
4.2404e-005,0.0212521
4.2408e-005,0.0216242
4.2412e-005,0.021654
4.2416e-005,0.0207908
4.242e-005,0.021649
4.2424e-005,0.0216589
4.2428e-005,0.0210587
4.2432e-005,0.0215795
4.2436e-005,0.0216837
4.244e-005,0.0214357
4.2444e-005,0.0215448
4.2448e-005,0.0212422
4.2452e-005,0.0209942
4.2456e-005,0.0218623
4.246e-005,0.0212224
4.2464e-005,0.0214605
4.2468e-005,0.0216192
4.2472e-005,0.0211629
4.2476e-005,0.0213365
4.248e-005,0.0217383
4.2484e-005,0.0214208
4.2488e-005,0.0204336
4.2492e-005,0.0225022
4.2496e-005,0.0214655
4.25e-005,0.0216242
4.2504e-005,0.0213464
4.2508e-005,0.0218325
4.2512e-005,0.0210438
4.2516e-005,0.0214952
4.252e-005,0.0209347
4.2524e-005,0.0211331
4.2528e-005,0.0215349
4.2532e-005,0.0213315
4.2536e-005,0.0206916
4.254e-005,0.0216688
4.2544e-005,0.0211827
4.2548e-005,0.0208454
4.2552e-005,0.0210785
4.2556e-005,0.0219268
4.256e-005,0.0210636
4.2564e-005,0.0213563
4.2568e-005,0.0216936
4.2572e-005,0.0215101
4.2576e-005,0.0221451
4.258e-005,0.0213067
4.2584e-005,0.0204634
4.2588e-005,0.0218177
4.2592e-005,0.0213662
4.2596e-005,0.0210388
4.26e-005,0.021654
4.2604e-005,0.0215994
4.2608e-005,0.0214803
4.2612e-005,0.0214853
4.2616e-005,0.0213266
4.262e-005,0.021644
4.2624e-005,0.0217234
4.2628e-005,0.0212968
4.2632e-005,0.0208255
4.2636e-005,0.0214555
4.264e-005,0.0209247
4.2644e-005,0.0213811
4.2648e-005,0.021654
4.2652e-005,0.0219417
4.2656e-005,0.0210438
4.266e-005,0.0215746
4.2664e-005,0.021401
4.2668e-005,0.0212174
4.2672e-005,0.0219516
4.2676e-005,0.0214704
4.268e-005,0.0208553
4.2684e-005,0.022274
4.2688e-005,0.0217879
4.2692e-005,0.0214754
4.2696e-005,0.0209595
4.27e-005,0.0220111
4.2704e-005,0.0219566
4.2708e-005,0.0223782
4.2712e-005,0.0223633
4.2716e-005,0.0227651
4.272e-005,0.0229189
4.2724e-005,0.0198285
4.2728e-005,0.0190794
4.2732e-005,0.0196201
4.2736e-005,0.0185635
4.274e-005,0.0184196
4.2744e-005,0.0180278
4.2748e-005,0.00844389
4.2752e-005,0.000809539
4.2756e-005,0.00158835
4.276e-005,0.000288677
4.2764e-005,0.000869066
4.2768e-005,0.00170245
4.2772e-005,0.00048214
4.2776e-005,-0.000162738
4.278e-005,0.000839302
4.2784e-005,-0.000609191
4.2788e-005,0.00817106
4.2792e-005,0.0184345
4.2796e-005,0.0198185
4.28e-005,0.0213712
4.2804e-005,0.0228346
4.2808e-005,0.0246998
4.2812e-005,0.0252752
4.2816e-005,0.0264409
4.282e-005,0.028192
4.2824e-005,0.0273983
4.2828e-005,0.0282813
4.2832e-005,0.0298637
4.2836e-005,0.0293726
4.284e-005,0.0298836
4.2844e-005,0.0308509
4.2848e-005,0.0304243
4.2852e-005,0.030965
4.2856e-005,0.0304491
4.286e-005,0.0305483
4.2864e-005,0.0320216
4.2868e-005,0.0315652
4.2872e-005,0.0311287
4.2876e-005,0.0315206
4.288e-005,0.0324829
4.2884e-005,0.0316644
4.2888e-005,0.0314065
4.2892e-005,0.0319174
4.2896e-005,0.0315007
4.29e-005,0.0320266
4.2904e-005,0.0317587
4.2908e-005,0.0319323
4.2912e-005,0.0319422
4.2916e-005,0.0321605
4.292e-005,0.0308906
4.2924e-005,0.0322845
4.2928e-005,0.0317388
4.2932e-005,0.0315057
4.2936e-005,0.0314263
4.294e-005,0.0314561
4.2944e-005,0.0314313
4.2948e-005,0.0316446
4.2952e-005,0.0313817
4.2956e-005,0.0312825
4.296e-005,0.0314809
4.2964e-005,0.0317984
4.2968e-005,0.0307368
4.2972e-005,0.0310692
4.2976e-005,0.0320811
4.298e-005,0.0313966
4.2984e-005,0.0311336
4.2988e-005,0.0316347
4.2992e-005,0.0312874
4.2996e-005,0.0316496
4.3e-005,0.0315007
4.3004e-005,0.031471
4.3008e-005,0.0311535
4.3012e-005,0.0310543
4.3016e-005,0.0314859
4.302e-005,0.0314065
4.3024e-005,0.0319819
4.3028e-005,0.0316099
4.3032e-005,0.0316942
4.3036e-005,0.0315206
4.304e-005,0.0310692
4.3044e-005,0.0316992
4.3048e-005,0.0315057
4.3052e-005,0.0317984
4.3056e-005,0.0311485
4.306e-005,0.0311733
4.3064e-005,0.0309253
4.3068e-005,0.0315156
4.3072e-005,0.0315851
4.3076e-005,0.0311386
4.308e-005,0.0319075
4.3084e-005,0.0320414
4.3088e-005,0.0316644
4.3092e-005,0.0312725
4.3096e-005,0.0308311
4.31e-005,0.0311585
4.3104e-005,0.0317686
4.3108e-005,0.0312577
4.3112e-005,0.0309005
4.3116e-005,0.0317686
4.312e-005,0.0313966
4.3124e-005,0.0312229
4.3128e-005,0.0317388
4.3132e-005,0.0312031
4.3136e-005,0.0312825
4.314e-005,0.0307566
4.3144e-005,0.0314958
4.3148e-005,0.0314263
4.3152e-005,0.0317091
4.3156e-005,0.0316694
4.316e-005,0.030965
4.3164e-005,0.0321407
4.3168e-005,0.0313966
4.3172e-005,0.0307616
4.3176e-005,0.0315603
4.318e-005,0.0317636
4.3184e-005,0.0306029
4.3188e-005,0.0313271
4.3192e-005,0.0316793
4.3196e-005,0.031337
4.32e-005,0.0311188
4.3204e-005,0.0315255
4.3208e-005,0.0311684
4.3212e-005,0.0317835
4.3216e-005,0.0319521
4.322e-005,0.0313866
4.3224e-005,0.0311336
4.3228e-005,0.0312329
4.3232e-005,0.0307963
4.3236e-005,0.0315206
4.324e-005,0.0310394
4.3244e-005,0.0311882
4.3248e-005,0.0319869
4.3252e-005,0.0311783
4.3256e-005,0.0309848
4.326e-005,0.0314164
4.3264e-005,0.0313767
4.3268e-005,0.0316843
4.3272e-005,0.0317041
4.3276e-005,0.0313222
4.328e-005,0.0309501
4.3284e-005,0.031347
4.3288e-005,0.0315751
4.3292e-005,0.0314511
4.3296e-005,0.0314511
4.33e-005,0.0309352
4.3304e-005,0.0309451
4.3308e-005,0.0318281
4.3312e-005,0.0313172
4.3316e-005,0.0314809
4.332e-005,0.0314859
4.3324e-005,0.0314511
4.3328e-005,0.0312329
4.3332e-005,0.0314214
4.3336e-005,0.0318629
4.334e-005,0.0317537
4.3344e-005,0.0313122
4.3348e-005,0.0320514
4.3352e-005,0.0306326
4.3356e-005,0.0317537
4.336e-005,0.0315999
4.3364e-005,0.0318133
4.3368e-005,0.0317438
4.3372e-005,0.03222
4.3376e-005,0.0316843
4.338e-005,0.0319323
4.3384e-005,0.0322795
4.3388e-005,0.0316892
4.3392e-005,0.0320266
4.3396e-005,0.0317091
4.34e-005,0.0310295
4.3404e-005,0.0319968
4.3408e-005,0.0317636
4.3412e-005,0.0313916
4.3416e-005,0.0317587
4.342e-005,0.0318777
4.3424e-005,0.0313966
4.3428e-005,0.0318976
4.3432e-005,0.0320811
4.3436e-005,0.0313073
4.344e-005,0.0312527
4.3444e-005,0.0319174
4.3448e-005,0.0312775
4.3452e-005,0.0312279
4.3456e-005,0.0326516
4.346e-005,0.0310146
4.3464e-005,0.0316644
4.3468e-005,0.0309005
4.3472e-005,0.030087
4.3476e-005,0.0297546
4.348e-005,0.0303598
4.3484e-005,0.0299332
4.3488e-005,0.029834
4.3492e-005,0.0235985
4.3496e-005,0.0196251
4.35e-005,0.0200864
4.3504e-005,0.0195507
4.3508e-005,0.0188016
4.3512e-005,0.019253
4.3516e-005,0.00844389
4.352e-005,0.000809539
4.3524e-005,0.00175701
4.3528e-005,0.000184504
4.3532e-005,0.000685524
4.3536e-005,0.00148418
4.354e-005,0.000447416
4.3544e-005,6.54498e-005
4.3548e-005,0.000700406
4.3552e-005,0.000169622
4.3556e-005,0.00820578
4.356e-005,0.019005
4.3564e-005,0.0212968
4.3568e-005,0.0229636
4.3572e-005,0.02719
4.3576e-005,0.0293082
4.358e-005,0.0299332
4.3584e-005,0.0321903
4.3588e-005,0.0340753
4.3592e-005,0.0343779
4.3596e-005,0.0361984
4.36e-005,0.0367391
4.3604e-005,0.0376469
4.3608e-005,0.0379693
4.3612e-005,0.0390904
4.3616e-005,0.0389069
4.362e-005,0.0401024
4.3624e-005,0.0399883
4.3628e-005,0.0402413
4.3632e-005,0.041288
4.3636e-005,0.0408763
4.364e-005,0.0409903
4.3644e-005,0.0413475
4.3648e-005,0.0413029
4.3652e-005,0.0414566
4.3656e-005,0.0418386
4.366e-005,0.042042
4.3664e-005,0.041407
4.3668e-005,0.0417295
4.3672e-005,0.0413773
4.3676e-005,0.0414666
4.368e-005,0.0427464
4.3684e-005,0.0419477
4.3688e-005,0.0414616
4.3692e-005,0.0426869
4.3696e-005,0.041665
4.37e-005,0.0419825
4.3704e-005,0.0421114
4.3708e-005,0.0415509
4.3712e-005,0.0418585
4.3716e-005,0.0425777
4.372e-005,0.042171
4.3724e-005,0.0421908
4.3728e-005,0.0429498
4.3732e-005,0.0419676
4.3736e-005,0.0423396
4.374e-005,0.0423446
4.3744e-005,0.0424488
4.3748e-005,0.0422999
4.3752e-005,0.0433516
4.3756e-005,0.0420271
4.376e-005,0.0421164
4.3764e-005,0.0426819
4.3768e-005,0.0421511
4.3772e-005,0.0425529
4.3776e-005,0.043555
4.378e-005,0.0420866
4.3784e-005,0.0417047
4.3788e-005,0.0427762
4.3792e-005,0.0415707
4.3796e-005,0.0421759
4.38e-005,0.0427514
4.3804e-005,0.0421362
4.3808e-005,0.0413723
4.3812e-005,0.0419974
4.3816e-005,0.0421809
4.382e-005,0.0423694
4.3824e-005,0.0424736
4.3828e-005,0.0422553
4.3832e-005,0.0414269
4.3836e-005,0.0424438
4.384e-005,0.0418882
4.3844e-005,0.0413773
4.3848e-005,0.0425133
4.3852e-005,0.0420718
4.3856e-005,0.0418188
4.386e-005,0.0426025
4.3864e-005,0.0412632
4.3868e-005,0.0415707
4.3872e-005,0.0423595
4.3876e-005,0.0424289
4.388e-005,0.0413227
4.3884e-005,0.0423049
4.3888e-005,0.0414467
4.3892e-005,0.0412235
4.3896e-005,0.0421362
4.39e-005,0.041789
4.3904e-005,0.0416005
4.3908e-005,0.0419974
4.3912e-005,0.0420023
4.3916e-005,0.0412185
4.392e-005,0.0422355
4.3924e-005,0.041665
4.3928e-005,0.0417543
4.3932e-005,0.042791
4.3936e-005,0.0420569
4.394e-005,0.0416451
4.3944e-005,0.0423297
4.3948e-005,0.0423148
4.3952e-005,0.0423446
4.3956e-005,0.0426273
4.396e-005,0.0420321
4.3964e-005,0.0420271
4.3968e-005,0.04292
4.3972e-005,0.0426918
4.3976e-005,0.0422851
4.398e-005,0.0429547
4.3984e-005,0.0421065
4.3988e-005,0.0418733
4.3992e-005,0.0430143
4.3996e-005,0.0424041
4.4e-005,0.0422007
4.4004e-005,0.0427613
4.4008e-005,0.0423892
4.4012e-005,0.0421611
4.4016e-005,0.042424
4.402e-005,0.0422355
4.4024e-005,0.0421114
4.4028e-005,0.0425579
4.4032e-005,0.0422851
4.4036e-005,0.0415955
4.404e-005,0.0423843
4.4044e-005,0.0421214
4.4048e-005,0.0416303
4.4052e-005,0.0423247
4.4056e-005,0.0418535
4.406e-005,0.041918
4.4064e-005,0.0427811
4.4068e-005,0.041794
4.4072e-005,0.0421611
4.4076e-005,0.0428754
4.408e-005,0.0426918
4.4084e-005,0.0419577
4.4088e-005,0.043302
4.4092e-005,0.0424388
4.4096e-005,0.0414814
4.41e-005,0.0422255
4.4104e-005,0.0424537
4.4108e-005,0.0423496
4.4112e-005,0.0435699
4.4116e-005,0.0420817
4.412e-005,0.0416253
4.4124e-005,0.0430391
4.4128e-005,0.0421859
4.4132e-005,0.0426174
4.4136e-005,0.0424835
4.414e-005,0.0429696
4.4144e-005,0.0428109
4.4148e-005,0.0428903
4.4152e-005,0.0420966
4.4156e-005,0.0422801
4.416e-005,0.0431432
4.4164e-005,0.0418485
4.4168e-005,0.0420866
4.4172e-005,0.043431
4.4176e-005,0.042672
4.418e-005,0.0422305
4.4184e-005,0.042171
4.4188e-005,0.0429002
4.4192e-005,0.0419825
4.4196e-005,0.0427712
4.42e-005,0.0421362
4.4204e-005,0.0424587
4.4208e-005,0.0432623
4.4212e-005,0.0425976
4.4216e-005,0.0423297
4.422e-005,0.043173
4.4224e-005,0.0432474
4.4228e-005,0.041913
4.4232e-005,0.0424686
4.4236e-005,0.0391152
4.424e-005,0.0364316
4.4244e-005,0.035871
4.4248e-005,0.0344374
4.4252e-005,0.0338173
4.4256e-005,0.033738
4.426e-005,0.0262921
4.4264e-005,0.0205973
4.4268e-005,0.0200021
4.4272e-005,0.0191786
4.4276e-005,0.0194018
4.428e-005,0.0190893
4.4284e-005,0.00987254
4.4288e-005,0.00138497
4.4292e-005,0.00225307
4.4296e-005,0.000387888
4.43e-005,0.000492061
4.4304e-005,0.00172229
4.4308e-005,0.000164662
4.4312e-005,0.000447416
4.4316e-005,0.00107245
4.432e-005,-0.000301634
4.4324e-005,0.00877129
4.4328e-005,0.018633
4.4332e-005,0.0182609
4.4336e-005,0.0174821
4.434e-005,0.0167827
4.4344e-005,0.0167975
4.4348e-005,0.015106
4.4352e-005,0.0151457
4.4356e-005,0.0145801
4.436e-005,0.0141635
4.4364e-005,0.0139353
4.4368e-005,0.0132011
4.4372e-005,0.013469
4.4376e-005,0.0135831
4.438e-005,0.0134839
4.4384e-005,0.0139353
4.4388e-005,0.0135483
4.4392e-005,0.0131317
4.4396e-005,0.0140593
4.44e-005,0.0132606
4.4404e-005,0.012834
4.4408e-005,0.0138658
4.4412e-005,0.0136128
4.4416e-005,0.0131069
4.442e-005,0.0137865
4.4424e-005,0.0136872
4.4428e-005,0.0135087
4.4432e-005,0.013335
4.4436e-005,0.01334
4.444e-005,0.0133747
4.4444e-005,0.0140196
4.4448e-005,0.0130572
4.4452e-005,0.0140196
4.4456e-005,0.0132706
4.446e-005,0.0136624
4.4464e-005,0.0134938
4.4468e-005,0.0139105
4.4472e-005,0.0135384
4.4476e-005,0.0135136
4.448e-005,0.0138162
4.4484e-005,0.0142031
4.4488e-005,0.0136922
4.4492e-005,0.0143024
4.4496e-005,0.0139154
4.45e-005,0.0140543
4.4504e-005,0.0136922
4.4508e-005,0.0134987
4.4512e-005,0.0141139
4.4516e-005,0.0142726
4.452e-005,0.0142478
4.4524e-005,0.0138807
4.4528e-005,0.0145901
4.4532e-005,0.0141783
4.4536e-005,0.0145008
4.454e-005,0.0140543
4.4544e-005,0.0140742
4.4548e-005,0.0142081
4.4552e-005,0.0148827
4.4556e-005,0.0149671
4.456e-005,0.0140295
4.4564e-005,0.014719
4.4568e-005,0.0147687
4.4572e-005,0.014089
4.4576e-005,0.0139253
4.458e-005,0.0146446
4.4584e-005,0.013598
4.4588e-005,0.0146744
4.4592e-005,0.0146099
4.4596e-005,0.0147587
4.46e-005,0.0144313
4.4604e-005,0.0143123
4.4608e-005,0.0147835
4.4612e-005,0.015354
4.4616e-005,0.0141932
4.462e-005,0.0151506
4.4624e-005,0.0140196
4.4628e-005,0.0140692
4.4632e-005,0.0133896
4.4636e-005,0.0151109
4.464e-005,0.0142379
4.4644e-005,0.014342
4.4648e-005,0.0145454
4.4652e-005,0.0154135
4.4656e-005,0.0145702
4.466e-005,0.0144363
4.4664e-005,0.0142974
4.4668e-005,0.0146744
4.4672e-005,0.0143768
4.4676e-005,0.0144264
4.468e-005,0.0140345
4.4684e-005,0.0143867
4.4688e-005,0.0144909
4.4692e-005,0.013841
4.4696e-005,0.0140791
4.47e-005,0.0142875
4.4704e-005,0.0144214
4.4708e-005,0.0150068
4.4712e-005,0.0145454
4.4716e-005,0.0139303
4.472e-005,0.0145305
4.4724e-005,0.013464
4.4728e-005,0.0146
4.4732e-005,0.0145206
4.4736e-005,0.0131168
4.474e-005,0.0139502
4.4744e-005,0.0142577
4.4748e-005,0.0148083
4.4752e-005,0.0147042
4.4756e-005,0.0143123
4.476e-005,0.0138113
4.4764e-005,0.0143817
4.4768e-005,0.0137071
4.4772e-005,0.0137765
4.4776e-005,0.0140246
4.478e-005,0.0148629
4.4784e-005,0.0139204
4.4788e-005,0.0139253
4.4792e-005,0.0135037
4.4796e-005,0.0138113
4.48e-005,0.0143272
4.4804e-005,0.0149175
4.4808e-005,0.0136426
4.4812e-005,0.0141833
4.4816e-005,0.0142081
4.482e-005,0.0133698
4.4824e-005,0.0131168
4.4828e-005,0.0145553
4.4832e-005,0.0135087
4.4836e-005,0.0139898
4.484e-005,0.0138261
4.4844e-005,0.0139948
4.4848e-005,0.0139551
4.4852e-005,0.0145305
4.4856e-005,0.0137964
4.486e-005,0.0142577
4.4864e-005,0.0138857
4.4868e-005,0.0143371
4.4872e-005,0.0144512
4.4876e-005,0.0140742
4.488e-005,0.0141883
4.4884e-005,0.0139055
4.4888e-005,0.0142379
4.4892e-005,0.0142627
4.4896e-005,0.0138113
4.49e-005,0.0147339
4.4904e-005,0.0143817
4.4908e-005,0.0139105
4.4912e-005,0.0142776
4.4916e-005,0.0141585
4.492e-005,0.0141932
4.4924e-005,0.0143272
4.4928e-005,0.0135235
4.4932e-005,0.0138311
4.4936e-005,0.0140543
4.494e-005,0.0143123
4.4944e-005,0.013717
4.4948e-005,0.0144413
4.4952e-005,0.0142428
4.4956e-005,0.0147538
4.496e-005,0.0144561
4.4964e-005,0.0138757
4.4968e-005,0.0138261
4.4972e-005,0.0143024
4.4976e-005,0.0142577
4.498e-005,0.014595
4.4984e-005,0.0141535
4.4988e-005,0.0142428
4.4992e-005,0.0151506
4.4996e-005,0.0134541
4.5e-005,0.0132656
4.5004e-005,0.0149869
4.5008e-005,0.0155673
4.5012e-005,0.0160733
4.5016e-005,0.0165793
4.502e-005,0.01649
4.5024e-005,0.0161824
4.5028e-005,0.0159542
4.5032e-005,0.0187967
4.5036e-005,0.018881
4.504e-005,0.018003
4.5044e-005,0.018623
4.5048e-005,0.0181716
4.5052e-005,0.0084687
4.5056e-005,0.000675603
4.506e-005,0.00153875
4.5064e-005,0.000120016
4.5068e-005,-3.99852e-006
4.5072e-005,0.00134032
4.5076e-005,0.000417652
4.508e-005,0.000933554
4.5084e-005,0.00119647
4.5088e-005,-0.000559585
4.5092e-005,0.00803712
4.5096e-005,0.0171101
4.51e-005,0.0180526
4.5104e-005,0.0188661
4.5108e-005,0.0198334
4.5112e-005,0.0208156
4.5116e-005,0.0202203
4.512e-005,0.0210537
4.5124e-005,0.0211976
4.5128e-005,0.021778
4.5132e-005,0.0218177
4.5136e-005,0.0225617
4.514e-005,0.0217135
4.5144e-005,0.0218821
4.5148e-005,0.0226907
4.5152e-005,0.0221252
4.5156e-005,0.0216837
4.516e-005,0.0223435
4.5164e-005,0.0220905
4.5168e-005,0.0218722
4.5172e-005,0.0225171
4.5176e-005,0.0212819
4.518e-005,0.0217432
4.5184e-005,0.0221401
4.5188e-005,0.0214754
4.5192e-005,0.0219615
4.5196e-005,0.0227155
4.52e-005,0.021902
4.5204e-005,0.0227701
4.5208e-005,0.0215597
4.5212e-005,0.0221847
4.5216e-005,0.0218921
4.522e-005,0.0222195
4.5224e-005,0.0219268
4.5228e-005,0.0228891
4.5232e-005,0.0219566
4.5236e-005,0.0220359
4.524e-005,0.0222244
4.5244e-005,0.0221203
4.5248e-005,0.0215647
4.5252e-005,0.0226709
4.5256e-005,0.022527
4.526e-005,0.0221203
4.5264e-005,0.0221302
4.5268e-005,0.0226709
4.5272e-005,0.0213662
4.5276e-005,0.0220905
4.528e-005,0.0224427
4.5284e-005,0.0215448
4.5288e-005,0.0219913
4.5292e-005,0.0218177
4.5296e-005,0.0215498
4.53e-005,0.0224526
4.5304e-005,0.0216788
4.5308e-005,0.0220806
4.5312e-005,0.022155
4.5316e-005,0.0222145
4.532e-005,0.021401
4.5324e-005,0.0222294
4.5328e-005,0.0222393
4.5332e-005,0.0223187
4.5336e-005,0.022279
4.534e-005,0.0222343
4.5344e-005,0.0219863
4.5348e-005,0.0223236
4.5352e-005,0.0222443
4.5356e-005,0.0218325
4.536e-005,0.0221748
4.5364e-005,0.0219615
4.5368e-005,0.0219417
4.5372e-005,0.0223336
4.5376e-005,0.0221103
4.538e-005,0.0222294
4.5384e-005,0.0225221
4.5388e-005,0.0222889
4.5392e-005,0.0212174
4.5396e-005,0.0226659
4.54e-005,0.0219714
4.5404e-005,0.0219615
4.5408e-005,0.0223137
4.5412e-005,0.0221203
4.5416e-005,0.0215547
4.542e-005,0.022527
4.5424e-005,0.0221054
4.5428e-005,0.0207462
4.5432e-005,0.021401
4.5436e-005,0.0226113
4.544e-005,0.0214803
4.5444e-005,0.021897
4.5448e-005,0.0226064
4.5452e-005,0.0214258
4.5456e-005,0.022155
4.546e-005,0.0216043
4.5464e-005,0.0217085
4.5468e-005,0.0219516
4.5472e-005,0.0224973
4.5476e-005,0.0224278
4.548e-005,0.0221847
4.5484e-005,0.0221451
4.5488e-005,0.0218127
4.5492e-005,0.0217234
4.5496e-005,0.021272
4.55e-005,0.0223187
4.5504e-005,0.0221748
4.5508e-005,0.0220062
4.5512e-005,0.0213216
4.5516e-005,0.0226312
4.552e-005,0.0221748
4.5524e-005,0.0215547
4.5528e-005,0.0221798
4.5532e-005,0.022284
4.5536e-005,0.0222095
4.554e-005,0.0221599
4.5544e-005,0.0220558
4.5548e-005,0.021778
4.5552e-005,0.0227254
4.5556e-005,0.0221203
4.556e-005,0.0222691
4.5564e-005,0.0227056
4.5568e-005,0.0223435
4.5572e-005,0.0215696
4.5576e-005,0.0215746
4.558e-005,0.0221451
4.5584e-005,0.0217532
4.5588e-005,0.0222443
4.5592e-005,0.021897
4.5596e-005,0.022284
4.56e-005,0.0219268
4.5604e-005,0.0221103
4.5608e-005,0.0211529
4.5612e-005,0.0223435
4.5616e-005,0.0220756
4.562e-005,0.0214655
4.5624e-005,0.0219367
4.5628e-005,0.0225617
4.5632e-005,0.0221153
4.5636e-005,0.0219218
4.564e-005,0.0222046
4.5644e-005,0.0220607
4.5648e-005,0.0222542
4.5652e-005,0.0221947
4.5656e-005,0.0219317
4.566e-005,0.0224476
4.5664e-005,0.023291
4.5668e-005,0.0214158
4.5672e-005,0.02152
4.5676e-005,0.0220806
4.568e-005,0.02152
4.5684e-005,0.0227701
4.5688e-005,0.0224576
4.5692e-005,0.0213414
4.5696e-005,0.0216043
4.57e-005,0.0222294
4.5704e-005,0.0218325
4.5708e-005,0.0223336
4.5712e-005,0.0226262
4.5716e-005,0.0215994
4.572e-005,0.0215895
4.5724e-005,0.0223137
4.5728e-005,0.0216192
4.5732e-005,0.0216837
4.5736e-005,0.0216093
4.574e-005,0.0214357
4.5744e-005,0.0221451
4.5748e-005,0.0226362
4.5752e-005,0.0214059
4.5756e-005,0.0221947
4.576e-005,0.0224278
4.5764e-005,0.0212819
4.5768e-005,0.0215597
4.5772e-005,0.0229288
4.5776e-005,0.0225469
4.578e-005,0.0232215
4.5784e-005,0.0235191
4.5788e-005,0.0230032
4.5792e-005,0.0238614
4.5796e-005,0.0205676
4.58e-005,0.0192828
4.5804e-005,0.019759
4.5808e-005,0.0186726
4.5812e-005,0.0184742
4.5816e-005,0.0182609
4.582e-005,0.00919294
4.5824e-005,0.000968278
4.5828e-005,0.00161316
4.5832e-005,-0.000167698
4.5836e-005,0.000447416
4.584e-005,0.00174213
4.5844e-005,0.000144819
4.5848e-005,0.000278755
4.5852e-005,0.00121135
4.5856e-005,-0.000157777
4.586e-005,0.0080024
4.5864e-005,0.0180823
4.5868e-005,0.020012
4.5872e-005,0.0209297
4.5876e-005,0.0234745
4.588e-005,0.0241094
4.5884e-005,0.0248089
4.5888e-005,0.0265897
4.5892e-005,0.0278646
4.5896e-005,0.0275769
4.59e-005,0.02907
4.5904e-005,0.0295413
4.5908e-005,0.0294719
4.5912e-005,0.0301763
4.5916e-005,0.030206
4.592e-005,0.0308559
4.5924e-005,0.0310592
4.5928e-005,0.0314462
4.5932e-005,0.0312081
4.5936e-005,0.0319323
4.594e-005,0.0318033
4.5944e-005,0.0311535
4.5948e-005,0.0318133
4.5952e-005,0.031843
4.5956e-005,0.0316049
4.596e-005,0.0325127
4.5964e-005,0.032602
4.5968e-005,0.0318976
4.5972e-005,0.0322101
4.5976e-005,0.0325722
4.598e-005,0.0318926
4.5984e-005,0.0319472
4.5988e-005,0.031977
4.5992e-005,0.0323043
4.5996e-005,0.0322795
4.6e-005,0.0318678
4.6004e-005,0.0320067
4.6008e-005,0.0315851
4.6012e-005,0.0318728
4.6016e-005,0.0320762
4.602e-005,0.0318033
4.6024e-005,0.0322299
4.6028e-005,0.0315801
4.6032e-005,0.0320018
4.6036e-005,0.0318629
4.604e-005,0.0325226
4.6044e-005,0.0323341
4.6048e-005,0.031461
4.6052e-005,0.0315652
4.6056e-005,0.031972
4.606e-005,0.0323391
4.6064e-005,0.0322647
4.6068e-005,0.0325474
4.6072e-005,0.0316049
4.6076e-005,0.032597
4.608e-005,0.0323837
4.6084e-005,0.0323589
4.6088e-005,0.0315851
4.6092e-005,0.0323043
4.6096e-005,0.0319025
4.61e-005,0.0320514
4.6104e-005,0.0316694
4.6108e-005,0.0324532
4.6112e-005,0.0312081
4.6116e-005,0.0318777
4.612e-005,0.0316744
4.6124e-005,0.031471
4.6128e-005,0.0324929
4.6132e-005,0.0322597
4.6136e-005,0.0318728
4.614e-005,0.0321059
4.6144e-005,0.03159
4.6148e-005,0.0320613
4.6152e-005,0.0323043
4.6156e-005,0.031977
4.616e-005,0.0319571
4.6164e-005,0.0329095
4.6168e-005,0.0323043
4.6172e-005,0.0318529
4.6176e-005,0.0323639
4.618e-005,0.0321258
4.6184e-005,0.0313222
4.6188e-005,0.0325821
4.6192e-005,0.0320117
4.6196e-005,0.0321506
4.62e-005,0.031461
4.6204e-005,0.0319373
4.6208e-005,0.0313321
4.6212e-005,0.0316644
4.6216e-005,0.0316595
4.622e-005,0.0317736
4.6224e-005,0.0314561
4.6228e-005,0.0316247
4.6232e-005,0.0310692
4.6236e-005,0.0313866
4.624e-005,0.0316793
4.6244e-005,0.0320166
4.6248e-005,0.0317884
4.6252e-005,0.0316744
4.6256e-005,0.0313222
4.626e-005,0.0313866
4.6264e-005,0.0310295
4.6268e-005,0.0314511
4.6272e-005,0.0323639
4.6276e-005,0.0319075
4.628e-005,0.0314114
4.6284e-005,0.0323093
4.6288e-005,0.0319224
4.6292e-005,0.0317835
4.6296e-005,0.0321952
4.63e-005,0.0313023
4.6304e-005,0.031213
4.6308e-005,0.0314958
4.6312e-005,0.0323192
4.6316e-005,0.0313271
4.632e-005,0.031719
4.6324e-005,0.0323093
4.6328e-005,0.0315355
4.6332e-005,0.0319472
4.6336e-005,0.0325673
4.634e-005,0.0317388
4.6344e-005,0.031843
4.6348e-005,0.0322895
4.6352e-005,0.0316049
4.6356e-005,0.0320811
4.636e-005,0.0319323
4.6364e-005,0.0310394
4.6368e-005,0.0314561
4.6372e-005,0.0316942
4.6376e-005,0.0317835
4.638e-005,0.0318529
4.6384e-005,0.0317388
4.6388e-005,0.0309848
4.6392e-005,0.0311088
4.6396e-005,0.0316297
4.64e-005,0.0311882
4.6404e-005,0.0317934
4.6408e-005,0.0319869
4.6412e-005,0.0317785
4.6416e-005,0.031972
4.642e-005,0.0320414
4.6424e-005,0.0308559
4.6428e-005,0.0314958
4.6432e-005,0.031466
4.6436e-005,0.0317438
4.644e-005,0.0317587
4.6444e-005,0.0312229
4.6448e-005,0.031094
4.6452e-005,0.0313817
4.6456e-005,0.0318678
4.646e-005,0.0314214
4.6464e-005,0.0321803
4.6468e-005,0.0318232
4.6472e-005,0.030717
4.6476e-005,0.0317636
4.648e-005,0.0317686
4.6484e-005,0.0309948
4.6488e-005,0.0313569
4.6492e-005,0.0315652
4.6496e-005,0.0312577
4.65e-005,0.0320613
4.6504e-005,0.0319621
4.6508e-005,0.0322349
4.6512e-005,0.0314412
4.6516e-005,0.0313569
4.652e-005,0.0313966
4.6524e-005,0.0321456
4.6528e-005,0.0325821
4.6532e-005,0.031089
4.6536e-005,0.0316644
4.654e-005,0.0307715
4.6544e-005,0.0299629
4.6548e-005,0.0299282
4.6552e-005,0.0297298
4.6556e-005,0.029204
4.656e-005,0.0299233
4.6564e-005,0.0236481
4.6568e-005,0.0194018
4.6572e-005,0.0197937
4.6576e-005,0.0197044
4.658e-005,0.0193126
4.6584e-005,0.0184643
4.6588e-005,0.00929712
4.6592e-005,0.00098316
4.6596e-005,0.00200008
4.66e-005,0.000432534
4.6604e-005,-0.000132974
4.6608e-005,0.00153875
4.6612e-005,0.00023411
4.6616e-005,-0.000276831
4.662e-005,0.00122127
4.6624e-005,-0.000658797
4.6628e-005,0.0078139
4.6632e-005,0.0195308
4.6636e-005,0.0211629
4.664e-005,0.0228991
4.6644e-005,0.0268378
4.6648e-005,0.0295264
4.6652e-005,0.0296405
4.6656e-005,0.0320365
4.666e-005,0.0342737
4.6664e-005,0.0342142
4.6668e-005,0.0357321
4.6672e-005,0.0369276
4.6676e-005,0.0369375
4.668e-005,0.038019
4.6684e-005,0.03914
4.6688e-005,0.0392343
4.6692e-005,0.0404
4.6696e-005,0.0396708
4.67e-005,0.0401421
4.6704e-005,0.0410102
4.6708e-005,0.0413326
4.6712e-005,0.0412037
4.6716e-005,0.0421114
4.672e-005,0.0409358
4.6724e-005,0.0414418
4.6728e-005,0.0420222
4.6732e-005,0.0418237
4.6736e-005,0.0419329
4.674e-005,0.0423049
4.6744e-005,0.041794
4.6748e-005,0.0416948
4.6752e-005,0.0424289
4.6756e-005,0.0425232
4.676e-005,0.0417791
4.6764e-005,0.0428307
4.6768e-005,0.0426472
4.6772e-005,0.0419527
4.6776e-005,0.043049
4.678e-005,0.0425877
4.6784e-005,0.0421412
4.6788e-005,0.0418237
4.6792e-005,0.0423099
4.6796e-005,0.0419626
4.68e-005,0.0432226
4.6804e-005,0.0420271
4.6808e-005,0.0415658
4.6812e-005,0.0428456
4.6816e-005,0.0419527
4.682e-005,0.042042
4.6824e-005,0.0431234
4.6828e-005,0.0424785
4.6832e-005,0.0416154
4.6836e-005,0.0427811
4.684e-005,0.0420767
4.6844e-005,0.0412285
4.6848e-005,0.0424984
4.6852e-005,0.0425133
4.6856e-005,0.0422404
4.686e-005,0.0426819
4.6864e-005,0.0421015
4.6868e-005,0.042042
4.6872e-005,0.0424835
4.6876e-005,0.0422851
4.688e-005,0.0418585
4.6884e-005,0.0423198
4.6888e-005,0.0420817
4.6892e-005,0.0420916
4.6896e-005,0.0426918
4.69e-005,0.0418981
4.6904e-005,0.0420767
4.6908e-005,0.0429647
4.6912e-005,0.0423694
4.6916e-005,0.0419874
4.692e-005,0.0423099
4.6924e-005,0.042047
4.6928e-005,0.0419825
4.6932e-005,0.0428208
4.6936e-005,0.0421561
4.694e-005,0.0417592
4.6944e-005,0.0429944
4.6948e-005,0.0422553
4.6952e-005,0.0417245
4.6956e-005,0.0425728
4.696e-005,0.0428307
4.6964e-005,0.0414467
4.6968e-005,0.0422007
4.6972e-005,0.0419725
4.6976e-005,0.0417989
4.698e-005,0.0429746
4.6984e-005,0.0413029
4.6988e-005,0.0419527
4.6992e-005,0.0429994
4.6996e-005,0.0423297
4.7e-005,0.0418485
4.7004e-005,0.0431879
4.7008e-005,0.0420321
4.7012e-005,0.0425232
4.7016e-005,0.0428407
4.702e-005,0.0428754
4.7024e-005,0.0421015
4.7028e-005,0.0429002
4.7032e-005,0.0422057
4.7036e-005,0.04167
4.704e-005,0.0431234
4.7044e-005,0.0427861
4.7048e-005,0.0418783
4.7052e-005,0.0423347
4.7056e-005,0.0423644
4.706e-005,0.0417989
4.7064e-005,0.0427762
4.7068e-005,0.0422107
4.7072e-005,0.0420767
4.7076e-005,0.0429498
4.708e-005,0.0426373
4.7084e-005,0.0421164
4.7088e-005,0.0431284
4.7092e-005,0.0425083
4.7096e-005,0.0415509
4.71e-005,0.0423446
4.7104e-005,0.0421164
4.7108e-005,0.0421065
4.7112e-005,0.0427018
4.7116e-005,0.0421263
4.712e-005,0.0418882
4.7124e-005,0.0426373
4.7128e-005,0.0423297
4.7132e-005,0.0426621
4.7136e-005,0.0427216
4.714e-005,0.0417344
4.7144e-005,0.0422404
4.7148e-005,0.0425728
4.7152e-005,0.0419229
4.7156e-005,0.0423198
4.716e-005,0.0431234
4.7164e-005,0.042672
4.7168e-005,0.0420321
4.7172e-005,0.0426323
4.7176e-005,0.0428605
4.718e-005,0.0420966
4.7184e-005,0.0427662
4.7188e-005,0.0425827
4.7192e-005,0.0418833
4.7196e-005,0.0430391
4.72e-005,0.0427811
4.7204e-005,0.0421362
4.7208e-005,0.0431085
4.7212e-005,0.042548
4.7216e-005,0.0423049
4.722e-005,0.0434954
4.7224e-005,0.0423942
4.7228e-005,0.0418485
4.7232e-005,0.0427613
4.7236e-005,0.042667
4.724e-005,0.0429696
4.7244e-005,0.0428407
4.7248e-005,0.0426075
4.7252e-005,0.042042
4.7256e-005,0.0423892
4.726e-005,0.0423297
4.7264e-005,0.0418039
4.7268e-005,0.0427811
4.7272e-005,0.0424388
4.7276e-005,0.0425579
4.728e-005,0.0430292
4.7284e-005,0.0422404
4.7288e-005,0.0415162
4.7292e-005,0.0435798
4.7296e-005,0.042925
4.73e-005,0.0422454
4.7304e-005,0.0419279
4.7308e-005,0.0390458
4.7312e-005,0.036749
4.7316e-005,0.0356031
4.732e-005,0.0348888
4.7324e-005,0.0344076
4.7328e-005,0.0347549
4.7332e-005,0.0264012
4.7336e-005,0.0198781
4.734e-005,0.0209446
4.7344e-005,0.0194812
4.7348e-005,0.0189554
4.7352e-005,0.0189504
4.7356e-005,0.010696
4.736e-005,0.00148418
4.7364e-005,0.0014693
4.7368e-005,-0.000395885
4.7372e-005,0.000576391
4.7376e-005,0.00113694
4.738e-005,0.000531746
4.7384e-005,0.000159701
4.7388e-005,0.00089883
4.7392e-005,-1.39197e-005
4.7396e-005,0.00922767
4.74e-005,0.0179236
4.7404e-005,0.0179682
4.7408e-005,0.0172241
4.7412e-005,0.016986
4.7416e-005,0.0168174
4.742e-005,0.0154284
4.7424e-005,0.0152349
4.7428e-005,0.0151605
4.7432e-005,0.0147935
4.7436e-005,0.0136029
4.744e-005,0.0144611
4.7444e-005,0.0138906
4.7448e-005,0.0131565
4.7452e-005,0.0141238
4.7456e-005,0.0143569
4.746e-005,0.0130969
4.7464e-005,0.0131168
4.7468e-005,0.0145355
4.7472e-005,0.0134144
4.7476e-005,0.014595
4.748e-005,0.0142279
4.7484e-005,0.0134987
4.7488e-005,0.013722
4.7492e-005,0.0141982
4.7496e-005,0.0133102
4.75e-005,0.0132457
4.7504e-005,0.0142776
4.7508e-005,0.0139154
4.7512e-005,0.0129283
4.7516e-005,0.0141932
4.752e-005,0.0134392
4.7524e-005,0.0134343
4.7528e-005,0.0144958
4.7532e-005,0.0135384
4.7536e-005,0.0130771
4.754e-005,0.014094
4.7544e-005,0.0132805
4.7548e-005,0.0128985
4.7552e-005,0.0141436
4.7556e-005,0.0142627
4.756e-005,0.0138162
4.7564e-005,0.0139154
4.7568e-005,0.0140692
4.7572e-005,0.0142329
4.7576e-005,0.0137666
4.758e-005,0.0145851
4.7584e-005,0.0142726
4.7588e-005,0.0143916
4.7592e-005,0.0141039
4.7596e-005,0.0143668
4.76e-005,0.0145206
4.7604e-005,0.0142924
4.7608e-005,0.014094
4.7612e-005,0.014476
4.7616e-005,0.0136079
4.762e-005,0.0140593
4.7624e-005,0.0149423
4.7628e-005,0.0139005
4.7632e-005,0.0141585
4.7636e-005,0.0145801
4.764e-005,0.0136624
4.7644e-005,0.0139799
4.7648e-005,0.014724
4.7652e-005,0.0140047
4.7656e-005,0.0142081
4.766e-005,0.0149621
4.7664e-005,0.0144661
4.7668e-005,0.014094
4.7672e-005,0.0145256
4.7676e-005,0.0138261
4.768e-005,0.0141635
4.7684e-005,0.0150068
4.7688e-005,0.0145653
4.7692e-005,0.0143024
4.7696e-005,0.0145405
4.77e-005,0.0145057
4.7704e-005,0.0141982
4.7708e-005,0.0148877
4.7712e-005,0.0147538
4.7716e-005,0.0136823
4.772e-005,0.0146794
4.7724e-005,0.0144016
4.7728e-005,0.0146794
4.7732e-005,0.0147141
4.7736e-005,0.0148381
4.774e-005,0.0146546
4.7744e-005,0.0137071
4.7748e-005,0.0146298
4.7752e-005,0.0139105
4.7756e-005,0.0150365
4.776e-005,0.0145702
4.7764e-005,0.0145752
4.7768e-005,0.0145504
4.7772e-005,0.0138113
4.7776e-005,0.0139105
4.778e-005,0.014719
4.7784e-005,0.0135285
4.7788e-005,0.0140742
4.7792e-005,0.0142627
4.7796e-005,0.0141436
4.78e-005,0.0140345
4.7804e-005,0.0146397
4.7808e-005,0.0146347
4.7812e-005,0.0138609
4.7816e-005,0.0144661
4.782e-005,0.0145851
4.7824e-005,0.0136823
4.7828e-005,0.0145206
4.7832e-005,0.0142577
4.7836e-005,0.0144809
4.784e-005,0.0137071
4.7844e-005,0.014223
4.7848e-005,0.01397
4.7852e-005,0.0141287
4.7856e-005,0.013846
4.786e-005,0.0138063
4.7864e-005,0.014099
4.7868e-005,0.0140742
4.7872e-005,0.0141089
4.7876e-005,0.0145057
4.788e-005,0.0142974
4.7884e-005,0.0143718
4.7888e-005,0.0146
4.7892e-005,0.0143817
4.7896e-005,0.0138063
4.79e-005,0.014977
4.7904e-005,0.0138609
4.7908e-005,0.0145107
4.7912e-005,0.0144512
4.7916e-005,0.0145107
4.792e-005,0.0140047
4.7924e-005,0.0141783
4.7928e-005,0.0135235
4.7932e-005,0.0140394
4.7936e-005,0.0143073
4.794e-005,0.0140146
4.7944e-005,0.0140494
4.7948e-005,0.0142279
4.7952e-005,0.0142527
4.7956e-005,0.0142081
4.796e-005,0.0141139
4.7964e-005,0.0143668
4.7968e-005,0.0140841
4.7972e-005,0.0141486
4.7976e-005,0.014094
4.798e-005,0.0138261
4.7984e-005,0.0143024
4.7988e-005,0.0147736
4.7992e-005,0.0137616
4.7996e-005,0.0144313
4.8e-005,0.0136823
4.8004e-005,0.0140047
4.8008e-005,0.0148431
4.8012e-005,0.0141982
4.8016e-005,0.0130572
4.802e-005,0.0144859
4.8024e-005,0.0143272
4.8028e-005,0.0137815
4.8032e-005,0.0137418
4.8036e-005,0.0139452
4.804e-005,0.0138113
4.8044e-005,0.0142131
4.8048e-005,0.0140692
4.8052e-005,0.0140394
4.8056e-005,0.0137716
4.806e-005,0.0137716
4.8064e-005,0.0143222
4.8068e-005,0.0137666
4.8072e-005,0.013211
4.8076e-005,0.0157409
4.808e-005,0.0158947
4.8084e-005,0.0163412
4.8088e-005,0.0162419
4.8092e-005,0.0165842
4.8096e-005,0.0163412
4.81e-005,0.016743
4.8104e-005,0.0188363
4.8108e-005,0.0193026
4.8112e-005,0.0182212
4.8116e-005,0.0184246
4.812e-005,0.0185238
4.8124e-005,0.00897468
4.8128e-005,0.000690485
4.8132e-005,0.00216378
4.8136e-005,-6.84862e-005
4.814e-005,-0.000286752
4.8144e-005,0.00124607
4.8148e-005,0.000531746
4.8152e-005,0.000303558
4.8156e-005,0.000794657
4.816e-005,-0.000529821
4.8164e-005,0.00841909
4.8168e-005,0.0181319
4.8172e-005,0.0179037
4.8176e-005,0.0185536
4.818e-005,0.0192778
4.8184e-005,0.0203146
4.8188e-005,0.020389
4.8192e-005,0.0204535
4.8196e-005,0.021396
4.82e-005,0.0204684
4.8204e-005,0.0212075
4.8208e-005,0.0211132
4.8212e-005,0.0215299
4.8216e-005,0.0215994
4.822e-005,0.0214406
4.8224e-005,0.0214952
4.8228e-005,0.0212373
4.8232e-005,0.0219268
4.8236e-005,0.0221004
4.824e-005,0.0208851
4.8244e-005,0.0219962
4.8248e-005,0.0214555
4.8252e-005,0.0221451
4.8256e-005,0.0219516
4.826e-005,0.021267
4.8264e-005,0.0215795
4.8268e-005,0.022031
4.8272e-005,0.0213117
4.8276e-005,0.0216093
4.828e-005,0.021401
4.8284e-005,0.0214109
4.8288e-005,0.0219516
4.8292e-005,0.0220855
4.8296e-005,0.0215002
4.83e-005,0.0214704
4.8304e-005,0.0213166
4.8308e-005,0.0216391
4.8312e-005,0.0216986
4.8316e-005,0.0221897
4.832e-005,0.0213613
4.8324e-005,0.0222393
4.8328e-005,0.0215647
4.8332e-005,0.0214406
4.8336e-005,0.0219417
4.834e-005,0.022279
4.8344e-005,0.0219417
4.8348e-005,0.0218524
4.8352e-005,0.0210984
4.8356e-005,0.021267
4.836e-005,0.0215002
4.8364e-005,0.0216589
4.8368e-005,0.021143
4.8372e-005,0.022274
4.8376e-005,0.0213067
4.838e-005,0.0216986
4.8384e-005,0.0209892
4.8388e-005,0.021778
4.8392e-005,0.0219714
4.8396e-005,0.0221599
4.84e-005,0.0217085
4.8404e-005,0.0218474
4.8408e-005,0.0215696
4.8412e-005,0.0221401
4.8416e-005,0.0216093
4.842e-005,0.0223435
4.8424e-005,0.0216887
4.8428e-005,0.021272
4.8432e-005,0.0215547
4.8436e-005,0.021644
4.844e-005,0.0211182
4.8444e-005,0.0220607
4.8448e-005,0.0210934
4.8452e-005,0.021014
4.8456e-005,0.0216242
4.846e-005,0.0215895
4.8464e-005,0.0214406
4.8468e-005,0.0217978
4.8472e-005,0.0216639
4.8476e-005,0.0211629
4.848e-005,0.0222889
4.8484e-005,0.0217978
4.8488e-005,0.0209644
4.8492e-005,0.0222046
4.8496e-005,0.0214704
4.85e-005,0.0210488
4.8504e-005,0.0214704
4.8508e-005,0.0216986
4.8512e-005,0.0212174
4.8516e-005,0.0214307
4.852e-005,0.0210488
4.8524e-005,0.0208007
4.8528e-005,0.0214605
4.8532e-005,0.0213414
4.8536e-005,0.0212521
4.854e-005,0.0223137
4.8544e-005,0.0219962
4.8548e-005,0.0212769
4.8552e-005,0.0210587
4.8556e-005,0.0219913
4.856e-005,0.0212571
4.8564e-005,0.0213514
4.8568e-005,0.0215498
4.8572e-005,0.0219863
4.8576e-005,0.021391
4.858e-005,0.0216341
4.8584e-005,0.0209644
4.8588e-005,0.0216093
4.8592e-005,0.0219814
4.8596e-005,0.0214655
4.86e-005,0.0214208
4.8604e-005,0.0216936
4.8608e-005,0.021148
4.8612e-005,0.0214704
4.8616e-005,0.0217532
4.862e-005,0.0213315
4.8624e-005,0.02215
4.8628e-005,0.0217234
4.8632e-005,0.0216589
4.8636e-005,0.0220905
4.864e-005,0.0212224
4.8644e-005,0.0208603
4.8648e-005,0.0218177
4.8652e-005,0.0214258
4.8656e-005,0.0218623
4.866e-005,0.0220657
4.8664e-005,0.0218871
4.8668e-005,0.0214506
4.8672e-005,0.0216589
4.8676e-005,0.0216143
4.868e-005,0.0216043
4.8684e-005,0.0220607
4.8688e-005,0.0214605
4.8692e-005,0.0212819
4.8696e-005,0.021272
4.87e-005,0.021396
4.8704e-005,0.0206023
4.8708e-005,0.0217482
4.8712e-005,0.0213216
4.8716e-005,0.0209694
4.872e-005,0.0214158
4.8724e-005,0.0214803
4.8728e-005,0.0212323
4.8732e-005,0.0219863
4.8736e-005,0.0218276
4.874e-005,0.0213662
4.8744e-005,0.0218028
4.8748e-005,0.0219466
4.8752e-005,0.0218524
4.8756e-005,0.0218573
4.876e-005,0.0212869
4.8764e-005,0.0205279
4.8768e-005,0.0217135
4.8772e-005,0.0214853
4.8776e-005,0.0207362
4.878e-005,0.0218425
4.8784e-005,0.0223137
4.8788e-005,0.0212521
4.8792e-005,0.0220756
4.8796e-005,0.0215696
4.88e-005,0.0214258
4.8804e-005,0.0213266
4.8808e-005,0.0217879
4.8812e-005,0.0213117
4.8816e-005,0.0225121
4.882e-005,0.0224725
4.8824e-005,0.0215795
4.8828e-005,0.0221252
4.8832e-005,0.0221748
4.8836e-005,0.0214903
4.884e-005,0.0220012
4.8844e-005,0.0226213
4.8848e-005,0.0230727
4.8852e-005,0.0237076
4.8856e-005,0.0235588
4.886e-005,0.0235588
4.8864e-005,0.0233951
4.8868e-005,0.0205477
4.8872e-005,0.0194515
4.8876e-005,0.0196648
4.888e-005,0.0186776
4.8884e-005,0.0183204
4.8888e-005,0.0182113
4.8892e-005,0.00894491
4.8896e-005,0.00159331
4.89e-005,0.00199016
4.8904e-005,-8.3368e-005
4.8908e-005,0.000179543
4.8912e-005,0.00139489
4.8916e-005,0.000457337
4.892e-005,8.03316e-005
4.8924e-005,0.000928593
4.8928e-005,-0.000247068
4.8932e-005,0.00827523
4.8936e-005,0.017497
4.894e-005,0.020265
4.8944e-005,0.0210091
4.8948e-005,0.0237126
4.8952e-005,0.0248287
4.8956e-005,0.0258705
4.896e-005,0.0265352
4.8964e-005,0.0272942
4.8968e-005,0.0275273
4.8972e-005,0.0286335
4.8976e-005,0.0300473
4.898e-005,0.0299878
4.8984e-005,0.0303846
4.8988e-005,0.0306723
4.8992e-005,0.030712
4.8996e-005,0.0306674
4.9e-005,0.0313073
4.9004e-005,0.0312924
4.9008e-005,0.0315454
4.9012e-005,0.0321059
4.9016e-005,0.0316595
4.902e-005,0.0320216
4.9024e-005,0.0321109
4.9028e-005,0.0318678
4.9032e-005,0.0320266
4.9036e-005,0.032855
4.904e-005,0.0316694
4.9044e-005,0.0320365
4.9048e-005,0.0317438
4.9052e-005,0.0315355
4.9056e-005,0.0316942
4.906e-005,0.0322895
4.9064e-005,0.0314214
4.9068e-005,0.0319025
4.9072e-005,0.032101
4.9076e-005,0.0318827
4.908e-005,0.0318133
4.9084e-005,0.0318381
4.9088e-005,0.0316992
4.9092e-005,0.0316843
4.9096e-005,0.0319968
4.91e-005,0.0314412
4.9104e-005,0.0326764
4.9108e-005,0.0323093
4.9112e-005,0.0314015
4.9116e-005,0.0317488
4.912e-005,0.0323043
4.9124e-005,0.0314759
4.9128e-005,0.0321655
4.9132e-005,0.0327508
4.9136e-005,0.0312725
4.914e-005,0.0314908
4.9144e-005,0.0316595
4.9148e-005,0.0311237
4.9152e-005,0.0315603
4.9156e-005,0.0313817
4.916e-005,0.0317339
4.9164e-005,0.031461
4.9168e-005,0.0319571
4.9172e-005,0.0315553
4.9176e-005,0.0316545
4.918e-005,0.0316396
4.9184e-005,0.0311585
4.9188e-005,0.0316793
4.9192e-005,0.0313271
4.9196e-005,0.0305681
4.92e-005,0.0315156
4.9204e-005,0.0311336
4.9208e-005,0.0317984
4.9212e-005,0.031461
4.9216e-005,0.0316744
4.922e-005,0.0311882
4.9224e-005,0.031342
4.9228e-005,0.0321803
4.9232e-005,0.0317984
4.9236e-005,0.0322795
4.924e-005,0.0315404
4.9244e-005,0.0314462
4.9248e-005,0.0322399
4.9252e-005,0.0319472
4.9256e-005,0.0313073
4.926e-005,0.0319125
4.9264e-005,0.0314263
4.9268e-005,0.0318777
4.9272e-005,0.0320563
4.9276e-005,0.0317884
4.928e-005,0.031347
4.9284e-005,0.0320117
4.9288e-005,0.0314114
4.9292e-005,0.0313668
4.9296e-005,0.031972
4.93e-005,0.032225
4.9304e-005,0.0314114
4.9308e-005,0.031843
4.9312e-005,0.031848
4.9316e-005,0.0308658
4.932e-005,0.0318877
4.9324e-005,0.0317835
4.9328e-005,0.0313618
4.9332e-005,0.0321407
4.9336e-005,0.0321407
4.934e-005,0.0313718
4.9344e-005,0.0320018
4.9348e-005,0.0316843
4.9352e-005,0.0310692
4.9356e-005,0.0321109
4.936e-005,0.0320315
4.9364e-005,0.0318182
4.9368e-005,0.0327062
4.9372e-005,0.032731
4.9376e-005,0.0311684
4.938e-005,0.0319422
4.9384e-005,0.0314164
4.9388e-005,0.0312477
4.9392e-005,0.0312973
4.9396e-005,0.0328649
4.94e-005,0.0311684
4.9404e-005,0.0317736
4.9408e-005,0.0319373
4.9412e-005,0.0313519
4.9416e-005,0.0322597
4.942e-005,0.0319373
4.9424e-005,0.0314759
4.9428e-005,0.0321655
4.9432e-005,0.0318976
4.9436e-005,0.0311733
4.944e-005,0.0321803
4.9444e-005,0.0318331
4.9448e-005,0.0309898
4.9452e-005,0.0322151
4.9456e-005,0.0320563
4.946e-005,0.0316297
4.9464e-005,0.0317785
4.9468e-005,0.0318281
4.9472e-005,0.031213
4.9476e-005,0.0317537
4.948e-005,0.0315751
4.9484e-005,0.0318182
4.9488e-005,0.0320266
4.9492e-005,0.0323341
4.9496e-005,0.0314759
4.95e-005,0.0311585
4.9504e-005,0.0315851
4.9508e-005,0.0313023
4.9512e-005,0.0321803
4.9516e-005,0.031972
4.952e-005,0.031337
4.9524e-005,0.0315801
4.9528e-005,0.031342
4.9532e-005,0.0319323
4.9536e-005,0.0317686
4.954e-005,0.0314214
4.9544e-005,0.0313767
4.9548e-005,0.0315454
4.9552e-005,0.031218
4.9556e-005,0.0312329
4.956e-005,0.0317537
4.9564e-005,0.0321158
4.9568e-005,0.0312081
4.9572e-005,0.0318976
4.9576e-005,0.0319571
4.958e-005,0.0320266
4.9584e-005,0.0318232
4.9588e-005,0.0317587
4.9592e-005,0.0314263
4.9596e-005,0.0318083
4.96e-005,0.0321952
4.9604e-005,0.031337
4.9608e-005,0.0304441
4.9612e-005,0.0302755
4.9616e-005,0.0293627
4.962e-005,0.0298141
4.9624e-005,0.0293726
4.9628e-005,0.0294272
4.9632e-005,0.0297248
4.9636e-005,0.0245906
4.964e-005,0.0199674
4.9644e-005,0.0200715
4.9648e-005,0.0194713
4.9652e-005,0.0195259
4.9656e-005,0.0183204
4.966e-005,0.0098527
4.9664e-005,0.00121135
4.9668e-005,0.00129072
4.9672e-005,4.06468e-005
4.9676e-005,0.00056647
4.968e-005,0.00111214
4.9684e-005,-7.34468e-005
4.9688e-005,-4.86439e-005
4.9692e-005,0.000968278
4.9696e-005,-0.000152816
4.97e-005,0.00824547
4.9704e-005,0.0188661
4.9708e-005,0.0214208
4.9712e-005,0.0229636
4.9716e-005,0.0268279
4.972e-005,0.0285045
4.9724e-005,0.0302308
4.9728e-005,0.0320315
4.9732e-005,0.0343977
4.9736e-005,0.034998
4.974e-005,0.0356825
4.9744e-005,0.0367242
4.9748e-005,0.0369822
4.9752e-005,0.0380586
4.9756e-005,0.0387333
4.976e-005,0.0392095
4.9764e-005,0.0400032
4.9768e-005,0.0396907
4.9772e-005,0.0398494
4.9776e-005,0.0403554
4.978e-005,0.0405389
4.9784e-005,0.0407919
4.9788e-005,0.0413574
4.9792e-005,0.0409358
4.9796e-005,0.0411441
4.98e-005,0.0419329
4.9804e-005,0.0417692
4.9808e-005,0.0412929
4.9812e-005,0.0421908
4.9816e-005,0.0419924
4.982e-005,0.0419279
4.9824e-005,0.0420172
4.9828e-005,0.0418386
4.9832e-005,0.0420718
4.9836e-005,0.0420271
4.984e-005,0.041665
4.9844e-005,0.0414914
4.9848e-005,0.0420519
4.9852e-005,0.0415162
4.9856e-005,0.0412582
4.986e-005,0.0420718
4.9864e-005,0.0416104
4.9868e-005,0.0418138
4.9872e-005,0.0423744
4.9876e-005,0.0418485
4.988e-005,0.0411144
4.9884e-005,0.0425629
4.9888e-005,0.0419676
4.9892e-005,0.0408167
4.9896e-005,0.0420668
4.99e-005,0.0413574
4.9904e-005,0.0415509
4.9908e-005,0.0418436
4.9912e-005,0.0415509
4.9916e-005,0.0423992
4.992e-005,0.0424488
4.9924e-005,0.0415261
4.9928e-005,0.0420222
4.9932e-005,0.0422255
4.9936e-005,0.0420073
4.994e-005,0.0412086
4.9944e-005,0.0419428
4.9948e-005,0.0422454
4.9952e-005,0.0420271
4.9956e-005,0.0420321
4.996e-005,0.0414765
4.9964e-005,0.0415658
4.9968e-005,0.0426521
4.9972e-005,0.0424686
4.9976e-005,0.0420271
4.998e-005,0.0427514
4.9984e-005,0.042171
4.9988e-005,0.0420073
4.9992e-005,0.0423247
4.9996e-005,0.0414914
5e-005,0.0412979
5.0004e-005,0.0426819
5.0008e-005,0.0418981
5.0012e-005,0.041536
5.0016e-005,0.0428407
5.002e-005,0.04229
5.0024e-005,0.0417096
5.0028e-005,0.042414
5.0032e-005,0.0424289
5.0036e-005,0.0423446
5.004e-005,0.0424785
5.0044e-005,0.0414467
5.0048e-005,0.0413674
5.0052e-005,0.0421462
5.0056e-005,0.0413674
5.006e-005,0.0421164
5.0064e-005,0.042543
5.0068e-005,0.0420966
5.0072e-005,0.0418585
5.0076e-005,0.0430192
5.008e-005,0.0416253
5.0084e-005,0.0415955
5.0088e-005,0.0421164
5.0092e-005,0.041412
5.0096e-005,0.0415658
5.01e-005,0.0420519
5.0104e-005,0.04167
5.0108e-005,0.0417741
5.0112e-005,0.042925
5.0116e-005,0.0418535
5.012e-005,0.0418237
5.0124e-005,0.042791
5.0128e-005,0.0423396
5.0132e-005,0.041913
5.0136e-005,0.0422751
5.014e-005,0.042047
5.0144e-005,0.0411441
5.0148e-005,0.0422355
5.0152e-005,0.0423148
5.0156e-005,0.041784
5.016e-005,0.0430242
5.0164e-005,0.0424636
5.0168e-005,0.0412334
5.0172e-005,0.0424785
5.0176e-005,0.0418783
5.018e-005,0.0412334
5.0184e-005,0.0427861
5.0188e-005,0.0421313
5.0192e-005,0.0416749
5.0196e-005,0.0425232
5.02e-005,0.0421462
5.0204e-005,0.041541
5.0208e-005,0.0428605
5.0212e-005,0.0418188
5.0216e-005,0.0418783
5.022e-005,0.0422851
5.0224e-005,0.0416501
5.0228e-005,0.0418039
5.0232e-005,0.0423247
5.0236e-005,0.0421114
5.024e-005,0.0407076
5.0244e-005,0.0425926
5.0248e-005,0.0418783
5.0252e-005,0.0417989
5.0256e-005,0.0424736
5.026e-005,0.0423694
5.0264e-005,0.0418237
5.0268e-005,0.0425033
5.0272e-005,0.0414914
5.0276e-005,0.0416303
5.028e-005,0.0423694
5.0284e-005,0.0421561
5.0288e-005,0.041789
5.0292e-005,0.0430242
5.0296e-005,0.0425331
5.03e-005,0.0416055
5.0304e-005,0.0425331
5.0308e-005,0.0418733
5.0312e-005,0.0416997
5.0316e-005,0.0426571
5.032e-005,0.0417592
5.0324e-005,0.0413624
5.0328e-005,0.0423049
5.0332e-005,0.0415955
5.0336e-005,0.0412384
5.034e-005,0.0425133
5.0344e-005,0.0419874
5.0348e-005,0.0415013
5.0352e-005,0.0424041
5.0356e-005,0.0421511
5.036e-005,0.0420073
5.0364e-005,0.0425629
5.0368e-005,0.0424934
5.0372e-005,0.0413128
5.0376e-005,0.0416551
5.038e-005,0.0389416
5.0384e-005,0.0358065
5.0388e-005,0.0352509
5.0392e-005,0.0348442
5.0396e-005,0.0345614
5.04e-005,0.0347896
5.0404e-005,0.026808
5.0408e-005,0.0199425
5.0412e-005,0.0209843
5.0416e-005,0.0191935
5.042e-005,0.0193126
5.0424e-005,0.0193671
5.0428e-005,0.00984774
5.0432e-005,0.0013304
5.0436e-005,0.00165284
5.044e-005,-0.000207383
5.0444e-005,0.000695445
5.0448e-005,0.00165284
5.0452e-005,0.000839302
5.0456e-005,0.000492061
5.046e-005,0.00120639
5.0464e-005,0.00014978
5.0468e-005,0.00978821
5.0472e-005,0.0183948
5.0476e-005,0.0181071
5.048e-005,0.0172093
5.0484e-005,0.0172192
5.0488e-005,0.0160435
5.0492e-005,0.0160981
5.0496e-005,0.0151655
5.05e-005,0.0148282
5.0504e-005,0.0142924
5.0508e-005,0.0137319
5.0512e-005,0.0131813
5.0516e-005,0.0134789
5.052e-005,0.0129332
5.0524e-005,0.0132954
5.0528e-005,0.0138956
5.0532e-005,0.0125562
5.0536e-005,0.0130027
5.054e-005,0.0138807
5.0544e-005,0.0130324
5.0548e-005,0.01397
5.0552e-005,0.013593
5.0556e-005,0.0135087
5.056e-005,0.0131614
5.0564e-005,0.0138361
5.0568e-005,0.0136624
5.0572e-005,0.0134194
5.0576e-005,0.0138162
5.058e-005,0.01334
5.0584e-005,0.0133003
5.0588e-005,0.0138906
5.0592e-005,0.0142577
5.0596e-005,0.0140394
5.06e-005,0.014342
5.0604e-005,0.0138311
5.0608e-005,0.0141337
5.0612e-005,0.0138807
5.0616e-005,0.013841
5.062e-005,0.0139998
5.0624e-005,0.01397
5.0628e-005,0.0140791
5.0632e-005,0.0141783
5.0636e-005,0.0147637
5.064e-005,0.0139353
5.0644e-005,0.0135037
5.0648e-005,0.0144561
5.0652e-005,0.0145256
5.0656e-005,0.0140742
5.066e-005,0.0146198
5.0664e-005,0.0144512
5.0668e-005,0.0140543
5.0672e-005,0.0141585
5.0676e-005,0.0148282
5.068e-005,0.0136525
5.0684e-005,0.0144512
5.0688e-005,0.0145702
5.0692e-005,0.0141982
5.0696e-005,0.0145008
5.07e-005,0.0138609
5.0704e-005,0.0141436
5.0708e-005,0.0148331
5.0712e-005,0.0141387
5.0716e-005,0.014605
5.072e-005,0.014476
5.0724e-005,0.0137964
5.0728e-005,0.0134888
5.0732e-005,0.0140494
5.0736e-005,0.0143867
5.074e-005,0.0140593
5.0744e-005,0.0142081
5.0748e-005,0.0143817
5.0752e-005,0.0142527
5.0756e-005,0.0150117
5.076e-005,0.0137914
5.0764e-005,0.0139204
5.0768e-005,0.0140791
5.0772e-005,0.0141089
5.0776e-005,0.014218
5.078e-005,0.0146595
5.0784e-005,0.0142031
5.0788e-005,0.0136327
5.0792e-005,0.0139154
5.0796e-005,0.0138212
5.08e-005,0.0138708
5.0804e-005,0.0141486
5.0808e-005,0.0144958
5.0812e-005,0.0144264
5.0816e-005,0.0146248
5.082e-005,0.0142726
5.0824e-005,0.0141833
5.0828e-005,0.0146347
5.0832e-005,0.0142478
5.0836e-005,0.0133698
5.084e-005,0.013598
5.0844e-005,0.0140097
5.0848e-005,0.0134045
5.0852e-005,0.0142031
5.0856e-005,0.0145702
5.086e-005,0.0139898
5.0864e-005,0.0141883
5.0868e-005,0.0133797
5.0872e-005,0.0139551
5.0876e-005,0.0141387
5.088e-005,0.0141238
5.0884e-005,0.0139452
5.0888e-005,0.0143024
5.0892e-005,0.0132309
5.0896e-005,0.013593
5.09e-005,0.014089
5.0904e-005,0.0134591
5.0908e-005,0.0139601
5.0912e-005,0.0146149
5.0916e-005,0.0147538
5.092e-005,0.0138013
5.0924e-005,0.0147538
5.0928e-005,0.0141436
5.0932e-005,0.0133251
5.0936e-005,0.0138361
5.094e-005,0.0140692
5.0944e-005,0.0140494
5.0948e-005,0.0137517
5.0952e-005,0.013712
5.0956e-005,0.0141982
5.096e-005,0.014724
5.0964e-005,0.0142676
5.0968e-005,0.0140047
5.0972e-005,0.0139353
5.0976e-005,0.0141833
5.098e-005,0.0137071
5.0984e-005,0.0141139
5.0988e-005,0.0135136
5.0992e-005,0.01397
5.0996e-005,0.0139849
5.1e-005,0.0140146
5.1004e-005,0.0141734
5.1008e-005,0.0148431
5.1012e-005,0.0145603
5.1016e-005,0.0141486
5.102e-005,0.014089
5.1024e-005,0.0144016
5.1028e-005,0.0137368
5.1032e-005,0.0139303
5.1036e-005,0.0139551
5.104e-005,0.0128985
5.1044e-005,0.0141635
5.1048e-005,0.0136674
5.1052e-005,0.013216
5.1056e-005,0.0139998
5.106e-005,0.0140642
5.1064e-005,0.0134045
5.1068e-005,0.0147637
5.1072e-005,0.014476
5.1076e-005,0.014218
5.108e-005,0.0138311
5.1084e-005,0.0134442
5.1088e-005,0.013717
5.1092e-005,0.0142825
5.1096e-005,0.0137914
5.11e-005,0.0136277
5.1104e-005,0.0141783
5.1108e-005,0.0137468
5.1112e-005,0.0138708
5.1116e-005,0.0141833
5.112e-005,0.0140246
5.1124e-005,0.0143073
5.1128e-005,0.0142627
5.1132e-005,0.0142428
5.1136e-005,0.0148381
5.114e-005,0.0140841
5.1144e-005,0.0133896
5.1148e-005,0.0159691
5.1152e-005,0.0162866
5.1156e-005,0.0164205
5.116e-005,0.0169166
5.1164e-005,0.0164156
5.1168e-005,0.0160782
5.1172e-005,0.0161923
5.1176e-005,0.0185139
5.118e-005,0.0192381
5.1184e-005,0.0187818
5.1188e-005,0.0184494
5.1192e-005,0.0185288
5.1196e-005,0.00827027
5.12e-005,0.0011171
5.1204e-005,0.00191079
5.1208e-005,9.62069e-007
5.1212e-005,-0.000356201
5.1216e-005,0.00131056
5.122e-005,0.000501982
5.1224e-005,2.5765e-005
5.1228e-005,0.000764894
5.1232e-005,3.56862e-005
5.1236e-005,0.00817602
5.124e-005,0.0183601
5.1244e-005,0.0176706
5.1248e-005,0.0181964
5.1252e-005,0.0198632
5.1256e-005,0.0197193
5.126e-005,0.0199971
