LECROYWR104MXi,20621,Waveform
Segments,1,SegmentSize,2501
Segment,TrigTime,TimeSinceSegment1
#1,21-May-2015 13:59:34,0                 
Time,Ampl
4.126e-005,0.0476673
4.1264e-005,0.0473945
4.1268e-005,0.0473101
4.1272e-005,0.0477764
4.1276e-005,0.047707
4.128e-005,0.047826
4.1284e-005,0.0477963
4.1288e-005,0.0474242
4.1292e-005,0.0472308
4.1296e-005,0.0474689
4.13e-005,0.0480691
4.1304e-005,0.0470968
4.1308e-005,0.0473598
4.1312e-005,0.0473746
4.1316e-005,0.0473349
4.132e-005,0.0478608
4.1324e-005,0.0474094
4.1328e-005,0.0473002
4.1332e-005,0.0471117
4.1336e-005,0.047712
4.134e-005,0.047454
4.1344e-005,0.0479798
4.1348e-005,0.0480642
4.1352e-005,0.0475284
4.1356e-005,0.0476623
4.136e-005,0.0479352
4.1364e-005,0.0475383
4.1368e-005,0.0478955
4.1372e-005,0.0477715
4.1376e-005,0.0479897
4.138e-005,0.0476425
4.1384e-005,0.0477616
4.1388e-005,0.0475383
4.1392e-005,0.0482775
4.1396e-005,0.048089
4.14e-005,0.0481832
4.1404e-005,0.0485404
4.1408e-005,0.0485602
4.1412e-005,0.0483072
4.1416e-005,0.048084
4.142e-005,0.0480146
4.1424e-005,0.0480493
4.1428e-005,0.0481435
4.1432e-005,0.0483519
4.1436e-005,0.0475929
4.144e-005,0.0483618
4.1444e-005,0.0483122
4.1448e-005,0.0481386
4.1452e-005,0.0477268
4.1456e-005,0.0474094
4.146e-005,0.0477616
4.1464e-005,0.0482824
4.1468e-005,0.0480939
4.1472e-005,0.0478955
4.1476e-005,0.0481882
4.148e-005,0.0476028
4.1484e-005,0.0478806
4.1488e-005,0.0476375
4.1492e-005,0.0473945
4.1496e-005,0.0480989
4.15e-005,0.0483023
4.1504e-005,0.0477715
4.1508e-005,0.0476078
4.1512e-005,0.0481634
4.1516e-005,0.0478806
4.152e-005,0.0475383
4.1524e-005,0.0481386
4.1528e-005,0.0475979
4.1532e-005,0.0476822
4.1536e-005,0.0475731
4.154e-005,0.0480542
4.1544e-005,0.0484511
4.1548e-005,0.0480939
4.1552e-005,0.0473697
4.1556e-005,0.0479451
4.156e-005,0.0478409
4.1564e-005,0.0477715
4.1568e-005,0.0478161
4.1572e-005,0.0478211
4.1576e-005,0.0462039
4.158e-005,0.041789
4.1584e-005,0.0384853
4.1588e-005,0.0374187
4.1592e-005,0.0363968
4.1596e-005,0.0356428
4.16e-005,0.0342588
4.1604e-005,0.0247593
4.1608e-005,0.0204386
4.1612e-005,0.0198285
4.1616e-005,0.0189355
4.162e-005,0.0188165
4.1624e-005,0.0192133
4.1628e-005,0.00612234
4.1632e-005,0.00160819
4.1636e-005,0.000725209
4.164e-005,0.000665682
4.1644e-005,0.000794657
4.1648e-005,0.000829381
4.1652e-005,0.000373007
4.1656e-005,0.000561509
4.166e-005,5.92266e-006
4.1664e-005,-0.000217304
4.1668e-005,0.0119113
4.1672e-005,0.0203543
4.1676e-005,0.0226957
4.168e-005,0.0277704
4.1684e-005,0.0320018
4.1688e-005,0.0346904
4.1692e-005,0.0365407
4.1696e-005,0.0381727
4.17e-005,0.0400528
4.1704e-005,0.0412086
4.1708e-005,0.0421859
4.1712e-005,0.0443884
4.1716e-005,0.0449539
4.172e-005,0.0451027
4.1724e-005,0.0468389
4.1728e-005,0.0468736
4.1732e-005,0.0473201
4.1736e-005,0.0485305
4.174e-005,0.0490166
4.1744e-005,0.0495375
4.1748e-005,0.0500037
4.1752e-005,0.0507478
4.1756e-005,0.0509463
4.176e-005,0.0506883
4.1764e-005,0.0513034
4.1768e-005,0.0516705
4.1772e-005,0.0513878
4.1776e-005,0.0518094
4.178e-005,0.0522211
4.1784e-005,0.0527916
4.1788e-005,0.0524047
4.1792e-005,0.0526229
4.1796e-005,0.053367
4.18e-005,0.0526279
4.1804e-005,0.053114
4.1808e-005,0.0525634
4.1812e-005,0.0533273
4.1816e-005,0.0532381
4.182e-005,0.0531736
4.1824e-005,0.0538383
4.1828e-005,0.0533472
4.1832e-005,0.0538829
4.1836e-005,0.0536795
4.184e-005,0.0540615
4.1844e-005,0.053749
4.1848e-005,0.0535208
4.1852e-005,0.0542302
4.1856e-005,0.0543592
4.186e-005,0.0551429
4.1864e-005,0.0544286
4.1868e-005,0.054002
4.1872e-005,0.0546469
4.1876e-005,0.054384
4.188e-005,0.0546171
4.1884e-005,0.054379
4.1888e-005,0.0545725
4.1892e-005,0.0544633
4.1896e-005,0.0554158
4.19e-005,0.0548701
4.1904e-005,0.0545427
4.1908e-005,0.0545526
4.1912e-005,0.0553165
4.1916e-005,0.0549495
4.192e-005,0.0558374
4.1924e-005,0.0546766
4.1928e-005,0.0546518
4.1932e-005,0.0543294
4.1936e-005,0.0551429
4.194e-005,0.0545675
4.1944e-005,0.0549743
4.1948e-005,0.0555001
4.1952e-005,0.0546121
4.1956e-005,0.0550834
4.196e-005,0.0546518
4.1964e-005,0.0548155
4.1968e-005,0.0549743
4.1972e-005,0.0548949
4.1976e-005,0.0548304
4.198e-005,0.0556886
4.1984e-005,0.0546915
4.1988e-005,0.0551826
4.1992e-005,0.0549495
4.1996e-005,0.0555943
4.2e-005,0.0551578
4.2004e-005,0.0557729
4.2008e-005,0.0545774
4.2012e-005,0.0549792
4.2016e-005,0.0554108
4.202e-005,0.0548403
4.2024e-005,0.0546717
4.2028e-005,0.0547709
4.2032e-005,0.0548205
4.2036e-005,0.0554406
4.204e-005,0.055391
4.2044e-005,0.055004
4.2048e-005,0.0545923
4.2052e-005,0.0548155
4.2056e-005,0.0557977
4.206e-005,0.055138
4.2064e-005,0.0544038
4.2068e-005,0.0549247
4.2072e-005,0.0553612
4.2076e-005,0.0555199
4.208e-005,0.0553116
4.2084e-005,0.0542748
4.2088e-005,0.0547411
4.2092e-005,0.0546915
4.2096e-005,0.0553265
4.21e-005,0.0551479
4.2104e-005,0.0552669
4.2108e-005,0.0544038
4.2112e-005,0.0545576
4.2116e-005,0.0547907
4.212e-005,0.0550338
4.2124e-005,0.0552074
4.2128e-005,0.0553265
4.2132e-005,0.0549544
4.2136e-005,0.0555547
4.214e-005,0.0548751
4.2144e-005,0.0551032
4.2148e-005,0.0552818
4.2152e-005,0.0552173
4.2156e-005,0.0554604
4.216e-005,0.055639
4.2164e-005,0.054632
4.2168e-005,0.0546419
4.2172e-005,0.0554158
4.2176e-005,0.0552372
4.218e-005,0.0548502
4.2184e-005,0.055634
4.2188e-005,0.0551826
4.2192e-005,0.055009
4.2196e-005,0.0551776
4.22e-005,0.0554902
4.2204e-005,0.0551231
4.2208e-005,0.055133
4.2212e-005,0.0560061
4.2216e-005,0.0551826
4.222e-005,0.0552917
4.2224e-005,0.055262
4.2228e-005,0.0553463
4.2232e-005,0.0554802
4.2236e-005,0.0553413
4.224e-005,0.0551628
4.2244e-005,0.0545675
4.2248e-005,0.0549346
4.2252e-005,0.0559217
4.2256e-005,0.0550338
4.226e-005,0.056011
4.2264e-005,0.055386
4.2268e-005,0.0554703
4.2272e-005,0.05488
4.2276e-005,0.0549098
4.228e-005,0.0550586
4.2284e-005,0.0553215
4.2288e-005,0.0550586
4.2292e-005,0.0546865
4.2296e-005,0.0554108
4.23e-005,0.0550536
4.2304e-005,0.0553165
4.2308e-005,0.0553017
4.2312e-005,0.0547659
4.2316e-005,0.0557035
4.232e-005,0.0552917
4.2324e-005,0.055138
4.2328e-005,0.0551479
4.2332e-005,0.055128
4.2336e-005,0.0549792
4.234e-005,0.0547907
4.2344e-005,0.0526775
4.2348e-005,0.045693
4.2352e-005,0.0409407
4.2356e-005,0.0388126
4.236e-005,0.0379445
4.2364e-005,0.0366945
4.2368e-005,0.034358
4.2372e-005,0.0254091
4.2376e-005,0.0206073
4.238e-005,0.0198929
4.2384e-005,0.0197243
4.2388e-005,0.0192878
4.2392e-005,0.0189554
4.2396e-005,0.00660351
4.24e-005,0.00147426
4.2404e-005,0.0011419
4.2408e-005,0.000576391
4.2412e-005,0.000874027
4.2416e-005,0.00098812
4.242e-005,0.000854184
4.2424e-005,0.000625997
4.2428e-005,0.000576391
4.2432e-005,-0.000177619
4.2436e-005,0.0121594
4.244e-005,0.0212224
4.2444e-005,0.0256472
4.2448e-005,0.0301266
4.2452e-005,0.0345465
4.2456e-005,0.0373741
4.246e-005,0.0390855
4.2464e-005,0.0416203
4.2468e-005,0.0430986
4.2472e-005,0.0444876
4.2476e-005,0.0451374
4.248e-005,0.0468339
4.2484e-005,0.047707
4.2488e-005,0.0482229
4.2492e-005,0.0487834
4.2496e-005,0.0497756
4.25e-005,0.0506685
4.2504e-005,0.0510653
4.2508e-005,0.0518044
4.2512e-005,0.0522509
4.2516e-005,0.052747
4.252e-005,0.0534166
4.2524e-005,0.0541706
4.2528e-005,0.0545229
4.2532e-005,0.0541111
4.2536e-005,0.0543443
4.254e-005,0.0545725
4.2544e-005,0.0552074
4.2548e-005,0.0557977
4.2552e-005,0.0562343
4.2556e-005,0.056269
4.256e-005,0.05614
4.2564e-005,0.0559862
4.2568e-005,0.056646
4.2572e-005,0.056641
4.2576e-005,0.0575091
4.258e-005,0.0567601
4.2584e-005,0.0572611
4.2588e-005,0.0572363
4.2592e-005,0.0567601
4.2596e-005,0.0575637
4.26e-005,0.057405
4.2604e-005,0.0578018
4.2608e-005,0.0576431
4.2612e-005,0.057772
4.2616e-005,0.057519
4.262e-005,0.0577522
4.2624e-005,0.0573802
4.2628e-005,0.0576877
4.2632e-005,0.0574893
4.2636e-005,0.0574248
4.264e-005,0.057777
4.2644e-005,0.0579109
4.2648e-005,0.0576728
4.2652e-005,0.0583673
4.2656e-005,0.0579754
4.266e-005,0.0580994
4.2664e-005,0.0583524
4.2668e-005,0.0581441
4.2672e-005,0.0573504
4.2676e-005,0.058159
4.268e-005,0.058789
4.2684e-005,0.058154
4.2688e-005,0.0585161
4.2692e-005,0.0583574
4.2696e-005,0.0578018
4.27e-005,0.0584318
4.2704e-005,0.0584268
4.2708e-005,0.0584814
4.2712e-005,0.058536
4.2716e-005,0.0582036
4.272e-005,0.0583078
4.2724e-005,0.0583028
4.2728e-005,0.0580002
4.2732e-005,0.0582235
4.2736e-005,0.0575339
4.274e-005,0.058025
4.2744e-005,0.0579308
4.2748e-005,0.0584318
4.2752e-005,0.0582681
4.2756e-005,0.0583921
4.276e-005,0.0583425
4.2764e-005,0.0581193
4.2768e-005,0.0584318
4.2772e-005,0.0580796
4.2776e-005,0.0582433
4.278e-005,0.0584715
4.2784e-005,0.0584913
4.2788e-005,0.0577324
4.2792e-005,0.0584665
4.2796e-005,0.0584169
4.28e-005,0.0585905
4.2804e-005,0.0585062
4.2808e-005,0.0587741
4.2812e-005,0.0581838
4.2816e-005,0.0581391
4.282e-005,0.0584516
4.2824e-005,0.0587592
4.2828e-005,0.0586401
4.2832e-005,0.0587493
4.2836e-005,0.0585707
4.284e-005,0.0589923
4.2844e-005,0.0586649
4.2848e-005,0.058407
4.2852e-005,0.0582929
4.2856e-005,0.0585558
4.286e-005,0.0584665
4.2864e-005,0.0583276
4.2868e-005,0.0588336
4.2872e-005,0.0586947
4.2876e-005,0.0583078
4.288e-005,0.0585012
4.2884e-005,0.058536
4.2888e-005,0.058536
4.2892e-005,0.0586749
4.2896e-005,0.0591064
4.29e-005,0.0586749
4.2904e-005,0.0588783
4.2908e-005,0.0584864
4.2912e-005,0.0582135
4.2916e-005,0.0583971
4.292e-005,0.0587592
4.2924e-005,0.0584864
4.2928e-005,0.058412
4.2932e-005,0.0582086
4.2936e-005,0.0583127
4.294e-005,0.0582582
4.2944e-005,0.0586501
4.2948e-005,0.0588931
4.2952e-005,0.0583326
4.2956e-005,0.0584715
4.296e-005,0.0586451
4.2964e-005,0.0584268
4.2968e-005,0.058149
4.2972e-005,0.0584715
4.2976e-005,0.0585509
4.298e-005,0.0583723
4.2984e-005,0.058536
4.2988e-005,0.0584368
4.2992e-005,0.058526
4.2996e-005,0.0583227
4.3e-005,0.0581738
4.3004e-005,0.0580548
4.3008e-005,0.0584814
4.3012e-005,0.0587245
4.3016e-005,0.0588783
4.302e-005,0.0583673
4.3024e-005,0.0586947
4.3028e-005,0.058536
4.3032e-005,0.0584169
4.3036e-005,0.0581639
4.304e-005,0.0581838
4.3044e-005,0.0581193
4.3048e-005,0.0587394
4.3052e-005,0.0585161
4.3056e-005,0.0587642
4.306e-005,0.0583623
4.3064e-005,0.0579903
4.3068e-005,0.0586253
4.3072e-005,0.058278
4.3076e-005,0.0581143
4.308e-005,0.0586104
4.3084e-005,0.0585012
4.3088e-005,0.058149
4.3092e-005,0.0586005
4.3096e-005,0.058531
4.31e-005,0.0581193
4.3104e-005,0.0584864
4.3108e-005,0.0586947
4.3112e-005,0.0559416
4.3116e-005,0.0477616
4.312e-005,0.042419
4.3124e-005,0.0394129
4.3128e-005,0.038138
4.3132e-005,0.0372203
4.3136e-005,0.0359256
4.314e-005,0.0243575
4.3144e-005,0.0214357
4.3148e-005,0.0205973
4.3152e-005,0.0199525
4.3156e-005,0.0186032
4.316e-005,0.0190397
4.3164e-005,0.00704501
4.3168e-005,0.00151394
4.3172e-005,0.001003
4.3176e-005,0.000204346
4.318e-005,0.00124607
4.3184e-005,-0.000142895
4.3188e-005,0.000640879
4.3192e-005,0.000556549
4.3196e-005,0.000596233
4.32e-005,-0.000132974
4.3204e-005,0.0128092
4.3208e-005,0.0200318
4.3212e-005,0.021654
4.3216e-005,0.0243426
4.322e-005,0.0269618
4.3224e-005,0.0280283
4.3228e-005,0.0289014
4.3232e-005,0.0310741
4.3236e-005,0.0320414
4.324e-005,0.0335346
4.3244e-005,0.0337677
4.3248e-005,0.0351964
4.3252e-005,0.0352857
4.3256e-005,0.0356875
4.326e-005,0.0359603
4.3264e-005,0.0368086
4.3268e-005,0.0366002
4.3272e-005,0.037389
4.3276e-005,0.0369425
4.328e-005,0.0375229
4.3284e-005,0.0379247
4.3288e-005,0.0381231
4.3292e-005,0.038009
4.3296e-005,0.0379842
4.33e-005,0.0375031
4.3304e-005,0.0382819
4.3308e-005,0.0382819
4.3312e-005,0.0380785
4.3316e-005,0.0378602
4.332e-005,0.0388722
4.3324e-005,0.0377015
4.3328e-005,0.03789
4.3332e-005,0.0380934
4.3336e-005,0.0381678
4.334e-005,0.0384505
4.3344e-005,0.0384604
4.3348e-005,0.0381529
4.3352e-005,0.0386093
4.3356e-005,0.0383612
4.336e-005,0.0383364
4.3364e-005,0.0388126
4.3368e-005,0.0381529
4.3372e-005,0.0385051
4.3376e-005,0.0379743
4.338e-005,0.0376171
4.3384e-005,0.0385547
4.3388e-005,0.038386
4.3392e-005,0.0382918
4.3396e-005,0.0377511
4.34e-005,0.0382967
4.3404e-005,0.0379049
4.3408e-005,0.0386291
4.3412e-005,0.0377858
4.3416e-005,0.0376469
4.342e-005,0.037885
4.3424e-005,0.0378949
4.3428e-005,0.0385597
4.3432e-005,0.0379098
4.3436e-005,0.03789
4.344e-005,0.0378751
4.3444e-005,0.0379297
4.3448e-005,0.0376023
4.3452e-005,0.0374435
4.3456e-005,0.0376866
4.346e-005,0.0378156
4.3464e-005,0.0380785
4.3468e-005,0.0377064
4.3472e-005,0.0380586
4.3476e-005,0.0378205
4.348e-005,0.037761
4.3484e-005,0.03726
4.3488e-005,0.0375923
4.3492e-005,0.0373542
4.3496e-005,0.0383712
4.35e-005,0.0377908
4.3504e-005,0.0377759
4.3508e-005,0.0378652
4.3512e-005,0.0382124
4.3516e-005,0.0375576
4.352e-005,0.037389
4.3524e-005,0.0376519
4.3528e-005,0.0370318
4.3532e-005,0.0375725
4.3536e-005,0.0375923
4.354e-005,0.0377412
4.3544e-005,0.0377957
4.3548e-005,0.0376221
4.3552e-005,0.038014
4.3556e-005,0.0376866
4.356e-005,0.0379396
4.3564e-005,0.0378751
4.3568e-005,0.0377263
4.3572e-005,0.0373245
4.3576e-005,0.0377164
4.358e-005,0.0378503
4.3584e-005,0.0379842
4.3588e-005,0.0372401
4.3592e-005,0.0378949
4.3596e-005,0.0375328
4.36e-005,0.037766
4.3604e-005,0.0379297
4.3608e-005,0.0381678
4.3612e-005,0.0377808
4.3616e-005,0.0372501
4.362e-005,0.0374088
4.3624e-005,0.0370814
4.3628e-005,0.0377908
4.3632e-005,0.0375279
4.3636e-005,0.0378354
4.364e-005,0.0377709
4.3644e-005,0.0373493
4.3648e-005,0.0376916
4.3652e-005,0.037379
4.3656e-005,0.0377064
4.366e-005,0.037885
4.3664e-005,0.0376519
4.3668e-005,0.037761
4.3672e-005,0.0374882
4.3676e-005,0.0372054
4.368e-005,0.0375477
4.3684e-005,0.0378007
4.3688e-005,0.0380537
4.3692e-005,0.0375427
4.3696e-005,0.0380289
4.37e-005,0.0374286
4.3704e-005,0.0383563
4.3708e-005,0.037637
4.3712e-005,0.0375477
4.3716e-005,0.0373394
4.372e-005,0.0376668
4.3724e-005,0.0378999
4.3728e-005,0.0375824
4.3732e-005,0.037002
4.3736e-005,0.037637
4.374e-005,0.0374782
4.3744e-005,0.0375626
4.3748e-005,0.0370268
4.3752e-005,0.0371955
4.3756e-005,0.0371657
4.376e-005,0.0373344
4.3764e-005,0.0376419
4.3768e-005,0.0369971
4.3772e-005,0.0377164
4.3776e-005,0.0372501
4.378e-005,0.0374138
4.3784e-005,0.0377957
4.3788e-005,0.0369425
4.3792e-005,0.0373145
4.3796e-005,0.0373592
4.38e-005,0.0376568
4.3804e-005,0.0372947
4.3808e-005,0.0368979
4.3812e-005,0.0374882
4.3816e-005,0.0374237
4.382e-005,0.0376568
4.3824e-005,0.0375477
4.3828e-005,0.0367044
4.3832e-005,0.0369028
4.3836e-005,0.0373741
4.384e-005,0.0374485
4.3844e-005,0.0372749
4.3848e-005,0.036759
4.3852e-005,0.0374435
4.3856e-005,0.0375527
4.386e-005,0.0374336
4.3864e-005,0.0369872
4.3868e-005,0.0370566
4.3872e-005,0.0376916
4.3876e-005,0.0369326
4.388e-005,0.0362133
4.3884e-005,0.0350823
4.3888e-005,0.0341646
4.3892e-005,0.0333114
4.3896e-005,0.0335743
4.39e-005,0.0333163
4.3904e-005,0.0317984
4.3908e-005,0.0242434
4.3912e-005,0.0202451
4.3916e-005,0.0203096
4.392e-005,0.0200021
4.3924e-005,0.0187619
4.3928e-005,0.0183948
4.3932e-005,0.00560643
4.3936e-005,0.00133536
4.394e-005,0.00141969
4.3944e-005,0.000124977
4.3948e-005,0.00073513
4.3952e-005,0.000918672
4.3956e-005,0.000497021
4.396e-005,0.000477179
4.3964e-005,9.02528e-005
4.3968e-005,-0.000678639
4.3972e-005,0.0115046
4.3976e-005,0.0204237
4.398e-005,0.0227602
4.3984e-005,0.0266691
4.3988e-005,0.0295215
4.3992e-005,0.0315751
4.3996e-005,0.0324929
4.4e-005,0.0356478
4.4004e-005,0.0371062
4.4008e-005,0.0378453
4.4012e-005,0.0389119
4.4016e-005,0.0403356
4.402e-005,0.041412
4.4024e-005,0.0408763
4.4028e-005,0.0421313
4.4032e-005,0.0436889
4.4036e-005,0.0433218
4.404e-005,0.0445769
4.4044e-005,0.0447406
4.4048e-005,0.0448894
4.4052e-005,0.0452664
4.4056e-005,0.0459956
4.406e-005,0.0451672
4.4064e-005,0.046194
4.4068e-005,0.0465413
4.4072e-005,0.0470026
4.4076e-005,0.0466157
4.408e-005,0.0470224
4.4084e-005,0.0465165
4.4088e-005,0.0469232
4.4092e-005,0.0478955
4.4096e-005,0.0468141
4.41e-005,0.0470522
4.4104e-005,0.0475433
4.4108e-005,0.0471266
4.4112e-005,0.0473002
4.4116e-005,0.0470919
4.412e-005,0.0470076
4.4124e-005,0.0470423
4.4128e-005,0.0471167
4.4132e-005,0.0469183
4.4136e-005,0.0476227
4.414e-005,0.0469034
4.4144e-005,0.0471167
4.4148e-005,0.047449
4.4152e-005,0.0482626
4.4156e-005,0.0475334
4.416e-005,0.0473746
4.4164e-005,0.0470175
4.4168e-005,0.0470869
4.4172e-005,0.0474689
4.4176e-005,0.0475631
4.418e-005,0.047707
4.4184e-005,0.0475036
4.4188e-005,0.047449
4.4192e-005,0.0469232
4.4196e-005,0.0478509
4.42e-005,0.0481386
4.4204e-005,0.0473796
4.4208e-005,0.0474986
4.4212e-005,0.0471464
4.4216e-005,0.0476276
4.422e-005,0.0478012
4.4224e-005,0.0472754
4.4228e-005,0.0473994
4.4232e-005,0.0472258
4.4236e-005,0.0478657
4.424e-005,0.0478757
4.4244e-005,0.0477467
4.4248e-005,0.0484114
4.4252e-005,0.0481584
4.4256e-005,0.0480493
4.426e-005,0.0477963
4.4264e-005,0.0478856
4.4268e-005,0.0468736
4.4272e-005,0.047702
4.4276e-005,0.0473349
4.428e-005,0.0477913
4.4284e-005,0.0467694
4.4288e-005,0.0474391
4.4292e-005,0.0474441
4.4296e-005,0.0479997
4.43e-005,0.0471068
4.4304e-005,0.0470324
4.4308e-005,0.0472159
4.4312e-005,0.0473796
4.4316e-005,0.0471713
4.432e-005,0.0477417
4.4324e-005,0.0468687
4.4328e-005,0.0467397
4.4332e-005,0.0472903
4.4336e-005,0.0474143
4.434e-005,0.0473201
4.4344e-005,0.0478757
4.4348e-005,0.0469232
4.4352e-005,0.0472953
4.4356e-005,0.0472407
4.436e-005,0.047702
4.4364e-005,0.0472506
4.4368e-005,0.047449
4.4372e-005,0.047201
4.4376e-005,0.0478509
4.438e-005,0.0477318
4.4384e-005,0.0475235
4.4388e-005,0.0481783
4.4392e-005,0.0475185
4.4396e-005,0.0480989
4.44e-005,0.0475086
4.4404e-005,0.0475731
4.4408e-005,0.0475731
4.4412e-005,0.0486098
4.4416e-005,0.0474887
4.442e-005,0.0475979
4.4424e-005,0.0474342
4.4428e-005,0.0478112
4.4432e-005,0.0475284
4.4436e-005,0.0479352
4.444e-005,0.0473895
4.4444e-005,0.0473052
4.4448e-005,0.0475086
4.4452e-005,0.0477814
4.4456e-005,0.0471464
4.446e-005,0.0476822
4.4464e-005,0.0476177
4.4468e-005,0.04796
4.4472e-005,0.0475433
4.4476e-005,0.047578
4.448e-005,0.0475483
4.4484e-005,0.0477963
4.4488e-005,0.0471365
4.4492e-005,0.047712
4.4496e-005,0.0479352
4.45e-005,0.0477814
4.4504e-005,0.0479352
4.4508e-005,0.0475433
4.4512e-005,0.0474391
4.4516e-005,0.0471762
4.452e-005,0.0480493
4.4524e-005,0.0479401
4.4528e-005,0.0480195
4.4532e-005,0.047459
4.4536e-005,0.0476971
4.454e-005,0.0477516
4.4544e-005,0.047707
4.4548e-005,0.0474044
4.4552e-005,0.0480344
4.4556e-005,0.0474887
4.456e-005,0.047702
4.4564e-005,0.0476177
4.4568e-005,0.0476276
4.4572e-005,0.0472705
4.4576e-005,0.0475086
4.458e-005,0.047831
4.4584e-005,0.0474292
4.4588e-005,0.0471216
4.4592e-005,0.0472853
4.4596e-005,0.0478161
4.46e-005,0.0469629
4.4604e-005,0.0473101
4.4608e-005,0.0474788
4.4612e-005,0.0478955
4.4616e-005,0.0472556
4.462e-005,0.048089
4.4624e-005,0.047072
4.4628e-005,0.047712
4.4632e-005,0.0477467
4.4636e-005,0.0477268
4.464e-005,0.0474193
4.4644e-005,0.0475483
4.4648e-005,0.0451721
4.4652e-005,0.0415807
4.4656e-005,0.0380388
4.466e-005,0.0370467
4.4664e-005,0.0365209
4.4668e-005,0.0351418
4.4672e-005,0.0345813
4.4676e-005,0.0243773
4.468e-005,0.0204833
4.4684e-005,0.0199376
4.4688e-005,0.0195507
4.4692e-005,0.018375
4.4696e-005,0.0183155
4.47e-005,0.0069706
4.4704e-005,0.00160819
4.4708e-005,0.00104269
4.4712e-005,0.000358125
4.4716e-005,0.001003
4.472e-005,0.000774815
4.4724e-005,0.000343243
4.4728e-005,0.000720248
4.4732e-005,0.000298598
4.4736e-005,0.000511903
4.474e-005,0.0121296
4.4744e-005,0.0204039
4.4748e-005,0.0240896
4.4752e-005,0.0283706
4.4756e-005,0.0323143
4.476e-005,0.035241
4.4764e-005,0.0364663
4.4768e-005,0.0394526
4.4772e-005,0.0400925
4.4776e-005,0.0420519
4.478e-005,0.043044
4.4784e-005,0.0449985
4.4788e-005,0.0453358
4.4792e-005,0.045946
4.4796e-005,0.0467298
4.48e-005,0.0481187
4.4804e-005,0.0482328
4.4808e-005,0.0489025
4.4812e-005,0.0496615
4.4816e-005,0.0497111
4.482e-005,0.0499343
4.4824e-005,0.0511695
4.4828e-005,0.0503063
4.4832e-005,0.0513381
4.4836e-005,0.0517896
4.484e-005,0.0519334
4.4844e-005,0.0519433
4.4848e-005,0.0529751
4.4852e-005,0.0519533
4.4856e-005,0.0531339
4.486e-005,0.0529255
4.4864e-005,0.0528859
4.4868e-005,0.0537589
4.4872e-005,0.0538829
4.4876e-005,0.0534811
4.488e-005,0.0541359
4.4884e-005,0.0539276
4.4888e-005,0.0540466
4.4892e-005,0.0535803
4.4896e-005,0.054498
4.49e-005,0.0539673
4.4904e-005,0.0537143
4.4908e-005,0.0542004
4.4912e-005,0.0548403
4.4916e-005,0.0544832
4.492e-005,0.0546766
4.4924e-005,0.0546766
4.4928e-005,0.0543691
4.4932e-005,0.053749
4.4936e-005,0.054126
4.494e-005,0.0546221
4.4944e-005,0.0549296
4.4948e-005,0.0539673
4.4952e-005,0.0546568
4.4956e-005,0.053749
4.496e-005,0.054627
4.4964e-005,0.0542004
4.4968e-005,0.0547411
4.4972e-005,0.0538135
4.4976e-005,0.0552223
4.498e-005,0.0551677
4.4984e-005,0.0548106
4.4988e-005,0.0540268
4.4992e-005,0.0547163
4.4996e-005,0.0548899
4.5e-005,0.0551578
4.5004e-005,0.054627
4.5008e-005,0.0547808
4.5012e-005,0.0540764
4.5016e-005,0.0548751
4.502e-005,0.0545129
4.5024e-005,0.054498
4.5028e-005,0.0550586
4.5032e-005,0.0553215
4.5036e-005,0.0549544
4.504e-005,0.0546568
4.5044e-005,0.0549693
4.5048e-005,0.0549247
4.5052e-005,0.0551776
4.5056e-005,0.0559862
4.506e-005,0.0544534
4.5064e-005,0.0548502
4.5068e-005,0.0545576
4.5072e-005,0.0546816
4.5076e-005,0.0550388
4.508e-005,0.0548899
4.5084e-005,0.0547907
4.5088e-005,0.0551082
4.5092e-005,0.0548205
4.5096e-005,0.055009
4.51e-005,0.0548006
4.5104e-005,0.0551975
4.5108e-005,0.0548651
4.5112e-005,0.0546766
4.5116e-005,0.0554802
4.512e-005,0.0554455
4.5124e-005,0.0538879
4.5128e-005,0.0554902
4.5132e-005,0.0547659
4.5136e-005,0.0550288
4.514e-005,0.054751
4.5144e-005,0.055257
4.5148e-005,0.0552719
4.5152e-005,0.0549147
4.5156e-005,0.0552124
4.516e-005,0.0550586
4.5164e-005,0.0550338
4.5168e-005,0.0552917
4.5172e-005,0.0544187
4.5176e-005,0.0546121
4.518e-005,0.0543244
4.5184e-005,0.0549941
4.5188e-005,0.0545179
4.5192e-005,0.0548751
4.5196e-005,0.0551776
4.52e-005,0.0549544
4.5204e-005,0.0547312
4.5208e-005,0.0554406
4.5212e-005,0.0546221
4.5216e-005,0.055257
4.522e-005,0.0549941
4.5224e-005,0.0549395
4.5228e-005,0.0555249
4.5232e-005,0.0554554
4.5236e-005,0.0545824
4.524e-005,0.0546171
4.5244e-005,0.0548999
4.5248e-005,0.0550685
4.5252e-005,0.0550834
4.5256e-005,0.0552967
4.526e-005,0.0549098
4.5264e-005,0.055262
4.5268e-005,0.0551776
4.5272e-005,0.0547858
4.5276e-005,0.0551826
4.528e-005,0.0551479
4.5284e-005,0.0552223
4.5288e-005,0.0554654
4.5292e-005,0.054885
4.5296e-005,0.0550586
4.53e-005,0.0554009
4.5304e-005,0.0553513
4.5308e-005,0.0549743
4.5312e-005,0.055262
4.5316e-005,0.0553116
4.532e-005,0.0550487
4.5324e-005,0.0548453
4.5328e-005,0.0551925
4.5332e-005,0.0545973
4.5336e-005,0.0551231
4.534e-005,0.0550189
4.5344e-005,0.0550288
4.5348e-005,0.0550834
4.5352e-005,0.0551677
4.5356e-005,0.0551578
4.536e-005,0.0552521
4.5364e-005,0.0552223
4.5368e-005,0.0554654
4.5372e-005,0.0546568
4.5376e-005,0.0549842
4.538e-005,0.0549247
4.5384e-005,0.0543641
4.5388e-005,0.055128
4.5392e-005,0.0557084
4.5396e-005,0.0549197
4.54e-005,0.0549395
4.5404e-005,0.0549743
4.5408e-005,0.0554505
4.5412e-005,0.0549147
4.5416e-005,0.0525535
4.542e-005,0.0458617
4.5424e-005,0.0418088
4.5428e-005,0.0388275
4.5432e-005,0.0382273
4.5436e-005,0.0369921
4.544e-005,0.0356577
4.5444e-005,0.0245857
4.5448e-005,0.0206916
4.5452e-005,0.0201459
4.5456e-005,0.0200814
4.546e-005,0.0190447
4.5464e-005,0.0190695
4.5468e-005,0.00691107
4.5472e-005,0.00159827
4.5476e-005,0.00130064
4.548e-005,0.00015474
4.5484e-005,0.000943475
4.5488e-005,0.000298598
4.5492e-005,0.000303558
4.5496e-005,0.000998041
4.55e-005,0.000457337
4.5504e-005,-0.000475255
4.5508e-005,0.0119957
4.5512e-005,0.020766
4.5516e-005,0.0249726
4.552e-005,0.0303102
4.5524e-005,0.0352311
4.5528e-005,0.0367441
4.5532e-005,0.0379991
4.5536e-005,0.0407622
4.554e-005,0.0432623
4.5544e-005,0.0443189
4.5548e-005,0.0460799
4.5552e-005,0.0470572
4.5556e-005,0.047459
4.556e-005,0.0481584
4.5564e-005,0.0495127
4.5568e-005,0.0502171
4.5572e-005,0.0502468
4.5576e-005,0.051487
4.558e-005,0.0516407
4.5584e-005,0.0521467
4.5588e-005,0.0528859
4.5592e-005,0.0539127
4.5596e-005,0.0538631
4.56e-005,0.0543691
4.5604e-005,0.0543592
4.5608e-005,0.0544534
4.5612e-005,0.0545873
4.5616e-005,0.0553513
4.562e-005,0.0553066
4.5624e-005,0.0553364
4.5628e-005,0.0556043
4.5632e-005,0.0554604
4.5636e-005,0.0559763
4.564e-005,0.0559465
4.5644e-005,0.0562442
4.5648e-005,0.0562491
4.5652e-005,0.0560358
4.5656e-005,0.0568891
4.566e-005,0.0565369
4.5664e-005,0.0568791
4.5668e-005,0.0566757
4.5672e-005,0.0567998
4.5676e-005,0.0571272
4.568e-005,0.0569089
4.5684e-005,0.0573553
4.5688e-005,0.0574992
4.5692e-005,0.0577671
4.5696e-005,0.0573008
4.57e-005,0.0579605
4.5704e-005,0.0576133
4.5708e-005,0.057276
4.5712e-005,0.0577572
4.5716e-005,0.0576679
4.572e-005,0.0580846
4.5724e-005,0.0576679
4.5728e-005,0.0575439
4.5732e-005,0.057772
4.5736e-005,0.0575339
4.574e-005,0.0573653
4.5744e-005,0.0577522
4.5748e-005,0.0575736
4.5752e-005,0.0579705
4.5756e-005,0.0581937
4.576e-005,0.0581887
4.5764e-005,0.0577968
4.5768e-005,0.0574843
4.5772e-005,0.0579705
4.5776e-005,0.0580548
4.578e-005,0.0580945
4.5784e-005,0.0581838
4.5788e-005,0.0576083
4.5792e-005,0.0579754
4.5796e-005,0.0576728
4.58e-005,0.0581292
4.5804e-005,0.0577869
4.5808e-005,0.0578117
4.5812e-005,0.0574645
4.5816e-005,0.0584169
4.582e-005,0.0586005
4.5824e-005,0.0578861
4.5828e-005,0.0581987
4.5832e-005,0.0583028
4.5836e-005,0.0584368
4.584e-005,0.0583028
4.5844e-005,0.0582631
4.5848e-005,0.0579605
4.5852e-005,0.0579209
4.5856e-005,0.0582185
4.586e-005,0.0579953
4.5864e-005,0.0583425
4.5868e-005,0.0583127
4.5872e-005,0.0581143
4.5876e-005,0.0581441
4.588e-005,0.058536
4.5884e-005,0.0582582
4.5888e-005,0.0581689
4.5892e-005,0.0581242
4.5896e-005,0.058159
4.59e-005,0.0584963
4.5904e-005,0.0580151
4.5908e-005,0.0586054
4.5912e-005,0.0576877
4.5916e-005,0.0582582
4.592e-005,0.0579655
4.5924e-005,0.0581441
4.5928e-005,0.0584814
4.5932e-005,0.0579506
4.5936e-005,0.0586203
4.594e-005,0.0581887
4.5944e-005,0.0585806
4.5948e-005,0.0585459
4.5952e-005,0.0582681
4.5956e-005,0.0584764
4.596e-005,0.0583028
4.5964e-005,0.0582532
4.5968e-005,0.0579258
4.5972e-005,0.0585707
4.5976e-005,0.058655
4.598e-005,0.0582681
4.5984e-005,0.0585757
4.5988e-005,0.0579655
4.5992e-005,0.0583623
4.5996e-005,0.0582433
4.6e-005,0.0584963
4.6004e-005,0.0586104
4.6008e-005,0.0587642
4.6012e-005,0.0584814
4.6016e-005,0.0585161
4.602e-005,0.0581242
4.6024e-005,0.0583673
4.6028e-005,0.0583623
4.6032e-005,0.0581987
4.6036e-005,0.0583078
4.604e-005,0.058526
4.6044e-005,0.0583227
4.6048e-005,0.0582929
4.6052e-005,0.0584963
4.6056e-005,0.0583772
4.606e-005,0.0587989
4.6064e-005,0.0584318
4.6068e-005,0.0576579
4.6072e-005,0.0580052
4.6076e-005,0.0583772
4.608e-005,0.0581689
4.6084e-005,0.0579754
4.6088e-005,0.0584913
4.6092e-005,0.0582681
4.6096e-005,0.0586104
4.61e-005,0.0582334
4.6104e-005,0.0584516
4.6108e-005,0.0580498
4.6112e-005,0.0579804
4.6116e-005,0.0583822
4.612e-005,0.0575984
4.6124e-005,0.0578216
4.6128e-005,0.0584963
4.6132e-005,0.0582334
4.6136e-005,0.0581342
4.614e-005,0.0582185
4.6144e-005,0.0578613
4.6148e-005,0.0585806
4.6152e-005,0.0584814
4.6156e-005,0.058159
4.616e-005,0.058154
4.6164e-005,0.0580846
4.6168e-005,0.0582879
4.6172e-005,0.0585062
4.6176e-005,0.0584467
4.618e-005,0.0584913
4.6184e-005,0.0561995
4.6188e-005,0.0485404
4.6192e-005,0.0426869
4.6196e-005,0.0396708
4.62e-005,0.0376618
4.6204e-005,0.0369375
4.6208e-005,0.034869
4.6212e-005,0.0246551
4.6216e-005,0.020647
4.622e-005,0.0197342
4.6224e-005,0.0197937
4.6228e-005,0.0190695
4.6232e-005,0.0190695
4.6236e-005,0.00751626
4.624e-005,0.00181654
4.6244e-005,0.0013056
4.6248e-005,0.000452376
4.6252e-005,0.00130064
4.6256e-005,0.000521824
4.626e-005,0.000591273
4.6264e-005,0.000794657
4.6268e-005,0.000268834
4.6272e-005,-7.84074e-005
4.6276e-005,0.0124769
4.628e-005,0.0196896
4.6284e-005,0.0216043
4.6288e-005,0.0236481
4.6292e-005,0.0266145
4.6296e-005,0.0287674
4.63e-005,0.029323
4.6304e-005,0.0307418
4.6308e-005,0.0318777
4.6312e-005,0.0326218
4.6316e-005,0.0334006
4.632e-005,0.0348343
4.6324e-005,0.0350624
4.6328e-005,0.0355337
4.6332e-005,0.0366994
4.6336e-005,0.0369921
4.634e-005,0.0361339
4.6344e-005,0.0367342
4.6348e-005,0.037126
4.6352e-005,0.0376171
4.6356e-005,0.037761
4.636e-005,0.0380686
4.6364e-005,0.0381727
4.6368e-005,0.0379693
4.6372e-005,0.0382719
4.6376e-005,0.0380338
4.638e-005,0.0381479
4.6384e-005,0.0384654
4.6388e-005,0.0384704
4.6392e-005,0.0377808
4.6396e-005,0.0384307
4.64e-005,0.038138
4.6404e-005,0.0382025
4.6408e-005,0.0385001
4.6412e-005,0.038143
4.6416e-005,0.038391
4.642e-005,0.0380239
4.6424e-005,0.0380983
4.6428e-005,0.0383662
4.6432e-005,0.0381132
4.6436e-005,0.0378007
4.644e-005,0.0379545
4.6444e-005,0.0380686
4.6448e-005,0.0386539
4.6452e-005,0.0379098
4.6456e-005,0.038014
4.646e-005,0.0383563
4.6464e-005,0.0380735
4.6468e-005,0.0379545
4.6472e-005,0.0381082
4.6476e-005,0.0379495
4.648e-005,0.0376816
4.6484e-005,0.0375675
4.6488e-005,0.0379297
4.6492e-005,0.0380487
4.6496e-005,0.0383464
4.65e-005,0.0371558
4.6504e-005,0.0379495
4.6508e-005,0.0385101
4.6512e-005,0.0381579
4.6516e-005,0.0379793
4.652e-005,0.03789
4.6524e-005,0.0378701
4.6528e-005,0.0377312
4.6532e-005,0.0383414
4.6536e-005,0.0383017
4.654e-005,0.0380338
4.6544e-005,0.0379693
4.6548e-005,0.0380537
4.6552e-005,0.0388027
4.6556e-005,0.0379148
4.656e-005,0.038019
4.6564e-005,0.0379197
4.6568e-005,0.0376072
4.6572e-005,0.0378453
4.6576e-005,0.0378652
4.658e-005,0.0376122
4.6584e-005,0.0375328
4.6588e-005,0.0383116
4.6592e-005,0.0378305
4.6596e-005,0.0374584
4.66e-005,0.037756
4.6604e-005,0.0381678
4.6608e-005,0.0383662
4.6612e-005,0.0377114
4.6616e-005,0.0378751
4.662e-005,0.0375031
4.6624e-005,0.037766
4.6628e-005,0.0374187
4.6632e-005,0.0372253
4.6636e-005,0.0378056
4.664e-005,0.0383116
4.6644e-005,0.0378156
4.6648e-005,0.0378354
4.6652e-005,0.0380239
4.6656e-005,0.0382521
4.666e-005,0.0380586
4.6664e-005,0.0377908
4.6668e-005,0.0380239
4.6672e-005,0.0382819
4.6676e-005,0.0378602
4.668e-005,0.0378553
4.6684e-005,0.0386886
4.6688e-005,0.0381926
4.6692e-005,0.0376866
4.6696e-005,0.0380438
4.67e-005,0.0382819
4.6704e-005,0.0380586
4.6708e-005,0.0382571
4.6712e-005,0.0376023
4.6716e-005,0.0376023
4.672e-005,0.0377114
4.6724e-005,0.0379297
4.6728e-005,0.0383265
4.6732e-005,0.0378652
4.6736e-005,0.0371806
4.674e-005,0.0379049
4.6744e-005,0.0377015
4.6748e-005,0.0380983
4.6752e-005,0.0373443
4.6756e-005,0.0378205
4.676e-005,0.0380785
4.6764e-005,0.0373096
4.6768e-005,0.0374584
4.6772e-005,0.0376767
4.6776e-005,0.0378553
4.678e-005,0.0382471
4.6784e-005,0.0383067
4.6788e-005,0.038009
4.6792e-005,0.0383265
4.6796e-005,0.0378404
4.68e-005,0.0377808
4.6804e-005,0.0375973
4.6808e-005,0.0378007
4.6812e-005,0.0383166
4.6816e-005,0.0373344
4.682e-005,0.0374782
4.6824e-005,0.0380586
4.6828e-005,0.037756
4.6832e-005,0.0377461
4.6836e-005,0.0374088
4.684e-005,0.0381231
4.6844e-005,0.0377858
4.6848e-005,0.0379098
4.6852e-005,0.0371806
4.6856e-005,0.0375477
4.686e-005,0.0374832
4.6864e-005,0.037637
4.6868e-005,0.037007
4.6872e-005,0.0375675
4.6876e-005,0.0382174
4.688e-005,0.0378056
4.6884e-005,0.0379396
4.6888e-005,0.0379197
4.6892e-005,0.0369574
4.6896e-005,0.0377213
4.69e-005,0.0377263
4.6904e-005,0.0377709
4.6908e-005,0.0372104
4.6912e-005,0.0370268
4.6916e-005,0.0376767
4.692e-005,0.037766
4.6924e-005,0.0383464
4.6928e-005,0.037885
4.6932e-005,0.0380934
4.6936e-005,0.0376668
4.694e-005,0.0380487
4.6944e-005,0.0380686
4.6948e-005,0.037389
4.6952e-005,0.0370963
4.6956e-005,0.0354593
4.696e-005,0.0342439
4.6964e-005,0.033485
4.6968e-005,0.0335197
4.6972e-005,0.0331427
4.6976e-005,0.0329095
4.698e-005,0.0234943
4.6984e-005,0.0201757
4.6988e-005,0.0202551
4.6992e-005,0.020141
4.6996e-005,0.0192084
4.7e-005,0.0188512
4.7004e-005,0.00642989
4.7008e-005,0.000908751
4.7012e-005,0.000854184
4.7016e-005,0.000477179
4.702e-005,0.000134898
4.7024e-005,0.000293637
4.7028e-005,0.000169622
4.7032e-005,0.000928593
4.7036e-005,0.00023411
4.704e-005,1.08833e-005
4.7044e-005,0.0113954
4.7048e-005,0.0204932
4.7052e-005,0.0223782
4.7056e-005,0.0256621
4.706e-005,0.0294173
4.7064e-005,0.0313718
4.7068e-005,0.033361
4.7072e-005,0.03474
4.7076e-005,0.0369375
4.708e-005,0.0377808
4.7084e-005,0.0383563
4.7088e-005,0.040152
4.7092e-005,0.0419676
4.7096e-005,0.0422503
4.71e-005,0.042414
4.7104e-005,0.0437732
4.7108e-005,0.0433714
4.7112e-005,0.0440907
4.7116e-005,0.0448298
4.712e-005,0.044805
4.7124e-005,0.0452961
4.7128e-005,0.0467397
4.7132e-005,0.0452565
4.7136e-005,0.0463726
4.714e-005,0.0459361
4.7144e-005,0.0461444
4.7148e-005,0.0468091
4.7152e-005,0.046829
4.7156e-005,0.0462287
4.716e-005,0.0462585
4.7164e-005,0.046948
4.7168e-005,0.0468141
4.7172e-005,0.0464272
4.7176e-005,0.0470125
4.718e-005,0.0467298
4.7184e-005,0.0463875
4.7188e-005,0.0476971
4.7192e-005,0.0472605
4.7196e-005,0.0470224
4.72e-005,0.047454
4.7204e-005,0.0469381
4.7208e-005,0.0473846
4.7212e-005,0.0466752
4.7216e-005,0.04733
4.722e-005,0.0468091
4.7224e-005,0.0469133
4.7228e-005,0.0469679
4.7232e-005,0.0470621
4.7236e-005,0.0476227
4.724e-005,0.0469331
4.7244e-005,0.0473548
4.7248e-005,0.0477268
4.7252e-005,0.047201
4.7256e-005,0.047702
4.726e-005,0.0470671
4.7264e-005,0.0467099
4.7268e-005,0.0480592
4.7272e-005,0.0472605
4.7276e-005,0.0468389
4.728e-005,0.0473101
4.7284e-005,0.0471713
4.7288e-005,0.0472308
4.7292e-005,0.046318
4.7296e-005,0.0472209
4.73e-005,0.047325
4.7304e-005,0.0467893
4.7308e-005,0.0472804
4.7312e-005,0.0471514
4.7316e-005,0.0470026
4.732e-005,0.0476127
4.7324e-005,0.0468736
4.7328e-005,0.0471861
4.7332e-005,0.0466752
4.7336e-005,0.0469579
4.734e-005,0.047077
4.7344e-005,0.0475979
4.7348e-005,0.0471266
4.7352e-005,0.0466107
4.7356e-005,0.0470274
4.736e-005,0.0473746
4.7364e-005,0.0475483
4.7368e-005,0.0468935
4.7372e-005,0.0472209
4.7376e-005,0.0472605
4.738e-005,0.0474391
4.7384e-005,0.047201
4.7388e-005,0.047449
4.7392e-005,0.0470968
4.7396e-005,0.0467347
4.74e-005,0.0473002
4.7404e-005,0.047583
4.7408e-005,0.0468935
4.7412e-005,0.0469133
4.7416e-005,0.0479153
4.742e-005,0.0476723
4.7424e-005,0.047449
4.7428e-005,0.0472853
4.7432e-005,0.0474788
4.7436e-005,0.0467496
4.744e-005,0.0469629
4.7444e-005,0.0472903
4.7448e-005,0.0475879
4.7452e-005,0.0480691
4.7456e-005,0.0481088
4.746e-005,0.0473349
4.7464e-005,0.0476673
4.7468e-005,0.047449
4.7472e-005,0.0471216
4.7476e-005,0.0481584
4.748e-005,0.0473697
4.7484e-005,0.0475532
4.7488e-005,0.0470919
4.7492e-005,0.0475036
4.7496e-005,0.047583
4.75e-005,0.0478459
4.7504e-005,0.0483618
4.7508e-005,0.047712
4.7512e-005,0.0477368
4.7516e-005,0.0472258
4.752e-005,0.0471018
4.7524e-005,0.0475036
4.7528e-005,0.047831
4.7532e-005,0.0477715
4.7536e-005,0.0480989
4.754e-005,0.0478955
4.7544e-005,0.0478806
4.7548e-005,0.047826
4.7552e-005,0.0474937
4.7556e-005,0.0476921
4.756e-005,0.0475135
4.7564e-005,0.0476623
4.7568e-005,0.0478955
4.7572e-005,0.047578
4.7576e-005,0.0477913
4.758e-005,0.0474094
4.7584e-005,0.047826
4.7588e-005,0.0477864
4.7592e-005,0.0474689
4.7596e-005,0.0470968
4.76e-005,0.0470472
4.7604e-005,0.0469629
4.7608e-005,0.0471167
4.7612e-005,0.0473746
4.7616e-005,0.046948
4.762e-005,0.0476078
4.7624e-005,0.0475929
4.7628e-005,0.0474391
4.7632e-005,0.0480195
4.7636e-005,0.0469976
4.764e-005,0.0469976
4.7644e-005,0.0476872
4.7648e-005,0.0472853
4.7652e-005,0.0474193
4.7656e-005,0.0471861
4.766e-005,0.0472605
4.7664e-005,0.0475383
4.7668e-005,0.0479153
4.7672e-005,0.0471167
4.7676e-005,0.0476127
4.768e-005,0.047449
4.7684e-005,0.0472853
4.7688e-005,0.0472556
4.7692e-005,0.0476276
4.7696e-005,0.0479401
4.77e-005,0.047578
4.7704e-005,0.0477516
4.7708e-005,0.0475879
4.7712e-005,0.0475582
4.7716e-005,0.048084
4.772e-005,0.0450729
4.7724e-005,0.0413227
4.7728e-005,0.0382819
4.7732e-005,0.0365953
4.7736e-005,0.0358661
4.774e-005,0.0351815
4.7744e-005,0.0344672
4.7748e-005,0.0245311
4.7752e-005,0.0204485
4.7756e-005,0.0201013
4.776e-005,0.0191935
4.7764e-005,0.0188264
4.7768e-005,0.0185685
4.7772e-005,0.005661
4.7776e-005,0.00142961
4.778e-005,0.000829381
4.7784e-005,0.000134898
4.7788e-005,0.00109229
4.7792e-005,0.00105261
4.7796e-005,0.000606155
4.78e-005,0.000492061
4.7804e-005,0.000506943
4.7808e-005,0.000343243
4.7812e-005,0.0115839
4.7816e-005,0.0199177
4.782e-005,0.023534
4.7824e-005,0.0281722
4.7828e-005,0.0316396
4.7832e-005,0.0336487
4.7836e-005,0.0358661
4.784e-005,0.0390508
4.7844e-005,0.0398048
4.7848e-005,0.0410102
4.7852e-005,0.0419725
4.7856e-005,0.0437633
4.786e-005,0.044557
4.7864e-005,0.0454797
4.7868e-005,0.0463627
4.7872e-005,0.0475135
4.7876e-005,0.0476078
4.788e-005,0.0486396
4.7884e-005,0.0490116
4.7888e-005,0.0499591
4.7892e-005,0.0497012
4.7896e-005,0.0505345
4.79e-005,0.0509066
4.7904e-005,0.0517003
4.7908e-005,0.0519731
4.7912e-005,0.0521616
4.7916e-005,0.0521814
4.792e-005,0.052236
4.7924e-005,0.0516705
4.7928e-005,0.0533025
4.7932e-005,0.0528114
4.7936e-005,0.053501
4.794e-005,0.0527519
4.7944e-005,0.0535903
4.7948e-005,0.053243
4.7952e-005,0.053248
4.7956e-005,0.0530297
4.796e-005,0.0538085
4.7964e-005,0.0541359
4.7968e-005,0.0532033
4.7972e-005,0.0544484
4.7976e-005,0.0541359
4.798e-005,0.0537391
4.7984e-005,0.0535307
4.7988e-005,0.0534811
4.7992e-005,0.0541161
4.7996e-005,0.0539673
4.8e-005,0.0546171
4.8004e-005,0.0545725
4.8008e-005,0.0537341
4.8012e-005,0.0542054
4.8016e-005,0.0542351
4.802e-005,0.0549941
4.8024e-005,0.0541508
4.8028e-005,0.054121
4.8032e-005,0.0541806
4.8036e-005,0.0543542
4.804e-005,0.054131
4.8044e-005,0.0545427
4.8048e-005,0.0549296
4.8052e-005,0.0553265
4.8056e-005,0.0548155
4.806e-005,0.0546766
4.8064e-005,0.0542401
4.8068e-005,0.0546816
4.8072e-005,0.0545477
4.8076e-005,0.0543244
4.808e-005,0.0546766
4.8084e-005,0.0542798
4.8088e-005,0.0540962
4.8092e-005,0.0547709
4.8096e-005,0.0543294
4.81e-005,0.0548403
4.8104e-005,0.0550983
4.8108e-005,0.0547362
4.8112e-005,0.0544088
4.8116e-005,0.0547163
4.812e-005,0.0552769
4.8124e-005,0.0546469
4.8128e-005,0.055009
4.8132e-005,0.0552124
4.8136e-005,0.0549197
4.814e-005,0.0544584
4.8144e-005,0.0546717
4.8148e-005,0.0544038
4.8152e-005,0.0542004
4.8156e-005,0.0544236
4.816e-005,0.054761
4.8164e-005,0.0544782
4.8168e-005,0.0541359
4.8172e-005,0.0544931
4.8176e-005,0.0542748
4.818e-005,0.054374
4.8184e-005,0.0545377
4.8188e-005,0.0544286
4.8192e-005,0.0550189
4.8196e-005,0.0544435
4.82e-005,0.0549346
4.8204e-005,0.0542798
4.8208e-005,0.0547461
4.8212e-005,0.0540764
4.8216e-005,0.0544782
4.822e-005,0.0545427
4.8224e-005,0.0544782
4.8228e-005,0.0543691
4.8232e-005,0.0549594
4.8236e-005,0.0534315
4.824e-005,0.0547461
4.8244e-005,0.0546171
4.8248e-005,0.0550586
4.8252e-005,0.0548701
4.8256e-005,0.0539871
4.826e-005,0.0544137
4.8264e-005,0.0548751
4.8268e-005,0.0549544
4.8272e-005,0.0551528
4.8276e-005,0.0543939
4.828e-005,0.0547461
4.8284e-005,0.0547659
4.8288e-005,0.0548403
4.8292e-005,0.0544385
4.8296e-005,0.0549544
4.83e-005,0.0548056
4.8304e-005,0.0547758
4.8308e-005,0.0536498
4.8312e-005,0.0549247
4.8316e-005,0.0544832
4.832e-005,0.0549197
4.8324e-005,0.0549395
4.8328e-005,0.0553612
4.8332e-005,0.0550487
4.8336e-005,0.0552223
4.834e-005,0.0549643
4.8344e-005,0.0541409
4.8348e-005,0.0545873
4.8352e-005,0.0549693
4.8356e-005,0.0546369
4.836e-005,0.0549445
4.8364e-005,0.055004
4.8368e-005,0.055128
4.8372e-005,0.0551231
4.8376e-005,0.0547014
4.838e-005,0.0547262
4.8384e-005,0.054632
4.8388e-005,0.0541855
4.8392e-005,0.0548205
4.8396e-005,0.054761
4.84e-005,0.0547858
4.8404e-005,0.0550536
4.8408e-005,0.0542103
4.8412e-005,0.054756
4.8416e-005,0.0548602
4.842e-005,0.0542103
4.8424e-005,0.0545278
4.8428e-005,0.054508
4.8432e-005,0.0545576
4.8436e-005,0.0551975
4.844e-005,0.054498
4.8444e-005,0.0548254
4.8448e-005,0.0549594
4.8452e-005,0.0551677
4.8456e-005,0.0549792
4.846e-005,0.055004
4.8464e-005,0.0547014
4.8468e-005,0.0548552
4.8472e-005,0.0544534
4.8476e-005,0.0548106
4.848e-005,0.0546419
4.8484e-005,0.0543343
4.8488e-005,0.0520872
4.8492e-005,0.0449191
4.8496e-005,0.0413376
4.85e-005,0.038386
4.8504e-005,0.0374237
4.8508e-005,0.0364316
4.8512e-005,0.0345912
4.8516e-005,0.0245509
4.852e-005,0.0202055
4.8524e-005,0.0201261
4.8528e-005,0.0195507
4.8532e-005,0.0188413
4.8536e-005,0.0183948
4.854e-005,0.0065291
4.8544e-005,0.00194055
4.8548e-005,0.00105261
4.8552e-005,0.00031844
4.8556e-005,0.000432534
4.856e-005,0.000581352
4.8564e-005,0.000685524
4.8568e-005,0.000804578
4.8572e-005,0.000244031
4.8576e-005,-0.000291713
4.858e-005,0.0111623
4.8584e-005,0.0211777
4.8588e-005,0.0257316
4.8592e-005,0.0303102
4.8596e-005,0.0341398
4.86e-005,0.0372302
4.8604e-005,0.0393037
4.8608e-005,0.0412483
4.8612e-005,0.0431978
4.8616e-005,0.0438774
4.862e-005,0.0456335
4.8624e-005,0.0466206
4.8628e-005,0.0473449
4.8632e-005,0.0478211
4.8636e-005,0.0491952
4.864e-005,0.0501575
4.8644e-005,0.0503907
4.8648e-005,0.0513233
4.8652e-005,0.0517003
4.8656e-005,0.0519037
4.866e-005,0.0525833
4.8664e-005,0.0534861
4.8668e-005,0.0528908
4.8672e-005,0.0533224
4.8676e-005,0.0547064
4.868e-005,0.0546419
4.8684e-005,0.0544336
4.8688e-005,0.0549544
4.8692e-005,0.0555596
4.8696e-005,0.0555199
4.87e-005,0.0554406
4.8704e-005,0.0559565
4.8708e-005,0.0563384
4.8712e-005,0.0570776
4.8716e-005,0.0555447
4.872e-005,0.0568543
4.8724e-005,0.0568742
4.8728e-005,0.0570329
4.8732e-005,0.0568841
4.8736e-005,0.0569734
4.874e-005,0.0568097
4.8744e-005,0.0570825
4.8748e-005,0.0573752
4.8752e-005,0.057152
4.8756e-005,0.0573901
4.876e-005,0.057271
4.8764e-005,0.0577274
4.8768e-005,0.0581044
4.8772e-005,0.0578564
4.8776e-005,0.0576827
4.878e-005,0.0583326
4.8784e-005,0.0582731
4.8788e-005,0.0577522
4.8792e-005,0.0576282
4.8796e-005,0.0581937
4.88e-005,0.0578167
4.8804e-005,0.0578266
4.8808e-005,0.0579159
4.8812e-005,0.0578316
4.8816e-005,0.0577125
4.882e-005,0.0581689
4.8824e-005,0.0581738
4.8828e-005,0.0579705
4.8832e-005,0.0581242
4.8836e-005,0.0579407
4.884e-005,0.0575637
4.8844e-005,0.058283
4.8848e-005,0.057648
4.8852e-005,0.0582135
4.8856e-005,0.0581044
4.886e-005,0.0576728
4.8864e-005,0.0586302
4.8868e-005,0.057777
4.8872e-005,0.0583872
4.8876e-005,0.0587939
4.888e-005,0.0585211
4.8884e-005,0.0580201
4.8888e-005,0.0579308
4.8892e-005,0.0584219
4.8896e-005,0.0579953
4.89e-005,0.0580052
4.8904e-005,0.0581689
4.8908e-005,0.0586897
4.8912e-005,0.0585112
4.8916e-005,0.0589328
4.892e-005,0.0584368
4.8924e-005,0.0584616
4.8928e-005,0.0583574
4.8932e-005,0.0586302
4.8936e-005,0.0577919
4.894e-005,0.0586054
4.8944e-005,0.0582185
4.8948e-005,0.0586798
4.8952e-005,0.058412
4.8956e-005,0.0577919
4.896e-005,0.0586203
4.8964e-005,0.0581788
4.8968e-005,0.058412
4.8972e-005,0.0587394
4.8976e-005,0.0585459
4.898e-005,0.058913
4.8984e-005,0.0585211
4.8988e-005,0.0588138
4.8992e-005,0.0587294
4.8996e-005,0.0584169
4.9e-005,0.0586005
4.9004e-005,0.0584764
4.9008e-005,0.0584368
4.9012e-005,0.0583078
4.9016e-005,0.0581441
4.902e-005,0.0586798
4.9024e-005,0.0584318
4.9028e-005,0.0583227
4.9032e-005,0.0587294
4.9036e-005,0.058536
4.904e-005,0.0582681
4.9044e-005,0.0577671
4.9048e-005,0.0586054
4.9052e-005,0.0579953
4.9056e-005,0.0585509
4.906e-005,0.0584516
4.9064e-005,0.0587592
4.9068e-005,0.0583524
4.9072e-005,0.058154
4.9076e-005,0.0587046
4.908e-005,0.0583971
4.9084e-005,0.0583723
4.9088e-005,0.0585955
4.9092e-005,0.0585409
4.9096e-005,0.0582582
4.91e-005,0.0585509
4.9104e-005,0.0583921
4.9108e-005,0.0584417
4.9112e-005,0.0583723
4.9116e-005,0.0587294
4.912e-005,0.058402
4.9124e-005,0.0584268
4.9128e-005,0.0587146
4.9132e-005,0.0586848
4.9136e-005,0.0586798
4.914e-005,0.058159
4.9144e-005,0.0586699
4.9148e-005,0.058531
4.9152e-005,0.0585558
4.9156e-005,0.0585955
4.916e-005,0.0584963
4.9164e-005,0.0585509
4.9168e-005,0.0580846
4.9172e-005,0.0583673
4.9176e-005,0.0582631
4.918e-005,0.0585905
4.9184e-005,0.0584715
4.9188e-005,0.058908
4.9192e-005,0.0585062
4.9196e-005,0.0587542
4.92e-005,0.0584566
4.9204e-005,0.0584467
4.9208e-005,0.0586253
4.9212e-005,0.0588534
4.9216e-005,0.0585657
4.922e-005,0.0586203
4.9224e-005,0.0588584
4.9228e-005,0.058402
4.9232e-005,0.0584169
4.9236e-005,0.0587939
4.924e-005,0.0584467
4.9244e-005,0.0588088
4.9248e-005,0.0591064
4.9252e-005,0.0580746
4.9256e-005,0.0561946
4.926e-005,0.0489025
4.9264e-005,0.0429944
4.9268e-005,0.0394476
4.9272e-005,0.0376469
4.9276e-005,0.0368334
4.928e-005,0.0354543
4.9284e-005,0.0255579
4.9288e-005,0.0212621
4.9292e-005,0.0205378
4.9296e-005,0.0198929
4.93e-005,0.0189207
4.9304e-005,0.0189901
4.9308e-005,0.00636044
4.9312e-005,0.00161812
4.9316e-005,0.00136513
4.932e-005,0.000492061
4.9324e-005,0.000789697
4.9328e-005,0.000229149
4.9332e-005,0.00014978
4.9336e-005,0.000457337
4.934e-005,0.000348204
4.9344e-005,-0.000192501
4.9348e-005,0.0122239
4.9352e-005,0.0192282
4.9356e-005,0.0213811
4.936e-005,0.0238912
4.9364e-005,0.0258407
4.9368e-005,0.0278845
4.9372e-005,0.0288667
4.9376e-005,0.0304888
4.938e-005,0.0322349
4.9384e-005,0.0327607
4.9388e-005,0.0333114
4.9392e-005,0.0344473
4.9396e-005,0.034239
4.94e-005,0.0353154
4.9404e-005,0.0359851
4.9408e-005,0.0363125
4.9412e-005,0.0365407
4.9416e-005,0.0368185
4.942e-005,0.0372848
4.9424e-005,0.0375874
4.9428e-005,0.0374336
4.9432e-005,0.0378999
4.9436e-005,0.0377858
4.944e-005,0.0381827
4.9444e-005,0.0376965
4.9448e-005,0.0376618
4.9452e-005,0.0380487
4.9456e-005,0.0384456
4.946e-005,0.0384853
4.9464e-005,0.0381033
4.9468e-005,0.0380289
4.9472e-005,0.038267
4.9476e-005,0.0374733
4.948e-005,0.0382422
4.9484e-005,0.0380636
4.9488e-005,0.0377858
4.9492e-005,0.0374634
4.9496e-005,0.0378404
4.95e-005,0.0378949
4.9504e-005,0.0379396
4.9508e-005,0.0381529
4.9512e-005,0.0378503
4.9516e-005,0.0379197
4.952e-005,0.0377114
4.9524e-005,0.0382571
4.9528e-005,0.0376866
4.9532e-005,0.0377213
4.9536e-005,0.0377759
4.954e-005,0.038019
4.9544e-005,0.0378999
4.9548e-005,0.0375328
4.9552e-005,0.037756
4.9556e-005,0.0375328
4.956e-005,0.0384704
4.9564e-005,0.0372352
4.9568e-005,0.0378007
4.9572e-005,0.0373294
4.9576e-005,0.0372005
4.958e-005,0.0381182
4.9584e-005,0.0379793
4.9588e-005,0.0373394
4.9592e-005,0.0375626
4.9596e-005,0.0368879
4.96e-005,0.0383563
4.9604e-005,0.0373145
4.9608e-005,0.0372302
4.9612e-005,0.0374534
4.9616e-005,0.0371608
4.962e-005,0.037389
4.9624e-005,0.0378503
4.9628e-005,0.0368433
4.9632e-005,0.0375775
4.9636e-005,0.0375725
4.964e-005,0.0370318
4.9644e-005,0.0372451
4.9648e-005,0.0372649
4.9652e-005,0.0375725
4.9656e-005,0.0384208
4.966e-005,0.0377759
4.9664e-005,0.0376816
4.9668e-005,0.0378305
4.9672e-005,0.037766
4.9676e-005,0.0377263
4.968e-005,0.0375179
4.9684e-005,0.0373046
4.9688e-005,0.0372005
4.9692e-005,0.037007
4.9696e-005,0.037136
4.97e-005,0.0366399
4.9704e-005,0.0374634
4.9708e-005,0.0371657
4.9712e-005,0.0374683
4.9716e-005,0.0368582
4.972e-005,0.0378056
4.9724e-005,0.0373145
4.9728e-005,0.0373542
4.9732e-005,0.0378652
4.9736e-005,0.0378056
4.974e-005,0.0376419
4.9744e-005,0.0373939
4.9748e-005,0.0373642
4.9752e-005,0.0374584
4.9756e-005,0.0371409
4.976e-005,0.0378354
4.9764e-005,0.0374584
4.9768e-005,0.03726
4.9772e-005,0.0374435
4.9776e-005,0.037007
4.978e-005,0.0377858
4.9784e-005,0.0374534
4.9788e-005,0.0374286
4.9792e-005,0.0377858
4.9796e-005,0.0371757
4.98e-005,0.037384
4.9804e-005,0.0372302
4.9808e-005,0.0376171
4.9812e-005,0.0367342
4.9816e-005,0.0369673
4.982e-005,0.0368879
4.9824e-005,0.0369673
4.9828e-005,0.0370467
4.9832e-005,0.0376171
4.9836e-005,0.0372104
4.984e-005,0.0372749
4.9844e-005,0.0372897
4.9848e-005,0.0379098
4.9852e-005,0.0376767
4.9856e-005,0.0369822
4.986e-005,0.0375923
4.9864e-005,0.0376122
4.9868e-005,0.0375675
4.9872e-005,0.037389
4.9876e-005,0.0374782
4.988e-005,0.0375923
4.9884e-005,0.0372947
4.9888e-005,0.0374485
4.9892e-005,0.0373344
4.9896e-005,0.0375527
4.99e-005,0.0371955
4.9904e-005,0.0373245
4.9908e-005,0.0372203
4.9912e-005,0.0375229
4.9916e-005,0.0371757
4.992e-005,0.0374882
4.9924e-005,0.0380338
4.9928e-005,0.0374584
4.9932e-005,0.0375477
4.9936e-005,0.0374386
4.994e-005,0.0374038
4.9944e-005,0.0372401
4.9948e-005,0.0373691
4.9952e-005,0.0374981
4.9956e-005,0.036625
4.996e-005,0.0372699
4.9964e-005,0.0371707
4.9968e-005,0.0370368
4.9972e-005,0.0368979
4.9976e-005,0.0373691
4.998e-005,0.0376568
4.9984e-005,0.037513
4.9988e-005,0.0370764
4.9992e-005,0.0372302
4.9996e-005,0.0376668
5e-005,0.0373642
5.0004e-005,0.037007
5.0008e-005,0.0377858
5.0012e-005,0.0369078
5.0016e-005,0.0374138
5.002e-005,0.037131
5.0024e-005,0.0368235
5.0028e-005,0.0347598
5.0032e-005,0.0344176
5.0036e-005,0.0328004
5.004e-005,0.0331824
5.0044e-005,0.0332171
5.0048e-005,0.0323936
5.0052e-005,0.0241739
5.0056e-005,0.0200219
5.006e-005,0.0189207
5.0064e-005,0.0201013
5.0068e-005,0.0184296
5.0072e-005,0.0190248
5.0076e-005,0.00574533
5.008e-005,0.00164788
5.0084e-005,0.00141969
5.0088e-005,0.000467258
5.0092e-005,0.000809539
5.0096e-005,0.000521824
5.01e-005,0.00118158
5.0104e-005,0.000358125
5.0108e-005,0.000849224
5.0112e-005,0.00057143
5.0116e-005,0.0121991
5.012e-005,0.0200517
5.0124e-005,0.0217482
5.0128e-005,0.0256869
5.0132e-005,0.0288617
5.0136e-005,0.031466
5.014e-005,0.0321655
5.0144e-005,0.0352658
5.0148e-005,0.0365804
5.0152e-005,0.0378801
5.0156e-005,0.0384853
5.016e-005,0.040033
5.0164e-005,0.04041
5.0168e-005,0.0417493
5.0172e-005,0.0423595
5.0176e-005,0.0428704
5.018e-005,0.0436294
5.0184e-005,0.043684
5.0188e-005,0.0440163
5.0192e-005,0.044056
5.0196e-005,0.0449638
5.02e-005,0.0457476
5.0204e-005,0.0451324
5.0208e-005,0.0453309
5.0212e-005,0.0462734
5.0216e-005,0.0459956
5.022e-005,0.0457079
5.0224e-005,0.0463776
5.0228e-005,0.0459609
5.0232e-005,0.0464222
5.0236e-005,0.0463875
5.024e-005,0.0470671
5.0244e-005,0.0463329
5.0248e-005,0.0472605
5.0252e-005,0.0467347
5.0256e-005,0.0466553
5.026e-005,0.0471613
5.0264e-005,0.0469927
5.0268e-005,0.0469579
5.0272e-005,0.0468637
5.0276e-005,0.0471167
5.028e-005,0.0472605
5.0284e-005,0.0472209
5.0288e-005,0.0469778
5.0292e-005,0.0468885
5.0296e-005,0.0471911
5.03e-005,0.0468786
5.0304e-005,0.0466553
5.0308e-005,0.0469976
5.0312e-005,0.047072
5.0316e-005,0.0471762
5.032e-005,0.0473201
5.0324e-005,0.0471812
5.0328e-005,0.0470869
5.0332e-005,0.0470274
5.0336e-005,0.0466802
5.034e-005,0.0471117
5.0344e-005,0.0469282
5.0348e-005,0.0475036
5.0352e-005,0.0473449
5.0356e-005,0.047449
5.036e-005,0.0470572
5.0364e-005,0.0469679
5.0368e-005,0.0476524
5.0372e-005,0.0467298
5.0376e-005,0.0471861
5.038e-005,0.0478211
5.0384e-005,0.0473201
5.0388e-005,0.0476623
5.0392e-005,0.047578
5.0396e-005,0.0473647
5.04e-005,0.0474639
5.0404e-005,0.0475929
5.0408e-005,0.0473697
5.0412e-005,0.0473647
5.0416e-005,0.0471018
5.042e-005,0.0473994
5.0424e-005,0.0473002
5.0428e-005,0.0474094
5.0432e-005,0.0474044
5.0436e-005,0.0474292
5.044e-005,0.046819
5.0444e-005,0.0471564
5.0448e-005,0.0470968
5.0452e-005,0.0475383
5.0456e-005,0.0471464
5.046e-005,0.0473498
5.0464e-005,0.0478608
5.0468e-005,0.0464867
5.0472e-005,0.047206
5.0476e-005,0.0477169
5.048e-005,0.0470076
5.0484e-005,0.047325
5.0488e-005,0.0471117
5.0492e-005,0.0471762
5.0496e-005,0.0467546
5.05e-005,0.0476375
5.0504e-005,0.0477368
5.0508e-005,0.0479005
5.0512e-005,0.0473349
5.0516e-005,0.0473498
5.052e-005,0.0472109
5.0524e-005,0.047712
5.0528e-005,0.0471713
5.0532e-005,0.0476127
5.0536e-005,0.0481336
5.054e-005,0.0474044
5.0544e-005,0.0475185
5.0548e-005,0.0475532
5.0552e-005,0.0475483
5.0556e-005,0.0475631
5.056e-005,0.0476623
5.0564e-005,0.0473647
5.0568e-005,0.0469976
5.0572e-005,0.0479501
5.0576e-005,0.047826
5.058e-005,0.0469579
5.0584e-005,0.0469282
5.0588e-005,0.0481038
5.0592e-005,0.0479947
5.0596e-005,0.0477318
5.06e-005,0.0475433
5.0604e-005,0.0474689
5.0608e-005,0.0478409
5.0612e-005,0.0475731
5.0616e-005,0.0484263
5.062e-005,0.04796
5.0624e-005,0.0467099
5.0628e-005,0.0477467
5.0632e-005,0.0468538
5.0636e-005,0.0475731
5.064e-005,0.0472903
5.0644e-005,0.0471167
5.0648e-005,0.0473846
5.0652e-005,0.0472605
5.0656e-005,0.0471167
5.066e-005,0.0473846
5.0664e-005,0.0472308
5.0668e-005,0.0473994
5.0672e-005,0.0466454
5.0676e-005,0.0471762
5.068e-005,0.0472605
5.0684e-005,0.046705
5.0688e-005,0.0476524
5.0692e-005,0.0475582
5.0696e-005,0.0469133
5.07e-005,0.0466405
5.0704e-005,0.0471216
5.0708e-005,0.0472705
5.0712e-005,0.0471812
5.0716e-005,0.0474639
5.072e-005,0.0480493
5.0724e-005,0.0470423
5.0728e-005,0.0475086
5.0732e-005,0.0480443
5.0736e-005,0.0478112
5.074e-005,0.047454
5.0744e-005,0.0471018
5.0748e-005,0.0472853
5.0752e-005,0.0472209
5.0756e-005,0.0475731
5.076e-005,0.0473548
5.0764e-005,0.047702
5.0768e-005,0.0473151
5.0772e-005,0.047712
5.0776e-005,0.0476872
5.078e-005,0.0482527
5.0784e-005,0.0475631
5.0788e-005,0.0467347
5.0792e-005,0.0454698
5.0796e-005,0.0412384
5.08e-005,0.038138
5.0804e-005,0.0368383
5.0808e-005,0.035618
5.0812e-005,0.0347301
5.0816e-005,0.0336338
5.082e-005,0.0253496
5.0824e-005,0.0204981
5.0828e-005,0.0198979
5.0832e-005,0.0197193
5.0836e-005,0.0185833
5.084e-005,0.0192927
5.0844e-005,0.00689619
5.0848e-005,0.000774815
5.0852e-005,0.0011171
5.0856e-005,0.000308519
5.086e-005,0.000387888
5.0864e-005,0.000110095
5.0868e-005,0.000248992
5.0872e-005,0.000501982
5.0876e-005,0.0006508
5.088e-005,0.000134898
5.0884e-005,0.0118816
5.0888e-005,0.0205725
5.0892e-005,0.0246105
5.0896e-005,0.0279787
5.09e-005,0.031848
5.0904e-005,0.0345813
5.0908e-005,0.0366895
5.0912e-005,0.0392393
5.0916e-005,0.0401967
5.092e-005,0.0414219
5.0924e-005,0.0420966
5.0928e-005,0.0442445
5.0932e-005,0.0446662
5.0936e-005,0.0452614
5.094e-005,0.0471464
5.0944e-005,0.0480245
5.0948e-005,0.0485056
5.0952e-005,0.0487686
5.0956e-005,0.0495523
5.096e-005,0.0502022
5.0964e-005,0.0497061
5.0968e-005,0.0511893
5.0972e-005,0.0504651
5.0976e-005,0.0512439
5.098e-005,0.0517995
5.0984e-005,0.0521219
5.0988e-005,0.05236
5.0992e-005,0.052241
5.0996e-005,0.0519185
5.1e-005,0.0529057
5.1004e-005,0.0531636
5.1008e-005,0.0534811
5.1012e-005,0.0534216
5.1016e-005,0.0531091
5.102e-005,0.0538085
5.1024e-005,0.053372
5.1028e-005,0.0531339
5.1032e-005,0.053372
5.1036e-005,0.0531091
5.104e-005,0.0545427
5.1044e-005,0.0540863
5.1048e-005,0.0542451
5.1052e-005,0.0538482
5.1056e-005,0.0549544
5.106e-005,0.0546022
5.1064e-005,0.055128
5.1068e-005,0.0545973
5.1072e-005,0.0547709
5.1076e-005,0.0545973
5.108e-005,0.0544336
5.1084e-005,0.0549693
5.1088e-005,0.0545675
5.1092e-005,0.0544881
5.1096e-005,0.0552521
5.11e-005,0.0547709
5.1104e-005,0.0543641
5.1108e-005,0.0544534
5.1112e-005,0.0544137
5.1116e-005,0.05488
5.112e-005,0.0547659
5.1124e-005,0.0546965
5.1128e-005,0.0549395
5.1132e-005,0.05488
5.1136e-005,0.0548056
5.114e-005,0.0551727
5.1144e-005,0.054508
5.1148e-005,0.0543195
5.1152e-005,0.0551032
5.1156e-005,0.0548701
5.116e-005,0.054885
5.1164e-005,0.0550388
5.1168e-005,0.0554455
5.1172e-005,0.0557382
5.1176e-005,0.0544137
5.118e-005,0.0550685
5.1184e-005,0.0557531
5.1188e-005,0.0549941
5.1192e-005,0.055133
5.1196e-005,0.0547262
5.12e-005,0.0551479
5.1204e-005,0.0543691
5.1208e-005,0.0553662
5.1212e-005,0.0550586
5.1216e-005,0.0548354
5.122e-005,0.0556142
5.1224e-005,0.0553513
5.1228e-005,0.0551429
5.1232e-005,0.0552769
5.1236e-005,0.0551925
5.124e-005,0.0546816
5.1244e-005,0.0556043
5.1248e-005,0.0552471
5.1252e-005,0.0545625
5.1256e-005,0.0545923
5.126e-005,0.0546816
