LECROYWR104MXi,20621,Waveform
Segments,1,SegmentSize,2501
Segment,TrigTime,TimeSinceSegment1
#1,21-May-2015 13:59:34,0                 
Time,Ampl
4.126e-005,0.0222988
4.1264e-005,0.025305
4.1268e-005,0.0275967
4.1272e-005,0.029323
4.1276e-005,0.0301515
4.128e-005,0.0324929
4.1284e-005,0.0339761
4.1288e-005,0.0352113
4.1292e-005,0.0358661
4.1296e-005,0.0371509
4.13e-005,0.0375427
4.1304e-005,0.0384208
4.1308e-005,0.0395667
4.1312e-005,0.039899
4.1316e-005,0.0397155
4.132e-005,0.040276
4.1324e-005,0.0404943
4.1328e-005,0.0411292
4.1332e-005,0.0416898
4.1336e-005,0.0414269
4.134e-005,0.0413922
4.1344e-005,0.040782
4.1348e-005,0.0419676
4.1352e-005,0.0405439
4.1356e-005,0.0416898
4.136e-005,0.0413475
4.1364e-005,0.0412483
4.1368e-005,0.0415162
4.1372e-005,0.0415807
4.1376e-005,0.0412681
4.138e-005,0.0412334
4.1384e-005,0.0413922
4.1388e-005,0.0410251
4.1392e-005,0.0411292
4.1396e-005,0.0420122
4.14e-005,0.0413426
4.1404e-005,0.0421164
4.1408e-005,0.0420916
4.1412e-005,0.0418287
4.1416e-005,0.0415013
4.142e-005,0.0415311
4.1424e-005,0.0405241
4.1428e-005,0.0411937
4.1432e-005,0.0420767
4.1436e-005,0.0415211
4.144e-005,0.0414318
4.1444e-005,0.0420073
4.1448e-005,0.0415013
4.1452e-005,0.0417394
4.1456e-005,0.0422156
4.146e-005,0.0407225
4.1464e-005,0.041417
4.1468e-005,0.041283
4.1472e-005,0.0413326
4.1476e-005,0.0417344
4.148e-005,0.0415211
4.1484e-005,0.0412185
4.1488e-005,0.0416551
4.1492e-005,0.0415459
4.1496e-005,0.0411044
4.15e-005,0.0416055
4.1504e-005,0.0419676
4.1508e-005,0.0407423
4.1512e-005,0.0408713
4.1516e-005,0.0416451
4.152e-005,0.0420073
4.1524e-005,0.0410449
4.1528e-005,0.0416749
4.1532e-005,0.041154
4.1536e-005,0.0419329
4.154e-005,0.0422206
4.1544e-005,0.0411292
4.1548e-005,0.0417493
4.1552e-005,0.0416799
4.1556e-005,0.041154
4.156e-005,0.0418783
4.1564e-005,0.0416848
4.1568e-005,0.0411044
4.1572e-005,0.0416948
4.1576e-005,0.0417692
4.158e-005,0.0412037
4.1584e-005,0.0419527
4.1588e-005,0.0417096
4.1592e-005,0.0419874
4.1596e-005,0.0412929
4.16e-005,0.0418882
4.1604e-005,0.0415509
4.1608e-005,0.0413326
4.1612e-005,0.0415955
4.1616e-005,0.0421809
4.162e-005,0.0417741
4.1624e-005,0.0420569
4.1628e-005,0.0413277
4.1632e-005,0.04167
4.1636e-005,0.0418634
4.164e-005,0.0413078
4.1644e-005,0.0417444
4.1648e-005,0.0412086
4.1652e-005,0.041536
4.1656e-005,0.0414814
4.166e-005,0.0415013
4.1664e-005,0.0413872
4.1668e-005,0.0415311
4.1672e-005,0.0412929
4.1676e-005,0.0408763
4.168e-005,0.041283
4.1684e-005,0.0412929
4.1688e-005,0.0415707
4.1692e-005,0.0415013
4.1696e-005,0.0417692
4.17e-005,0.0413078
4.1704e-005,0.0419874
4.1708e-005,0.0419428
4.1712e-005,0.0413922
4.1716e-005,0.0419329
4.172e-005,0.041541
4.1724e-005,0.0413723
4.1728e-005,0.0419477
4.1732e-005,0.0422057
4.1736e-005,0.0420321
4.174e-005,0.0412681
4.1744e-005,0.042419
4.1748e-005,0.0417543
4.1752e-005,0.0417493
4.1756e-005,0.0418833
4.176e-005,0.0412483
4.1764e-005,0.0414616
4.1768e-005,0.0426075
4.1772e-005,0.0410598
4.1776e-005,0.0418733
4.178e-005,0.0417989
4.1784e-005,0.041283
4.1788e-005,0.0422107
4.1792e-005,0.0422702
4.1796e-005,0.0411739
4.18e-005,0.0416997
4.1804e-005,0.0418535
4.1808e-005,0.0411937
4.1812e-005,0.0414318
4.1816e-005,0.0416948
4.182e-005,0.0413971
4.1824e-005,0.0422355
4.1828e-005,0.0416997
4.1832e-005,0.041412
4.1836e-005,0.0416898
4.184e-005,0.0412086
4.1844e-005,0.0406927
4.1848e-005,0.0414467
4.1852e-005,0.0411789
4.1856e-005,0.0410251
4.186e-005,0.0412235
4.1864e-005,0.0418386
4.1868e-005,0.0418237
4.1872e-005,0.041407
4.1876e-005,0.0416997
4.188e-005,0.0407374
4.1884e-005,0.0408068
4.1888e-005,0.0409655
4.1892e-005,0.041665
4.1896e-005,0.0412086
4.19e-005,0.0419626
4.1904e-005,0.041283
4.1908e-005,0.0405241
4.1912e-005,0.0409755
4.1916e-005,0.0413078
4.192e-005,0.0413227
4.1924e-005,0.0415162
4.1928e-005,0.0399536
4.1932e-005,0.0377858
4.1936e-005,0.0364216
4.194e-005,0.0352361
4.1944e-005,0.0348045
4.1948e-005,0.0346209
4.1952e-005,0.0331824
4.1956e-005,0.0233356
4.196e-005,0.0196449
4.1964e-005,0.0194564
4.1968e-005,0.0188611
4.1972e-005,0.0184345
4.1976e-005,0.01775
4.198e-005,0.0053336
4.1984e-005,0.00122623
4.1988e-005,0.00090379
4.1992e-005,0.00039781
4.1996e-005,0.000541667
4.2e-005,0.000184504
4.2004e-005,0.000630958
4.2008e-005,0.000591273
4.2012e-005,-8.3368e-005
4.2016e-005,-4.36833e-005
4.202e-005,0.0123677
4.2024e-005,0.0197838
4.2028e-005,0.0225568
4.2032e-005,0.0268328
4.2036e-005,0.0302804
4.204e-005,0.0326268
4.2044e-005,0.0347549
4.2048e-005,0.0365407
4.2052e-005,0.0384257
4.2056e-005,0.0390359
4.206e-005,0.0401967
4.2064e-005,0.0417344
4.2068e-005,0.0428952
4.2072e-005,0.0429299
4.2076e-005,0.0447753
4.208e-005,0.0447257
4.2084e-005,0.0452862
4.2088e-005,0.04607
4.2092e-005,0.0468835
4.2096e-005,0.0462535
4.21e-005,0.0474044
4.2104e-005,0.0478409
4.2108e-005,0.0474143
4.2112e-005,0.0484263
4.2116e-005,0.0486545
4.212e-005,0.0482279
4.2124e-005,0.0487884
4.2128e-005,0.0484709
4.2132e-005,0.0482775
4.2136e-005,0.0485255
4.214e-005,0.049969
4.2144e-005,0.0493291
4.2148e-005,0.0494134
4.2152e-005,0.0497061
4.2156e-005,0.0495821
4.216e-005,0.0495722
4.2164e-005,0.0503212
4.2168e-005,0.048833
4.2172e-005,0.0493589
4.2176e-005,0.0497557
4.218e-005,0.0494234
4.2184e-005,0.0501923
4.2188e-005,0.0498202
4.2192e-005,0.0498748
4.2196e-005,0.0495127
4.22e-005,0.0496019
4.2204e-005,0.0501377
4.2208e-005,0.0496615
4.2212e-005,0.049592
4.2216e-005,0.0503163
4.222e-005,0.0503212
4.2224e-005,0.0498599
4.2228e-005,0.0494283
4.2232e-005,0.0503113
4.2236e-005,0.0506387
4.224e-005,0.0501377
4.2244e-005,0.0496119
4.2248e-005,0.0501823
4.2252e-005,0.0504998
4.2256e-005,0.0504056
4.226e-005,0.0505395
4.2264e-005,0.050222
4.2268e-005,0.0505742
4.2272e-005,0.0505296
4.2276e-005,0.0501575
4.228e-005,0.0501476
4.2284e-005,0.0510703
4.2288e-005,0.0502071
4.2292e-005,0.0501823
4.2296e-005,0.0506089
4.23e-005,0.0502716
4.2304e-005,0.0500137
4.2308e-005,0.050346
4.2312e-005,0.0502171
4.2316e-005,0.0506784
4.232e-005,0.0509066
4.2324e-005,0.0503758
4.2328e-005,0.0505246
4.2332e-005,0.0512191
4.2336e-005,0.0500782
4.234e-005,0.0507627
4.2344e-005,0.0508619
4.2348e-005,0.0500087
4.2352e-005,0.0506387
4.2356e-005,0.050733
4.236e-005,0.0498004
4.2364e-005,0.0504204
4.2368e-005,0.051229
4.2372e-005,0.0502518
4.2376e-005,0.0501278
4.238e-005,0.0502865
4.2384e-005,0.05048
4.2388e-005,0.0504552
4.2392e-005,0.0503212
4.2396e-005,0.0500732
4.24e-005,0.0501575
4.2404e-005,0.0506139
4.2408e-005,0.0505593
4.2412e-005,0.0506089
4.2416e-005,0.0507627
4.242e-005,0.0500137
4.2424e-005,0.0508719
4.2428e-005,0.050356
4.2432e-005,0.0505593
4.2436e-005,0.0505097
4.244e-005,0.0500037
4.2444e-005,0.0501724
4.2448e-005,0.0498797
4.2452e-005,0.0504006
4.2456e-005,0.050356
4.246e-005,0.0502518
4.2464e-005,0.0502567
4.2468e-005,0.0503956
4.2472e-005,0.0507082
4.2476e-005,0.0505445
4.248e-005,0.0496714
4.2484e-005,0.0501278
4.2488e-005,0.0504651
4.2492e-005,0.0501426
4.2496e-005,0.0502071
4.25e-005,0.050604
4.2504e-005,0.0502667
4.2508e-005,0.0505445
4.2512e-005,0.050599
4.2516e-005,0.0504651
4.252e-005,0.0505494
4.2524e-005,0.050599
4.2528e-005,0.0502766
4.2532e-005,0.0511348
4.2536e-005,0.0508471
4.254e-005,0.051229
4.2544e-005,0.0506734
4.2548e-005,0.050093
4.2552e-005,0.0503411
4.2556e-005,0.050857
4.256e-005,0.0506536
4.2564e-005,0.0501674
4.2568e-005,0.0507925
4.2572e-005,0.0509016
4.2576e-005,0.0498301
4.258e-005,0.0502617
4.2584e-005,0.0510703
4.2588e-005,0.0509314
4.2592e-005,0.0505841
4.2596e-005,0.0504948
4.26e-005,0.0499343
4.2604e-005,0.0504899
4.2608e-005,0.0500682
4.2612e-005,0.0496615
4.2616e-005,0.0508024
4.262e-005,0.0511199
4.2624e-005,0.0501178
4.2628e-005,0.0499988
4.2632e-005,0.0503411
4.2636e-005,0.0502964
4.264e-005,0.0496763
4.2644e-005,0.0493787
4.2648e-005,0.0502171
4.2652e-005,0.0496813
4.2656e-005,0.0503361
4.266e-005,0.04984
4.2664e-005,0.0504353
4.2668e-005,0.0496813
4.2672e-005,0.0500037
4.2676e-005,0.0502419
4.268e-005,0.0504056
4.2684e-005,0.0507776
4.2688e-005,0.0508619
4.2692e-005,0.0506288
4.2696e-005,0.0479153
4.27e-005,0.0429845
4.2704e-005,0.0397552
4.2708e-005,0.0372253
4.2712e-005,0.036248
4.2716e-005,0.035995
4.272e-005,0.033857
4.2724e-005,0.0241987
4.2728e-005,0.0198185
4.2732e-005,0.0195556
4.2736e-005,0.0191588
4.274e-005,0.0183502
4.2744e-005,0.0178095
4.2748e-005,0.00608265
4.2752e-005,0.0013304
4.2756e-005,0.000764894
4.276e-005,0.000392849
4.2764e-005,0.000814499
4.2768e-005,-0.000113132
4.2772e-005,0.000516864
4.2776e-005,0.000169622
4.278e-005,-0.000480216
4.2784e-005,4.56074e-005
4.2788e-005,0.0120949
4.2792e-005,0.020518
4.2796e-005,0.0243029
4.28e-005,0.0289163
4.2804e-005,0.0324879
4.2808e-005,0.0355982
4.2812e-005,0.0374187
4.2816e-005,0.0388027
4.282e-005,0.040529
4.2824e-005,0.0421759
4.2828e-005,0.0428059
4.2832e-005,0.0442495
4.2836e-005,0.0454995
4.284e-005,0.045946
4.2844e-005,0.0475879
4.2848e-005,0.0492249
4.2852e-005,0.0479947
4.2856e-005,0.0494978
4.286e-005,0.0500831
4.2864e-005,0.0495127
4.2868e-005,0.0508222
4.2872e-005,0.0518491
4.2876e-005,0.0513084
4.288e-005,0.0514423
4.2884e-005,0.0526229
4.2888e-005,0.0526725
4.2892e-005,0.0529454
4.2896e-005,0.0536597
4.29e-005,0.0528859
4.2904e-005,0.0535605
4.2908e-005,0.0538879
4.2912e-005,0.0539028
4.2916e-005,0.0545229
4.292e-005,0.0544534
4.2924e-005,0.0545873
4.2928e-005,0.0542153
4.2932e-005,0.054508
4.2936e-005,0.0547758
4.294e-005,0.0552868
4.2944e-005,0.0542252
4.2948e-005,0.0546072
4.2952e-005,0.0543443
4.2956e-005,0.0542748
4.296e-005,0.0546469
4.2964e-005,0.0555943
4.2968e-005,0.055505
4.2972e-005,0.0558027
4.2976e-005,0.0555745
4.298e-005,0.055768
4.2984e-005,0.0554654
4.2988e-005,0.0559664
4.2992e-005,0.0559069
4.2996e-005,0.0553265
4.3e-005,0.0558672
4.3004e-005,0.0559664
4.3008e-005,0.0552322
4.3012e-005,0.0552967
4.3016e-005,0.0550933
4.302e-005,0.0556985
4.3024e-005,0.0558275
4.3028e-005,0.0563682
4.3032e-005,0.0555695
4.3036e-005,0.05551
4.304e-005,0.0557531
4.3044e-005,0.0555348
4.3048e-005,0.0556191
4.3052e-005,0.0554802
4.3056e-005,0.0548899
4.306e-005,0.0558324
4.3064e-005,0.0558424
4.3068e-005,0.0550288
4.3072e-005,0.0562392
4.3076e-005,0.0566311
4.308e-005,0.0555894
4.3084e-005,0.0562144
4.3088e-005,0.0562293
4.3092e-005,0.0554455
4.3096e-005,0.0554455
4.31e-005,0.0555398
4.3104e-005,0.0562045
4.3108e-005,0.0556043
4.3112e-005,0.0564228
4.3116e-005,0.0566013
4.312e-005,0.0561003
4.3124e-005,0.0570875
4.3128e-005,0.0558324
4.3132e-005,0.056264
4.3136e-005,0.0564079
4.314e-005,0.0562888
4.3144e-005,0.0565319
4.3148e-005,0.0560557
4.3152e-005,0.0556886
4.3156e-005,0.0560706
4.316e-005,0.0561598
4.3164e-005,0.0560458
4.3168e-005,0.0560904
4.3172e-005,0.0562045
4.3176e-005,0.0558473
4.318e-005,0.0561698
4.3184e-005,0.0561896
4.3188e-005,0.0555844
4.3192e-005,0.05614
4.3196e-005,0.0564128
4.32e-005,0.0557779
4.3204e-005,0.0559862
4.3208e-005,0.0560309
4.3212e-005,0.0562938
4.3216e-005,0.0564277
4.322e-005,0.0561202
4.3224e-005,0.055763
4.3228e-005,0.0558225
4.3232e-005,0.0564327
4.3236e-005,0.0557332
4.324e-005,0.0563781
4.3244e-005,0.0564872
4.3248e-005,0.0557779
4.3252e-005,0.0557531
4.3256e-005,0.0563384
4.326e-005,0.0554902
4.3264e-005,0.0563136
4.3268e-005,0.055639
4.3272e-005,0.0553711
4.3276e-005,0.05614
4.328e-005,0.0559465
4.3284e-005,0.0554356
4.3288e-005,0.0558573
4.3292e-005,0.0559217
4.3296e-005,0.0552967
4.33e-005,0.0562839
4.3304e-005,0.0561946
4.3308e-005,0.0560408
4.3312e-005,0.0564922
4.3316e-005,0.0567452
4.332e-005,0.0559118
4.3324e-005,0.0563186
4.3328e-005,0.0567204
4.3332e-005,0.0559118
4.3336e-005,0.0562293
4.334e-005,0.0562591
4.3344e-005,0.0563285
4.3348e-005,0.0560408
4.3352e-005,0.0564525
4.3356e-005,0.0562194
4.336e-005,0.0560606
4.3364e-005,0.0562045
4.3368e-005,0.0560606
4.3372e-005,0.0559813
4.3376e-005,0.0563682
4.338e-005,0.0560408
4.3384e-005,0.0568345
4.3388e-005,0.0565269
4.3392e-005,0.0559664
4.3396e-005,0.0562144
4.34e-005,0.0561995
4.3404e-005,0.0564029
4.3408e-005,0.0558573
4.3412e-005,0.0561995
4.3416e-005,0.0560706
4.342e-005,0.0557283
4.3424e-005,0.0561053
4.3428e-005,0.0561102
4.3432e-005,0.0559366
4.3436e-005,0.0555993
4.344e-005,0.0560507
4.3444e-005,0.0563037
4.3448e-005,0.0560706
4.3452e-005,0.0564823
4.3456e-005,0.0564724
4.346e-005,0.0567948
4.3464e-005,0.0527122
4.3468e-005,0.0460601
4.3472e-005,0.0412483
4.3476e-005,0.0383067
4.348e-005,0.0370368
4.3484e-005,0.0362083
4.3488e-005,0.0340604
4.3492e-005,0.0237622
4.3496e-005,0.0209694
4.35e-005,0.0200814
4.3504e-005,0.0185933
4.3508e-005,0.0183601
4.3512e-005,0.0186974
4.3516e-005,0.0071839
4.352e-005,0.00142961
4.3524e-005,0.000745051
4.3528e-005,0.000774815
4.3532e-005,0.00120639
4.3536e-005,0.000888908
4.354e-005,0.00119647
4.3544e-005,0.000878987
4.3548e-005,0.000144819
4.3552e-005,-6.35257e-005
4.3556e-005,0.0125711
4.356e-005,0.0208999
4.3564e-005,0.0262227
4.3568e-005,0.0310096
4.3572e-005,0.0347896
4.3576e-005,0.0373642
4.358e-005,0.0396758
4.3584e-005,0.0417295
4.3588e-005,0.0427861
4.3592e-005,0.044562
4.3596e-005,0.0452961
4.36e-005,0.0467794
4.3604e-005,0.0469728
4.3608e-005,0.0482477
4.3612e-005,0.0493192
4.3616e-005,0.0497706
4.362e-005,0.0497954
4.3624e-005,0.0510157
4.3628e-005,0.0521616
4.3632e-005,0.0516308
4.3636e-005,0.0520674
4.364e-005,0.052866
4.3644e-005,0.0531339
4.3648e-005,0.0538383
4.3652e-005,0.0545526
4.3656e-005,0.0536498
4.366e-005,0.0545427
4.3664e-005,0.0550735
4.3668e-005,0.0553761
4.3672e-005,0.055138
4.3676e-005,0.0556737
4.368e-005,0.0555348
4.3684e-005,0.0560011
4.3688e-005,0.0563285
4.3692e-005,0.0566956
4.3696e-005,0.0561598
4.37e-005,0.0568891
4.3704e-005,0.0568593
4.3708e-005,0.056641
4.3712e-005,0.0577968
4.3716e-005,0.0568841
4.372e-005,0.0568841
4.3724e-005,0.0579804
4.3728e-005,0.0572413
4.3732e-005,0.0573157
4.3736e-005,0.0577968
4.374e-005,0.0573504
4.3744e-005,0.0578961
4.3748e-005,0.058149
4.3752e-005,0.0579457
4.3756e-005,0.0581887
4.376e-005,0.0579754
4.3764e-005,0.0577423
4.3768e-005,0.0573702
4.3772e-005,0.0581292
4.3776e-005,0.05803
4.378e-005,0.0580994
4.3784e-005,0.058412
4.3788e-005,0.0583078
4.3792e-005,0.0580945
4.3796e-005,0.0579556
4.38e-005,0.0579258
4.3804e-005,0.0585757
4.3808e-005,0.0583326
4.3812e-005,0.0580101
4.3816e-005,0.0577671
4.382e-005,0.0585409
4.3824e-005,0.0581044
4.3828e-005,0.0585657
4.3832e-005,0.0585211
4.3836e-005,0.0580498
4.384e-005,0.0581937
4.3844e-005,0.0584467
4.3848e-005,0.0583822
4.3852e-005,0.0582185
4.3856e-005,0.0584814
4.386e-005,0.05803
4.3864e-005,0.0583524
4.3868e-005,0.0590271
4.3872e-005,0.0588237
4.3876e-005,0.0585459
4.388e-005,0.0589675
4.3884e-005,0.0580002
4.3888e-005,0.0582433
4.3892e-005,0.0583177
4.3896e-005,0.0581094
4.39e-005,0.0588138
4.3904e-005,0.0586997
4.3908e-005,0.0587146
4.3912e-005,0.0583028
4.3916e-005,0.058407
4.392e-005,0.0584764
4.3924e-005,0.0585757
4.3928e-005,0.0583276
4.3932e-005,0.0585657
4.3936e-005,0.0586401
4.394e-005,0.0584665
4.3944e-005,0.0585012
4.3948e-005,0.0588336
4.3952e-005,0.0587642
4.3956e-005,0.05866
4.396e-005,0.0586848
4.3964e-005,0.0585558
4.3968e-005,0.0584715
4.3972e-005,0.058278
4.3976e-005,0.0584318
4.398e-005,0.0580994
4.3984e-005,0.0587195
4.3988e-005,0.058655
4.3992e-005,0.0590072
4.3996e-005,0.0587592
4.4e-005,0.0581094
4.4004e-005,0.0586649
4.4008e-005,0.0585112
4.4012e-005,0.0589576
4.4016e-005,0.0578861
4.402e-005,0.0587989
4.4024e-005,0.0585459
4.4028e-005,0.0584963
4.4032e-005,0.0586005
4.4036e-005,0.0584963
4.404e-005,0.0588683
4.4044e-005,0.0589427
4.4048e-005,0.0586897
4.4052e-005,0.0580945
4.4056e-005,0.0586153
4.406e-005,0.0586649
4.4064e-005,0.0588485
4.4068e-005,0.0589874
4.4072e-005,0.0586302
4.4076e-005,0.0585409
4.408e-005,0.0584715
4.4084e-005,0.0590122
4.4088e-005,0.0589427
4.4092e-005,0.0587741
4.4096e-005,0.0587642
4.41e-005,0.0590271
4.4104e-005,0.0585012
4.4108e-005,0.0584268
4.4112e-005,0.0585012
4.4116e-005,0.0589675
4.412e-005,0.0585608
4.4124e-005,0.0587046
4.4128e-005,0.0586104
4.4132e-005,0.0588783
4.4136e-005,0.0588435
4.414e-005,0.0586401
4.4144e-005,0.0587245
4.4148e-005,0.058154
4.4152e-005,0.0584368
4.4156e-005,0.0586749
4.416e-005,0.0586203
4.4164e-005,0.0588187
4.4168e-005,0.0584616
4.4172e-005,0.0587344
4.4176e-005,0.0585509
4.418e-005,0.0585062
4.4184e-005,0.0584566
4.4188e-005,0.058655
4.4192e-005,0.058784
4.4196e-005,0.0582086
4.42e-005,0.0586699
4.4204e-005,0.0591858
4.4208e-005,0.0584516
4.4212e-005,0.0584318
4.4216e-005,0.0587146
4.422e-005,0.0583872
4.4224e-005,0.0587542
4.4228e-005,0.0584516
4.4232e-005,0.0555943
4.4236e-005,0.0486892
4.424e-005,0.0423347
4.4244e-005,0.0387531
4.4248e-005,0.0375179
4.4252e-005,0.0368929
4.4256e-005,0.0342787
4.426e-005,0.0238019
4.4264e-005,0.020017
4.4268e-005,0.0193076
4.4272e-005,0.0188562
4.4276e-005,0.018246
4.428e-005,0.0181617
4.4284e-005,0.00712934
4.4288e-005,0.00199016
4.4292e-005,0.000710327
4.4296e-005,0.000442455
4.43e-005,0.000849224
4.4304e-005,0.000611115
4.4308e-005,0.000849224
4.4312e-005,0.000710327
4.4316e-005,-1.88803e-005
4.432e-005,-0.000113132
4.4324e-005,0.0132706
4.4328e-005,0.020007
4.4332e-005,0.0219417
4.4336e-005,0.0251264
4.434e-005,0.0281573
4.4344e-005,0.0290601
4.4348e-005,0.0310741
4.4352e-005,0.0322696
4.4356e-005,0.0338769
4.436e-005,0.0347946
4.4364e-005,0.0352559
4.4368e-005,0.036382
4.4372e-005,0.0368433
4.4376e-005,0.038019
4.438e-005,0.038892
4.4384e-005,0.0399288
4.4388e-005,0.0391202
4.4392e-005,0.0400181
4.4396e-005,0.0399685
4.44e-005,0.0399933
4.4404e-005,0.0407225
4.4408e-005,0.0414566
4.4412e-005,0.0403802
4.4416e-005,0.040787
4.442e-005,0.0413277
4.4424e-005,0.0408217
4.4428e-005,0.0414864
4.4432e-005,0.0418188
4.4436e-005,0.0410052
4.444e-005,0.041417
4.4444e-005,0.0413029
4.4448e-005,0.041784
4.4452e-005,0.0419775
4.4456e-005,0.0417245
4.446e-005,0.042171
4.4464e-005,0.0416997
4.4468e-005,0.0415509
4.4472e-005,0.041154
4.4476e-005,0.0413971
4.448e-005,0.0419725
4.4484e-005,0.0405885
4.4488e-005,0.0415211
4.4492e-005,0.042171
4.4496e-005,0.0415608
4.45e-005,0.0410747
4.4504e-005,0.0413475
4.4508e-005,0.0418585
4.4512e-005,0.0411193
4.4516e-005,0.0416154
4.452e-005,0.0408465
4.4524e-005,0.0414616
4.4528e-005,0.0419031
4.4532e-005,0.0415757
4.4536e-005,0.0412929
4.454e-005,0.0417146
4.4544e-005,0.0415707
4.4548e-005,0.0405836
4.4552e-005,0.0414219
4.4556e-005,0.0413376
4.456e-005,0.0412185
4.4564e-005,0.0412979
4.4568e-005,0.0411292
4.4572e-005,0.041154
4.4576e-005,0.0410251
4.458e-005,0.0406927
4.4584e-005,0.04103
4.4588e-005,0.0413624
4.4592e-005,0.040906
4.4596e-005,0.04104
4.46e-005,0.0415906
4.4604e-005,0.0408415
4.4608e-005,0.0405637
4.4612e-005,0.0417592
4.4616e-005,0.0405588
4.462e-005,0.0407374
4.4624e-005,0.0410598
4.4628e-005,0.0408267
4.4632e-005,0.0410003
4.4636e-005,0.0418337
4.464e-005,0.0413326
4.4644e-005,0.0415261
4.4648e-005,0.0412632
4.4652e-005,0.0405141
4.4656e-005,0.0407175
4.466e-005,0.0412929
4.4664e-005,0.040658
4.4668e-005,0.0406878
4.4672e-005,0.0404893
4.4676e-005,0.0406282
4.468e-005,0.040777
4.4684e-005,0.0408515
4.4688e-005,0.04041
4.4692e-005,0.0407671
4.4696e-005,0.0405985
4.47e-005,0.0402264
4.4704e-005,0.0408415
4.4708e-005,0.040653
4.4712e-005,0.0398941
4.4716e-005,0.0411243
4.472e-005,0.0408564
4.4724e-005,0.0402363
4.4728e-005,0.0404248
4.4732e-005,0.0414517
4.4736e-005,0.0403554
4.474e-005,0.0405786
4.4744e-005,0.0408068
4.4748e-005,0.0400925
4.4752e-005,0.0405885
4.4756e-005,0.0410201
4.476e-005,0.0408217
4.4764e-005,0.0406431
4.4768e-005,0.0407274
4.4772e-005,0.0403703
4.4776e-005,0.0405985
4.478e-005,0.0405489
4.4784e-005,0.0403008
4.4788e-005,0.0403107
4.4792e-005,0.0409903
4.4796e-005,0.040147
4.48e-005,0.0412086
4.4804e-005,0.0404496
4.4808e-005,0.0407622
4.4812e-005,0.040777
4.4816e-005,0.0409209
4.482e-005,0.0403256
4.4824e-005,0.0408862
4.4828e-005,0.0412235
4.4832e-005,0.040147
4.4836e-005,0.0404248
4.484e-005,0.0405836
4.4844e-005,0.0400925
4.4848e-005,0.0411193
4.4852e-005,0.0408167
4.4856e-005,0.0405885
4.486e-005,0.0403951
4.4864e-005,0.0413525
4.4868e-005,0.040782
4.4872e-005,0.0405737
4.4876e-005,0.0408961
4.488e-005,0.0411292
4.4884e-005,0.0406927
4.4888e-005,0.04166
4.4892e-005,0.0407622
4.4896e-005,0.0401917
4.49e-005,0.0408366
4.4904e-005,0.0403405
4.4908e-005,0.0405489
4.4912e-005,0.0403306
4.4916e-005,0.0403306
4.492e-005,0.0400627
4.4924e-005,0.0407374
4.4928e-005,0.0402909
4.4932e-005,0.0404298
4.4936e-005,0.0403752
4.494e-005,0.0401719
4.4944e-005,0.0399883
4.4948e-005,0.040276
4.4952e-005,0.0402661
4.4956e-005,0.040658
4.496e-005,0.0410152
4.4964e-005,0.0399833
4.4968e-005,0.0408763
4.4972e-005,0.0402959
4.4976e-005,0.040028
4.498e-005,0.0404546
4.4984e-005,0.040906
4.4988e-005,0.0409308
4.4992e-005,0.0409804
4.4996e-005,0.040529
4.5e-005,0.0390855
4.5004e-005,0.0370318
4.5008e-005,0.0363572
4.5012e-005,0.0348392
4.5016e-005,0.0342489
4.502e-005,0.0338024
4.5024e-005,0.0326417
4.5028e-005,0.0236183
4.5032e-005,0.0198037
4.5036e-005,0.0193721
4.504e-005,0.0188512
4.5044e-005,0.0188363
4.5048e-005,0.0180079
4.5052e-005,0.00608761
4.5056e-005,0.001633
4.506e-005,0.000214268
4.5064e-005,-0.00060423
4.5068e-005,0.000789697
4.5072e-005,0.000968278
4.5076e-005,0.000784736
4.508e-005,0.000730169
4.5084e-005,-5.36045e-005
4.5088e-005,-0.000142895
4.5092e-005,0.0120106
4.5096e-005,0.0204485
4.51e-005,0.022661
4.5104e-005,0.0268179
4.5108e-005,0.0302159
4.5112e-005,0.0324432
4.5116e-005,0.0337479
4.512e-005,0.0364712
4.5124e-005,0.037508
4.5128e-005,0.0387531
4.5132e-005,0.040023
4.5136e-005,0.0415807
4.514e-005,0.0425331
4.5144e-005,0.0423793
4.5148e-005,0.0442842
4.5152e-005,0.0445322
4.5156e-005,0.0448001
4.516e-005,0.0458865
4.5164e-005,0.0459013
4.5168e-005,0.0463726
4.5172e-005,0.0467942
4.5176e-005,0.0473548
4.518e-005,0.0471713
4.5184e-005,0.0477318
4.5188e-005,0.0485007
4.5192e-005,0.0482229
4.5196e-005,0.0485602
4.52e-005,0.0488082
4.5204e-005,0.0483916
4.5208e-005,0.0479352
4.5212e-005,0.0488628
4.5216e-005,0.0486594
4.522e-005,0.0485106
4.5224e-005,0.0494978
4.5228e-005,0.0487289
4.5232e-005,0.0490166
4.5236e-005,0.0493738
4.524e-005,0.0494134
4.5244e-005,0.0496069
4.5248e-005,0.0493291
4.5252e-005,0.0495771
4.5256e-005,0.0497805
4.526e-005,0.0494333
4.5264e-005,0.0495325
4.5268e-005,0.049215
4.5272e-005,0.0497111
4.5276e-005,0.0493738
4.528e-005,0.0500236
4.5284e-005,0.0499145
4.5288e-005,0.049339
4.5292e-005,0.0494878
4.5296e-005,0.0493837
4.53e-005,0.049592
4.5304e-005,0.0495077
4.5308e-005,0.0495821
4.5312e-005,0.0495771
4.5316e-005,0.0492547
4.532e-005,0.049969
4.5324e-005,0.0491356
4.5328e-005,0.0492696
4.5332e-005,0.0496416
4.5336e-005,0.049721
4.534e-005,0.0498649
4.5344e-005,0.0499591
4.5348e-005,0.0494581
4.5352e-005,0.0494283
4.5356e-005,0.0502022
4.536e-005,0.0497756
4.5364e-005,0.050356
4.5368e-005,0.0504849
4.5372e-005,0.0497012
4.5376e-005,0.0496714
4.538e-005,0.0498996
4.5384e-005,0.0507925
4.5388e-005,0.0498152
4.5392e-005,0.0506784
4.5396e-005,0.0498252
4.54e-005,0.0500137
4.5404e-005,0.0499145
4.5408e-005,0.0501377
4.5412e-005,0.0491406
4.5416e-005,0.0505841
4.542e-005,0.050227
4.5424e-005,0.049969
4.5428e-005,0.0506337
4.5432e-005,0.0498649
4.5436e-005,0.0501476
4.544e-005,0.0501972
4.5444e-005,0.0498847
4.5448e-005,0.0506387
4.5452e-005,0.0500633
4.5456e-005,0.0505345
4.546e-005,0.0502815
4.5464e-005,0.0501228
4.5468e-005,0.0502518
4.5472e-005,0.0503014
4.5476e-005,0.0505097
4.548e-005,0.0500087
4.5484e-005,0.0504304
4.5488e-005,0.0508074
4.5492e-005,0.0503857
4.5496e-005,0.0503361
4.55e-005,0.0504601
4.5504e-005,0.0500633
4.5508e-005,0.0503014
4.5512e-005,0.0499938
4.5516e-005,0.0500583
4.552e-005,0.0508322
4.5524e-005,0.0504651
4.5528e-005,0.0495176
4.5532e-005,0.0503609
4.5536e-005,0.0505197
4.554e-005,0.0501476
4.5544e-005,0.0504849
4.5548e-005,0.0501129
4.5552e-005,0.0504502
4.5556e-005,0.0500335
4.556e-005,0.0499641
4.5564e-005,0.0496615
4.5568e-005,0.050222
4.5572e-005,0.0503163
4.5576e-005,0.0494779
4.558e-005,0.0505693
4.5584e-005,0.0502121
4.5588e-005,0.0496763
4.5592e-005,0.0502369
4.5596e-005,0.0506834
4.56e-005,0.0505693
4.5604e-005,0.050098
4.5608e-005,0.0506933
4.5612e-005,0.0500583
4.5616e-005,0.0504502
4.562e-005,0.0504155
4.5624e-005,0.0500484
4.5628e-005,0.0504105
4.5632e-005,0.0504304
4.5636e-005,0.0498946
4.564e-005,0.0506834
4.5644e-005,0.0505395
4.5648e-005,0.0500732
4.5652e-005,0.0501178
4.5656e-005,0.0501079
4.566e-005,0.0502716
4.5664e-005,0.0509066
4.5668e-005,0.050604
4.5672e-005,0.0498152
4.5676e-005,0.0501674
4.568e-005,0.0502419
4.5684e-005,0.050733
4.5688e-005,0.0506933
4.5692e-005,0.0505693
4.5696e-005,0.0504105
4.57e-005,0.0505841
4.5704e-005,0.0504006
4.5708e-005,0.0494283
4.5712e-005,0.0498004
4.5716e-005,0.0505048
4.572e-005,0.0504155
4.5724e-005,0.0506933
4.5728e-005,0.0507181
4.5732e-005,0.0504254
4.5736e-005,0.0503014
4.574e-005,0.0504899
4.5744e-005,0.0496565
4.5748e-005,0.0503659
4.5752e-005,0.0498847
4.5756e-005,0.050351
4.576e-005,0.0505544
4.5764e-005,0.0505395
4.5768e-005,0.0477764
4.5772e-005,0.0423843
4.5776e-005,0.0391053
4.578e-005,0.0373096
4.5784e-005,0.0362579
4.5788e-005,0.0358214
4.5792e-005,0.0337826
4.5796e-005,0.023792
4.58e-005,0.0199177
4.5804e-005,0.0190744
4.5808e-005,0.0192977
4.5812e-005,0.0185784
4.5816e-005,0.0182361
4.582e-005,0.00681186
4.5824e-005,0.00169252
4.5828e-005,0.000457337
4.5832e-005,0.000303558
4.5836e-005,0.000665682
4.584e-005,0.000239071
4.5844e-005,0.000407731
4.5848e-005,0.000630958
4.5852e-005,0.000591273
4.5856e-005,-0.000212343
4.586e-005,0.0119659
4.5864e-005,0.0204932
4.5868e-005,0.0243426
4.5872e-005,0.0291544
4.5876e-005,0.0334602
4.588e-005,0.035241
4.5884e-005,0.0369971
4.5888e-005,0.0392343
4.5892e-005,0.0411243
4.5896e-005,0.0427464
4.59e-005,0.0438427
4.5904e-005,0.0453408
4.5908e-005,0.0461146
4.5912e-005,0.0464619
4.5916e-005,0.0473846
4.592e-005,0.0487735
4.5924e-005,0.048967
4.5928e-005,0.0497359
4.5932e-005,0.0504403
4.5936e-005,0.04985
4.594e-005,0.0510752
4.5944e-005,0.0514721
4.5948e-005,0.0515267
4.5952e-005,0.0528462
4.5956e-005,0.0527916
4.596e-005,0.053114
4.5964e-005,0.0531537
4.5968e-005,0.0539524
4.5972e-005,0.0535158
4.5976e-005,0.054131
4.598e-005,0.053997
4.5984e-005,0.0530099
4.5988e-005,0.0548254
4.5992e-005,0.0549495
4.5996e-005,0.0543592
4.6e-005,0.0553711
4.6004e-005,0.0548949
4.6008e-005,0.0544236
4.6012e-005,0.054756
4.6016e-005,0.0552372
4.602e-005,0.0553066
4.6024e-005,0.0553711
4.6028e-005,0.0557184
4.6032e-005,0.0559267
4.6036e-005,0.0559713
4.604e-005,0.0562442
4.6044e-005,0.0552521
4.6048e-005,0.0558374
4.6052e-005,0.0560011
4.6056e-005,0.0556638
4.606e-005,0.0552322
4.6064e-005,0.0558473
4.6068e-005,0.0556638
4.6072e-005,0.0558622
4.6076e-005,0.0562839
4.608e-005,0.0557481
4.6084e-005,0.0559317
4.6088e-005,0.0561301
4.6092e-005,0.056512
4.6096e-005,0.056393
4.61e-005,0.0565716
4.6104e-005,0.0560706
4.6108e-005,0.0563087
4.6112e-005,0.0561152
4.6116e-005,0.0559912
4.612e-005,0.0563235
4.6124e-005,0.0568543
4.6128e-005,0.0568742
4.6132e-005,0.0567154
4.6136e-005,0.0562392
4.614e-005,0.0562491
4.6144e-005,0.0561598
4.6148e-005,0.0563087
4.6152e-005,0.0560656
4.6156e-005,0.056145
4.616e-005,0.0566162
4.6164e-005,0.055887
4.6168e-005,0.0566757
4.6172e-005,0.0565021
4.6176e-005,0.0565865
4.618e-005,0.0561202
4.6184e-005,0.0562144
4.6188e-005,0.0566509
4.6192e-005,0.0557432
4.6196e-005,0.0564376
4.62e-005,0.0558176
4.6204e-005,0.0562095
4.6208e-005,0.0565021
4.6212e-005,0.056264
4.6216e-005,0.0564525
4.622e-005,0.056393
4.6224e-005,0.0562888
4.6228e-005,0.056522
4.6232e-005,0.0570577
4.6236e-005,0.0560755
4.624e-005,0.0561698
4.6244e-005,0.0562591
4.6248e-005,0.0564773
4.6252e-005,0.0563583
4.6256e-005,0.0564128
4.626e-005,0.0564476
4.6264e-005,0.0561251
4.6268e-005,0.0564724
4.6272e-005,0.0556787
4.6276e-005,0.0565914
4.628e-005,0.0564476
4.6284e-005,0.0558721
4.6288e-005,0.0563583
4.6292e-005,0.0557233
4.6296e-005,0.0555795
4.63e-005,0.056646
4.6304e-005,0.056765
4.6308e-005,0.0565617
4.6312e-005,0.0566757
4.6316e-005,0.0564773
4.632e-005,0.056641
4.6324e-005,0.0559366
4.6328e-005,0.0561995
4.6332e-005,0.0563434
4.6336e-005,0.0566956
4.634e-005,0.0566757
4.6344e-005,0.0563087
4.6348e-005,0.0556539
4.6352e-005,0.0566361
4.6356e-005,0.0561648
4.636e-005,0.0564575
4.6364e-005,0.0562987
4.6368e-005,0.0560408
4.6372e-005,0.0567105
4.6376e-005,0.0565071
4.638e-005,0.0564674
4.6384e-005,0.0572661
4.6388e-005,0.0563831
4.6392e-005,0.0563186
4.6396e-005,0.0564823
4.64e-005,0.0566509
4.6404e-005,0.0559614
4.6408e-005,0.05677
4.6412e-005,0.0564426
4.6416e-005,0.0563682
4.642e-005,0.0564079
4.6424e-005,0.0564773
4.6428e-005,0.0567105
4.6432e-005,0.0560755
4.6436e-005,0.0562343
4.644e-005,0.0565269
4.6444e-005,0.0562095
4.6448e-005,0.0563384
4.6452e-005,0.0561549
4.6456e-005,0.0567254
4.646e-005,0.0570131
4.6464e-005,0.0565815
4.6468e-005,0.0564178
4.6472e-005,0.0568196
4.6476e-005,0.0566113
4.648e-005,0.0567254
4.6484e-005,0.0567204
4.6488e-005,0.0563136
4.6492e-005,0.0566559
4.6496e-005,0.0566261
4.65e-005,0.056641
4.6504e-005,0.0570379
4.6508e-005,0.0568444
4.6512e-005,0.0561251
4.6516e-005,0.056641
4.652e-005,0.0566212
4.6524e-005,0.0568097
4.6528e-005,0.0568047
4.6532e-005,0.0570131
4.6536e-005,0.0536101
4.654e-005,0.0470919
4.6544e-005,0.0415162
4.6548e-005,0.0390954
4.6552e-005,0.0377114
4.6556e-005,0.0371657
4.656e-005,0.0348591
4.6564e-005,0.0238961
4.6568e-005,0.0203493
4.6572e-005,0.0194415
4.6576e-005,0.0191687
4.658e-005,0.0183452
4.6584e-005,0.018127
4.6588e-005,0.00625627
4.6592e-005,0.00109725
4.6596e-005,0.000581352
4.66e-005,0.00039781
4.6604e-005,0.00145442
4.6608e-005,0.000129938
4.6612e-005,0.000596233
4.6616e-005,0.000447416
4.662e-005,0.000561509
4.6624e-005,-0.000867142
4.6628e-005,0.0118518
4.6632e-005,0.0215597
4.6636e-005,0.0256671
4.664e-005,0.0303251
4.6644e-005,0.0345664
4.6648e-005,0.0374336
4.6652e-005,0.0389218
4.6656e-005,0.0409705
4.666e-005,0.0428059
4.6664e-005,0.0438278
4.6668e-005,0.0455144
4.6672e-005,0.0466901
4.6676e-005,0.0471564
4.668e-005,0.0482973
4.6684e-005,0.0482477
4.6688e-005,0.0498252
4.6692e-005,0.0500137
4.6696e-005,0.0514423
4.67e-005,0.0514175
4.6704e-005,0.0516259
4.6708e-005,0.0520922
4.6712e-005,0.0541359
4.6716e-005,0.0530942
4.672e-005,0.0540962
4.6724e-005,0.0539524
4.6728e-005,0.0541161
4.6732e-005,0.0552868
4.6736e-005,0.0553215
4.674e-005,0.055009
4.6744e-005,0.0561846
4.6748e-005,0.0552223
4.6752e-005,0.0558721
4.6756e-005,0.0558721
4.676e-005,0.0568146
4.6764e-005,0.056145
4.6768e-005,0.0570627
4.6772e-005,0.0567006
4.6776e-005,0.0562839
4.678e-005,0.0572214
4.6784e-005,0.0570428
4.6788e-005,0.0574992
4.6792e-005,0.0570081
4.6796e-005,0.0574347
4.68e-005,0.0571172
4.6804e-005,0.0573653
4.6808e-005,0.0576232
4.6812e-005,0.0575389
4.6816e-005,0.0568047
4.682e-005,0.0574893
4.6824e-005,0.0576083
4.6828e-005,0.0578861
4.6832e-005,0.0579407
4.6836e-005,0.0578167
4.684e-005,0.0574744
4.6844e-005,0.058154
4.6848e-005,0.058159
4.6852e-005,0.0577026
4.6856e-005,0.0589229
4.686e-005,0.057777
4.6864e-005,0.0584566
4.6868e-005,0.0586352
4.6872e-005,0.0581044
4.6876e-005,0.0581887
4.688e-005,0.0584616
4.6884e-005,0.058278
4.6888e-005,0.0583078
4.6892e-005,0.0585459
4.6896e-005,0.058159
4.69e-005,0.0585757
4.6904e-005,0.0584268
4.6908e-005,0.0580449
4.6912e-005,0.0585707
4.6916e-005,0.0584913
4.692e-005,0.0584467
4.6924e-005,0.0583921
4.6928e-005,0.0584219
4.6932e-005,0.0582532
4.6936e-005,0.0583822
4.694e-005,0.0579407
4.6944e-005,0.0579308
4.6948e-005,0.0582185
4.6952e-005,0.0584318
4.6956e-005,0.0590469
4.696e-005,0.0580052
4.6964e-005,0.0580994
4.6968e-005,0.0586302
4.6972e-005,0.0588634
4.6976e-005,0.0583524
4.698e-005,0.0584764
4.6984e-005,0.0577076
4.6988e-005,0.0587443
4.6992e-005,0.0586104
4.6996e-005,0.0585161
4.7e-005,0.0581738
4.7004e-005,0.0584913
4.7008e-005,0.0583623
4.7012e-005,0.0586203
4.7016e-005,0.0585112
4.702e-005,0.0585806
4.7024e-005,0.0583673
4.7028e-005,0.0583177
4.7032e-005,0.058536
4.7036e-005,0.0578613
4.704e-005,0.058159
4.7044e-005,0.058531
4.7048e-005,0.0590271
4.7052e-005,0.0587542
4.7056e-005,0.0585707
4.706e-005,0.0582582
4.7064e-005,0.0582979
4.7068e-005,0.0584467
4.7072e-005,0.0583822
4.7076e-005,0.0582383
4.708e-005,0.0584219
4.7084e-005,0.0586798
4.7088e-005,0.0583276
4.7092e-005,0.0585012
4.7096e-005,0.0583326
4.71e-005,0.0582334
4.7104e-005,0.058531
4.7108e-005,0.0582582
4.7112e-005,0.0583574
4.7116e-005,0.0589477
4.712e-005,0.0586997
4.7124e-005,0.0583375
4.7128e-005,0.0587542
4.7132e-005,0.0588386
4.7136e-005,0.058526
4.714e-005,0.0586501
4.7144e-005,0.0582929
4.7148e-005,0.058412
4.7152e-005,0.0583673
4.7156e-005,0.0584913
4.716e-005,0.0584467
4.7164e-005,0.0587493
4.7168e-005,0.0584318
4.7172e-005,0.0585608
4.7176e-005,0.0586054
4.718e-005,0.0588832
4.7184e-005,0.0584516
4.7188e-005,0.0588286
4.7192e-005,0.0590816
4.7196e-005,0.0585112
4.72e-005,0.0588981
4.7204e-005,0.0586352
4.7208e-005,0.0582929
4.7212e-005,0.0586798
4.7216e-005,0.0589378
4.722e-005,0.0588534
4.7224e-005,0.0587394
4.7228e-005,0.0581094
4.7232e-005,0.0582284
4.7236e-005,0.0586451
4.724e-005,0.0589279
4.7244e-005,0.0584318
4.7248e-005,0.0584516
4.7252e-005,0.0583127
4.7256e-005,0.0581143
4.726e-005,0.0584417
4.7264e-005,0.0588435
4.7268e-005,0.0584864
4.7272e-005,0.0585757
4.7276e-005,0.0582135
4.728e-005,0.0584219
4.7284e-005,0.0585161
4.7288e-005,0.0585955
4.7292e-005,0.0588038
4.7296e-005,0.0586649
4.73e-005,0.0587691
4.7304e-005,0.0559763
4.7308e-005,0.0475284
4.7312e-005,0.0418932
4.7316e-005,0.0389664
4.732e-005,0.0378553
4.7324e-005,0.0362331
4.7328e-005,0.03411
4.7332e-005,0.0244319
4.7336e-005,0.0207809
4.734e-005,0.0196152
4.7344e-005,0.0197342
4.7348e-005,0.0183304
4.7352e-005,0.0182956
4.7356e-005,0.00642493
4.736e-005,0.00176693
4.7364e-005,0.000630958
4.7368e-005,0.000184504
4.7372e-005,0.000809539
4.7376e-005,9.02528e-005
4.738e-005,0.00057143
4.7384e-005,0.00065576
4.7388e-005,0.000313479
4.7392e-005,5.0568e-005
4.7396e-005,0.0130424
4.74e-005,0.0202203
4.7404e-005,0.0212621
4.7408e-005,0.0246998
4.7412e-005,0.0278001
4.7416e-005,0.0293677
4.742e-005,0.0309799
4.7424e-005,0.032602
4.7428e-005,0.0335941
4.7432e-005,0.0353601
4.7436e-005,0.0359702
4.744e-005,0.0373592
4.7444e-005,0.0374038
4.7448e-005,0.0376419
4.7452e-005,0.0388325
4.7456e-005,0.0397254
4.746e-005,0.0396311
4.7464e-005,0.0404298
4.7468e-005,0.0402314
4.7472e-005,0.0402909
4.7476e-005,0.040405
4.748e-005,0.0412334
4.7484e-005,0.0404744
4.7488e-005,0.0408812
4.7492e-005,0.0419676
4.7496e-005,0.0413971
4.75e-005,0.0420569
4.7504e-005,0.0418436
4.7508e-005,0.0409407
4.7512e-005,0.0413277
4.7516e-005,0.0412929
4.752e-005,0.04166
4.7524e-005,0.0417791
4.7528e-005,0.0417444
4.7532e-005,0.0414914
4.7536e-005,0.0407721
4.754e-005,0.042171
4.7544e-005,0.0411392
4.7548e-005,0.0413971
4.7552e-005,0.0416501
4.7556e-005,0.0412384
4.756e-005,0.0416055
4.7564e-005,0.0424934
4.7568e-005,0.0407919
4.7572e-005,0.0417741
4.7576e-005,0.0415807
4.758e-005,0.0415211
4.7584e-005,0.0424091
4.7588e-005,0.0418337
4.7592e-005,0.0413624
4.7596e-005,0.042042
4.76e-005,0.0420668
4.7604e-005,0.0417096
4.7608e-005,0.0415459
4.7612e-005,0.0420866
4.7616e-005,0.0416104
4.762e-005,0.0416799
4.7624e-005,0.0424339
4.7628e-005,0.0415261
4.7632e-005,0.0425926
4.7636e-005,0.0423099
4.764e-005,0.0418634
4.7644e-005,0.0419527
4.7648e-005,0.0421561
4.7652e-005,0.0414715
4.7656e-005,0.0409159
4.766e-005,0.0420519
4.7664e-005,0.0415608
4.7668e-005,0.0414566
4.7672e-005,0.042037
4.7676e-005,0.041536
4.768e-005,0.0411689
4.7684e-005,0.0414914
4.7688e-005,0.042042
4.7692e-005,0.0414418
4.7696e-005,0.0422156
4.77e-005,0.0411987
4.7704e-005,0.0419825
4.7708e-005,0.04167
4.7712e-005,0.0414368
4.7716e-005,0.041288
4.772e-005,0.0415063
4.7724e-005,0.0408564
4.7728e-005,0.0411838
4.7732e-005,0.0423892
4.7736e-005,0.0407225
4.774e-005,0.0416005
4.7744e-005,0.0420122
4.7748e-005,0.0418634
4.7752e-005,0.0415211
4.7756e-005,0.041417
4.776e-005,0.041541
4.7764e-005,0.0415112
4.7768e-005,0.0418436
4.7772e-005,0.0407473
4.7776e-005,0.041159
4.778e-005,0.0413624
4.7784e-005,0.041407
4.7788e-005,0.0417096
4.7792e-005,0.0414814
4.7796e-005,0.0411888
4.78e-005,0.0412632
4.7804e-005,0.0413277
4.7808e-005,0.0414269
4.7812e-005,0.0412582
4.7816e-005,0.0418932
4.782e-005,0.0412632
4.7824e-005,0.0412731
4.7828e-005,0.0409308
4.7832e-005,0.0412979
4.7836e-005,0.0418337
4.784e-005,0.041918
4.7844e-005,0.0414616
4.7848e-005,0.0413723
4.7852e-005,0.042166
4.7856e-005,0.0411094
4.786e-005,0.0420271
4.7864e-005,0.0419825
4.7868e-005,0.0412285
4.7872e-005,0.0413128
4.7876e-005,0.0417196
4.788e-005,0.04104
4.7884e-005,0.0415509
4.7888e-005,0.0410201
4.7892e-005,0.0420222
4.7896e-005,0.0416055
4.79e-005,0.0417543
4.7904e-005,0.041288
4.7908e-005,0.0416451
4.7912e-005,0.0418287
4.7916e-005,0.0414269
4.792e-005,0.041154
4.7924e-005,0.041541
4.7928e-005,0.0405141
4.7932e-005,0.0410052
4.7936e-005,0.041159
4.794e-005,0.0404695
4.7944e-005,0.0413277
4.7948e-005,0.0411392
4.7952e-005,0.0404199
4.7956e-005,0.0410945
4.796e-005,0.0416848
4.7964e-005,0.0406679
4.7968e-005,0.0414517
4.7972e-005,0.0419775
4.7976e-005,0.0413426
4.798e-005,0.0419974
4.7984e-005,0.0421114
4.7988e-005,0.0411838
4.7992e-005,0.0418535
4.7996e-005,0.0415856
4.8e-005,0.04104
4.8004e-005,0.0412334
4.8008e-005,0.0412781
4.8012e-005,0.0411044
4.8016e-005,0.0417543
4.802e-005,0.0413078
4.8024e-005,0.0411789
4.8028e-005,0.0413475
4.8032e-005,0.0419725
4.8036e-005,0.0410499
4.804e-005,0.041417
4.8044e-005,0.0417295
4.8048e-005,0.0417692
4.8052e-005,0.0418088
4.8056e-005,0.0412533
4.806e-005,0.0419081
4.8064e-005,0.0419577
4.8068e-005,0.0408167
4.8072e-005,0.0398048
4.8076e-005,0.0385448
4.808e-005,0.0364911
4.8084e-005,0.0359305
4.8088e-005,0.0345565
4.8092e-005,0.0341795
4.8096e-005,0.0332419
4.81e-005,0.023286
4.8104e-005,0.0196697
4.8108e-005,0.0189604
4.8112e-005,0.0189901
4.8116e-005,0.0189802
4.812e-005,0.0183403
4.8124e-005,0.00536336
4.8128e-005,0.00142465
4.8132e-005,0.000343243
4.8136e-005,0.000184504
4.814e-005,0.00168756
4.8144e-005,0.000730169
4.8148e-005,0.000462297
4.8152e-005,0.000586312
4.8156e-005,-0.000197462
4.816e-005,0.000278755
4.8164e-005,0.0128588
4.8168e-005,0.0202402
4.8172e-005,0.0227502
4.8176e-005,0.026932
4.818e-005,0.0306723
4.8184e-005,0.0326665
4.8188e-005,0.0340406
4.8192e-005,0.036124
4.8196e-005,0.0381281
4.82e-005,0.0394674
4.8204e-005,0.0399387
4.8208e-005,0.0413029
4.8212e-005,0.042424
4.8216e-005,0.0434756
4.822e-005,0.0442197
4.8224e-005,0.0449687
4.8228e-005,0.0446413
4.8232e-005,0.0459013
4.8236e-005,0.0466802
4.824e-005,0.0467298
4.8244e-005,0.0467496
4.8248e-005,0.0473151
4.8252e-005,0.0480592
4.8256e-005,0.0478112
4.826e-005,0.0474788
4.8264e-005,0.0485949
4.8268e-005,0.0486346
4.8272e-005,0.0487487
4.8276e-005,0.0482874
4.828e-005,0.0485701
4.8284e-005,0.0487487
4.8288e-005,0.0487289
4.8292e-005,0.0492001
4.8296e-005,0.0492845
4.83e-005,0.0490811
4.8304e-005,0.0496168
4.8308e-005,0.0498351
4.8312e-005,0.0497061
4.8316e-005,0.0496267
4.832e-005,0.0501426
4.8324e-005,0.049592
4.8328e-005,0.0501575
4.8332e-005,0.0492398
4.8336e-005,0.0496019
4.834e-005,0.0501575
4.8344e-005,0.0504601
4.8348e-005,0.0503113
4.8352e-005,0.0504155
4.8356e-005,0.0499541
4.836e-005,0.0501774
4.8364e-005,0.0497607
4.8368e-005,0.0502518
4.8372e-005,0.0498252
4.8376e-005,0.0504502
4.838e-005,0.0502915
4.8384e-005,0.0502419
4.8388e-005,0.0502419
4.8392e-005,0.0503311
4.8396e-005,0.0495623
4.84e-005,0.0500484
4.8404e-005,0.0507974
4.8408e-005,0.0505891
4.8412e-005,0.0507677
4.8416e-005,0.0504056
4.842e-005,0.0499343
4.8424e-005,0.0503063
4.8428e-005,0.0498202
4.8432e-005,0.0500583
4.8436e-005,0.0496962
4.844e-005,0.0505197
4.8444e-005,0.0508719
4.8448e-005,0.0504998
4.8452e-005,0.0505742
4.8456e-005,0.0497458
4.846e-005,0.0503907
4.8464e-005,0.0502369
4.8468e-005,0.0501823
4.8472e-005,0.0501228
4.8476e-005,0.0501278
4.848e-005,0.0500484
4.8484e-005,0.0501526
4.8488e-005,0.0502815
4.8492e-005,0.0505841
4.8496e-005,0.0505941
4.85e-005,0.05047
4.8504e-005,0.0503609
4.8508e-005,0.0502865
4.8512e-005,0.0497855
4.8516e-005,0.0505742
4.852e-005,0.0506982
4.8524e-005,0.0502865
4.8528e-005,0.0496565
4.8532e-005,0.0506635
4.8536e-005,0.0500484
4.854e-005,0.0505097
4.8544e-005,0.0505494
4.8548e-005,0.0504849
4.8552e-005,0.0499839
4.8556e-005,0.0503361
4.856e-005,0.0504948
4.8564e-005,0.0506734
4.8568e-005,0.0506585
4.8572e-005,0.0509562
4.8576e-005,0.0496714
4.858e-005,0.0502667
4.8584e-005,0.050852
4.8588e-005,0.0507826
4.8592e-005,0.0501774
4.8596e-005,0.050733
4.86e-005,0.0502567
4.8604e-005,0.0505742
4.8608e-005,0.0504155
4.8612e-005,0.0502518
4.8616e-005,0.0506933
4.862e-005,0.0510405
4.8624e-005,0.0501079
4.8628e-005,0.050351
4.8632e-005,0.0503262
4.8636e-005,0.0504552
4.864e-005,0.0498351
4.8644e-005,0.050098
4.8648e-005,0.0504056
4.8652e-005,0.0501972
4.8656e-005,0.0511893
4.866e-005,0.0498698
4.8664e-005,0.0503014
4.8668e-005,0.0506982
4.8672e-005,0.0500286
4.8676e-005,0.0500881
4.868e-005,0.0504601
4.8684e-005,0.0504353
4.8688e-005,0.0507082
4.8692e-005,0.0505048
4.8696e-005,0.050475
4.87e-005,0.0508421
4.8704e-005,0.0508074
4.8708e-005,0.050604
4.8712e-005,0.0504056
4.8716e-005,0.0504056
4.872e-005,0.0499343
4.8724e-005,0.0508322
4.8728e-005,0.0502716
4.8732e-005,0.0504304
4.8736e-005,0.0508222
4.874e-005,0.0510901
4.8744e-005,0.0501178
4.8748e-005,0.0506685
4.8752e-005,0.0503361
4.8756e-005,0.0501278
4.876e-005,0.0505643
4.8764e-005,0.0510008
4.8768e-005,0.050723
4.8772e-005,0.0503113
4.8776e-005,0.0505048
4.878e-005,0.0499839
4.8784e-005,0.0510157
4.8788e-005,0.0500732
4.8792e-005,0.0500732
4.8796e-005,0.0508967
4.88e-005,0.0504502
4.8804e-005,0.0504552
4.8808e-005,0.0499541
4.8812e-005,0.0500782
4.8816e-005,0.0505643
4.882e-005,0.0499343
4.8824e-005,0.0505841
4.8828e-005,0.0500484
4.8832e-005,0.0502567
4.8836e-005,0.0498599
4.884e-005,0.0480195
4.8844e-005,0.0433516
4.8848e-005,0.0392889
4.8852e-005,0.0373989
4.8856e-005,0.0365357
4.886e-005,0.0355535
4.8864e-005,0.0343481
4.8868e-005,0.0229636
4.8872e-005,0.0202948
4.8876e-005,0.0201162
4.888e-005,0.0195556
4.8884e-005,0.0184593
4.8888e-005,0.0176607
4.8892e-005,0.00543281
4.8896e-005,0.00114686
4.89e-005,0.000616076
4.8904e-005,-0.000132974
4.8908e-005,0.000824421
4.8912e-005,0.000358125
4.8916e-005,0.000477179
4.892e-005,0.000750012
4.8924e-005,0.000283716
4.8928e-005,0.000124977
4.8932e-005,0.0117625
4.8936e-005,0.0201311
4.894e-005,0.0244617
4.8944e-005,0.0287178
4.8948e-005,0.0327855
4.8952e-005,0.0346755
4.8956e-005,0.0373443
4.896e-005,0.0394774
4.8964e-005,0.0414418
4.8968e-005,0.0426174
4.8972e-005,0.0435699
4.8976e-005,0.0456632
4.898e-005,0.0459956
4.8984e-005,0.0463279
4.8988e-005,0.0478211
4.8992e-005,0.048466
4.8996e-005,0.0490216
4.9e-005,0.0496763
4.9004e-005,0.0501625
4.9008e-005,0.0503609
4.9012e-005,0.0509363
4.9016e-005,0.0519086
4.902e-005,0.0515812
4.9024e-005,0.0515614
4.9028e-005,0.0529057
4.9032e-005,0.0522658
4.9036e-005,0.0531041
4.904e-005,0.0529652
4.9044e-005,0.052866
4.9048e-005,0.0535357
4.9052e-005,0.0536795
4.9056e-005,0.0537837
4.906e-005,0.0544038
4.9064e-005,0.0548155
4.9068e-005,0.0540119
4.9072e-005,0.0541706
4.9076e-005,0.0553562
4.908e-005,0.0543641
4.9084e-005,0.0543294
4.9088e-005,0.0548651
4.9092e-005,0.0551231
4.9096e-005,0.054498
4.91e-005,0.0554158
4.9104e-005,0.0545576
4.9108e-005,0.055768
4.9112e-005,0.0551528
4.9116e-005,0.0554108
4.912e-005,0.0553959
4.9124e-005,0.0555398
4.9128e-005,0.054756
4.9132e-005,0.0553265
4.9136e-005,0.0558821
4.914e-005,0.0554356
4.9144e-005,0.0556043
4.9148e-005,0.0558721
4.9152e-005,0.0554753
4.9156e-005,0.0558622
4.916e-005,0.0556191
4.9164e-005,0.0556836
4.9168e-005,0.0561896
4.9172e-005,0.0556142
4.9176e-005,0.0563483
4.918e-005,0.0562541
4.9184e-005,0.0562739
4.9188e-005,0.0566708
4.9192e-005,0.0562293
4.9196e-005,0.0560408
4.92e-005,0.0557233
4.9204e-005,0.0556142
4.9208e-005,0.0557233
4.9212e-005,0.0560209
4.9216e-005,0.0555398
4.922e-005,0.0555199
4.9224e-005,0.0557828
4.9228e-005,0.0555596
4.9232e-005,0.0559069
4.9236e-005,0.0555844
4.924e-005,0.0559713
4.9244e-005,0.056512
4.9248e-005,0.0564426
4.9252e-005,0.0562194
4.9256e-005,0.0564872
4.926e-005,0.0562144
4.9264e-005,0.0566609
4.9268e-005,0.0563583
4.9272e-005,0.0568791
4.9276e-005,0.0559664
4.928e-005,0.0565865
4.9284e-005,0.0554802
4.9288e-005,0.0565716
4.9292e-005,0.055634
4.9296e-005,0.0567948
4.93e-005,0.0561747
4.9304e-005,0.0562491
4.9308e-005,0.056517
4.9312e-005,0.0561995
4.9316e-005,0.0559416
4.932e-005,0.0564128
4.9324e-005,0.0558225
4.9328e-005,0.055515
4.9332e-005,0.05614
4.9336e-005,0.0560904
4.934e-005,0.0557828
4.9344e-005,0.0564872
4.9348e-005,0.0562839
4.9352e-005,0.0560854
4.9356e-005,0.0560904
4.936e-005,0.0565319
4.9364e-005,0.0558374
4.9368e-005,0.055887
4.9372e-005,0.0564277
4.9376e-005,0.0556787
4.938e-005,0.0553711
4.9384e-005,0.0562938
4.9388e-005,0.0562839
4.9392e-005,0.0560259
4.9396e-005,0.0557233
4.94e-005,0.0564872
4.9404e-005,0.0561549
4.9408e-005,0.0564029
4.9412e-005,0.0565418
4.9416e-005,0.0562888
4.942e-005,0.0564327
4.9424e-005,0.0569188
4.9428e-005,0.0560209
4.9432e-005,0.0556638
4.9436e-005,0.056899
4.944e-005,0.0563235
4.9444e-005,0.0566906
4.9448e-005,0.0564228
4.9452e-005,0.0561896
4.9456e-005,0.0564277
4.946e-005,0.0568295
4.9464e-005,0.0561896
4.9468e-005,0.0562591
4.9472e-005,0.0565865
4.9476e-005,0.0562194
4.948e-005,0.0563831
4.9484e-005,0.056135
4.9488e-005,0.0562541
4.9492e-005,0.0559168
4.9496e-005,0.0563682
4.95e-005,0.0567105
4.9504e-005,0.0565914
4.9508e-005,0.0561301
4.9512e-005,0.0563781
4.9516e-005,0.0561598
4.952e-005,0.0563533
4.9524e-005,0.0563533
4.9528e-005,0.0563285
4.9532e-005,0.0569635
4.9536e-005,0.0564922
4.954e-005,0.0557283
4.9544e-005,0.0562293
4.9548e-005,0.0564922
4.9552e-005,0.0559217
4.9556e-005,0.0562243
4.956e-005,0.0568791
4.9564e-005,0.0562987
4.9568e-005,0.0560259
4.9572e-005,0.0560507
4.9576e-005,0.0559813
4.958e-005,0.0563335
4.9584e-005,0.0559763
4.9588e-005,0.0556043
4.9592e-005,0.0566311
4.9596e-005,0.0565021
4.96e-005,0.0564079
4.9604e-005,0.0565865
4.9608e-005,0.0534266
4.9612e-005,0.0463974
4.9616e-005,0.041789
4.962e-005,0.0387333
4.9624e-005,0.037632
4.9628e-005,0.0361885
4.9632e-005,0.0337727
4.9636e-005,0.0239954
4.964e-005,0.0205676
4.9644e-005,0.0197193
4.9648e-005,0.0193374
4.9652e-005,0.018757
4.9656e-005,0.0184494
4.966e-005,0.00653902
4.9664e-005,0.00155859
4.9668e-005,0.000541667
4.9672e-005,-3.37621e-005
4.9676e-005,0.000417652
4.968e-005,0.00039781
4.9684e-005,0.000561509
4.9688e-005,0.00140481
4.9692e-005,0.000204346
4.9696e-005,0.000501982
4.97e-005,0.0120701
4.9704e-005,0.0210835
4.9708e-005,0.0257216
4.9712e-005,0.0303896
4.9716e-005,0.0349434
4.972e-005,0.0374832
4.9724e-005,0.0395518
4.9728e-005,0.0416154
4.9732e-005,0.0429448
4.9736e-005,0.0443437
4.974e-005,0.0454747
4.9744e-005,0.0471961
4.9748e-005,0.0475582
4.9752e-005,0.0486594
4.9756e-005,0.0489025
4.976e-005,0.0495474
4.9764e-005,0.0494035
4.9768e-005,0.0508123
4.9772e-005,0.0515068
4.9776e-005,0.0524592
4.978e-005,0.0526081
4.9784e-005,0.0527718
4.9788e-005,0.0532777
4.9792e-005,0.0533621
4.9796e-005,0.0544286
4.98e-005,0.0546915
4.9804e-005,0.0544832
4.9808e-005,0.0543343
4.9812e-005,0.0548056
4.9816e-005,0.055758
4.982e-005,0.0553165
4.9824e-005,0.0553662
4.9828e-005,0.0563781
4.9832e-005,0.0557481
4.9836e-005,0.0564525
4.984e-005,0.0569833
4.9844e-005,0.0572462
4.9848e-005,0.0565865
4.9852e-005,0.0561896
4.9856e-005,0.0564029
4.986e-005,0.0567849
4.9864e-005,0.057028
4.9868e-005,0.0573752
4.9872e-005,0.0571966
4.9876e-005,0.0578068
4.988e-005,0.0573355
4.9884e-005,0.0570031
4.9888e-005,0.0575488
4.9892e-005,0.0576976
4.9896e-005,0.0574149
4.99e-005,0.0573057
4.9904e-005,0.0583127
4.9908e-005,0.0576778
4.9912e-005,0.0575984
4.9916e-005,0.05803
4.992e-005,0.0584665
4.9924e-005,0.0581738
4.9928e-005,0.0582582
4.9932e-005,0.0582433
4.9936e-005,0.0579853
4.994e-005,0.0583177
4.9944e-005,0.0584219
4.9948e-005,0.0580201
4.9952e-005,0.0584715
4.9956e-005,0.057777
4.996e-005,0.0582681
4.9964e-005,0.0578514
4.9968e-005,0.0579457
4.9972e-005,0.0582036
4.9976e-005,0.0583475
4.998e-005,0.0581193
4.9984e-005,0.0583673
4.9988e-005,0.0583276
4.9992e-005,0.0586302
4.9996e-005,0.0583524
5e-005,0.0583822
5.0004e-005,0.0579407
5.0008e-005,0.0581639
5.0012e-005,0.0585558
5.0016e-005,0.0585509
5.002e-005,0.0586005
5.0024e-005,0.0584864
5.0028e-005,0.0584913
5.0032e-005,0.0582879
5.0036e-005,0.058526
5.004e-005,0.0582036
5.0044e-005,0.0585161
5.0048e-005,0.0586104
5.0052e-005,0.0585757
5.0056e-005,0.0585558
5.006e-005,0.0586401
5.0064e-005,0.0579754
5.0068e-005,0.0587195
5.0072e-005,0.0583524
5.0076e-005,0.0583921
5.008e-005,0.0589179
5.0084e-005,0.0588634
5.0088e-005,0.0580746
5.0092e-005,0.0582879
5.0096e-005,0.0590122
5.01e-005,0.0583872
5.0104e-005,0.0584814
5.0108e-005,0.0584715
5.0112e-005,0.0588981
5.0116e-005,0.0580647
5.012e-005,0.0585112
5.0124e-005,0.0586848
5.0128e-005,0.0582383
5.0132e-005,0.0588088
5.0136e-005,0.0582135
5.014e-005,0.0589675
5.0144e-005,0.0584368
5.0148e-005,0.0588534
5.0152e-005,0.0588038
5.0156e-005,0.0586104
5.016e-005,0.0582185
5.0164e-005,0.0589477
5.0168e-005,0.0584764
5.0172e-005,0.0587542
5.0176e-005,0.0581193
5.018e-005,0.0586401
5.0184e-005,0.0582979
5.0188e-005,0.0582284
5.0192e-005,0.0583971
5.0196e-005,0.0583028
5.02e-005,0.0586054
5.0204e-005,0.0587344
5.0208e-005,0.0582582
5.0212e-005,0.0587691
5.0216e-005,0.0580151
5.022e-005,0.0584715
5.0224e-005,0.0587691
5.0228e-005,0.0584268
5.0232e-005,0.0584665
5.0236e-005,0.0584467
5.024e-005,0.0585112
5.0244e-005,0.058402
5.0248e-005,0.0588038
5.0252e-005,0.0588584
5.0256e-005,0.0582383
5.026e-005,0.0589328
5.0264e-005,0.0586104
5.0268e-005,0.0585459
5.0272e-005,0.0582483
5.0276e-005,0.058784
5.028e-005,0.0582334
5.0284e-005,0.0583872
5.0288e-005,0.0586947
5.0292e-005,0.0583822
5.0296e-005,0.0586649
5.03e-005,0.0585211
5.0304e-005,0.0581987
5.0308e-005,0.0584417
5.0312e-005,0.058283
5.0316e-005,0.0587443
5.032e-005,0.0585112
5.0324e-005,0.0580647
5.0328e-005,0.0581292
5.0332e-005,0.0588981
5.0336e-005,0.0581987
5.034e-005,0.0584169
5.0344e-005,0.0582185
5.0348e-005,0.0583872
5.0352e-005,0.0581441
5.0356e-005,0.058407
5.036e-005,0.0586649
5.0364e-005,0.0586848
5.0368e-005,0.058531
5.0372e-005,0.0585211
5.0376e-005,0.0553463
5.038e-005,0.0476028
5.0384e-005,0.0421908
5.0388e-005,0.0391649
5.0392e-005,0.0379495
5.0396e-005,0.0365109
5.04e-005,0.0338322
5.0404e-005,0.0233505
5.0408e-005,0.0211529
5.0412e-005,0.0197441
5.0416e-005,0.0190447
5.042e-005,0.0184246
5.0424e-005,0.0195308
5.0428e-005,0.00696068
5.0432e-005,0.00163796
5.0436e-005,0.000764894
5.044e-005,3.56862e-005
5.0444e-005,0.000844263
5.0448e-005,0.00056647
5.0452e-005,0.000660721
5.0456e-005,0.000814499
5.046e-005,0.00015474
5.0464e-005,-0.000252028
5.0468e-005,0.0130672
5.0472e-005,0.0198781
5.0476e-005,0.0217333
5.048e-005,0.0249279
5.0484e-005,0.027056
5.0488e-005,0.0293578
5.0492e-005,0.0301515
5.0496e-005,0.0327706
5.05e-005,0.0340455
5.0504e-005,0.0353551
5.0508e-005,0.0353948
5.0512e-005,0.0368383
5.0516e-005,0.0374832
5.052e-005,0.0379892
5.0524e-005,0.0384108
5.0528e-005,0.0395319
5.0532e-005,0.0396063
5.0536e-005,0.0402959
5.054e-005,0.0408515
5.0544e-005,0.0396411
5.0548e-005,0.0411789
5.0552e-005,0.0408366
5.0556e-005,0.0405191
5.056e-005,0.0412632
5.0564e-005,0.0418684
5.0568e-005,0.0409259
5.0572e-005,0.0413723
5.0576e-005,0.0421412
5.058e-005,0.0409705
5.0584e-005,0.0418634
5.0588e-005,0.0415063
5.0592e-005,0.0415063
5.0596e-005,0.0408564
5.06e-005,0.0417989
5.0604e-005,0.0412334
5.0608e-005,0.0416203
5.0612e-005,0.041164
5.0616e-005,0.0410648
5.062e-005,0.0415211
5.0624e-005,0.041665
5.0628e-005,0.041412
5.0632e-005,0.0410003
5.0636e-005,0.0414666
5.064e-005,0.0408316
5.0644e-005,0.0414368
5.0648e-005,0.041412
5.0652e-005,0.0407225
5.0656e-005,0.0413922
5.066e-005,0.0414566
5.0664e-005,0.0405985
5.0668e-005,0.0414269
5.0672e-005,0.0410102
5.0676e-005,0.040906
5.068e-005,0.0411044
5.0684e-005,0.0417791
5.0688e-005,0.0409159
5.0692e-005,0.0413872
5.0696e-005,0.0410796
5.07e-005,0.0408564
5.0704e-005,0.04103
5.0708e-005,0.0411441
5.0712e-005,0.040653
5.0716e-005,0.0411342
5.072e-005,0.0418733
5.0724e-005,0.0413426
5.0728e-005,0.041154
5.0732e-005,0.0416948
5.0736e-005,0.040782
5.074e-005,0.0407969
5.0744e-005,0.0413177
5.0748e-005,0.040911
5.0752e-005,0.0416848
5.0756e-005,0.0408515
5.076e-005,0.0406133
5.0764e-005,0.0413426
5.0768e-005,0.04166
5.0772e-005,0.0410598
5.0776e-005,0.0407473
5.078e-005,0.0415459
5.0784e-005,0.0409507
5.0788e-005,0.0407572
5.0792e-005,0.0410449
5.0796e-005,0.0410896
5.08e-005,0.0411888
5.0804e-005,0.0411342
5.0808e-005,0.0401371
5.0812e-005,0.0413971
5.0816e-005,0.0410747
5.082e-005,0.0405042
5.0824e-005,0.0413574
5.0828e-005,0.0417196
5.0832e-005,0.0411987
5.0836e-005,0.0420222
5.084e-005,0.0414864
5.0844e-005,0.0403058
5.0848e-005,0.0406431
5.0852e-005,0.0416997
5.0856e-005,0.0408465
5.086e-005,0.041407
5.0864e-005,0.0414517
5.0868e-005,0.0407324
5.0872e-005,0.0410648
5.0876e-005,0.0409854
5.088e-005,0.0407126
5.0884e-005,0.0415063
5.0888e-005,0.0412681
5.0892e-005,0.0408018
5.0896e-005,0.0405737
5.09e-005,0.041794
5.0904e-005,0.0406183
5.0908e-005,0.0416005
5.0912e-005,0.0413277
5.0916e-005,0.0407423
5.092e-005,0.0414269
5.0924e-005,0.0414666
5.0928e-005,0.0407126
5.0932e-005,0.0410499
5.0936e-005,0.0413574
5.094e-005,0.0406828
5.0944e-005,0.041665
5.0948e-005,0.0411789
5.0952e-005,0.0411838
5.0956e-005,0.0412185
5.096e-005,0.0416749
5.0964e-005,0.0413723
5.0968e-005,0.0413227
5.0972e-005,0.0412285
5.0976e-005,0.0408167
5.098e-005,0.0406282
5.0984e-005,0.0410846
5.0988e-005,0.0408415
5.0992e-005,0.0412136
5.0996e-005,0.0413773
5.1e-005,0.040777
5.1004e-005,0.0413426
5.1008e-005,0.0414269
5.1012e-005,0.040281
5.1016e-005,0.040906
5.102e-005,0.0415906
5.1024e-005,0.0403852
5.1028e-005,0.0408564
5.1032e-005,0.0408713
5.1036e-005,0.0399585
5.104e-005,0.040663
5.1044e-005,0.0413624
5.1048e-005,0.0409854
5.1052e-005,0.0408763
5.1056e-005,0.0411144
5.106e-005,0.0412334
5.1064e-005,0.0406729
5.1068e-005,0.0413822
5.1072e-005,0.0409507
5.1076e-005,0.0407175
5.108e-005,0.041154
5.1084e-005,0.0409953
5.1088e-005,0.0408663
5.1092e-005,0.0414914
5.1096e-005,0.0408663
5.11e-005,0.0408614
5.1104e-005,0.0408068
5.1108e-005,0.0401371
5.1112e-005,0.0404645
5.1116e-005,0.0412533
5.112e-005,0.0411392
5.1124e-005,0.0405935
5.1128e-005,0.0410648
5.1132e-005,0.040787
5.1136e-005,0.0413029
5.114e-005,0.0404447
5.1144e-005,0.0395369
5.1148e-005,0.0375279
5.1152e-005,0.0354891
5.1156e-005,0.0350426
5.116e-005,0.0347846
5.1164e-005,0.034358
5.1168e-005,0.0330931
5.1172e-005,0.023038
5.1176e-005,0.0199475
5.118e-005,0.0192679
5.1184e-005,0.0192332
5.1188e-005,0.0187421
5.1192e-005,0.0178194
5.1196e-005,0.00625627
5.12e-005,0.000928593
5.1204e-005,0.000506943
5.1208e-005,4.06468e-005
5.1212e-005,0.000730169
5.1216e-005,-1.88803e-005
5.122e-005,0.000725209
5.1224e-005,0.000373007
5.1228e-005,0.000100174
5.1232e-005,0.000258913
5.1236e-005,0.0121594
5.124e-005,0.0195308
5.1244e-005,0.0229239
5.1248e-005,0.0272892
5.1252e-005,0.0303052
5.1256e-005,0.0326367
5.126e-005,0.0342886
