LECROYWR104MXi,20621,Waveform
Segments,1,SegmentSize,2501
Segment,TrigTime,TimeSinceSegment1
#1,21-May-2015 13:59:34,0                 
Time,Ampl
4.126e-005,0.0521765
4.1264e-005,0.0525039
4.1268e-005,0.0522063
4.1272e-005,0.0524493
4.1276e-005,0.0532579
4.128e-005,0.0529751
4.1284e-005,0.0524989
4.1288e-005,0.0529206
4.1292e-005,0.0524989
4.1296e-005,0.0530744
4.13e-005,0.0524493
4.1304e-005,0.0526626
4.1308e-005,0.0533224
4.1312e-005,0.0530347
4.1316e-005,0.0528908
4.132e-005,0.0527866
4.1324e-005,0.0529454
4.1328e-005,0.0536101
4.1332e-005,0.0536746
4.1336e-005,0.0527172
4.134e-005,0.0534365
4.1344e-005,0.0541558
4.1348e-005,0.0536151
4.1352e-005,0.0536051
4.1356e-005,0.053124
4.136e-005,0.0534514
4.1364e-005,0.0536349
4.1368e-005,0.0534662
4.1372e-005,0.0529503
4.1376e-005,0.052737
4.138e-005,0.0538482
4.1384e-005,0.0534811
4.1388e-005,0.0534365
4.1392e-005,0.0532232
4.1396e-005,0.0536647
4.14e-005,0.053114
4.1404e-005,0.0532728
4.1408e-005,0.0529652
4.1412e-005,0.0531488
4.1416e-005,0.0534166
4.142e-005,0.0524146
4.1424e-005,0.0531488
4.1428e-005,0.0535853
4.1432e-005,0.0526378
4.1436e-005,0.0535803
4.144e-005,0.0540764
4.1444e-005,0.0534315
4.1448e-005,0.0537986
4.1452e-005,0.0532381
4.1456e-005,0.0537192
4.146e-005,0.053501
4.1464e-005,0.0530892
4.1468e-005,0.0529851
4.1472e-005,0.0540466
4.1476e-005,0.0541012
4.148e-005,0.0536002
4.1484e-005,0.0541161
4.1488e-005,0.0537986
4.1492e-005,0.053873
4.1496e-005,0.0534712
4.15e-005,0.0535059
4.1504e-005,0.0529057
4.1508e-005,0.053496
4.1512e-005,0.0539673
4.1516e-005,0.0534464
4.152e-005,0.053119
4.1524e-005,0.0535754
4.1528e-005,0.0535307
4.1532e-005,0.0535357
4.1536e-005,0.0541458
4.154e-005,0.053754
4.1544e-005,0.0532182
4.1548e-005,0.053744
4.1552e-005,0.0537887
4.1556e-005,0.05425
4.156e-005,0.054384
4.1564e-005,0.0538879
4.1568e-005,0.0534811
4.1572e-005,0.0539573
4.1576e-005,0.0544088
4.158e-005,0.0540566
4.1584e-005,0.0537242
4.1588e-005,0.0534861
4.1592e-005,0.0537887
4.1596e-005,0.0540268
4.16e-005,0.0535307
4.1604e-005,0.0539673
4.1608e-005,0.053873
4.1612e-005,0.0540318
4.1616e-005,0.0539276
4.162e-005,0.0543691
4.1624e-005,0.0530892
4.1628e-005,0.0535655
4.1632e-005,0.0531934
4.1636e-005,0.0536448
4.164e-005,0.0531934
4.1644e-005,0.0542649
4.1648e-005,0.0534563
4.1652e-005,0.0531835
4.1656e-005,0.0538681
4.166e-005,0.0537143
4.1664e-005,0.0531885
4.1668e-005,0.0533968
4.1672e-005,0.0536895
4.1676e-005,0.053878
4.168e-005,0.0540169
4.1684e-005,0.0540665
4.1688e-005,0.0532529
4.1692e-005,0.0541458
4.1696e-005,0.0539325
4.17e-005,0.053119
4.1704e-005,0.0532529
4.1708e-005,0.0541161
4.1712e-005,0.0544931
4.1716e-005,0.0536746
4.172e-005,0.0533571
4.1724e-005,0.0536151
4.1728e-005,0.0542451
4.1732e-005,0.053749
4.1736e-005,0.0535158
4.174e-005,0.0541161
4.1744e-005,0.0534464
4.1748e-005,0.0537292
4.1752e-005,0.0534018
4.1756e-005,0.0537341
4.176e-005,0.0537192
4.1764e-005,0.0537688
4.1768e-005,0.0505693
4.1772e-005,0.0453606
4.1776e-005,0.0406282
4.178e-005,0.0386638
4.1784e-005,0.0374683
4.1788e-005,0.0366895
4.1792e-005,0.0343878
4.1796e-005,0.0250668
4.18e-005,0.0205577
4.1804e-005,0.0201211
4.1808e-005,0.0200368
4.1812e-005,0.019764
4.1816e-005,0.0189405
4.182e-005,0.00639021
4.1824e-005,0.00182646
4.1828e-005,0.0006508
4.1832e-005,0.00098812
4.1836e-005,0.00118654
4.184e-005,0.000333322
4.1844e-005,0.000373007
4.1848e-005,0.000869066
4.1852e-005,0.000501982
4.1856e-005,0.000581352
4.186e-005,0.0136525
4.1864e-005,0.0200318
4.1868e-005,0.020017
4.1872e-005,0.021272
4.1876e-005,0.022661
4.188e-005,0.0228544
4.1884e-005,0.0233505
4.1888e-005,0.0242384
4.1892e-005,0.025042
4.1896e-005,0.0242483
4.19e-005,0.0244567
4.1904e-005,0.0243128
4.1908e-005,0.0250867
4.1912e-005,0.0251462
4.1916e-005,0.0254984
4.192e-005,0.0253347
4.1924e-005,0.0252653
4.1928e-005,0.0256373
4.1932e-005,0.025424
4.1936e-005,0.0255282
4.194e-005,0.0258407
4.1944e-005,0.0259796
4.1948e-005,0.0255034
4.1952e-005,0.0254687
4.1956e-005,0.0261483
4.196e-005,0.0258407
4.1964e-005,0.0254091
4.1968e-005,0.0261582
4.1972e-005,0.0257613
4.1976e-005,0.0248387
4.198e-005,0.0254587
4.1984e-005,0.0255282
4.1988e-005,0.0252206
4.1992e-005,0.025171
4.1996e-005,0.025305
4.2e-005,0.0252752
4.2004e-005,0.0252901
4.2008e-005,0.0252057
4.2012e-005,0.0252504
4.2016e-005,0.0246849
4.202e-005,0.0248238
4.2024e-005,0.0250272
4.2028e-005,0.0258159
4.2032e-005,0.0256671
4.2036e-005,0.025047
4.204e-005,0.0247593
4.2044e-005,0.024422
4.2048e-005,0.0246799
4.2052e-005,0.0246898
4.2056e-005,0.0247543
4.206e-005,0.0247742
4.2064e-005,0.0249974
4.2068e-005,0.0249478
4.2072e-005,0.024918
4.2076e-005,0.0256026
4.208e-005,0.025052
4.2084e-005,0.0253794
4.2088e-005,0.0249478
4.2092e-005,0.0253794
4.2096e-005,0.0249875
4.21e-005,0.0250073
4.2104e-005,0.0247444
4.2108e-005,0.0247642
4.2112e-005,0.0249379
4.2116e-005,0.0244418
4.212e-005,0.0248833
4.2124e-005,0.0252008
4.2128e-005,0.0245559
4.2132e-005,0.0249428
4.2136e-005,0.0253942
4.214e-005,0.0244666
4.2144e-005,0.0250371
4.2148e-005,0.0252504
4.2152e-005,0.0248734
4.2156e-005,0.0243823
4.216e-005,0.0250321
4.2164e-005,0.0248982
4.2168e-005,0.0248486
4.2172e-005,0.0245063
4.2176e-005,0.0248139
4.218e-005,0.0243922
4.2184e-005,0.0250718
4.2188e-005,0.0256026
4.2192e-005,0.0244368
4.2196e-005,0.0252901
4.22e-005,0.0248387
4.2204e-005,0.0243872
4.2208e-005,0.0250321
4.2212e-005,0.0247196
4.2216e-005,0.0245013
4.222e-005,0.0249379
4.2224e-005,0.0244964
4.2228e-005,0.0246849
4.2232e-005,0.0244071
4.2236e-005,0.0250321
4.224e-005,0.0244666
4.2244e-005,0.0248238
4.2248e-005,0.0242186
4.2252e-005,0.0245509
4.2256e-005,0.0245956
4.226e-005,0.0246402
4.2264e-005,0.025042
4.2268e-005,0.0252901
4.2272e-005,0.0251214
4.2276e-005,0.0242434
4.228e-005,0.0253
4.2284e-005,0.024794
4.2288e-005,0.0251065
4.2292e-005,0.0251016
4.2296e-005,0.0249726
4.23e-005,0.0245063
4.2304e-005,0.0253446
4.2308e-005,0.0251164
4.2312e-005,0.0249428
4.2316e-005,0.0244319
4.232e-005,0.0253992
4.2324e-005,0.0250569
4.2328e-005,0.0253942
4.2332e-005,0.0248932
4.2336e-005,0.0253496
4.234e-005,0.0251958
4.2344e-005,0.0252603
4.2348e-005,0.0250867
4.2352e-005,0.0249478
4.2356e-005,0.0248486
4.236e-005,0.0250867
4.2364e-005,0.0245956
4.2368e-005,0.0241343
4.2372e-005,0.0247692
4.2376e-005,0.0249726
4.238e-005,0.0252305
4.2384e-005,0.0244865
4.2388e-005,0.0252752
4.2392e-005,0.025042
4.2396e-005,0.0247097
4.24e-005,0.0246402
4.2404e-005,0.0249577
4.2408e-005,0.0249825
4.2412e-005,0.0245113
4.2416e-005,0.0245311
4.242e-005,0.0249825
4.2424e-005,0.0247692
4.2428e-005,0.0254935
4.2432e-005,0.0244865
4.2436e-005,0.0251264
4.244e-005,0.024665
4.2444e-005,0.0254736
4.2448e-005,0.0244815
4.2452e-005,0.0250222
4.2456e-005,0.0244071
4.246e-005,0.0251958
4.2464e-005,0.0243724
4.2468e-005,0.0244964
4.2472e-005,0.0247891
4.2476e-005,0.0249329
4.248e-005,0.0246998
4.2484e-005,0.024293
4.2488e-005,0.0247295
4.2492e-005,0.0242682
4.2496e-005,0.0250718
4.25e-005,0.0245212
4.2504e-005,0.0246898
4.2508e-005,0.0248684
4.2512e-005,0.0248436
4.2516e-005,0.0250718
4.252e-005,0.0242087
4.2524e-005,0.0242285
4.2528e-005,0.0248486
4.2532e-005,0.0242781
4.2536e-005,0.0244666
4.254e-005,0.0249031
4.2544e-005,0.0252553
4.2548e-005,0.0255976
4.2552e-005,0.0257613
4.2556e-005,0.0263963
4.256e-005,0.0255579
4.2564e-005,0.0213266
4.2568e-005,0.0199177
4.2572e-005,0.0198632
4.2576e-005,0.0197739
4.258e-005,0.0195606
4.2584e-005,0.0178393
4.2588e-005,0.00526911
4.2592e-005,0.00164292
4.2596e-005,0.000710327
4.26e-005,0.000546627
4.2604e-005,0.000874027
4.2608e-005,0.000368046
4.2612e-005,0.000705366
4.2616e-005,0.000248992
4.262e-005,-6.84862e-005
4.2624e-005,0.000120016
4.2628e-005,0.011961
4.2632e-005,0.0190496
4.2636e-005,0.0209049
4.264e-005,0.0225072
4.2644e-005,0.0259002
4.2648e-005,0.0257613
4.2652e-005,0.0272793
4.2656e-005,0.028703
4.266e-005,0.0291345
4.2664e-005,0.0294421
4.2668e-005,0.0309352
4.2672e-005,0.0315404
4.2676e-005,0.0316347
4.268e-005,0.0314511
4.2684e-005,0.0338967
4.2688e-005,0.034105
4.2692e-005,0.0337032
4.2696e-005,0.0348839
4.27e-005,0.0343531
4.2704e-005,0.0341943
4.2708e-005,0.0347499
4.2712e-005,0.0347598
4.2716e-005,0.0351865
4.272e-005,0.0342489
4.2724e-005,0.0353055
4.2728e-005,0.0348591
4.2732e-005,0.035742
4.2736e-005,0.0357668
4.274e-005,0.0352311
4.2744e-005,0.0351319
4.2748e-005,0.036005
4.2752e-005,0.0355833
4.2756e-005,0.0357619
4.276e-005,0.0352559
4.2764e-005,0.035623
4.2768e-005,0.0353948
4.2772e-005,0.0360397
4.2776e-005,0.0355039
4.278e-005,0.0351865
4.2784e-005,0.0350525
4.2788e-005,0.0356478
4.2792e-005,0.0353502
4.2796e-005,0.0353154
4.28e-005,0.0353452
4.2804e-005,0.0351964
4.2808e-005,0.0356627
4.2812e-005,0.0356081
4.2816e-005,0.0355139
4.282e-005,0.0357321
4.2824e-005,0.0350525
4.2828e-005,0.0347003
4.2832e-005,0.0352807
4.2836e-005,0.0356875
4.284e-005,0.0353353
4.2844e-005,0.0355287
4.2848e-005,0.0351567
4.2852e-005,0.0352757
4.2856e-005,0.0351021
4.286e-005,0.0350823
4.2864e-005,0.034745
4.2868e-005,0.0348343
4.2872e-005,0.0347698
4.2876e-005,0.0354642
4.288e-005,0.034998
4.2884e-005,0.0346954
4.2888e-005,0.0348293
4.2892e-005,0.0352906
4.2896e-005,0.0351021
4.29e-005,0.0347202
4.2904e-005,0.0356825
4.2908e-005,0.0351071
4.2912e-005,0.0350029
4.2916e-005,0.0352658
4.292e-005,0.0343928
4.2924e-005,0.0349186
4.2928e-005,0.0344275
4.2932e-005,0.0346309
4.2936e-005,0.0347598
4.294e-005,0.0347896
4.2944e-005,0.0344225
4.2948e-005,0.03474
4.2952e-005,0.035241
4.2956e-005,0.0347102
4.296e-005,0.0345267
4.2964e-005,0.0344027
4.2968e-005,0.0345664
4.2972e-005,0.0344374
4.2976e-005,0.0345118
4.298e-005,0.0345813
4.2984e-005,0.0350029
4.2988e-005,0.0348144
4.2992e-005,0.0344225
4.2996e-005,0.0348541
4.3e-005,0.0350922
4.3004e-005,0.0345515
4.3008e-005,0.034735
4.3012e-005,0.0351368
4.3016e-005,0.0343828
4.302e-005,0.0343134
4.3024e-005,0.0347003
4.3028e-005,0.0344473
4.3032e-005,0.0346606
4.3036e-005,0.0350922
4.304e-005,0.0339761
4.3044e-005,0.0349136
4.3048e-005,0.0346557
4.3052e-005,0.0348541
4.3056e-005,0.0348987
4.306e-005,0.0353055
4.3064e-005,0.0345416
4.3068e-005,0.0348789
4.3072e-005,0.0350376
4.3076e-005,0.0353601
4.308e-005,0.034735
4.3084e-005,0.0352361
4.3088e-005,0.0348094
4.3092e-005,0.0352013
4.3096e-005,0.034988
4.31e-005,0.0353502
4.3104e-005,0.0347698
4.3108e-005,0.0349384
4.3112e-005,0.0355734
4.3116e-005,0.0351617
4.312e-005,0.0347499
4.3124e-005,0.0347598
4.3128e-005,0.0348491
4.3132e-005,0.0352162
4.3136e-005,0.0348789
4.314e-005,0.0347499
4.3144e-005,0.035375
4.3148e-005,0.035365
4.3152e-005,0.0350079
4.3156e-005,0.0349731
4.316e-005,0.0347747
4.3164e-005,0.0347896
4.3168e-005,0.0353551
4.3172e-005,0.0346309
4.3176e-005,0.0347747
4.318e-005,0.0345317
4.3184e-005,0.0344622
4.3188e-005,0.0347747
4.3192e-005,0.0359504
4.3196e-005,0.0351617
4.32e-005,0.0350128
4.3204e-005,0.0347301
4.3208e-005,0.0350972
4.3212e-005,0.0351815
4.3216e-005,0.0348938
4.322e-005,0.0351964
4.3224e-005,0.0346805
4.3228e-005,0.034611
4.3232e-005,0.0343134
4.3236e-005,0.0349682
4.324e-005,0.0350178
4.3244e-005,0.0353551
4.3248e-005,0.0352857
4.3252e-005,0.0348194
4.3256e-005,0.0355635
4.326e-005,0.0348442
4.3264e-005,0.0348938
4.3268e-005,0.0351468
4.3272e-005,0.0349235
4.3276e-005,0.0345416
4.328e-005,0.0345813
4.3284e-005,0.0346011
4.3288e-005,0.0349384
4.3292e-005,0.0349037
4.3296e-005,0.0350128
4.33e-005,0.0348491
4.3304e-005,0.033485
4.3308e-005,0.0320315
4.3312e-005,0.0318777
4.3316e-005,0.030707
4.332e-005,0.031213
4.3324e-005,0.0312874
4.3328e-005,0.0299381
4.3332e-005,0.0228247
4.3336e-005,0.0202402
4.334e-005,0.0195903
4.3344e-005,0.0198632
4.3348e-005,0.0189008
4.3352e-005,0.0179732
4.3356e-005,0.00575029
4.336e-005,0.00152883
4.3364e-005,0.000343243
4.3368e-005,0.000268834
4.3372e-005,0.000705366
4.3376e-005,0.00015474
4.338e-005,0.000422613
4.3384e-005,0.00110221
4.3388e-005,-7.34468e-005
4.3392e-005,0.000174583
4.3396e-005,0.0128092
4.34e-005,0.0197193
4.3404e-005,0.0222294
4.3408e-005,0.0252901
4.3412e-005,0.0288617
4.3416e-005,0.0300671
4.342e-005,0.0316545
4.3424e-005,0.0338173
4.3428e-005,0.0355684
4.3432e-005,0.036759
4.3436e-005,0.038009
4.344e-005,0.0384009
4.3444e-005,0.0395667
4.3448e-005,0.0399437
4.3452e-005,0.0409308
4.3456e-005,0.0420519
4.346e-005,0.0414269
4.3464e-005,0.0428258
4.3468e-005,0.042548
4.3472e-005,0.0432722
4.3476e-005,0.0431432
4.348e-005,0.043803
4.3484e-005,0.0436095
4.3488e-005,0.0442643
4.3492e-005,0.0442197
4.3496e-005,0.0440262
4.35e-005,0.0445421
4.3504e-005,0.0446612
4.3508e-005,0.0442495
4.3512e-005,0.0438923
4.3516e-005,0.0446364
4.352e-005,0.0443388
4.3524e-005,0.045068
4.3528e-005,0.0447505
4.3532e-005,0.0443139
4.3536e-005,0.0444181
4.354e-005,0.0448547
4.3544e-005,0.0451027
4.3548e-005,0.0445818
4.3552e-005,0.0448745
4.3556e-005,0.0441999
4.356e-005,0.0454301
4.3564e-005,0.0456781
4.3568e-005,0.0448249
4.3572e-005,0.0444776
4.3576e-005,0.0452713
4.358e-005,0.0448447
4.3584e-005,0.0451821
4.3588e-005,0.0451225
4.3592e-005,0.0455789
4.3596e-005,0.0449687
4.36e-005,0.0450382
4.3604e-005,0.0446413
4.3608e-005,0.0447455
4.3612e-005,0.0451126
4.3616e-005,0.0446959
4.362e-005,0.0444826
4.3624e-005,0.0454747
4.3628e-005,0.0448348
4.3632e-005,0.0448497
4.3636e-005,0.0454995
4.364e-005,0.0457228
4.3644e-005,0.0453606
4.3648e-005,0.0451424
4.3652e-005,0.0452862
4.3656e-005,0.045068
4.366e-005,0.0454846
4.3664e-005,0.0451721
4.3668e-005,0.045445
4.3672e-005,0.0461642
4.3676e-005,0.0452912
4.368e-005,0.045817
4.3684e-005,0.0451424
4.3688e-005,0.0443735
4.3692e-005,0.0439369
4.3696e-005,0.04481
4.37e-005,0.0451523
4.3704e-005,0.0442048
4.3708e-005,0.0457773
4.3712e-005,0.044805
4.3716e-005,0.0444032
4.372e-005,0.0449687
4.3724e-005,0.0448596
4.3728e-005,0.0442098
4.3732e-005,0.0448249
4.3736e-005,0.0444776
4.374e-005,0.0449092
4.3744e-005,0.0447009
4.3748e-005,0.0446364
4.3752e-005,0.0446413
4.3756e-005,0.0454598
4.376e-005,0.0444032
4.3764e-005,0.0451622
4.3768e-005,0.044805
4.3772e-005,0.0442891
4.3776e-005,0.0448695
4.378e-005,0.0451969
4.3784e-005,0.0447753
4.3788e-005,0.0451523
4.3792e-005,0.0445223
4.3796e-005,0.0442842
4.38e-005,0.0455491
4.3804e-005,0.0455888
4.3808e-005,0.0448398
4.3812e-005,0.0451969
4.3816e-005,0.0448695
4.382e-005,0.0442197
4.3824e-005,0.0446265
4.3828e-005,0.0452069
4.3832e-005,0.0443834
4.3836e-005,0.0443884
4.384e-005,0.0450283
4.3844e-005,0.0443983
4.3848e-005,0.0440461
4.3852e-005,0.0448646
4.3856e-005,0.044815
4.386e-005,0.0449886
4.3864e-005,0.0444727
4.3868e-005,0.044557
4.3872e-005,0.0451076
4.3876e-005,0.045192
4.388e-005,0.0444479
4.3884e-005,0.0445124
4.3888e-005,0.0452565
4.3892e-005,0.0449191
4.3896e-005,0.0446612
4.39e-005,0.0451523
4.3904e-005,0.0445769
4.3908e-005,0.0452118
4.3912e-005,0.0448497
4.3916e-005,0.0446612
4.392e-005,0.0450382
4.3924e-005,0.0449935
4.3928e-005,0.0445719
4.3932e-005,0.0445223
4.3936e-005,0.0451027
4.394e-005,0.0448398
4.3944e-005,0.0444132
4.3948e-005,0.044805
4.3952e-005,0.0440213
4.3956e-005,0.0444727
4.396e-005,0.0451523
4.3964e-005,0.0444776
4.3968e-005,0.0445273
4.3972e-005,0.0445917
4.3976e-005,0.0443139
4.398e-005,0.0447753
4.3984e-005,0.0450481
4.3988e-005,0.0435748
4.3992e-005,0.0444032
4.3996e-005,0.0450481
4.4e-005,0.0444628
4.4004e-005,0.0448894
4.4008e-005,0.0445669
4.4012e-005,0.0438625
4.4016e-005,0.0445322
4.402e-005,0.0449092
4.4024e-005,0.0442693
4.4028e-005,0.0448795
4.4032e-005,0.0447455
4.4036e-005,0.044557
4.404e-005,0.0453408
4.4044e-005,0.0458319
4.4048e-005,0.0443586
4.4052e-005,0.0452614
4.4056e-005,0.0456136
4.406e-005,0.0446215
4.4064e-005,0.0452168
4.4068e-005,0.0452118
4.4072e-005,0.0436294
4.4076e-005,0.0397105
4.408e-005,0.0374634
4.4084e-005,0.0365109
4.4088e-005,0.0358661
4.4092e-005,0.0351071
4.4096e-005,0.0333213
4.41e-005,0.0237771
4.4104e-005,0.020513
4.4108e-005,0.0193175
4.4112e-005,0.0200914
4.4116e-005,0.0193225
4.412e-005,0.0184544
4.4124e-005,0.00604793
4.4128e-005,0.00117662
4.4132e-005,0.000824421
4.4136e-005,0.00081946
4.414e-005,0.00102284
4.4144e-005,0.000328361
4.4148e-005,0.00102284
4.4152e-005,0.000536706
4.4156e-005,0.00056647
4.416e-005,0.000333322
4.4164e-005,0.0125066
4.4168e-005,0.0193919
4.4172e-005,0.0238416
4.4176e-005,0.0276761
4.418e-005,0.0317339
4.4184e-005,0.033862
4.4188e-005,0.0360893
4.4192e-005,0.0372798
4.4196e-005,0.0391698
4.42e-005,0.0406233
4.4204e-005,0.0417047
4.4208e-005,0.0439717
4.4212e-005,0.0445124
4.4216e-005,0.0448199
4.422e-005,0.0461692
4.4224e-005,0.0465363
4.4228e-005,0.047459
4.4232e-005,0.0477864
4.4236e-005,0.0487041
4.424e-005,0.0479352
4.4244e-005,0.0496813
4.4248e-005,0.0500534
4.4252e-005,0.0494779
4.4256e-005,0.0495077
4.426e-005,0.0501823
4.4264e-005,0.0504254
4.4268e-005,0.0508074
4.4272e-005,0.0516606
4.4276e-005,0.051234
4.428e-005,0.0504204
4.4284e-005,0.051864
4.4288e-005,0.0512042
4.4292e-005,0.0523352
4.4296e-005,0.0517003
4.43e-005,0.0520525
4.4304e-005,0.0514969
4.4308e-005,0.0520971
4.4312e-005,0.0524989
4.4316e-005,0.0519979
4.432e-005,0.052112
4.4324e-005,0.0519384
4.4328e-005,0.0520674
4.4332e-005,0.0531934
4.4336e-005,0.0534117
4.434e-005,0.0529801
4.4344e-005,0.0526874
4.4348e-005,0.0518491
4.4352e-005,0.053114
4.4356e-005,0.0526924
4.436e-005,0.0528908
4.4364e-005,0.0530545
4.4368e-005,0.0534166
4.4372e-005,0.0531537
4.4376e-005,0.0529999
4.438e-005,0.0535803
4.4384e-005,0.0533571
4.4388e-005,0.0528412
4.4392e-005,0.0534464
4.4396e-005,0.0532133
4.44e-005,0.0529751
4.4404e-005,0.0532877
4.4408e-005,0.0526477
4.4412e-005,0.0532678
4.4416e-005,0.0529305
4.442e-005,0.0530892
4.4424e-005,0.0527222
4.4428e-005,0.0534166
4.4432e-005,0.0530644
4.4436e-005,0.0527767
4.444e-005,0.0531488
4.4444e-005,0.053114
4.4448e-005,0.053243
4.4452e-005,0.0533869
4.4456e-005,0.0535704
4.446e-005,0.0529702
4.4464e-005,0.0536151
4.4468e-005,0.0536746
4.4472e-005,0.0528859
4.4476e-005,0.0534018
4.448e-005,0.052494
4.4484e-005,0.0531934
4.4488e-005,0.0529503
4.4492e-005,0.0531934
4.4496e-005,0.0529553
4.45e-005,0.0536498
4.4504e-005,0.0536399
4.4508e-005,0.0527569
4.4512e-005,0.0532678
4.4516e-005,0.0530446
4.452e-005,0.0529999
4.4524e-005,0.0532182
4.4528e-005,0.0525981
4.4532e-005,0.0529156
4.4536e-005,0.0528164
4.454e-005,0.0527767
4.4544e-005,0.0526428
4.4548e-005,0.0533522
4.4552e-005,0.0524642
4.4556e-005,0.0537738
4.456e-005,0.0533323
4.4564e-005,0.0537788
4.4568e-005,0.0534563
4.4572e-005,0.0533869
4.4576e-005,0.0527222
4.458e-005,0.0531289
4.4584e-005,0.0528164
4.4588e-005,0.052995
4.4592e-005,0.0535853
4.4596e-005,0.0535853
4.46e-005,0.0528908
4.4604e-005,0.0530793
4.4608e-005,0.0533373
4.4612e-005,0.0528908
4.4616e-005,0.0530248
4.462e-005,0.0526378
4.4624e-005,0.0530694
4.4628e-005,0.0531289
4.4632e-005,0.0534613
4.4636e-005,0.0527222
4.464e-005,0.053114
4.4644e-005,0.0530396
4.4648e-005,0.0533918
4.4652e-005,0.0530892
4.4656e-005,0.0528412
4.466e-005,0.0526428
4.4664e-005,0.0532728
4.4668e-005,0.0529801
4.4672e-005,0.0528958
4.4676e-005,0.052871
4.468e-005,0.0525485
4.4684e-005,0.0525039
4.4688e-005,0.0527321
4.4692e-005,0.0529206
4.4696e-005,0.0532629
4.47e-005,0.0535853
4.4704e-005,0.0532281
4.4708e-005,0.0532926
4.4712e-005,0.0538829
4.4716e-005,0.0537639
4.472e-005,0.0533273
4.4724e-005,0.0534414
4.4728e-005,0.0533571
4.4732e-005,0.0530396
4.4736e-005,0.0535754
4.474e-005,0.0538432
4.4744e-005,0.0531736
4.4748e-005,0.0534613
4.4752e-005,0.0536647
4.4756e-005,0.0534067
4.476e-005,0.052618
4.4764e-005,0.0536597
4.4768e-005,0.0532579
4.4772e-005,0.0528809
4.4776e-005,0.0530496
4.478e-005,0.0532926
4.4784e-005,0.0534266
4.4788e-005,0.0528908
4.4792e-005,0.0526676
4.4796e-005,0.0529454
4.48e-005,0.0533918
4.4804e-005,0.053119
4.4808e-005,0.0528611
4.4812e-005,0.0532827
4.4816e-005,0.0525138
4.482e-005,0.0534762
4.4824e-005,0.0535307
4.4828e-005,0.0527718
4.4832e-005,0.0534117
4.4836e-005,0.0521318
4.484e-005,0.0497904
4.4844e-005,0.0442445
4.4848e-005,0.0409606
4.4852e-005,0.0374138
4.4856e-005,0.0362778
4.486e-005,0.0364861
4.4864e-005,0.0340554
4.4868e-005,0.0246998
4.4872e-005,0.0209843
4.4876e-005,0.0199425
4.488e-005,0.0194366
4.4884e-005,0.0189752
4.4888e-005,0.0191538
4.4892e-005,0.00700036
4.4896e-005,0.00181654
4.49e-005,0.000645839
4.4904e-005,0.000730169
4.4908e-005,0.000794657
4.4912e-005,8.03316e-005
4.4916e-005,0.00115678
4.492e-005,0.000501982
4.4924e-005,9.52134e-005
4.4928e-005,-2.38409e-005
4.4932e-005,0.0133995
4.4936e-005,0.0190496
4.494e-005,0.0197739
4.4944e-005,0.0203196
4.4948e-005,0.0223336
4.4952e-005,0.0225766
4.4956e-005,0.0225568
4.496e-005,0.0229387
4.4964e-005,0.0236531
4.4968e-005,0.0233257
4.4972e-005,0.0241243
4.4976e-005,0.0247394
4.498e-005,0.0250321
4.4984e-005,0.0243277
4.4988e-005,0.0257861
4.4992e-005,0.0256423
4.4996e-005,0.0253298
4.5e-005,0.0257911
4.5004e-005,0.0250569
4.5008e-005,0.0254488
4.5012e-005,0.0252801
4.5016e-005,0.0249627
4.502e-005,0.0248039
4.5024e-005,0.0252355
4.5028e-005,0.0258457
4.5032e-005,0.0251164
4.5036e-005,0.0251065
4.504e-005,0.0254885
4.5044e-005,0.0250768
4.5048e-005,0.0247742
4.5052e-005,0.025419
4.5056e-005,0.0250024
4.506e-005,0.0252603
4.5064e-005,0.0254885
4.5068e-005,0.0248635
4.5072e-005,0.0251958
4.5076e-005,0.0257316
4.508e-005,0.0245261
4.5084e-005,0.0255728
4.5088e-005,0.0251958
4.5092e-005,0.0251313
4.5096e-005,0.0249726
4.51e-005,0.0256869
4.5104e-005,0.0253248
4.5108e-005,0.0254786
4.5112e-005,0.025806
4.5116e-005,0.0252057
4.512e-005,0.0249776
4.5124e-005,0.025424
4.5128e-005,0.0248486
4.5132e-005,0.0249875
4.5136e-005,0.0254786
4.514e-005,0.0254736
4.5144e-005,0.0251065
4.5148e-005,0.0249329
4.5152e-005,0.0259201
4.5156e-005,0.0253149
4.516e-005,0.0253198
4.5164e-005,0.0257712
4.5168e-005,0.0254389
4.5172e-005,0.0252008
4.5176e-005,0.0255579
4.518e-005,0.0253992
4.5184e-005,0.0252653
4.5188e-005,0.0251512
4.5192e-005,0.025429
4.5196e-005,0.0259151
4.52e-005,0.0258953
4.5204e-005,0.0251313
4.5208e-005,0.0252057
4.5212e-005,0.0255431
4.5216e-005,0.0252801
4.522e-005,0.0256869
4.5224e-005,0.0250916
4.5228e-005,0.0250966
4.5232e-005,0.0254587
4.5236e-005,0.0253347
4.524e-005,0.0253298
4.5244e-005,0.0252504
4.5248e-005,0.025548
4.5252e-005,0.0256224
4.5256e-005,0.0255183
4.526e-005,0.0257018
4.5264e-005,0.0246402
4.5268e-005,0.0253248
4.5272e-005,0.0255927
4.5276e-005,0.0252553
4.528e-005,0.0248585
4.5284e-005,0.0250668
4.5288e-005,0.0250123
4.5292e-005,0.0250817
4.5296e-005,0.0250668
4.53e-005,0.0245807
4.5304e-005,0.025042
4.5308e-005,0.0246948
4.5312e-005,0.0249131
4.5316e-005,0.0249379
4.532e-005,0.0243922
4.5324e-005,0.0242731
4.5328e-005,0.0252206
4.5332e-005,0.0245212
4.5336e-005,0.0246998
4.534e-005,0.0247543
4.5344e-005,0.0251462
4.5348e-005,0.0245361
4.5352e-005,0.0248535
4.5356e-005,0.0246601
4.536e-005,0.0242583
4.5364e-005,0.0251016
4.5368e-005,0.0243525
4.5372e-005,0.0245013
4.5376e-005,0.0256075
4.538e-005,0.024541
4.5384e-005,0.0248039
4.5388e-005,0.0249031
4.5392e-005,0.024417
4.5396e-005,0.0245906
4.54e-005,0.0255679
4.5404e-005,0.0250867
4.5408e-005,0.0248089
4.5412e-005,0.0251214
4.5416e-005,0.0256621
4.542e-005,0.0249726
4.5424e-005,0.0255877
4.5428e-005,0.0248089
4.5432e-005,0.0249726
4.5436e-005,0.0253595
4.544e-005,0.0252107
4.5444e-005,0.0251164
4.5448e-005,0.0252405
4.5452e-005,0.0247642
4.5456e-005,0.0248287
4.546e-005,0.0252405
4.5464e-005,0.0250321
4.5468e-005,0.0244567
4.5472e-005,0.0246303
4.5476e-005,0.0243476
4.548e-005,0.024923
4.5484e-005,0.0256274
4.5488e-005,0.0243773
4.5492e-005,0.0245609
4.5496e-005,0.0243724
4.55e-005,0.0251462
4.5504e-005,0.0248585
4.5508e-005,0.0248783
4.5512e-005,0.0243724
4.5516e-005,0.024541
4.552e-005,0.024794
4.5524e-005,0.0251611
4.5528e-005,0.0241888
4.5532e-005,0.0245013
4.5536e-005,0.0243823
4.554e-005,0.0246055
4.5544e-005,0.0242682
4.5548e-005,0.024169
4.5552e-005,0.0245113
4.5556e-005,0.024412
4.556e-005,0.0249527
4.5564e-005,0.0243178
4.5568e-005,0.025548
4.5572e-005,0.0247642
4.5576e-005,0.0249825
4.558e-005,0.0245212
4.5584e-005,0.0247047
4.5588e-005,0.0245956
4.5592e-005,0.0254786
4.5596e-005,0.0246551
4.56e-005,0.0247097
4.5604e-005,0.0243376
4.5608e-005,0.0247543
4.5612e-005,0.025548
4.5616e-005,0.0251859
4.562e-005,0.0260143
4.5624e-005,0.0254687
4.5628e-005,0.0256621
4.5632e-005,0.0254438
4.5636e-005,0.0204932
4.564e-005,0.020136
4.5644e-005,0.0198037
4.5648e-005,0.0193622
4.5652e-005,0.0191191
4.5656e-005,0.0188363
4.566e-005,0.00578005
4.5664e-005,0.00143953
4.5668e-005,0.000705366
4.5672e-005,2.5765e-005
4.5676e-005,0.000680563
4.568e-005,5.0568e-005
4.5684e-005,0.000978199
4.5688e-005,0.00110221
4.5692e-005,0.000239071
4.5696e-005,-0.000281792
4.57e-005,0.013087
4.5704e-005,0.0191538
4.5708e-005,0.020637
4.5712e-005,0.0226262
4.5716e-005,0.0251264
4.572e-005,0.0266989
4.5724e-005,0.0276712
4.5728e-005,0.0289262
4.5732e-005,0.0295562
4.5736e-005,0.0302407
4.574e-005,0.0314214
4.5744e-005,0.0313172
4.5748e-005,0.032349
4.5752e-005,0.0326516
4.5756e-005,0.0333262
4.576e-005,0.033986
4.5764e-005,0.0335693
4.5768e-005,0.0343382
4.5772e-005,0.0348987
4.5776e-005,0.0340406
4.578e-005,0.0347648
4.5784e-005,0.0348094
4.5788e-005,0.0354891
4.5792e-005,0.0346656
4.5796e-005,0.0352609
4.58e-005,0.0343729
4.5804e-005,0.0351418
4.5808e-005,0.0355535
4.5812e-005,0.0349136
4.5816e-005,0.0350476
4.582e-005,0.0352063
4.5824e-005,0.0349136
4.5828e-005,0.034988
4.5832e-005,0.035117
4.5836e-005,0.0353849
4.584e-005,0.035618
4.5844e-005,0.0354146
4.5848e-005,0.0352162
4.5852e-005,0.0357619
4.5856e-005,0.0349434
4.586e-005,0.034993
4.5864e-005,0.0352361
4.5868e-005,0.0353948
4.5872e-005,0.0352162
4.5876e-005,0.0346854
4.588e-005,0.0352361
4.5884e-005,0.0353105
4.5888e-005,0.035246
4.5892e-005,0.0353502
4.5896e-005,0.0347202
4.59e-005,0.0349781
4.5904e-005,0.0349285
4.5908e-005,0.0349384
4.5912e-005,0.0341547
4.5916e-005,0.0352708
4.592e-005,0.0355039
4.5924e-005,0.0351517
4.5928e-005,0.0351269
4.5932e-005,0.0349583
4.5936e-005,0.0351418
4.594e-005,0.0357718
4.5944e-005,0.0346606
4.5948e-005,0.0351666
4.5952e-005,0.0357966
4.5956e-005,0.0346507
4.596e-005,0.0348888
4.5964e-005,0.0350079
4.5968e-005,0.0350426
4.5972e-005,0.0348343
4.5976e-005,0.0357073
4.598e-005,0.0351368
4.5984e-005,0.0348987
4.5988e-005,0.0357222
4.5992e-005,0.0346061
4.5996e-005,0.0348987
4.6e-005,0.035112
4.6004e-005,0.0350674
4.6008e-005,0.0352013
4.6012e-005,0.0349037
4.6016e-005,0.0348938
4.602e-005,0.0341844
4.6024e-005,0.0348739
4.6028e-005,0.0352361
4.6032e-005,0.0343134
4.6036e-005,0.0348591
4.604e-005,0.0350922
4.6044e-005,0.0348293
4.6048e-005,0.0351517
4.6052e-005,0.034234
4.6056e-005,0.0345565
4.606e-005,0.0356081
4.6064e-005,0.0348045
4.6068e-005,0.0345069
4.6072e-005,0.0347648
4.6076e-005,0.034998
4.608e-005,0.0347549
4.6084e-005,0.0346755
4.6088e-005,0.0349087
4.6092e-005,0.0346805
4.6096e-005,0.0348442
4.61e-005,0.0343035
4.6104e-005,0.0342191
4.6108e-005,0.0347846
4.6112e-005,0.0344027
4.6116e-005,0.0350624
4.612e-005,0.0348541
4.6124e-005,0.0342737
4.6128e-005,0.0352658
4.6132e-005,0.0348194
4.6136e-005,0.0349434
4.614e-005,0.0351517
4.6144e-005,0.0346904
4.6148e-005,0.0344672
4.6152e-005,0.0351418
4.6156e-005,0.0352013
4.616e-005,0.034998
4.6164e-005,0.0349781
4.6168e-005,0.0355783
4.6172e-005,0.0344027
4.6176e-005,0.0345763
4.618e-005,0.0346061
4.6184e-005,0.0353998
4.6188e-005,0.0341795
4.6192e-005,0.0353154
4.6196e-005,0.0348144
4.62e-005,0.034869
4.6204e-005,0.0345713
4.6208e-005,0.0346656
4.6212e-005,0.0342687
4.6216e-005,0.0345763
4.622e-005,0.0348491
4.6224e-005,0.0345763
4.6228e-005,0.0351865
4.6232e-005,0.0351567
4.6236e-005,0.0344523
4.624e-005,0.0351964
4.6244e-005,0.0345366
4.6248e-005,0.0352063
4.6252e-005,0.0356081
4.6256e-005,0.0341001
4.626e-005,0.0355932
4.6264e-005,0.0356676
4.6268e-005,0.0351517
4.6272e-005,0.0349682
4.6276e-005,0.0356974
4.628e-005,0.0349682
4.6284e-005,0.034869
4.6288e-005,0.0351468
4.6292e-005,0.0345465
4.6296e-005,0.0346061
4.63e-005,0.0347846
4.6304e-005,0.0341993
4.6308e-005,0.0346706
4.6312e-005,0.0346656
4.6316e-005,0.034864
4.632e-005,0.035623
4.6324e-005,0.0351914
4.6328e-005,0.0346805
4.6332e-005,0.0345862
4.6336e-005,0.034993
4.634e-005,0.0344176
4.6344e-005,0.0351071
4.6348e-005,0.0351071
4.6352e-005,0.0350872
4.6356e-005,0.0350823
4.636e-005,0.0354692
4.6364e-005,0.0345713
4.6368e-005,0.034998
4.6372e-005,0.03474
4.6376e-005,0.0337628
4.638e-005,0.0327359
4.6384e-005,0.032225
4.6388e-005,0.031089
4.6392e-005,0.0317438
4.6396e-005,0.0315007
4.64e-005,0.0299282
4.6404e-005,0.0225667
4.6408e-005,0.0204535
4.6412e-005,0.0198285
4.6416e-005,0.0192084
4.642e-005,0.0189554
4.6424e-005,0.0189802
4.6428e-005,0.0066928
4.6432e-005,0.00131056
4.6436e-005,0.000933554
4.644e-005,-5.36045e-005
4.6444e-005,0.000670642
4.6448e-005,0.000120016
4.6452e-005,0.000591273
4.6456e-005,0.0013304
4.646e-005,4.06468e-005
4.6464e-005,0.000581352
4.6468e-005,0.0127844
4.6472e-005,0.0202699
4.6476e-005,0.0218127
4.648e-005,0.0253843
4.6484e-005,0.0288171
4.6488e-005,0.0300721
4.6492e-005,0.0317289
4.6496e-005,0.0340158
4.65e-005,0.0348144
4.6504e-005,0.0361687
4.6508e-005,0.037012
4.6512e-005,0.0384108
4.6516e-005,0.0394228
4.652e-005,0.0403058
4.6524e-005,0.0409953
4.6528e-005,0.0411193
4.6532e-005,0.0411441
4.6536e-005,0.0427811
4.654e-005,0.0434161
4.6544e-005,0.0421809
4.6548e-005,0.0427414
4.6552e-005,0.0435203
4.6556e-005,0.0428456
4.656e-005,0.0436542
4.6564e-005,0.0444032
4.6568e-005,0.0437534
4.6572e-005,0.0437236
4.6576e-005,0.0442594
4.658e-005,0.044438
4.6584e-005,0.0450035
4.6588e-005,0.0447902
4.6592e-005,0.0444677
4.6596e-005,0.0441502
4.66e-005,0.0446463
4.6604e-005,0.0447257
4.6608e-005,0.0440411
4.6612e-005,0.0452366
4.6616e-005,0.0447058
4.662e-005,0.0446265
4.6624e-005,0.044939
4.6628e-005,0.0451424
4.6632e-005,0.0443388
4.6636e-005,0.0456186
4.664e-005,0.0452713
4.6644e-005,0.0451622
4.6648e-005,0.0445719
4.6652e-005,0.0442643
4.6656e-005,0.0448993
4.666e-005,0.0450184
4.6664e-005,0.0442643
4.6668e-005,0.044939
4.6672e-005,0.0450432
4.6676e-005,0.044934
4.668e-005,0.045311
4.6684e-005,0.0456335
4.6688e-005,0.044939
4.6692e-005,0.0449737
4.6696e-005,0.0453507
4.67e-005,0.0444677
4.6704e-005,0.0450283
4.6708e-005,0.0453061
4.6712e-005,0.0448199
4.6716e-005,0.0444776
4.672e-005,0.0453507
4.6724e-005,0.0445967
4.6728e-005,0.0454747
4.6732e-005,0.0452366
4.6736e-005,0.0449539
4.674e-005,0.0452614
4.6744e-005,0.0454846
4.6748e-005,0.0451076
4.6752e-005,0.04418
4.6756e-005,0.0445669
4.676e-005,0.0446612
4.6764e-005,0.0444826
4.6768e-005,0.0446662
4.6772e-005,0.0449291
4.6776e-005,0.0444876
4.678e-005,0.0440411
4.6784e-005,0.0443288
4.6788e-005,0.0450084
4.6792e-005,0.0449489
4.6796e-005,0.044061
4.68e-005,0.0447257
4.6804e-005,0.0454251
4.6808e-005,0.0447753
4.6812e-005,0.0447406
4.6816e-005,0.0447802
4.682e-005,0.0444975
4.6824e-005,0.045058
4.6828e-005,0.044934
4.6832e-005,0.0449439
4.6836e-005,0.0438973
4.684e-005,0.0448596
4.6844e-005,0.044805
4.6848e-005,0.044686
4.6852e-005,0.0446364
4.6856e-005,0.0445124
4.686e-005,0.0451672
4.6864e-005,0.0452713
4.6868e-005,0.0445322
4.6872e-005,0.0452912
4.6876e-005,0.0447554
4.688e-005,0.0441254
4.6884e-005,0.0447306
4.6888e-005,0.0449439
4.6892e-005,0.0445471
4.6896e-005,0.0442495
4.69e-005,0.0450233
4.6904e-005,0.0445967
4.6908e-005,0.044815
4.6912e-005,0.0449687
4.6916e-005,0.0445669
4.692e-005,0.0447951
4.6924e-005,0.0450828
4.6928e-005,0.045058
4.6932e-005,0.0449142
4.6936e-005,0.0447753
4.694e-005,0.0444132
4.6944e-005,0.0451572
4.6948e-005,0.0454896
4.6952e-005,0.0447058
4.6956e-005,0.044438
4.696e-005,0.0451721
4.6964e-005,0.0444181
4.6968e-005,0.0451721
4.6972e-005,0.0447455
4.6976e-005,0.0445223
4.698e-005,0.0450432
4.6984e-005,0.0452317
4.6988e-005,0.0447406
4.6992e-005,0.0452217
4.6996e-005,0.0450828
4.7e-005,0.0449191
4.7004e-005,0.0450184
4.7008e-005,0.0457327
4.7012e-005,0.0443536
4.7016e-005,0.0447753
4.702e-005,0.0453309
4.7024e-005,0.0437286
4.7028e-005,0.0450481
4.7032e-005,0.0448993
4.7036e-005,0.0447554
4.704e-005,0.044557
4.7044e-005,0.0456483
4.7048e-005,0.0447505
4.7052e-005,0.045187
4.7056e-005,0.0451572
4.706e-005,0.0446562
4.7064e-005,0.0446066
4.7068e-005,0.0454698
4.7072e-005,0.0449935
4.7076e-005,0.0449489
4.708e-005,0.0449291
4.7084e-005,0.0446959
4.7088e-005,0.0448497
4.7092e-005,0.0449191
4.7096e-005,0.0447455
4.71e-005,0.0450035
4.7104e-005,0.0452713
4.7108e-005,0.0451275
4.7112e-005,0.0454003
4.7116e-005,0.0455144
4.712e-005,0.0447207
4.7124e-005,0.0453805
4.7128e-005,0.0453309
4.7132e-005,0.0451374
4.7136e-005,0.0454797
4.714e-005,0.0450779
4.7144e-005,0.0427414
4.7148e-005,0.0394674
4.7152e-005,0.0373443
4.7156e-005,0.0362183
4.716e-005,0.0345763
4.7164e-005,0.0346309
4.7168e-005,0.033103
4.7172e-005,0.0237771
4.7176e-005,0.0196201
4.718e-005,0.0197789
4.7184e-005,0.0193622
4.7188e-005,0.0181865
4.7192e-005,0.0193126
4.7196e-005,0.00575029
4.72e-005,0.00197528
4.7204e-005,0.000799618
4.7208e-005,9.62069e-007
4.7212e-005,0.000546627
4.7216e-005,0.000353164
4.722e-005,0.00103773
4.7224e-005,9.02528e-005
4.7228e-005,-5.36045e-005
4.7232e-005,0.000278755
4.7236e-005,0.0123231
4.724e-005,0.0197789
4.7244e-005,0.0236332
4.7248e-005,0.0275372
4.7252e-005,0.0314809
4.7256e-005,0.0333362
4.726e-005,0.0357371
4.7264e-005,0.037508
4.7268e-005,0.0393484
4.7272e-005,0.0409903
4.7276e-005,0.0417146
4.728e-005,0.0429051
4.7284e-005,0.0439865
4.7288e-005,0.0445025
4.7292e-005,0.045435
4.7296e-005,0.0465661
4.73e-005,0.0463974
4.7304e-005,0.0480443
4.7308e-005,0.0485305
4.7312e-005,0.0483916
4.7316e-005,0.0496218
4.732e-005,0.049597
4.7324e-005,0.0496466
4.7328e-005,0.0497557
4.7332e-005,0.0505891
4.7336e-005,0.0503708
4.734e-005,0.0505544
4.7344e-005,0.0511397
4.7348e-005,0.0509363
4.7352e-005,0.0513332
4.7356e-005,0.0519533
4.736e-005,0.0513282
4.7364e-005,0.0525188
4.7368e-005,0.0522757
4.7372e-005,0.0516904
4.7376e-005,0.0514622
4.738e-005,0.0522856
4.7384e-005,0.0515415
4.7388e-005,0.0522608
4.7392e-005,0.0519285
4.7396e-005,0.052737
4.74e-005,0.0518888
4.7404e-005,0.0523551
4.7408e-005,0.0522162
4.7412e-005,0.0522906
4.7416e-005,0.0522608
4.742e-005,0.0525684
4.7424e-005,0.0529999
4.7428e-005,0.0526428
4.7432e-005,0.0516904
4.7436e-005,0.0525039
4.744e-005,0.0526577
4.7444e-005,0.0532629
4.7448e-005,0.0526626
4.7452e-005,0.0540318
4.7456e-005,0.0527718
4.746e-005,0.0530297
4.7464e-005,0.05299
4.7468e-005,0.0535208
4.7472e-005,0.0533472
4.7476e-005,0.0536845
4.748e-005,0.0531438
4.7484e-005,0.0529999
4.7488e-005,0.0535109
4.7492e-005,0.0526974
4.7496e-005,0.053491
4.75e-005,0.0534166
4.7504e-005,0.053367
4.7508e-005,0.0536647
4.7512e-005,0.0530595
4.7516e-005,0.0529851
4.752e-005,0.0527122
4.7524e-005,0.0536498
4.7528e-005,0.0529751
4.7532e-005,0.0536002
4.7536e-005,0.0526775
4.754e-005,0.0533571
4.7544e-005,0.0525436
4.7548e-005,0.05362
4.7552e-005,0.0531289
4.7556e-005,0.0535059
4.756e-005,0.0534464
4.7564e-005,0.0532033
4.7568e-005,0.0537143
4.7572e-005,0.0540318
4.7576e-005,0.0534861
4.758e-005,0.0530446
4.7584e-005,0.0538879
4.7588e-005,0.0532827
4.7592e-005,0.0530049
4.7596e-005,0.0535307
4.76e-005,0.0537143
4.7604e-005,0.0538036
4.7608e-005,0.053124
4.7612e-005,0.0538036
4.7616e-005,0.0532629
4.762e-005,0.0537192
4.7624e-005,0.0529702
4.7628e-005,0.0530148
4.7632e-005,0.0536448
4.7636e-005,0.053496
4.764e-005,0.052871
4.7644e-005,0.0536994
4.7648e-005,0.052742
4.7652e-005,0.0532232
4.7656e-005,0.0533373
4.766e-005,0.0531984
4.7664e-005,0.0531636
4.7668e-005,0.0538581
4.7672e-005,0.0525485
4.7676e-005,0.0529999
4.768e-005,0.0534365
4.7684e-005,0.0535605
4.7688e-005,0.0532827
4.7692e-005,0.0535605
4.7696e-005,0.0534811
4.77e-005,0.0536299
4.7704e-005,0.0533571
4.7708e-005,0.0529801
4.7712e-005,0.0532777
4.7716e-005,0.0529603
4.772e-005,0.0530942
4.7724e-005,0.0524047
4.7728e-005,0.0537143
4.7732e-005,0.0531438
4.7736e-005,0.0527668
4.774e-005,0.0534414
4.7744e-005,0.0532976
4.7748e-005,0.0532926
4.7752e-005,0.0535258
4.7756e-005,0.0534811
4.776e-005,0.0533422
4.7764e-005,0.053491
4.7768e-005,0.0526081
4.7772e-005,0.052995
4.7776e-005,0.0533869
4.778e-005,0.0528908
4.7784e-005,0.0526974
4.7788e-005,0.0534662
4.7792e-005,0.0533819
4.7796e-005,0.0526081
4.78e-005,0.0529007
4.7804e-005,0.0528908
4.7808e-005,0.0538581
4.7812e-005,0.0534216
4.7816e-005,0.0528214
4.782e-005,0.0534266
4.7824e-005,0.0531537
4.7828e-005,0.0531785
4.7832e-005,0.053124
4.7836e-005,0.0530545
4.784e-005,0.053367
4.7844e-005,0.0536994
4.7848e-005,0.0530198
4.7852e-005,0.0534861
4.7856e-005,0.0534514
4.786e-005,0.0535208
4.7864e-005,0.0534811
4.7868e-005,0.0530595
4.7872e-005,0.054002
4.7876e-005,0.0533869
4.788e-005,0.0532877
4.7884e-005,0.0532827
4.7888e-005,0.0536498
4.7892e-005,0.0531984
4.7896e-005,0.0539077
4.79e-005,0.0527222
4.7904e-005,0.0536299
4.7908e-005,0.0538036
4.7912e-005,0.0507578
4.7916e-005,0.0445917
4.792e-005,0.0406481
4.7924e-005,0.0385646
4.7928e-005,0.0377114
4.7932e-005,0.0370864
4.7936e-005,0.0348194
4.794e-005,0.0245609
4.7944e-005,0.0207015
4.7948e-005,0.0197342
4.7952e-005,0.0197144
4.7956e-005,0.019005
4.796e-005,0.0186379
4.7964e-005,0.00636044
4.7968e-005,0.00155363
4.7972e-005,0.000973238
4.7976e-005,0.000288677
4.798e-005,0.000864105
4.7984e-005,0.000596233
4.7988e-005,0.000774815
4.7992e-005,0.000616076
4.7996e-005,0.000333322
4.8e-005,-0.000237146
4.8004e-005,0.0127398
4.8008e-005,0.0191092
4.8012e-005,0.0196945
4.8016e-005,0.0205924
4.802e-005,0.0219863
4.8024e-005,0.0219814
4.8028e-005,0.0227155
4.8032e-005,0.0234795
4.8036e-005,0.0234894
4.804e-005,0.0238416
4.8044e-005,0.0237374
4.8048e-005,0.0244269
4.8052e-005,0.0240995
4.8056e-005,0.0243327
4.806e-005,0.0246502
4.8064e-005,0.0246849
4.8068e-005,0.0243277
4.8072e-005,0.0249676
4.8076e-005,0.025176
4.808e-005,0.024918
4.8084e-005,0.0253099
4.8088e-005,0.0253645
4.8092e-005,0.0248238
4.8096e-005,0.0246254
4.81e-005,0.0246055
4.8104e-005,0.0242087
4.8108e-005,0.0246799
4.8112e-005,0.0249974
4.8116e-005,0.0242434
4.812e-005,0.0249726
4.8124e-005,0.0243476
4.8128e-005,0.0243872
4.8132e-005,0.0240946
4.8136e-005,0.0243079
4.814e-005,0.0242781
4.8144e-005,0.0239507
4.8148e-005,0.0247394
4.8152e-005,0.0251065
4.8156e-005,0.0252256
4.816e-005,0.0240499
4.8164e-005,0.0245757
4.8168e-005,0.0247246
4.8172e-005,0.0247593
4.8176e-005,0.0252008
4.818e-005,0.0247891
4.8184e-005,0.0243624
4.8188e-005,0.0248535
4.8192e-005,0.0247196
4.8196e-005,0.0251859
4.82e-005,0.0249329
4.8204e-005,0.0245609
4.8208e-005,0.0249527
4.8212e-005,0.0248734
4.8216e-005,0.0244765
4.822e-005,0.0242285
4.8224e-005,0.024665
4.8228e-005,0.02404
4.8232e-005,0.024675
4.8236e-005,0.0248387
4.824e-005,0.0245609
4.8244e-005,0.0248039
4.8248e-005,0.0248883
4.8252e-005,0.0241987
4.8256e-005,0.0248287
4.826e-005,0.0247791
4.8264e-005,0.0247246
4.8268e-005,0.0248932
4.8272e-005,0.0249031
4.8276e-005,0.0248139
4.828e-005,0.0250172
4.8284e-005,0.0248287
4.8288e-005,0.0245113
4.8292e-005,0.0247047
4.8296e-005,0.0248535
4.83e-005,0.0246204
4.8304e-005,0.024412
4.8308e-005,0.0239358
4.8312e-005,0.0247642
4.8316e-005,0.0240797
4.832e-005,0.0241839
4.8324e-005,0.0244368
4.8328e-005,0.0246204
4.8332e-005,0.0245361
4.8336e-005,0.0246452
4.834e-005,0.0243029
4.8344e-005,0.0250768
4.8348e-005,0.024665
4.8352e-005,0.0248734
4.8356e-005,0.0248139
4.836e-005,0.0245509
4.8364e-005,0.0240995
4.8368e-005,0.0246551
4.8372e-005,0.02404
4.8376e-005,0.0246452
4.838e-005,0.024412
4.8384e-005,0.0243277
4.8388e-005,0.0244617
4.8392e-005,0.024412
4.8396e-005,0.0244765
4.84e-005,0.0240549
4.8404e-005,0.0242037
4.8408e-005,0.0244765
4.8412e-005,0.0249031
4.8416e-005,0.0248684
4.842e-005,0.0246055
4.8424e-005,0.0247841
4.8428e-005,0.0242731
4.8432e-005,0.0249279
4.8436e-005,0.0252107
4.844e-005,0.0243674
4.8444e-005,0.025042
4.8448e-005,0.0245261
4.8452e-005,0.0250371
4.8456e-005,0.0245807
4.846e-005,0.0250272
4.8464e-005,0.0248585
4.8468e-005,0.0246254
4.8472e-005,0.0247444
4.8476e-005,0.0244021
4.848e-005,0.0247394
4.8484e-005,0.02467
4.8488e-005,0.0246353
4.8492e-005,0.0240995
4.8496e-005,0.0243575
4.85e-005,0.0243327
4.8504e-005,0.0233108
4.8508e-005,0.0244368
4.8512e-005,0.0242434
4.8516e-005,0.0244071
4.852e-005,0.0253942
4.8524e-005,0.0249428
4.8528e-005,0.0245063
4.8532e-005,0.0254141
4.8536e-005,0.0246998
4.854e-005,0.0246402
4.8544e-005,0.0255877
4.8548e-005,0.0242335
4.8552e-005,0.0246303
4.8556e-005,0.0248387
4.856e-005,0.0246998
4.8564e-005,0.0249527
4.8568e-005,0.0247891
4.8572e-005,0.024665
4.8576e-005,0.0248585
4.858e-005,0.0246898
4.8584e-005,0.0245857
4.8588e-005,0.0244914
4.8592e-005,0.0243376
4.8596e-005,0.0246353
4.86e-005,0.0235687
4.8604e-005,0.0246005
4.8608e-005,0.0247891
4.8612e-005,0.0241045
4.8616e-005,0.0240698
4.862e-005,0.0243079
4.8624e-005,0.0236729
4.8628e-005,0.0245658
4.8632e-005,0.0241045
4.8636e-005,0.0240102
4.864e-005,0.0247444
4.8644e-005,0.0236035
4.8648e-005,0.0242285
4.8652e-005,0.024293
4.8656e-005,0.0243426
4.866e-005,0.0249031
4.8664e-005,0.0248089
4.8668e-005,0.0248535
4.8672e-005,0.0242434
4.8676e-005,0.0234745
4.868e-005,0.0248139
4.8684e-005,0.0240747
4.8688e-005,0.0250817
4.8692e-005,0.0253694
4.8696e-005,0.0255877
4.87e-005,0.0259052
4.8704e-005,0.0250867
4.8708e-005,0.0209694
4.8712e-005,0.0199326
4.8716e-005,0.0197243
4.872e-005,0.019377
4.8724e-005,0.0191191
4.8728e-005,0.0181419
4.8732e-005,0.00555187
4.8736e-005,0.00121135
4.874e-005,4.56074e-005
4.8744e-005,-0.000142895
4.8748e-005,0.00109725
4.8752e-005,0.000497021
4.8756e-005,0.000953396
4.876e-005,0.000854184
4.8764e-005,0.000348204
4.8768e-005,-0.000187541
4.8772e-005,0.0127398
4.8776e-005,0.0189157
4.878e-005,0.0199922
4.8784e-005,0.0228346
4.8788e-005,0.0246452
4.8792e-005,0.0256621
4.8796e-005,0.0273884
4.88e-005,0.0280829
4.8804e-005,0.0289262
4.8808e-005,0.0298786
4.8812e-005,0.0310096
4.8816e-005,0.0315851
4.882e-005,0.0324532
4.8824e-005,0.0325425
4.8828e-005,0.0331824
4.8832e-005,0.0336189
4.8836e-005,0.0336834
4.884e-005,0.0341695
4.8844e-005,0.0342737
4.8848e-005,0.0335346
4.8852e-005,0.0343134
4.8856e-005,0.0348293
4.886e-005,0.0348293
4.8864e-005,0.0344523
4.8868e-005,0.0352658
4.8872e-005,0.0346209
4.8876e-005,0.0343977
4.888e-005,0.0353502
4.8884e-005,0.0347648
4.8888e-005,0.0351914
4.8892e-005,0.0350525
4.8896e-005,0.0344324
4.89e-005,0.0355287
4.8904e-005,0.0345565
4.8908e-005,0.03537
4.8912e-005,0.0346408
4.8916e-005,0.035365
4.892e-005,0.034105
4.8924e-005,0.0348541
4.8928e-005,0.034869
4.8932e-005,0.0346358
4.8936e-005,0.0343035
4.894e-005,0.0345019
4.8944e-005,0.0345763
4.8948e-005,0.0352113
4.8952e-005,0.034988
4.8956e-005,0.0347946
4.896e-005,0.034363
4.8964e-005,0.0348789
4.8968e-005,0.0339562
4.8972e-005,0.0340703
4.8976e-005,0.0342588
4.898e-005,0.0344324
4.8984e-005,0.0346061
4.8988e-005,0.034487
4.8992e-005,0.0343134
4.8996e-005,0.0346656
4.9e-005,0.0349186
4.9004e-005,0.0344027
4.9008e-005,0.034611
4.9012e-005,0.0344275
4.9016e-005,0.0344225
4.902e-005,0.0340703
4.9024e-005,0.0348739
4.9028e-005,0.0340406
4.9032e-005,0.0346358
4.9036e-005,0.0347846
4.904e-005,0.0341199
4.9044e-005,0.0337479
4.9048e-005,0.0340505
4.9052e-005,0.034239
4.9056e-005,0.0347946
4.906e-005,0.0340009
4.9064e-005,0.0339165
4.9068e-005,0.0344324
4.9072e-005,0.0345118
4.9076e-005,0.0335941
4.908e-005,0.0340802
4.9084e-005,0.0346358
4.9088e-005,0.0344275
4.9092e-005,0.034234
4.9096e-005,0.035499
4.91e-005,0.0343828
4.9104e-005,0.0347598
4.9108e-005,0.0349235
4.9112e-005,0.0347202
4.9116e-005,0.0350079
4.912e-005,0.0346061
4.9124e-005,0.0349483
4.9128e-005,0.0349037
4.9132e-005,0.0349781
4.9136e-005,0.0345565
4.914e-005,0.0351716
4.9144e-005,0.0350327
4.9148e-005,0.0340356
4.9152e-005,0.0342539
4.9156e-005,0.0348888
4.916e-005,0.0344076
4.9164e-005,0.034363
4.9168e-005,0.0349285
4.9172e-005,0.0348144
4.9176e-005,0.0341497
4.918e-005,0.0344672
4.9184e-005,0.034363
4.9188e-005,0.0344076
4.9192e-005,0.0345168
4.9196e-005,0.0343878
4.92e-005,0.0340356
4.9204e-005,0.035246
4.9208e-005,0.0342092
4.9212e-005,0.0344771
4.9216e-005,0.0341844
4.922e-005,0.0339661
4.9224e-005,0.0336139
4.9228e-005,0.0346408
4.9232e-005,0.035112
4.9236e-005,0.0343729
4.924e-005,0.0345713
4.9244e-005,0.0338024
4.9248e-005,0.0341745
4.9252e-005,0.0345961
4.9256e-005,0.0339463
4.926e-005,0.0339612
4.9264e-005,0.0336933
4.9268e-005,0.0338421
4.9272e-005,0.0343977
4.9276e-005,0.0341795
4.928e-005,0.0349533
4.9284e-005,0.0344374
4.9288e-005,0.0344076
4.9292e-005,0.0342737
4.9296e-005,0.0343729
4.93e-005,0.0348343
4.9304e-005,0.0348045
4.9308e-005,0.0335842
4.9312e-005,0.0342687
4.9316e-005,0.0344424
4.932e-005,0.0343283
4.9324e-005,0.0341447
4.9328e-005,0.0344126
4.9332e-005,0.033862
4.9336e-005,0.0345416
4.934e-005,0.0335743
4.9344e-005,0.0341497
4.9348e-005,0.0342191
4.9352e-005,0.0346755
4.9356e-005,0.0338917
4.936e-005,0.0348541
4.9364e-005,0.0348343
4.9368e-005,0.0339612
4.9372e-005,0.034745
4.9376e-005,0.0342043
4.938e-005,0.0341497
4.9384e-005,0.0341001
4.9388e-005,0.0346309
4.9392e-005,0.0342241
4.9396e-005,0.0344523
4.94e-005,0.0339413
4.9404e-005,0.0339562
4.9408e-005,0.034105
4.9412e-005,0.0345317
4.9416e-005,0.0338917
4.942e-005,0.0339215
4.9424e-005,0.0342191
4.9428e-005,0.0342191
4.9432e-005,0.0342687
4.9436e-005,0.0345664
4.944e-005,0.0345763
4.9444e-005,0.0337132
4.9448e-005,0.033485
4.9452e-005,0.0315503
4.9456e-005,0.0316545
4.946e-005,0.0311039
4.9464e-005,0.0308856
4.9468e-005,0.0302705
4.9472e-005,0.0297744
4.9476e-005,0.0223633
4.948e-005,0.0208454
4.9484e-005,0.0194266
4.9488e-005,0.0196003
4.9492e-005,0.0182113
4.9496e-005,0.0187173
4.95e-005,0.00630092
4.9504e-005,0.00130064
4.9508e-005,0.000124977
4.9512e-005,-0.000142895
4.9516e-005,0.000978199
4.952e-005,0.000343243
4.9524e-005,0.000948436
4.9528e-005,0.000541667
4.9532e-005,-0.000455413
4.9536e-005,0.000144819
4.954e-005,0.0128588
4.9544e-005,0.019759
4.9548e-005,0.0219764
4.9552e-005,0.0255827
4.9556e-005,0.0286484
4.956e-005,0.0301713
4.9564e-005,0.0316843
4.9568e-005,0.0336536
4.9572e-005,0.0347301
4.9576e-005,0.0362579
4.958e-005,0.0372947
4.9584e-005,0.0378949
4.9588e-005,0.0392045
4.9592e-005,0.0398296
4.9596e-005,0.0407175
4.96e-005,0.0417344
4.9604e-005,0.0416451
4.9608e-005,0.0421759
4.9612e-005,0.0426273
4.9616e-005,0.0425033
4.962e-005,0.0433566
4.9624e-005,0.0435847
4.9628e-005,0.042801
4.9632e-005,0.0426422
4.9636e-005,0.0444628
4.964e-005,0.0442445
4.9644e-005,0.04418
4.9648e-005,0.0449935
4.9652e-005,0.0440312
4.9656e-005,0.0444181
4.966e-005,0.0449638
4.9664e-005,0.0445669
4.9668e-005,0.0447505
4.9672e-005,0.045192
4.9676e-005,0.0448497
4.968e-005,0.0449687
4.9684e-005,0.0449291
4.9688e-005,0.0447455
4.9692e-005,0.0441949
4.9696e-005,0.0451324
4.97e-005,0.0447802
4.9704e-005,0.0449092
4.9708e-005,0.0449935
4.9712e-005,0.0436889
4.9716e-005,0.0440114
4.972e-005,0.0448497
4.9724e-005,0.0440808
4.9728e-005,0.0443933
4.9732e-005,0.0446364
4.9736e-005,0.0452813
4.974e-005,0.0445521
4.9744e-005,0.0448398
4.9748e-005,0.0454102
4.9752e-005,0.0447654
4.9756e-005,0.0455491
4.976e-005,0.0449191
4.9764e-005,0.0453805
4.9768e-005,0.0451473
4.9772e-005,0.0445322
4.9776e-005,0.0450184
4.978e-005,0.0444578
4.9784e-005,0.044438
4.9788e-005,0.0447257
4.9792e-005,0.044815
4.9796e-005,0.0441949
4.98e-005,0.0453061
4.9804e-005,0.0442743
4.9808e-005,0.0448745
4.9812e-005,0.0444132
4.9816e-005,0.0451821
4.982e-005,0.0442544
4.9824e-005,0.0448993
4.9828e-005,0.045058
4.9832e-005,0.0443834
4.9836e-005,0.0450382
4.984e-005,0.0446562
4.9844e-005,0.0448497
4.9848e-005,0.04481
4.9852e-005,0.0447902
4.9856e-005,0.0450481
4.986e-005,0.0450729
4.9864e-005,0.04544
4.9868e-005,0.044681
4.9872e-005,0.0443884
4.9876e-005,0.0447654
4.988e-005,0.0447158
4.9884e-005,0.0451126
4.9888e-005,0.0453557
4.9892e-005,0.0451572
4.9896e-005,0.0444876
4.99e-005,0.0451721
4.9904e-005,0.0452664
4.9908e-005,0.0457674
4.9912e-005,0.0452961
4.9916e-005,0.0447207
4.992e-005,0.0452465
4.9924e-005,0.0454003
4.9928e-005,0.0447406
4.9932e-005,0.0450283
4.9936e-005,0.0459509
4.994e-005,0.045068
4.9944e-005,0.0452366
4.9948e-005,0.0447505
4.9952e-005,0.0443338
4.9956e-005,0.0448844
4.996e-005,0.0451523
4.9964e-005,0.0445173
4.9968e-005,0.0450481
4.9972e-005,0.0453011
4.9976e-005,0.0441552
4.998e-005,0.0453061
4.9984e-005,0.0456682
4.9988e-005,0.0453805
4.9992e-005,0.0453408
4.9996e-005,0.045063
5e-005,0.044557
5.0004e-005,0.0450382
5.0008e-005,0.0449836
5.0012e-005,0.0446761
5.0016e-005,0.0460452
5.002e-005,0.0454946
5.0024e-005,0.0448001
5.0028e-005,0.0450134
5.0032e-005,0.045316
5.0036e-005,0.0446116
5.004e-005,0.0456186
5.0044e-005,0.0457178
5.0048e-005,0.0445818
5.0052e-005,0.0448199
5.0056e-005,0.0450233
5.006e-005,0.0445521
5.0064e-005,0.0451176
5.0068e-005,0.044939
5.0072e-005,0.0448398
5.0076e-005,0.0446017
5.008e-005,0.0455591
5.0084e-005,0.0445372
5.0088e-005,0.0454499
5.0092e-005,0.0451473
5.0096e-005,0.0449539
5.01e-005,0.0452465
5.0104e-005,0.0451523
5.0108e-005,0.0445074
5.0112e-005,0.045192
5.0116e-005,0.0456384
5.012e-005,0.0446413
5.0124e-005,0.0451672
5.0128e-005,0.0444181
5.0132e-005,0.0444925
5.0136e-005,0.0450828
5.014e-005,0.0453954
5.0144e-005,0.0445421
5.0148e-005,0.0451821
5.0152e-005,0.045068
5.0156e-005,0.0444231
5.016e-005,0.0447108
5.0164e-005,0.0453209
5.0168e-005,0.0449985
5.0172e-005,0.0458418
5.0176e-005,0.0456533
5.018e-005,0.0446066
5.0184e-005,0.0453805
5.0188e-005,0.0454797
5.0192e-005,0.0449787
5.0196e-005,0.0449886
5.02e-005,0.0453061
5.0204e-005,0.0456087
5.0208e-005,0.0452862
5.0212e-005,0.044939
5.0216e-005,0.0430788
5.022e-005,0.0400875
5.0224e-005,0.0376171
5.0228e-005,0.0364762
5.0232e-005,0.0350922
5.0236e-005,0.0349533
5.024e-005,0.0332518
5.0244e-005,0.0244517
5.0248e-005,0.021014
5.0252e-005,0.0190645
5.0256e-005,0.0196648
5.026e-005,0.019134
5.0264e-005,0.0182212
5.0268e-005,0.00619178
5.0272e-005,0.00170741
5.0276e-005,0.000720248
5.028e-005,7.5371e-005
5.0284e-005,0.00101788
5.0288e-005,0.00120639
5.0292e-005,0.00109229
5.0296e-005,0.000690485
5.03e-005,5.55286e-005
5.0304e-005,0.000343243
5.0308e-005,0.0127199
5.0312e-005,0.0204932
5.0316e-005,0.0233852
5.032e-005,0.0277158
5.0324e-005,0.0313023
5.0328e-005,0.0335296
5.0332e-005,0.0367143
5.0336e-005,0.0382819
5.034e-005,0.0395766
5.0344e-005,0.0414467
5.0348e-005,0.0415856
5.0352e-005,0.0435401
5.0356e-005,0.0442445
5.036e-005,0.0452763
5.0364e-005,0.0465165
5.0368e-005,0.0472754
5.0372e-005,0.0464916
5.0376e-005,0.0479649
5.038e-005,0.0485751
5.0384e-005,0.0492547
5.0388e-005,0.0491654
5.0392e-005,0.0508074
5.0396e-005,0.049597
5.04e-005,0.0505246
5.0404e-005,0.0516804
5.0408e-005,0.0510604
5.0412e-005,0.0507379
5.0416e-005,0.0516606
5.042e-005,0.0510157
5.0424e-005,0.0513133
5.0428e-005,0.0520326
5.0432e-005,0.0514919
5.0436e-005,0.0511348
5.044e-005,0.0521269
5.0444e-005,0.0517152
5.0448e-005,0.0522211
5.0452e-005,0.0522559
5.0456e-005,0.0523253
5.046e-005,0.0523402
5.0464e-005,0.0527668
5.0468e-005,0.0520326
5.0472e-005,0.0533819
5.0476e-005,0.0531934
5.048e-005,0.0523104
5.0484e-005,0.0530694
5.0488e-005,0.0524444
5.0492e-005,0.052613
5.0496e-005,0.0530595
5.05e-005,0.0527073
5.0504e-005,0.0528114
5.0508e-005,0.0527916
5.0512e-005,0.0526279
5.0516e-005,0.0533819
5.052e-005,0.0530694
5.0524e-005,0.0531438
5.0528e-005,0.0530248
5.0532e-005,0.0531091
5.0536e-005,0.0530446
5.054e-005,0.0525088
5.0544e-005,0.0529057
5.0548e-005,0.0532182
5.0552e-005,0.052613
5.0556e-005,0.0528362
5.056e-005,0.0533125
5.0564e-005,0.0523253
5.0568e-005,0.0526279
5.0572e-005,0.0532133
5.0576e-005,0.0533968
5.058e-005,0.0533125
5.0584e-005,0.0529503
5.0588e-005,0.0530793
5.0592e-005,0.0532976
5.0596e-005,0.053491
5.06e-005,0.0537143
5.0604e-005,0.0527817
5.0608e-005,0.0535605
5.0612e-005,0.0533075
5.0616e-005,0.0530992
5.062e-005,0.0531041
5.0624e-005,0.052742
5.0628e-005,0.0538681
5.0632e-005,0.0541508
5.0636e-005,0.0530198
5.064e-005,0.0536448
5.0644e-005,0.053496
5.0648e-005,0.0539375
5.0652e-005,0.0536547
5.0656e-005,0.0532133
5.066e-005,0.0533075
5.0664e-005,0.0530545
5.0668e-005,0.0530892
5.0672e-005,0.0534365
5.0676e-005,0.0525039
5.068e-005,0.052995
5.0684e-005,0.0527618
5.0688e-005,0.0528412
5.0692e-005,0.0534712
5.0696e-005,0.0530992
5.07e-005,0.0527222
5.0704e-005,0.0529355
5.0708e-005,0.0524394
5.0712e-005,0.0529851
5.0716e-005,0.0534018
5.072e-005,0.0532579
5.0724e-005,0.0523848
5.0728e-005,0.0528958
5.0732e-005,0.0529503
5.0736e-005,0.0526924
5.074e-005,0.0536994
5.0744e-005,0.0531835
5.0748e-005,0.0524394
5.0752e-005,0.0533174
5.0756e-005,0.0530496
5.076e-005,0.053119
5.0764e-005,0.0533323
5.0768e-005,0.0532877
5.0772e-005,0.0531289
5.0776e-005,0.0538085
5.078e-005,0.0529652
5.0784e-005,0.0530545
5.0788e-005,0.0537986
5.0792e-005,0.0528412
5.0796e-005,0.052995
5.08e-005,0.0535655
5.0804e-005,0.0528561
5.0808e-005,0.0525833
5.0812e-005,0.0530297
5.0816e-005,0.0530148
5.082e-005,0.0533323
5.0824e-005,0.0528462
5.0828e-005,0.0533621
5.0832e-005,0.0525981
5.0836e-005,0.0527569
5.084e-005,0.0529454
5.0844e-005,0.0534315
5.0848e-005,0.0536399
5.0852e-005,0.0529404
5.0856e-005,0.0531934
5.086e-005,0.0534662
5.0864e-005,0.0529454
5.0868e-005,0.052742
5.0872e-005,0.0531934
5.0876e-005,0.0531388
5.088e-005,0.0531041
5.0884e-005,0.0533968
5.0888e-005,0.0530694
5.0892e-005,0.053878
5.0896e-005,0.0536944
5.09e-005,0.0529603
5.0904e-005,0.0529007
5.0908e-005,0.0529255
5.0912e-005,0.0533869
5.0916e-005,0.0529007
5.092e-005,0.0530198
5.0924e-005,0.0528958
5.0928e-005,0.0530843
5.0932e-005,0.0534464
5.0936e-005,0.0530892
5.094e-005,0.0531537
5.0944e-005,0.0538829
5.0948e-005,0.0527866
5.0952e-005,0.0529107
5.0956e-005,0.0531339
5.096e-005,0.0526527
5.0964e-005,0.0532083
5.0968e-005,0.0532728
5.0972e-005,0.0530843
5.0976e-005,0.0539077
5.098e-005,0.0533125
5.0984e-005,0.0503808
5.0988e-005,0.0442693
5.0992e-005,0.0403604
5.0996e-005,0.0380834
5.1e-005,0.0367887
5.1004e-005,0.0365407
5.1008e-005,0.0347797
5.1012e-005,0.0247642
5.1016e-005,0.0210934
5.102e-005,0.0192381
5.1024e-005,0.0202501
5.1028e-005,0.0189752
5.1032e-005,0.0187718
5.1036e-005,0.00631084
5.104e-005,0.00131056
5.1044e-005,0.000839302
5.1048e-005,0.000323401
5.1052e-005,0.00057143
5.1056e-005,0.000938514
5.106e-005,0.000864105
5.1064e-005,0.000601194
5.1068e-005,0.000437494
5.1072e-005,0.000635918
5.1076e-005,0.0140097
5.108e-005,0.0196251
5.1084e-005,0.019764
5.1088e-005,0.0211678
5.1092e-005,0.0219169
5.1096e-005,0.0222244
5.11e-005,0.0228941
5.1104e-005,0.02341
5.1108e-005,0.0239309
5.1112e-005,0.0242731
5.1116e-005,0.0246055
5.112e-005,0.0253298
5.1124e-005,0.0246849
5.1128e-005,0.0256125
5.1132e-005,0.0248486
5.1136e-005,0.0251611
5.114e-005,0.0248932
5.1144e-005,0.0251462
5.1148e-005,0.0259994
5.1152e-005,0.0255827
5.1156e-005,0.0253893
5.116e-005,0.0257663
5.1164e-005,0.0252355
5.1168e-005,0.0255629
5.1172e-005,0.0259101
5.1176e-005,0.0254736
5.118e-005,0.0249527
5.1184e-005,0.0256423
5.1188e-005,0.0252355
5.1192e-005,0.0256423
5.1196e-005,0.0253694
5.12e-005,0.0250619
5.1204e-005,0.0256572
5.1208e-005,0.0253992
5.1212e-005,0.0258308
5.1216e-005,0.0250966
5.122e-005,0.0249825
5.1224e-005,0.0245113
5.1228e-005,0.0247394
5.1232e-005,0.0244964
5.1236e-005,0.025553
5.124e-005,0.0256919
5.1244e-005,0.025801
5.1248e-005,0.0247494
5.1252e-005,0.0257712
5.1256e-005,0.0247891
5.126e-005,0.0255431
