LECROYWR104MXi,20621,Waveform
Segments,1,SegmentSize,2501
Segment,TrigTime,TimeSinceSegment1
#1,21-May-2015 13:59:34,0                 
Time,Ampl
4.126e-005,0.0458865
4.1264e-005,0.04481
4.1268e-005,0.0453458
4.1272e-005,0.0457872
4.1276e-005,0.0460154
4.128e-005,0.0462833
4.1284e-005,0.0454202
4.1288e-005,0.0439022
4.1292e-005,0.0405389
4.1296e-005,0.0386837
4.13e-005,0.0364812
4.1304e-005,0.0355883
4.1308e-005,0.0353303
4.1312e-005,0.0336239
4.1316e-005,0.0253595
4.132e-005,0.0199971
4.1324e-005,0.0196945
4.1328e-005,0.0194763
4.1332e-005,0.0186478
4.1336e-005,0.0183998
4.134e-005,0.00945089
4.1344e-005,0.00205465
4.1348e-005,0.00101788
4.1352e-005,0.000214268
4.1356e-005,0.000745051
4.136e-005,0.000774815
4.1364e-005,0.000824421
4.1368e-005,0.00103773
4.1372e-005,5.0568e-005
4.1376e-005,-0.000534782
4.138e-005,0.00909373
4.1384e-005,0.0195011
4.1388e-005,0.0227354
4.1392e-005,0.0269122
4.1396e-005,0.0306574
4.14e-005,0.0338818
4.1404e-005,0.035618
4.1408e-005,0.0369872
4.1412e-005,0.0390756
4.1416e-005,0.0408267
4.142e-005,0.040782
4.1424e-005,0.0428803
4.1428e-005,0.0437038
4.1432e-005,0.044691
4.1436e-005,0.0453755
4.144e-005,0.0468488
4.1444e-005,0.047325
4.1448e-005,0.0477268
4.1452e-005,0.0482626
4.1456e-005,0.0489075
4.146e-005,0.0492696
4.1464e-005,0.0487487
4.1468e-005,0.0495176
4.1472e-005,0.05048
4.1476e-005,0.0499591
4.148e-005,0.0508867
4.1484e-005,0.0509314
4.1488e-005,0.0513778
4.1492e-005,0.0511546
4.1496e-005,0.0513183
4.15e-005,0.0517697
4.1504e-005,0.0517945
4.1508e-005,0.0513878
4.1512e-005,0.0526279
4.1516e-005,0.051983
4.152e-005,0.0519086
4.1524e-005,0.051864
4.1528e-005,0.0517201
4.1532e-005,0.052117
4.1536e-005,0.052489
4.154e-005,0.0519582
4.1544e-005,0.0518987
4.1548e-005,0.0538135
4.1552e-005,0.0531339
4.1556e-005,0.0530496
4.156e-005,0.0531488
4.1564e-005,0.0525138
4.1568e-005,0.0525535
4.1572e-005,0.0533918
4.1576e-005,0.0536944
4.158e-005,0.0525436
4.1584e-005,0.0523848
4.1588e-005,0.0526924
4.1592e-005,0.0531736
4.1596e-005,0.0531835
4.16e-005,0.0529107
4.1604e-005,0.0530347
4.1608e-005,0.0535059
4.1612e-005,0.0534067
4.1616e-005,0.0542649
4.162e-005,0.0533273
4.1624e-005,0.0527172
4.1628e-005,0.05299
4.1632e-005,0.0526279
4.1636e-005,0.053501
4.164e-005,0.0534315
4.1644e-005,0.0534067
4.1648e-005,0.0533422
4.1652e-005,0.0525039
4.1656e-005,0.0533224
4.166e-005,0.053501
4.1664e-005,0.0539425
4.1668e-005,0.0533075
4.1672e-005,0.0538482
4.1676e-005,0.0525485
4.168e-005,0.0533323
4.1684e-005,0.0538532
4.1688e-005,0.0533869
4.1692e-005,0.0537639
4.1696e-005,0.0530148
4.17e-005,0.0536597
4.1704e-005,0.0532529
4.1708e-005,0.0535704
4.1712e-005,0.0528859
4.1716e-005,0.0535853
4.172e-005,0.0537093
4.1724e-005,0.0538284
4.1728e-005,0.0531736
4.1732e-005,0.0535407
4.1736e-005,0.0529999
4.174e-005,0.0535704
4.1744e-005,0.0529454
4.1748e-005,0.0530595
4.1752e-005,0.0538581
4.1756e-005,0.0530694
4.176e-005,0.0529156
4.1764e-005,0.0534712
4.1768e-005,0.0535655
4.1772e-005,0.0533918
4.1776e-005,0.0537192
4.178e-005,0.053119
4.1784e-005,0.0535208
4.1788e-005,0.0536547
4.1792e-005,0.0529404
4.1796e-005,0.0538681
4.18e-005,0.0536994
4.1804e-005,0.0537639
4.1808e-005,0.0533968
4.1812e-005,0.0540913
4.1816e-005,0.0533869
4.182e-005,0.0529255
4.1824e-005,0.0532827
4.1828e-005,0.0531636
4.1832e-005,0.053248
4.1836e-005,0.0534266
4.184e-005,0.0533224
4.1844e-005,0.0535853
4.1848e-005,0.0538432
4.1852e-005,0.0527817
4.1856e-005,0.0531785
4.186e-005,0.0534414
4.1864e-005,0.0532877
4.1868e-005,0.0534315
4.1872e-005,0.0538383
4.1876e-005,0.0526775
4.188e-005,0.052489
4.1884e-005,0.0538036
4.1888e-005,0.0535208
4.1892e-005,0.0533819
4.1896e-005,0.0535803
4.19e-005,0.0532976
4.1904e-005,0.053124
4.1908e-005,0.0538085
4.1912e-005,0.0531488
4.1916e-005,0.0539077
4.192e-005,0.0536895
4.1924e-005,0.0534762
4.1928e-005,0.0532976
4.1932e-005,0.0540268
4.1936e-005,0.0533968
4.194e-005,0.0528859
4.1944e-005,0.0534712
4.1948e-005,0.0534166
4.1952e-005,0.0531934
4.1956e-005,0.0538135
4.196e-005,0.0537093
4.1964e-005,0.0538234
4.1968e-005,0.0539226
4.1972e-005,0.0536696
4.1976e-005,0.053243
4.198e-005,0.0539276
4.1984e-005,0.0530099
4.1988e-005,0.0532777
4.1992e-005,0.0545526
4.1996e-005,0.0539673
4.2e-005,0.0535655
4.2004e-005,0.0539573
4.2008e-005,0.0542401
4.2012e-005,0.0539722
4.2016e-005,0.0539871
4.202e-005,0.0541359
4.2024e-005,0.0535307
4.2028e-005,0.0532926
4.2032e-005,0.0537143
4.2036e-005,0.0537341
4.204e-005,0.0532529
4.2044e-005,0.0533869
4.2048e-005,0.0539573
4.2052e-005,0.053377
4.2056e-005,0.0514919
4.206e-005,0.0452019
4.2064e-005,0.0408068
4.2068e-005,0.0384208
4.2072e-005,0.0374088
4.2076e-005,0.0360198
4.208e-005,0.0345217
4.2084e-005,0.0260391
4.2088e-005,0.0204634
4.2092e-005,0.01963
4.2096e-005,0.0187123
4.21e-005,0.0188016
4.2104e-005,0.0179633
4.2108e-005,0.0102297
4.2112e-005,0.00220843
4.2116e-005,0.0014941
4.212e-005,0.000353164
4.2124e-005,0.00133536
4.2128e-005,0.000799618
4.2132e-005,0.000432534
4.2136e-005,0.000754972
4.214e-005,0.000417652
4.2144e-005,-0.000291713
4.2148e-005,0.00939137
4.2152e-005,0.0195358
4.2156e-005,0.0242384
4.216e-005,0.0285293
4.2164e-005,0.0324929
4.2168e-005,0.0363869
4.2172e-005,0.0378007
4.2176e-005,0.0398048
4.218e-005,0.0410846
4.2184e-005,0.0430242
4.2188e-005,0.0436443
4.2192e-005,0.0460055
4.2196e-005,0.0466157
4.22e-005,0.0470472
4.2204e-005,0.0482378
4.2208e-005,0.0489571
4.2212e-005,0.0489075
4.2216e-005,0.0499988
4.222e-005,0.0509264
4.2224e-005,0.0510157
4.2228e-005,0.0513183
4.2232e-005,0.051735
4.2236e-005,0.0527321
4.224e-005,0.0527966
4.2244e-005,0.0536051
4.2248e-005,0.0535555
4.2252e-005,0.0534811
4.2256e-005,0.0533273
4.226e-005,0.0546617
4.2264e-005,0.0540318
4.2268e-005,0.0550983
4.2272e-005,0.0547213
4.2276e-005,0.0556241
4.228e-005,0.0550536
4.2284e-005,0.0558324
4.2288e-005,0.0553066
4.2292e-005,0.0565517
4.2296e-005,0.0551727
4.23e-005,0.0556985
4.2304e-005,0.0560656
4.2308e-005,0.0564724
4.2312e-005,0.0558672
4.2316e-005,0.0565567
4.232e-005,0.0560606
4.2324e-005,0.0566261
4.2328e-005,0.0562541
4.2332e-005,0.0565914
4.2336e-005,0.0562343
4.234e-005,0.0567254
4.2344e-005,0.0573405
4.2348e-005,0.0572859
4.2352e-005,0.0567998
4.2356e-005,0.0564029
4.236e-005,0.0564277
4.2364e-005,0.0568543
4.2368e-005,0.057147
4.2372e-005,0.0566956
4.2376e-005,0.0567154
4.238e-005,0.057023
4.2384e-005,0.0566857
4.2388e-005,0.0570825
4.2392e-005,0.0572016
4.2396e-005,0.0572909
4.24e-005,0.0572958
4.2404e-005,0.0572115
4.2408e-005,0.0569932
4.2412e-005,0.057529
4.2416e-005,0.0572413
4.242e-005,0.0574347
4.2424e-005,0.0579159
4.2428e-005,0.0572165
4.2432e-005,0.0576282
4.2436e-005,0.0573851
4.244e-005,0.0573305
4.2444e-005,0.0574694
4.2448e-005,0.0574794
4.2452e-005,0.0569585
4.2456e-005,0.0577472
4.246e-005,0.0573603
4.2464e-005,0.0573504
4.2468e-005,0.0575339
4.2472e-005,0.0576034
4.2476e-005,0.0571073
4.248e-005,0.0576083
4.2484e-005,0.0576629
4.2488e-005,0.0580052
4.2492e-005,0.0573256
4.2496e-005,0.0576331
4.25e-005,0.0581292
4.2504e-005,0.0571569
4.2508e-005,0.0578861
4.2512e-005,0.0576133
4.2516e-005,0.0577175
4.252e-005,0.0575935
4.2524e-005,0.0577621
4.2528e-005,0.0571569
4.2532e-005,0.0578911
4.2536e-005,0.0575984
4.254e-005,0.058278
4.2544e-005,0.0577274
4.2548e-005,0.0576728
4.2552e-005,0.0571123
4.2556e-005,0.0579953
4.256e-005,0.0574942
4.2564e-005,0.0578663
4.2568e-005,0.0569188
4.2572e-005,0.0576579
4.2576e-005,0.0567799
4.258e-005,0.0577324
4.2584e-005,0.057653
4.2588e-005,0.0583425
4.2592e-005,0.0580697
4.2596e-005,0.0573851
4.26e-005,0.057782
4.2604e-005,0.0577522
4.2608e-005,0.0577175
4.2612e-005,0.0571371
4.2616e-005,0.0576133
4.262e-005,0.057519
4.2624e-005,0.0573057
4.2628e-005,0.058402
4.2632e-005,0.0575835
4.2636e-005,0.0574992
4.264e-005,0.0579605
4.2644e-005,0.0574496
4.2648e-005,0.0574595
4.2652e-005,0.0573603
4.2656e-005,0.0584913
4.266e-005,0.0577572
4.2664e-005,0.0577472
4.2668e-005,0.0573206
4.2672e-005,0.0571619
4.2676e-005,0.058154
4.268e-005,0.057529
4.2684e-005,0.0572214
4.2688e-005,0.0576133
4.2692e-005,0.0577919
4.2696e-005,0.0580002
4.27e-005,0.0578464
4.2704e-005,0.0577324
4.2708e-005,0.0580548
4.2712e-005,0.0577076
4.2716e-005,0.0581292
4.272e-005,0.0579308
4.2724e-005,0.0579556
4.2728e-005,0.0579457
4.2732e-005,0.0579605
4.2736e-005,0.0578564
4.274e-005,0.0580994
4.2744e-005,0.0579655
4.2748e-005,0.0585509
4.2752e-005,0.0576827
4.2756e-005,0.0577869
4.276e-005,0.0580151
4.2764e-005,0.0580201
4.2768e-005,0.0575141
4.2772e-005,0.0578167
4.2776e-005,0.0583028
4.278e-005,0.0579605
4.2784e-005,0.0581391
4.2788e-005,0.0578514
4.2792e-005,0.0573553
4.2796e-005,0.0581342
4.28e-005,0.0583524
4.2804e-005,0.0578365
4.2808e-005,0.0572561
4.2812e-005,0.0580598
4.2816e-005,0.0582185
4.282e-005,0.0577621
4.2824e-005,0.0560854
4.2828e-005,0.0486743
4.2832e-005,0.0438873
4.2836e-005,0.0398445
4.284e-005,0.0375973
4.2844e-005,0.0372253
4.2848e-005,0.0347747
4.2852e-005,0.0257365
4.2856e-005,0.0212571
4.286e-005,0.0201311
4.2864e-005,0.019382
4.2868e-005,0.0185635
4.2872e-005,0.0187421
4.2876e-005,0.00992215
4.288e-005,0.00272929
4.2884e-005,0.00125103
4.2888e-005,-8.83286e-005
4.2892e-005,0.00109229
4.2896e-005,0.00073513
4.29e-005,0.00119647
4.2904e-005,0.00118158
4.2908e-005,0.00065576
4.2912e-005,-0.000395885
4.2916e-005,0.00989735
4.292e-005,0.0190844
4.2924e-005,0.0208355
4.2928e-005,0.0225667
4.2932e-005,0.0255083
4.2936e-005,0.0267832
4.294e-005,0.0282019
4.2944e-005,0.029834
4.2948e-005,0.0308856
4.2952e-005,0.0313866
4.2956e-005,0.0321853
4.296e-005,0.0328054
4.2964e-005,0.0339265
4.2968e-005,0.0337975
4.2972e-005,0.0335048
4.2976e-005,0.0350972
4.298e-005,0.0352609
4.2984e-005,0.0355635
4.2988e-005,0.0357817
4.2992e-005,0.0353601
4.2996e-005,0.0355982
4.3e-005,0.035618
4.3004e-005,0.0359802
4.3008e-005,0.0350575
4.3012e-005,0.0354394
4.3016e-005,0.0359405
4.302e-005,0.0360198
4.3024e-005,0.0366201
4.3028e-005,0.0358363
4.3032e-005,0.0362877
4.3036e-005,0.0365605
4.304e-005,0.0359157
4.3044e-005,0.0357272
4.3048e-005,0.035876
4.3052e-005,0.0360347
4.3056e-005,0.036005
4.306e-005,0.0362927
4.3064e-005,0.0359901
4.3068e-005,0.0365953
4.3072e-005,0.035752
4.3076e-005,0.0366151
4.308e-005,0.0358561
4.3084e-005,0.0365159
4.3088e-005,0.0358462
4.3092e-005,0.0359653
4.3096e-005,0.0358413
4.31e-005,0.0362183
4.3104e-005,0.0356329
4.3108e-005,0.0354246
4.3112e-005,0.0363522
4.3116e-005,0.0363224
4.312e-005,0.0358115
4.3124e-005,0.0353204
4.3128e-005,0.0357222
4.3132e-005,0.0361885
4.3136e-005,0.0359553
4.314e-005,0.0357321
4.3144e-005,0.0358462
4.3148e-005,0.0357321
4.3152e-005,0.0346656
4.3156e-005,0.0355436
4.316e-005,0.0354692
4.3164e-005,0.0358165
4.3168e-005,0.0357073
4.3172e-005,0.036248
4.3176e-005,0.0357569
4.318e-005,0.0362927
4.3184e-005,0.0364514
4.3188e-005,0.0351765
4.3192e-005,0.0360694
4.3196e-005,0.035995
4.32e-005,0.0355238
4.3204e-005,0.0351319
4.3208e-005,0.0358661
4.3212e-005,0.0358016
4.3216e-005,0.0360595
4.322e-005,0.0351319
4.3224e-005,0.0350376
4.3228e-005,0.036
4.3232e-005,0.035995
4.3236e-005,0.0362778
4.324e-005,0.035871
4.3244e-005,0.0359603
4.3248e-005,0.0354593
4.3252e-005,0.0359057
4.3256e-005,0.0354841
4.326e-005,0.0357718
4.3264e-005,0.0357272
4.3268e-005,0.035365
4.3272e-005,0.0357619
4.3276e-005,0.0356726
4.328e-005,0.0355039
4.3284e-005,0.0345019
4.3288e-005,0.0356031
4.3292e-005,0.0354543
4.3296e-005,0.0353452
4.33e-005,0.0356676
4.3304e-005,0.0356428
4.3308e-005,0.0352063
4.3312e-005,0.0354444
4.3316e-005,0.0359305
4.332e-005,0.0347152
4.3324e-005,0.0359901
4.3328e-005,0.035122
4.3332e-005,0.0351617
4.3336e-005,0.0358264
4.334e-005,0.0356627
4.3344e-005,0.0359157
4.3348e-005,0.0358561
4.3352e-005,0.0351517
4.3356e-005,0.0355833
4.336e-005,0.0355486
4.3364e-005,0.0357222
4.3368e-005,0.035112
4.3372e-005,0.0353303
4.3376e-005,0.0366151
4.338e-005,0.0354841
4.3384e-005,0.0348094
4.3388e-005,0.035365
4.3392e-005,0.0353998
4.3396e-005,0.0349682
4.34e-005,0.0353303
4.3404e-005,0.0352658
4.3408e-005,0.036
4.3412e-005,0.0350823
4.3416e-005,0.0355932
4.342e-005,0.0348243
4.3424e-005,0.035117
4.3428e-005,0.035241
4.3432e-005,0.0349831
4.3436e-005,0.0350277
4.344e-005,0.0350476
4.3444e-005,0.0350029
4.3448e-005,0.0356577
4.3452e-005,0.0346854
4.3456e-005,0.0354593
4.346e-005,0.0354097
4.3464e-005,0.0357768
4.3468e-005,0.0355436
4.3472e-005,0.0353601
4.3476e-005,0.0357073
4.348e-005,0.0353898
4.3484e-005,0.0358859
4.3488e-005,0.0352757
4.3492e-005,0.0353105
4.3496e-005,0.0350575
4.35e-005,0.0356974
4.3504e-005,0.0351865
4.3508e-005,0.0354543
4.3512e-005,0.0343084
4.3516e-005,0.0353849
4.352e-005,0.0353601
4.3524e-005,0.0346458
4.3528e-005,0.035871
4.3532e-005,0.0358462
4.3536e-005,0.0348739
4.354e-005,0.0353055
4.3544e-005,0.035499
4.3548e-005,0.0355783
4.3552e-005,0.035618
4.3556e-005,0.0358165
4.356e-005,0.0348987
4.3564e-005,0.0357916
4.3568e-005,0.0354047
4.3572e-005,0.0350128
4.3576e-005,0.035241
4.358e-005,0.0352609
4.3584e-005,0.0356676
4.3588e-005,0.0351865
4.3592e-005,0.0356924
4.3596e-005,0.0339215
4.36e-005,0.0330484
4.3604e-005,0.0323589
4.3608e-005,0.0315652
4.3612e-005,0.0321407
4.3616e-005,0.0312825
4.362e-005,0.0247295
4.3624e-005,0.0197789
4.3628e-005,0.0193473
4.3632e-005,0.0196152
4.3636e-005,0.0197491
4.364e-005,0.0176061
4.3644e-005,0.00812641
4.3648e-005,0.00200504
4.3652e-005,0.00127087
4.3656e-005,-6.35257e-005
4.366e-005,0.000333322
4.3664e-005,0.000586312
4.3668e-005,0.000551588
4.3672e-005,0.000591273
4.3676e-005,0.00039781
4.368e-005,-0.000227225
4.3684e-005,0.00924255
4.3688e-005,0.0198285
4.3692e-005,0.0219764
4.3696e-005,0.0254091
4.37e-005,0.0279738
4.3704e-005,0.0301763
4.3708e-005,0.0317835
4.3712e-005,0.0343928
4.3716e-005,0.0358462
4.372e-005,0.0364712
4.3724e-005,0.0375031
4.3728e-005,0.0387878
4.3732e-005,0.0397998
4.3736e-005,0.0400032
4.374e-005,0.0407076
4.3744e-005,0.0414517
4.3748e-005,0.0420321
4.3752e-005,0.0424041
4.3756e-005,0.0433962
4.376e-005,0.0431432
4.3764e-005,0.0435351
4.3768e-005,0.0442941
4.3772e-005,0.0439072
4.3776e-005,0.0433962
4.378e-005,0.0452217
4.3784e-005,0.0438774
4.3788e-005,0.0447703
4.3792e-005,0.0446364
4.3796e-005,0.0451275
4.38e-005,0.0452168
4.3804e-005,0.0454598
4.3808e-005,0.0449985
4.3812e-005,0.0449737
4.3816e-005,0.0457228
4.382e-005,0.0459113
4.3824e-005,0.0453408
4.3828e-005,0.0453954
4.3832e-005,0.0452317
4.3836e-005,0.0454946
4.384e-005,0.044815
4.3844e-005,0.0455392
4.3848e-005,0.0447654
4.3852e-005,0.045688
4.3856e-005,0.0461097
4.386e-005,0.0449886
4.3864e-005,0.0454846
4.3868e-005,0.0454698
4.3872e-005,0.0459906
4.3876e-005,0.0457773
4.388e-005,0.0456136
4.3884e-005,0.0450928
4.3888e-005,0.0454995
4.3892e-005,0.0454301
4.3896e-005,0.0456384
4.39e-005,0.0464272
4.3904e-005,0.0460055
4.3908e-005,0.0456087
4.3912e-005,0.0457823
4.3916e-005,0.0456087
4.392e-005,0.045698
4.3924e-005,0.0455491
4.3928e-005,0.0456781
4.3932e-005,0.0455789
4.3936e-005,0.0461097
4.394e-005,0.0453408
4.3944e-005,0.045698
4.3948e-005,0.0455442
4.3952e-005,0.045564
4.3956e-005,0.0458021
4.396e-005,0.0458517
4.3964e-005,0.0452912
4.3968e-005,0.0455194
4.3972e-005,0.0460353
4.3976e-005,0.0456136
4.398e-005,0.0458021
4.3984e-005,0.0461494
4.3988e-005,0.0458865
4.3992e-005,0.0453309
4.3996e-005,0.0462238
4.4e-005,0.0457575
4.4004e-005,0.0458468
4.4008e-005,0.045941
4.4012e-005,0.0454053
4.4016e-005,0.0458369
4.402e-005,0.0462089
4.4024e-005,0.0457872
4.4028e-005,0.0456831
4.4032e-005,0.0459013
4.4036e-005,0.0453458
4.404e-005,0.0462039
4.4044e-005,0.0460452
4.4048e-005,0.0462486
4.4052e-005,0.0458914
4.4056e-005,0.0457872
4.406e-005,0.0464321
4.4064e-005,0.0459509
4.4068e-005,0.0463676
4.4072e-005,0.046199
4.4076e-005,0.0452069
4.408e-005,0.0465313
4.4084e-005,0.0456335
4.4088e-005,0.0451027
4.4092e-005,0.0461494
4.4096e-005,0.0454747
4.41e-005,0.045946
4.4104e-005,0.0465561
4.4108e-005,0.0456682
4.4112e-005,0.0457872
4.4116e-005,0.0458269
4.412e-005,0.0456583
4.4124e-005,0.0459212
4.4128e-005,0.0457872
4.4132e-005,0.0460303
4.4136e-005,0.0449787
4.414e-005,0.0460948
4.4144e-005,0.0460005
4.4148e-005,0.0455095
4.4152e-005,0.0464718
4.4156e-005,0.0460898
4.416e-005,0.0454648
4.4164e-005,0.0462436
4.4168e-005,0.0460303
4.4172e-005,0.0455987
4.4176e-005,0.0457724
4.418e-005,0.0455392
4.4184e-005,0.0458517
4.4188e-005,0.0465462
4.4192e-005,0.0457476
4.4196e-005,0.0460452
4.42e-005,0.0459609
4.4204e-005,0.0454846
4.4208e-005,0.0454549
4.4212e-005,0.0457624
4.4216e-005,0.0458517
4.422e-005,0.0454698
4.4224e-005,0.0460601
4.4228e-005,0.0457029
4.4232e-005,0.0460204
4.4236e-005,0.0459807
4.424e-005,0.0453805
4.4244e-005,0.0449291
4.4248e-005,0.0461791
4.4252e-005,0.0459013
4.4256e-005,0.0460998
4.426e-005,0.0465512
4.4264e-005,0.0456384
4.4268e-005,0.0462238
4.4272e-005,0.0462089
4.4276e-005,0.0460105
4.428e-005,0.0460551
4.4284e-005,0.0458716
4.4288e-005,0.0462883
4.4292e-005,0.0457029
4.4296e-005,0.046323
4.43e-005,0.0457575
4.4304e-005,0.0457872
4.4308e-005,0.0467794
4.4312e-005,0.046065
4.4316e-005,0.0459063
4.432e-005,0.0460204
4.4324e-005,0.046447
4.4328e-005,0.0464222
4.4332e-005,0.0465214
4.4336e-005,0.0459559
4.434e-005,0.0457972
4.4344e-005,0.0466256
4.4348e-005,0.0460402
4.4352e-005,0.0460551
4.4356e-005,0.0453954
4.436e-005,0.0450977
4.4364e-005,0.0412582
4.4368e-005,0.037131
4.4372e-005,0.0359206
4.4376e-005,0.0353055
4.438e-005,0.0355535
4.4384e-005,0.0341398
4.4388e-005,0.0257663
4.4392e-005,0.0203642
4.4396e-005,0.0201162
4.44e-005,0.0199177
4.4404e-005,0.0192927
4.4408e-005,0.0181567
4.4412e-005,0.00961955
4.4416e-005,0.00213898
4.442e-005,0.00141969
4.4424e-005,0.000174583
4.4428e-005,0.000968278
4.4432e-005,0.000888908
4.4436e-005,0.000437494
4.444e-005,0.000382928
4.4444e-005,0.000596233
4.4448e-005,-0.000261949
4.4452e-005,0.00908877
4.4456e-005,0.0193671
4.446e-005,0.0226262
4.4464e-005,0.0270213
4.4468e-005,0.031084
4.4472e-005,0.0335842
4.4476e-005,0.0357073
4.448e-005,0.037384
4.4484e-005,0.0394575
4.4488e-005,0.0404397
4.4492e-005,0.0417493
4.4496e-005,0.0434558
4.45e-005,0.0441502
4.4504e-005,0.0451374
4.4508e-005,0.0468587
4.4512e-005,0.046829
4.4516e-005,0.0472705
4.452e-005,0.0478757
4.4524e-005,0.0492646
4.4528e-005,0.0492845
4.4532e-005,0.0486445
4.4536e-005,0.0500682
4.454e-005,0.0503609
4.4544e-005,0.0512042
4.4548e-005,0.0512885
4.4552e-005,0.0507925
4.4556e-005,0.0510852
4.456e-005,0.0519185
4.4564e-005,0.0515415
4.4568e-005,0.0513729
4.4572e-005,0.0520574
4.4576e-005,0.0517052
4.458e-005,0.0524146
4.4584e-005,0.0520971
4.4588e-005,0.0519086
4.4592e-005,0.0520029
4.4596e-005,0.0525833
4.46e-005,0.0517052
4.4604e-005,0.0518937
4.4608e-005,0.0527271
4.4612e-005,0.0520426
4.4616e-005,0.052737
4.462e-005,0.0527519
4.4624e-005,0.0519235
4.4628e-005,0.0530396
4.4632e-005,0.0525634
4.4636e-005,0.0531041
4.464e-005,0.0524344
4.4644e-005,0.0523154
4.4648e-005,0.0527321
4.4652e-005,0.0528809
4.4656e-005,0.0531537
4.466e-005,0.0528313
4.4664e-005,0.0532133
4.4668e-005,0.0538184
4.4672e-005,0.0530644
4.4676e-005,0.0528809
4.468e-005,0.053243
4.4684e-005,0.0528462
4.4688e-005,0.0525088
4.4692e-005,0.0538135
4.4696e-005,0.0532281
4.47e-005,0.0527271
4.4704e-005,0.0540318
4.4708e-005,0.052737
4.4712e-005,0.0530396
4.4716e-005,0.0533273
4.472e-005,0.0533422
4.4724e-005,0.0530992
4.4728e-005,0.0531686
4.4732e-005,0.0538581
4.4736e-005,0.0528114
4.474e-005,0.0535158
4.4744e-005,0.052866
4.4748e-005,0.0523749
4.4752e-005,0.0536696
4.4756e-005,0.0542004
4.476e-005,0.0534018
4.4764e-005,0.0541062
4.4768e-005,0.0538631
4.4772e-005,0.0532182
4.4776e-005,0.053754
4.478e-005,0.0534762
4.4784e-005,0.0536696
4.4788e-005,0.0542103
4.4792e-005,0.0540367
4.4796e-005,0.0537837
4.48e-005,0.0540268
4.4804e-005,0.054121
4.4808e-005,0.0536994
4.4812e-005,0.0533522
4.4816e-005,0.0532281
4.482e-005,0.0533323
4.4824e-005,0.0530793
4.4828e-005,0.0532777
4.4832e-005,0.0535059
4.4836e-005,0.0531984
4.484e-005,0.05362
4.4844e-005,0.0537143
4.4848e-005,0.0536647
4.4852e-005,0.0531339
4.4856e-005,0.0526081
4.486e-005,0.0540318
4.4864e-005,0.0535357
4.4868e-005,0.0535853
4.4872e-005,0.0533522
4.4876e-005,0.053501
4.488e-005,0.0534117
4.4884e-005,0.0538234
4.4888e-005,0.0531885
4.4892e-005,0.0534464
4.4896e-005,0.053754
4.49e-005,0.05299
4.4904e-005,0.0537143
4.4908e-005,0.0536944
4.4912e-005,0.0530744
4.4916e-005,0.0527668
4.492e-005,0.0540615
4.4924e-005,0.0537738
4.4928e-005,0.054131
4.4932e-005,0.0531587
4.4936e-005,0.0528065
4.494e-005,0.0535407
4.4944e-005,0.0538631
4.4948e-005,0.0536002
4.4952e-005,0.0535903
4.4956e-005,0.0538432
4.496e-005,0.0539127
4.4964e-005,0.0531537
4.4968e-005,0.0532083
4.4972e-005,0.0535853
4.4976e-005,0.0529057
4.498e-005,0.0539573
4.4984e-005,0.0539921
4.4988e-005,0.0534662
4.4992e-005,0.0530347
4.4996e-005,0.0532827
4.5e-005,0.0525485
4.5004e-005,0.0537589
4.5008e-005,0.053243
4.5012e-005,0.0534315
4.5016e-005,0.0534464
4.502e-005,0.0531339
4.5024e-005,0.0534662
4.5028e-005,0.0537093
4.5032e-005,0.0533224
4.5036e-005,0.0529107
4.504e-005,0.0533224
4.5044e-005,0.0531885
4.5048e-005,0.0537341
4.5052e-005,0.0537936
4.5056e-005,0.0524989
4.506e-005,0.0528511
4.5064e-005,0.0532232
4.5068e-005,0.0535059
4.5072e-005,0.0532033
4.5076e-005,0.0537589
4.508e-005,0.0536498
4.5084e-005,0.0534018
4.5088e-005,0.0542847
4.5092e-005,0.0530694
4.5096e-005,0.0537986
4.51e-005,0.0542252
4.5104e-005,0.0536051
4.5108e-005,0.0546121
4.5112e-005,0.0540665
4.5116e-005,0.0542649
4.512e-005,0.0538631
4.5124e-005,0.053496
4.5128e-005,0.0518987
4.5132e-005,0.04607
4.5136e-005,0.0413971
4.514e-005,0.0390061
4.5144e-005,0.0369177
4.5148e-005,0.037002
4.5152e-005,0.0344126
4.5156e-005,0.026431
4.516e-005,0.0206767
4.5164e-005,0.0200666
4.5168e-005,0.0191588
4.5172e-005,0.0188859
4.5176e-005,0.0183056
4.518e-005,0.0103785
4.5184e-005,0.00200008
4.5188e-005,0.00144449
4.5192e-005,-0.000301634
4.5196e-005,0.000869066
4.52e-005,0.000630958
4.5204e-005,0.000501982
4.5208e-005,0.000303558
4.5212e-005,0.000759933
4.5216e-005,-7.84074e-005
4.522e-005,0.00896476
4.5224e-005,0.0202799
4.5228e-005,0.0245807
4.5232e-005,0.0294074
4.5236e-005,0.0332419
4.524e-005,0.0364712
4.5244e-005,0.0382174
4.5248e-005,0.0405042
4.5252e-005,0.0420271
4.5256e-005,0.0434458
4.526e-005,0.0442197
4.5264e-005,0.0453408
4.5268e-005,0.0465313
4.5272e-005,0.0479451
4.5276e-005,0.0482775
4.528e-005,0.0493291
4.5284e-005,0.0490414
4.5288e-005,0.0499839
4.5292e-005,0.0509066
4.5296e-005,0.0510008
4.53e-005,0.051606
4.5304e-005,0.0522955
4.5308e-005,0.0523799
4.5312e-005,0.0524642
4.5316e-005,0.0533125
4.532e-005,0.0533819
4.5324e-005,0.0538432
4.5328e-005,0.0548949
4.5332e-005,0.0541756
4.5336e-005,0.0549792
4.534e-005,0.0554951
4.5344e-005,0.0550784
4.5348e-005,0.0549991
4.5352e-005,0.0556787
4.5356e-005,0.055138
4.536e-005,0.0559217
4.5364e-005,0.0564426
4.5368e-005,0.05614
4.5372e-005,0.0562591
4.5376e-005,0.0563632
4.538e-005,0.0560557
4.5384e-005,0.0564872
4.5388e-005,0.0559713
4.5392e-005,0.0563583
4.5396e-005,0.056775
4.54e-005,0.0571718
4.5404e-005,0.057147
4.5408e-005,0.0570627
4.5412e-005,0.0572363
4.5416e-005,0.0576827
4.542e-005,0.0566857
4.5424e-005,0.0572859
4.5428e-005,0.0571569
4.5432e-005,0.0572363
4.5436e-005,0.0572115
4.544e-005,0.057023
4.5444e-005,0.0575488
4.5448e-005,0.0571569
4.5452e-005,0.0575935
4.5456e-005,0.0576083
4.546e-005,0.0578961
4.5464e-005,0.0576282
4.5468e-005,0.0568444
4.5472e-005,0.0578117
4.5476e-005,0.057524
4.548e-005,0.0569833
4.5484e-005,0.0574595
4.5488e-005,0.0571718
4.5492e-005,0.0576728
4.5496e-005,0.0577472
4.55e-005,0.0575736
4.5504e-005,0.0570776
4.5508e-005,0.0575984
4.5512e-005,0.0570676
4.5516e-005,0.0574099
4.552e-005,0.0568097
4.5524e-005,0.0577324
4.5528e-005,0.0573256
4.5532e-005,0.0575389
4.5536e-005,0.0580647
4.554e-005,0.0573851
4.5544e-005,0.0572313
4.5548e-005,0.0575141
4.5552e-005,0.0574645
4.5556e-005,0.0577224
4.556e-005,0.0578068
4.5564e-005,0.0574794
4.5568e-005,0.0573553
4.5572e-005,0.0576381
4.5576e-005,0.0572512
4.558e-005,0.0579407
4.5584e-005,0.0574496
4.5588e-005,0.0573901
4.5592e-005,0.058149
4.5596e-005,0.0580647
4.56e-005,0.0578564
4.5604e-005,0.0574397
4.5608e-005,0.057901
4.5612e-005,0.0579804
4.5616e-005,0.057777
4.562e-005,0.0578762
4.5624e-005,0.0575488
4.5628e-005,0.0577274
4.5632e-005,0.0580994
4.5636e-005,0.0577572
4.564e-005,0.0578564
4.5644e-005,0.0573653
4.5648e-005,0.0574496
4.5652e-005,0.0579159
4.5656e-005,0.0574595
4.566e-005,0.057901
4.5664e-005,0.0579754
4.5668e-005,0.0581193
4.5672e-005,0.0576778
4.5676e-005,0.0577224
4.568e-005,0.0577968
4.5684e-005,0.057519
4.5688e-005,0.0577869
4.5692e-005,0.058025
4.5696e-005,0.0578911
4.57e-005,0.0578961
4.5704e-005,0.0578464
4.5708e-005,0.0576877
4.5712e-005,0.0580151
4.5716e-005,0.0575687
4.572e-005,0.0572165
4.5724e-005,0.058035
4.5728e-005,0.0576232
4.5732e-005,0.0578117
4.5736e-005,0.0576183
4.574e-005,0.0579506
4.5744e-005,0.0582731
4.5748e-005,0.057782
4.5752e-005,0.0577373
4.5756e-005,0.0580697
4.576e-005,0.0583822
4.5764e-005,0.0573355
4.5768e-005,0.0577274
4.5772e-005,0.0579853
4.5776e-005,0.0576431
4.578e-005,0.0577373
4.5784e-005,0.0577671
4.5788e-005,0.0572462
4.5792e-005,0.0579258
4.5796e-005,0.0577324
4.58e-005,0.0574595
4.5804e-005,0.0577522
4.5808e-005,0.0578167
4.5812e-005,0.0573802
4.5816e-005,0.0575042
4.582e-005,0.0579705
4.5824e-005,0.0576927
4.5828e-005,0.0578316
4.5832e-005,0.0578018
4.5836e-005,0.0581094
4.584e-005,0.0576232
4.5844e-005,0.0578762
4.5848e-005,0.0579556
4.5852e-005,0.0576728
4.5856e-005,0.0576331
4.586e-005,0.0576183
4.5864e-005,0.0575935
4.5868e-005,0.0579655
4.5872e-005,0.0572462
4.5876e-005,0.0580746
4.588e-005,0.0574496
4.5884e-005,0.0577919
4.5888e-005,0.0577026
4.5892e-005,0.0581193
4.5896e-005,0.0561747
4.59e-005,0.048079
4.5904e-005,0.0424488
4.5908e-005,0.0392889
4.5912e-005,0.0374634
4.5916e-005,0.0377015
4.592e-005,0.0345614
4.5924e-005,0.0260342
4.5928e-005,0.0218375
4.5932e-005,0.0198235
4.5936e-005,0.0196152
4.594e-005,0.0183849
4.5944e-005,0.0183006
4.5948e-005,0.00987254
4.5952e-005,0.00193559
4.5956e-005,0.0013056
4.596e-005,-0.000326437
4.5964e-005,0.00150898
4.5968e-005,0.000283716
4.5972e-005,0.000363085
4.5976e-005,0.00106253
4.598e-005,0.0006508
4.5984e-005,-0.000658797
4.5988e-005,0.00938145
4.5992e-005,0.0185685
4.5996e-005,0.0209099
4.6e-005,0.022904
4.6004e-005,0.0256671
4.6008e-005,0.0266294
4.6012e-005,0.0282962
4.6016e-005,0.0293181
4.602e-005,0.0303251
4.6024e-005,0.03159
4.6028e-005,0.0323341
4.6032e-005,0.033356
4.6036e-005,0.0338372
4.604e-005,0.0343184
4.6044e-005,0.0349434
4.6048e-005,0.0357966
4.6052e-005,0.0359603
4.6056e-005,0.0361637
4.606e-005,0.0363175
4.6064e-005,0.0362728
4.6068e-005,0.0366151
4.6072e-005,0.0368731
4.6076e-005,0.0364712
4.608e-005,0.0361141
4.6084e-005,0.0367639
4.6088e-005,0.0366697
4.6092e-005,0.0370913
4.6096e-005,0.0370417
4.61e-005,0.0376221
4.6104e-005,0.0364216
4.6108e-005,0.0367242
4.6112e-005,0.0367738
4.6116e-005,0.0366746
4.612e-005,0.0372054
4.6124e-005,0.0372997
4.6128e-005,0.0366349
4.6132e-005,0.036878
4.6136e-005,0.0373195
4.614e-005,0.037126
4.6144e-005,0.0370516
4.6148e-005,0.0367639
4.6152e-005,0.0365853
4.6156e-005,0.0372352
4.616e-005,0.0360744
4.6164e-005,0.0365556
4.6168e-005,0.0369574
4.6172e-005,0.0369872
4.6176e-005,0.0374534
4.618e-005,0.037136
4.6184e-005,0.0371757
4.6188e-005,0.0367292
4.6192e-005,0.0359802
4.6196e-005,0.0370913
4.62e-005,0.0356428
4.6204e-005,0.0359702
4.6208e-005,0.0364167
4.6212e-005,0.0362877
4.6216e-005,0.0362282
4.622e-005,0.0366101
4.6224e-005,0.0362778
4.6228e-005,0.036248
4.6232e-005,0.0364464
4.6236e-005,0.0362034
4.624e-005,0.0365506
4.6244e-005,0.0360942
4.6248e-005,0.0362728
4.6252e-005,0.0369425
4.6256e-005,0.0361935
4.626e-005,0.0362679
4.6264e-005,0.0370665
4.6268e-005,0.0363274
4.6272e-005,0.0365258
4.6276e-005,0.0369127
4.628e-005,0.0363919
4.6284e-005,0.0362133
4.6288e-005,0.0365109
4.6292e-005,0.0362282
4.6296e-005,0.0364762
4.63e-005,0.0370169
4.6304e-005,0.0367292
4.6308e-005,0.0362331
4.6312e-005,0.0365407
4.6316e-005,0.0368433
4.632e-005,0.0364068
4.6324e-005,0.0361835
4.6328e-005,0.036253
4.6332e-005,0.0360694
4.6336e-005,0.0361885
4.634e-005,0.036253
4.6344e-005,0.0356726
4.6348e-005,0.0362282
4.6352e-005,0.0362629
4.6356e-005,0.0359504
4.636e-005,0.036
4.6364e-005,0.0362431
4.6368e-005,0.0361042
4.6372e-005,0.0358462
4.6376e-005,0.0364216
4.638e-005,0.0360794
4.6384e-005,0.0368086
4.6388e-005,0.0363125
4.6392e-005,0.0361637
4.6396e-005,0.0364861
4.64e-005,0.0357817
4.6404e-005,0.035752
4.6408e-005,0.0366052
4.6412e-005,0.0364911
4.6416e-005,0.0360298
4.642e-005,0.0357371
4.6424e-005,0.0371459
4.6428e-005,0.0362579
4.6432e-005,0.0369028
4.6436e-005,0.0360645
4.644e-005,0.0364812
4.6444e-005,0.0364812
4.6448e-005,0.0363324
4.6452e-005,0.0366796
4.6456e-005,0.0365258
4.646e-005,0.036759
4.6464e-005,0.0359504
4.6468e-005,0.0363075
4.6472e-005,0.0363423
4.6476e-005,0.0364762
4.648e-005,0.0365804
4.6484e-005,0.0362232
4.6488e-005,0.0360893
4.6492e-005,0.0355734
4.6496e-005,0.0360595
4.65e-005,0.0360099
4.6504e-005,0.0361488
4.6508e-005,0.0359752
4.6512e-005,0.035995
4.6516e-005,0.0363572
4.652e-005,0.0364018
4.6524e-005,0.0362282
4.6528e-005,0.0355734
4.6532e-005,0.036749
4.6536e-005,0.0358413
4.654e-005,0.0364464
4.6544e-005,0.0358413
4.6548e-005,0.0363472
4.6552e-005,0.0361835
4.6556e-005,0.0360942
4.656e-005,0.0352162
4.6564e-005,0.0358462
4.6568e-005,0.0360149
4.6572e-005,0.0359653
4.6576e-005,0.0367143
4.658e-005,0.0361935
4.6584e-005,0.0362232
4.6588e-005,0.0367887
4.6592e-005,0.0364663
4.6596e-005,0.036124
4.66e-005,0.0355486
4.6604e-005,0.036253
4.6608e-005,0.0359405
4.6612e-005,0.0365953
4.6616e-005,0.0364415
4.662e-005,0.0362679
4.6624e-005,0.0359653
4.6628e-005,0.0366399
4.6632e-005,0.0363075
4.6636e-005,0.0355535
4.664e-005,0.036
4.6644e-005,0.0364514
4.6648e-005,0.0358165
4.6652e-005,0.036005
4.6656e-005,0.0365258
4.666e-005,0.0357371
4.6664e-005,0.0352956
4.6668e-005,0.0343283
4.6672e-005,0.032855
4.6676e-005,0.0324036
4.668e-005,0.0320712
4.6684e-005,0.0326069
4.6688e-005,0.0318629
4.6692e-005,0.0240797
4.6696e-005,0.0201013
4.67e-005,0.0197739
4.6704e-005,0.0191786
4.6708e-005,0.0189504
4.6712e-005,0.0181865
4.6716e-005,0.00893499
4.672e-005,0.00187607
4.6724e-005,0.0013552
4.6728e-005,-9.32892e-005
4.6732e-005,0.000343243
4.6736e-005,0.000447416
4.674e-005,0.000511903
4.6744e-005,0.000715288
4.6748e-005,0.000645839
4.6752e-005,-0.000271871
4.6756e-005,0.00997176
4.676e-005,0.0189504
4.6764e-005,0.0220756
4.6768e-005,0.0250123
4.6772e-005,0.0287377
4.6776e-005,0.0300423
4.678e-005,0.0324234
4.6784e-005,0.0339066
4.6788e-005,0.0355089
4.6792e-005,0.036248
4.6796e-005,0.0378503
4.68e-005,0.0386241
4.6804e-005,0.0400082
4.6808e-005,0.0407126
4.6812e-005,0.0406133
4.6816e-005,0.0418733
4.682e-005,0.0421362
4.6824e-005,0.0426918
4.6828e-005,0.0437286
4.6832e-005,0.043431
4.6836e-005,0.043173
4.684e-005,0.0440709
4.6844e-005,0.0444032
4.6848e-005,0.0444132
4.6852e-005,0.0450729
4.6856e-005,0.0445025
4.686e-005,0.0454549
4.6864e-005,0.0449241
4.6868e-005,0.0454152
4.6872e-005,0.0451523
4.6876e-005,0.0454846
4.688e-005,0.0447356
4.6884e-005,0.045192
4.6888e-005,0.0454747
4.6892e-005,0.0451374
4.6896e-005,0.0451374
4.69e-005,0.0459658
4.6904e-005,0.0456583
4.6908e-005,0.0456434
4.6912e-005,0.0457376
4.6916e-005,0.0455789
4.692e-005,0.0456583
4.6924e-005,0.0458914
4.6928e-005,0.0452118
4.6932e-005,0.0458567
4.6936e-005,0.0456583
4.694e-005,0.0456037
4.6944e-005,0.0457972
4.6948e-005,0.0462833
4.6952e-005,0.0462139
4.6956e-005,0.0460601
4.696e-005,0.0460254
4.6964e-005,0.0467248
4.6968e-005,0.0456732
4.6972e-005,0.0469034
4.6976e-005,0.0457525
4.698e-005,0.0460055
4.6984e-005,0.046318
4.6988e-005,0.0456384
4.6992e-005,0.0457773
4.6996e-005,0.0459658
4.7e-005,0.0459212
4.7004e-005,0.0462238
4.7008e-005,0.0469778
4.7012e-005,0.0469728
4.7016e-005,0.0456483
4.702e-005,0.0466653
4.7024e-005,0.0457277
4.7028e-005,0.0463974
4.7032e-005,0.0464817
4.7036e-005,0.0466157
4.704e-005,0.0457823
4.7044e-005,0.0465115
4.7048e-005,0.0459956
4.7052e-005,0.0457376
4.7056e-005,0.0464321
4.706e-005,0.0462486
4.7064e-005,0.0457376
4.7068e-005,0.0466256
4.7072e-005,0.0459559
4.7076e-005,0.0461047
4.708e-005,0.0456533
4.7084e-005,0.0455442
4.7088e-005,0.0457277
4.7092e-005,0.0466752
4.7096e-005,0.0457029
4.71e-005,0.045812
4.7104e-005,0.0459956
4.7108e-005,0.045817
4.7112e-005,0.0452614
4.7116e-005,0.046447
4.712e-005,0.0457277
4.7124e-005,0.0460849
4.7128e-005,0.0462833
4.7132e-005,0.0462535
4.7136e-005,0.0460849
4.714e-005,0.0458021
4.7144e-005,0.04544
4.7148e-005,0.0456632
4.7152e-005,0.0461742
4.7156e-005,0.0450233
4.716e-005,0.0457426
4.7164e-005,0.0458716
4.7168e-005,0.0456483
4.7172e-005,0.0454003
4.7176e-005,0.0457624
4.718e-005,0.0454648
4.7184e-005,0.0458666
4.7188e-005,0.0463676
4.7192e-005,0.0463279
4.7196e-005,0.0456831
4.72e-005,0.0462783
4.7204e-005,0.0462783
4.7208e-005,0.0463031
4.7212e-005,0.0470274
4.7216e-005,0.0465809
4.722e-005,0.0456335
4.7224e-005,0.0463478
4.7228e-005,0.0461146
4.7232e-005,0.0458567
4.7236e-005,0.046442
4.724e-005,0.0454152
4.7244e-005,0.0460055
4.7248e-005,0.0461791
4.7252e-005,0.0460898
4.7256e-005,0.0459311
4.726e-005,0.0460849
4.7264e-005,0.0458567
4.7268e-005,0.0452961
4.7272e-005,0.046075
4.7276e-005,0.0455194
4.728e-005,0.0458021
4.7284e-005,0.0463031
4.7288e-005,0.0458517
4.7292e-005,0.0459311
4.7296e-005,0.046075
4.73e-005,0.0457277
4.7304e-005,0.0456285
4.7308e-005,0.0462337
4.7312e-005,0.0461196
4.7316e-005,0.0454202
4.732e-005,0.0466256
4.7324e-005,0.0461891
4.7328e-005,0.0461345
4.7332e-005,0.0461543
4.7336e-005,0.0460601
4.734e-005,0.0460849
4.7344e-005,0.0461444
4.7348e-005,0.0454598
4.7352e-005,0.0448795
4.7356e-005,0.0466206
4.736e-005,0.0458269
4.7364e-005,0.0457029
4.7368e-005,0.0460502
4.7372e-005,0.0463478
4.7376e-005,0.0460601
4.738e-005,0.0462932
4.7384e-005,0.0451424
4.7388e-005,0.045693
4.7392e-005,0.0466057
4.7396e-005,0.0463031
4.74e-005,0.0453656
4.7404e-005,0.0466504
4.7408e-005,0.0459162
4.7412e-005,0.0462684
4.7416e-005,0.0467099
4.742e-005,0.0462089
4.7424e-005,0.0468835
4.7428e-005,0.0456335
4.7432e-005,0.0443338
4.7436e-005,0.0405687
4.744e-005,0.0386142
4.7444e-005,0.036377
4.7448e-005,0.0349434
4.7452e-005,0.0348739
4.7456e-005,0.0338322
4.746e-005,0.0257564
4.7464e-005,0.0203444
4.7468e-005,0.0199525
4.7472e-005,0.0190992
4.7476e-005,0.0183849
4.748e-005,0.0188016
4.7484e-005,0.0091979
4.7488e-005,0.00181654
4.7492e-005,0.000824421
4.7496e-005,-0.000142895
4.75e-005,5.92266e-006
4.7504e-005,0.000958357
4.7508e-005,0.000224189
4.7512e-005,0.000497021
4.7516e-005,0.000447416
4.752e-005,-0.00043061
4.7524e-005,0.00885066
4.7528e-005,0.0191141
4.7532e-005,0.0227602
4.7536e-005,0.0269023
4.754e-005,0.0306177
4.7544e-005,0.0336139
4.7548e-005,0.0356379
4.7552e-005,0.037508
4.7556e-005,0.0395319
4.756e-005,0.0404695
4.7564e-005,0.0422057
4.7568e-005,0.04292
4.7572e-005,0.0445521
4.7576e-005,0.0435996
4.758e-005,0.0458765
4.7584e-005,0.0462585
4.7588e-005,0.0469579
4.7592e-005,0.0469133
4.7596e-005,0.0486148
4.76e-005,0.0488231
4.7604e-005,0.0489075
4.7608e-005,0.0491108
4.7612e-005,0.0496615
4.7616e-005,0.0496763
4.762e-005,0.0506387
4.7624e-005,0.0496863
4.7628e-005,0.05111
4.7632e-005,0.0515713
4.7636e-005,0.0510107
4.764e-005,0.0515911
4.7644e-005,0.052117
4.7648e-005,0.0517548
4.7652e-005,0.0515812
4.7656e-005,0.0523997
4.766e-005,0.0519681
4.7664e-005,0.0518094
4.7668e-005,0.0528462
4.7672e-005,0.0526825
4.7676e-005,0.0523253
4.768e-005,0.0528908
4.7684e-005,0.0523749
4.7688e-005,0.0528214
4.7692e-005,0.0534464
4.7696e-005,0.0524543
4.77e-005,0.0521864
4.7704e-005,0.0523203
4.7708e-005,0.053124
4.7712e-005,0.0526229
4.7716e-005,0.0537986
4.772e-005,0.0528908
4.7724e-005,0.0541359
4.7728e-005,0.0536795
4.7732e-005,0.0533125
4.7736e-005,0.0535059
4.774e-005,0.0531835
4.7744e-005,0.053754
4.7748e-005,0.0536151
4.7752e-005,0.0532976
4.7756e-005,0.0535258
4.776e-005,0.0534613
4.7764e-005,0.0539425
4.7768e-005,0.0536151
4.7772e-005,0.0528263
4.7776e-005,0.0538333
4.778e-005,0.0538681
4.7784e-005,0.0534613
4.7788e-005,0.0539474
4.7792e-005,0.0538234
4.7796e-005,0.0536547
4.78e-005,0.0535456
4.7804e-005,0.0538631
4.7808e-005,0.0538829
4.7812e-005,0.0540119
4.7816e-005,0.0529007
4.782e-005,0.0534018
4.7824e-005,0.0537986
4.7828e-005,0.0534117
4.7832e-005,0.0530248
4.7836e-005,0.0530892
4.784e-005,0.0540913
4.7844e-005,0.0535754
4.7848e-005,0.0533075
4.7852e-005,0.0529454
4.7856e-005,0.0532133
4.786e-005,0.0535655
4.7864e-005,0.0530049
4.7868e-005,0.0533025
4.7872e-005,0.0539127
4.7876e-005,0.0534117
4.788e-005,0.0538432
4.7884e-005,0.0538581
4.7888e-005,0.0533125
4.7892e-005,0.0531289
4.7896e-005,0.053878
4.79e-005,0.0537292
4.7904e-005,0.0530644
4.7908e-005,0.0536349
4.7912e-005,0.0539127
4.7916e-005,0.0533522
4.792e-005,0.0537688
4.7924e-005,0.0531686
4.7928e-005,0.0523997
4.7932e-005,0.0539177
4.7936e-005,0.0532083
4.794e-005,0.0532033
4.7944e-005,0.0532728
4.7948e-005,0.0534464
4.7952e-005,0.0526081
4.7956e-005,0.0535704
4.796e-005,0.0530644
4.7964e-005,0.0533522
4.7968e-005,0.0537837
4.7972e-005,0.0534563
4.7976e-005,0.0537589
4.798e-005,0.0545725
4.7984e-005,0.05362
4.7988e-005,0.0529999
4.7992e-005,0.0533025
4.7996e-005,0.0532529
4.8e-005,0.0540069
4.8004e-005,0.0539921
4.8008e-005,0.0529007
4.8012e-005,0.054384
4.8016e-005,0.0538383
4.802e-005,0.0536299
4.8024e-005,0.0536051
4.8028e-005,0.0528263
4.8032e-005,0.0537837
4.8036e-005,0.0529305
4.804e-005,0.053873
4.8044e-005,0.0536101
4.8048e-005,0.053367
4.8052e-005,0.0538184
4.8056e-005,0.0528462
4.806e-005,0.0535903
4.8064e-005,0.0529999
4.8068e-005,0.0530099
4.8072e-005,0.0530545
4.8076e-005,0.0535109
4.808e-005,0.0528214
4.8084e-005,0.0534712
4.8088e-005,0.0536101
4.8092e-005,0.05299
4.8096e-005,0.0537688
4.81e-005,0.0533125
4.8104e-005,0.0535704
4.8108e-005,0.0528611
4.8112e-005,0.0540516
4.8116e-005,0.0540615
4.812e-005,0.0536746
4.8124e-005,0.0535952
4.8128e-005,0.0535407
4.8132e-005,0.0533323
4.8136e-005,0.0535853
4.814e-005,0.0536051
4.8144e-005,0.0541111
4.8148e-005,0.0536002
4.8152e-005,0.0532877
4.8156e-005,0.0535456
4.816e-005,0.0536349
4.8164e-005,0.053372
4.8168e-005,0.0528412
4.8172e-005,0.0537044
4.8176e-005,0.0536349
4.818e-005,0.0543542
4.8184e-005,0.0536399
4.8188e-005,0.0538482
4.8192e-005,0.0533174
4.8196e-005,0.0535407
4.82e-005,0.0514721
4.8204e-005,0.0453805
4.8208e-005,0.0414021
4.8212e-005,0.0386291
4.8216e-005,0.0365159
4.822e-005,0.036248
4.8224e-005,0.0342241
4.8228e-005,0.0258308
4.8232e-005,0.0210785
4.8236e-005,0.01964
4.824e-005,0.0188611
4.8244e-005,0.0193423
4.8248e-005,0.0187371
4.8252e-005,0.0100809
4.8256e-005,0.00171733
4.826e-005,0.00164292
4.8264e-005,0.000323401
4.8268e-005,0.000630958
4.8272e-005,0.00136016
4.8276e-005,0.000348204
4.828e-005,0.00098316
4.8284e-005,0.000864105
4.8288e-005,-0.000440531
4.8292e-005,0.00971381
4.8296e-005,0.0195606
4.83e-005,0.0236084
4.8304e-005,0.0287724
4.8308e-005,0.0330435
4.8312e-005,0.0356279
4.8316e-005,0.0380388
4.832e-005,0.0393137
4.8324e-005,0.0418783
4.8328e-005,0.0428803
4.8332e-005,0.0440411
4.8336e-005,0.0454698
4.834e-005,0.0464668
4.8344e-005,0.0471613
4.8348e-005,0.0480493
4.8352e-005,0.0484957
4.8356e-005,0.0494134
4.836e-005,0.0498698
4.8364e-005,0.0510107
4.8368e-005,0.0504204
4.8372e-005,0.0505395
4.8376e-005,0.0519433
4.838e-005,0.0534662
4.8384e-005,0.0521368
4.8388e-005,0.053496
4.8392e-005,0.0531736
4.8396e-005,0.0532926
4.84e-005,0.0536101
4.8404e-005,0.0541657
4.8408e-005,0.0539673
4.8412e-005,0.0543542
4.8416e-005,0.054498
4.842e-005,0.0548999
4.8424e-005,0.0556191
4.8428e-005,0.0552421
4.8432e-005,0.0549495
4.8436e-005,0.0565369
4.844e-005,0.0557977
4.8444e-005,0.0557332
4.8448e-005,0.0559416
4.8452e-005,0.05614
4.8456e-005,0.0566361
4.846e-005,0.0567254
4.8464e-005,0.0564624
4.8468e-005,0.0564277
4.8472e-005,0.0568246
4.8476e-005,0.0563583
4.848e-005,0.0567204
4.8484e-005,0.0570676
4.8488e-005,0.0562491
4.8492e-005,0.0570428
4.8496e-005,0.0568692
4.85e-005,0.0570974
4.8504e-005,0.0572363
4.8508e-005,0.0562987
4.8512e-005,0.0563732
4.8516e-005,0.0567006
4.852e-005,0.0561797
4.8524e-005,0.0568543
4.8528e-005,0.0571123
4.8532e-005,0.0570825
4.8536e-005,0.0567898
4.854e-005,0.0574099
4.8544e-005,0.0575885
4.8548e-005,0.0574298
4.8552e-005,0.0573206
4.8556e-005,0.0576778
4.856e-005,0.057529
4.8564e-005,0.0568593
4.8568e-005,0.0566757
4.8572e-005,0.0577324
4.8576e-005,0.0570528
4.858e-005,0.0574744
4.8584e-005,0.0574347
4.8588e-005,0.0573454
4.8592e-005,0.0574198
4.8596e-005,0.0581242
4.86e-005,0.0573702
4.8604e-005,0.0580846
4.8608e-005,0.0573057
4.8612e-005,0.0578911
4.8616e-005,0.0578861
4.862e-005,0.0575984
4.8624e-005,0.0578961
4.8628e-005,0.0578018
4.8632e-005,0.0574893
4.8636e-005,0.0571569
4.864e-005,0.0573057
4.8644e-005,0.0572413
4.8648e-005,0.0577125
4.8652e-005,0.0569982
4.8656e-005,0.0576579
4.866e-005,0.0576232
4.8664e-005,0.0580746
4.8668e-005,0.0576728
4.8672e-005,0.0573405
4.8676e-005,0.057524
4.868e-005,0.0570329
4.8684e-005,0.0571817
4.8688e-005,0.0574893
4.8692e-005,0.0572462
4.8696e-005,0.0573206
4.87e-005,0.057018
4.8704e-005,0.0573305
4.8708e-005,0.0572661
4.8712e-005,0.0573553
4.8716e-005,0.0578713
4.872e-005,0.0571222
4.8724e-005,0.0569188
4.8728e-005,0.0574992
4.8732e-005,0.0575042
4.8736e-005,0.0574744
4.874e-005,0.0568841
4.8744e-005,0.0568841
4.8748e-005,0.0575587
4.8752e-005,0.0570081
4.8756e-005,0.0575984
4.876e-005,0.057529
4.8764e-005,0.0574446
4.8768e-005,0.0565865
4.8772e-005,0.0574992
4.8776e-005,0.0573901
4.878e-005,0.0573752
4.8784e-005,0.0574794
4.8788e-005,0.0576629
4.8792e-005,0.057276
4.8796e-005,0.057648
4.88e-005,0.0577572
4.8804e-005,0.0573256
4.8808e-005,0.0578613
4.8812e-005,0.057772
4.8816e-005,0.0576133
4.882e-005,0.0571222
4.8824e-005,0.0575488
4.8828e-005,0.0573008
4.8832e-005,0.0580449
4.8836e-005,0.0580201
4.884e-005,0.0570776
4.8844e-005,0.0578266
4.8848e-005,0.0574496
4.8852e-005,0.0575935
4.8856e-005,0.0572413
4.886e-005,0.0577175
4.8864e-005,0.0572214
4.8868e-005,0.0576183
4.8872e-005,0.0578812
4.8876e-005,0.0578961
4.888e-005,0.0581689
4.8884e-005,0.0579556
4.8888e-005,0.057395
4.8892e-005,0.0577224
4.8896e-005,0.0575538
4.89e-005,0.0580647
4.8904e-005,0.0577919
4.8908e-005,0.0574496
4.8912e-005,0.0579705
4.8916e-005,0.0582086
4.892e-005,0.057276
4.8924e-005,0.0576282
4.8928e-005,0.0581242
4.8932e-005,0.0575042
4.8936e-005,0.0576629
4.894e-005,0.0578564
4.8944e-005,0.0573355
4.8948e-005,0.0571172
4.8952e-005,0.0579209
4.8956e-005,0.0573256
4.896e-005,0.0578018
4.8964e-005,0.058025
4.8968e-005,0.055892
4.8972e-005,0.0485354
4.8976e-005,0.0431036
4.898e-005,0.0396063
4.8984e-005,0.0379545
4.8988e-005,0.0372302
4.8992e-005,0.03537
4.8996e-005,0.0259498
4.9e-005,0.0215002
4.9004e-005,0.0201608
4.9008e-005,0.0188264
4.9012e-005,0.018623
4.9016e-005,0.0184593
4.902e-005,0.0100462
4.9024e-005,0.00238205
4.9028e-005,0.00128576
4.9032e-005,2.08044e-005
4.9036e-005,0.000814499
4.904e-005,0.00073513
4.9044e-005,0.000526785
4.9048e-005,0.00098316
4.9052e-005,-0.000217304
4.9056e-005,-0.000167698
4.906e-005,0.00981798
4.9064e-005,0.019635
4.9068e-005,0.0204684
4.9072e-005,0.0232165
4.9076e-005,0.0260838
4.908e-005,0.0268576
4.9084e-005,0.0276513
4.9088e-005,0.0300175
4.9092e-005,0.0306326
4.9096e-005,0.0317289
4.91e-005,0.0320117
4.9104e-005,0.0331873
4.9108e-005,0.0338223
4.9112e-005,0.0340654
4.9116e-005,0.0343779
4.912e-005,0.0348442
4.9124e-005,0.0347102
4.9128e-005,0.0357172
4.9132e-005,0.0366101
4.9136e-005,0.0357718
4.914e-005,0.0357024
4.9144e-005,0.0365655
4.9148e-005,0.036377
4.9152e-005,0.0365853
4.9156e-005,0.0367887
4.916e-005,0.0358165
4.9164e-005,0.0361488
4.9168e-005,0.0362877
4.9172e-005,0.0363522
4.9176e-005,0.0357768
4.918e-005,0.0362381
4.9184e-005,0.0366101
4.9188e-005,0.0360149
4.9192e-005,0.0361042
4.9196e-005,0.0360099
4.92e-005,0.0361339
4.9204e-005,0.0365903
4.9208e-005,0.036372
4.9212e-005,0.0365754
4.9216e-005,0.0364712
4.922e-005,0.0359206
4.9224e-005,0.0362034
4.9228e-005,0.03663
4.9232e-005,0.0360248
4.9236e-005,0.0359355
4.924e-005,0.0364564
4.9244e-005,0.0364018
4.9248e-005,0.0359405
4.9252e-005,0.0356131
4.9256e-005,0.0359057
4.926e-005,0.0354444
4.9264e-005,0.0361141
4.9268e-005,0.0355684
4.9272e-005,0.0358512
4.9276e-005,0.0357867
4.928e-005,0.0362381
4.9284e-005,0.036129
4.9288e-005,0.0361736
4.9292e-005,0.0361141
4.9296e-005,0.0359653
4.93e-005,0.0361637
4.9304e-005,0.035871
4.9308e-005,0.0355635
4.9312e-005,0.036005
4.9316e-005,0.0359504
4.932e-005,0.0355833
4.9324e-005,0.0354692
4.9328e-005,0.0359702
4.9332e-005,0.0357668
4.9336e-005,0.0356776
4.934e-005,0.0356428
4.9344e-005,0.035494
4.9348e-005,0.0357768
4.9352e-005,0.0360546
4.9356e-005,0.0357619
4.936e-005,0.0362232
4.9364e-005,0.0356081
4.9368e-005,0.0358958
4.9372e-005,0.0360446
4.9376e-005,0.0359355
4.938e-005,0.0359305
4.9384e-005,0.0364415
4.9388e-005,0.0361687
4.9392e-005,0.0359405
4.9396e-005,0.0358165
4.94e-005,0.0359107
4.9404e-005,0.0355238
4.9408e-005,0.0355139
4.9412e-005,0.0358065
4.9416e-005,0.0353254
4.942e-005,0.0359504
4.9424e-005,0.0349186
4.9428e-005,0.0349731
4.9432e-005,0.0351021
4.9436e-005,0.0354047
4.944e-005,0.0354097
4.9444e-005,0.036382
4.9448e-005,0.035742
4.9452e-005,0.035365
4.9456e-005,0.0351021
4.946e-005,0.035742
4.9464e-005,0.0358512
4.9468e-005,0.0357172
4.9472e-005,0.0361042
4.9476e-005,0.0359752
4.948e-005,0.0350376
4.9484e-005,0.0351666
4.9488e-005,0.0349434
4.9492e-005,0.0357768
4.9496e-005,0.0356974
4.95e-005,0.0346259
4.9504e-005,0.0353105
4.9508e-005,0.0347698
4.9512e-005,0.035112
4.9516e-005,0.0360149
4.952e-005,0.0359057
4.9524e-005,0.035618
4.9528e-005,0.0356081
4.9532e-005,0.0359653
4.9536e-005,0.0345168
4.954e-005,0.0355635
4.9544e-005,0.0354047
4.9548e-005,0.0355089
4.9552e-005,0.0356131
4.9556e-005,0.0355833
4.956e-005,0.0357718
4.9564e-005,0.0358413
4.9568e-005,0.0350972
4.9572e-005,0.0353105
4.9576e-005,0.0359802
4.958e-005,0.035499
4.9584e-005,0.0360744
4.9588e-005,0.0358016
4.9592e-005,0.0356627
4.9596e-005,0.0356081
4.96e-005,0.0357668
4.9604e-005,0.0352311
4.9608e-005,0.0353799
4.9612e-005,0.0354593
4.9616e-005,0.034993
4.962e-005,0.0354593
4.9624e-005,0.0348442
4.9628e-005,0.0358413
4.9632e-005,0.0351815
4.9636e-005,0.0357916
4.964e-005,0.0351964
4.9644e-005,0.0358413
4.9648e-005,0.0352162
4.9652e-005,0.0358313
4.9656e-005,0.0346805
4.966e-005,0.0360347
4.9664e-005,0.0354791
4.9668e-005,0.0355486
4.9672e-005,0.0356726
4.9676e-005,0.0354394
4.968e-005,0.0350724
4.9684e-005,0.0361687
4.9688e-005,0.0356279
4.9692e-005,0.035742
4.9696e-005,0.0352113
4.97e-005,0.0356577
4.9704e-005,0.0349831
4.9708e-005,0.0354791
4.9712e-005,0.0357668
4.9716e-005,0.0355387
4.972e-005,0.0351765
4.9724e-005,0.0356776
4.9728e-005,0.0350972
4.9732e-005,0.0349285
4.9736e-005,0.0347747
4.974e-005,0.0332965
4.9744e-005,0.0321407
4.9748e-005,0.0319472
4.9752e-005,0.0320018
4.9756e-005,0.032225
4.976e-005,0.031466
4.9764e-005,0.0235687
4.9768e-005,0.0195159
4.9772e-005,0.0199177
4.9776e-005,0.0189306
4.978e-005,0.0189554
4.9784e-005,0.0186974
4.9788e-005,0.00991719
4.9792e-005,0.00125103
4.9796e-005,0.00125599
4.98e-005,-0.000326437
4.9804e-005,0.000358125
4.9808e-005,0.000382928
4.9812e-005,0.000526785
4.9816e-005,0.000680563
4.982e-005,0.000794657
4.9824e-005,-0.000167698
4.9828e-005,0.00950546
4.9832e-005,0.0196102
4.9836e-005,0.0218028
4.984e-005,0.0239408
4.9844e-005,0.0278745
4.9848e-005,0.0294719
4.9852e-005,0.0315107
4.9856e-005,0.0334304
4.986e-005,0.0348789
4.9864e-005,0.0368929
4.9868e-005,0.0369425
4.9872e-005,0.0382719
4.9876e-005,0.0389912
4.988e-005,0.039899
4.9884e-005,0.0407175
4.9888e-005,0.0415906
4.9892e-005,0.0417096
4.9896e-005,0.0421065
4.99e-005,0.0431978
4.9904e-005,0.0428208
4.9908e-005,0.0433764
4.9912e-005,0.0440659
4.9916e-005,0.0436591
4.992e-005,0.0439171
4.9924e-005,0.0443338
4.9928e-005,0.0439419
4.9932e-005,0.0441453
4.9936e-005,0.044805
4.994e-005,0.0442693
4.9944e-005,0.0439518
4.9948e-005,0.0443139
4.9952e-005,0.0444231
4.9956e-005,0.044934
4.996e-005,0.0458617
4.9964e-005,0.0447902
4.9968e-005,0.0444578
4.9972e-005,0.0456682
4.9976e-005,0.0447902
4.998e-005,0.0451027
4.9984e-005,0.045435
4.9988e-005,0.0452614
4.9992e-005,0.0450332
4.9996e-005,0.0451572
5e-005,0.0456732
5.0004e-005,0.0447902
5.0008e-005,0.04544
5.0012e-005,0.0457029
5.0016e-005,0.0449092
5.002e-005,0.0460353
5.0024e-005,0.0453309
5.0028e-005,0.0455045
5.0032e-005,0.0454648
5.0036e-005,0.0457575
5.004e-005,0.0453854
5.0044e-005,0.0460551
5.0048e-005,0.0453805
5.0052e-005,0.045187
5.0056e-005,0.0454747
5.006e-005,0.0455739
5.0064e-005,0.0456087
5.0068e-005,0.0455392
5.0072e-005,0.0453507
5.0076e-005,0.0456136
5.008e-005,0.0462188
5.0084e-005,0.0455987
5.0088e-005,0.0451076
5.0092e-005,0.0463676
5.0096e-005,0.04544
5.01e-005,0.0451523
5.0104e-005,0.045063
5.0108e-005,0.0456037
5.0112e-005,0.0453805
5.0116e-005,0.0450729
5.012e-005,0.0453309
5.0124e-005,0.0452961
5.0128e-005,0.0457674
5.0132e-005,0.0454698
5.0136e-005,0.0449886
5.014e-005,0.0455987
5.0144e-005,0.0457128
5.0148e-005,0.0452416
5.0152e-005,0.045435
5.0156e-005,0.0455095
5.016e-005,0.0450332
5.0164e-005,0.0453805
5.0168e-005,0.0457922
5.0172e-005,0.0458418
5.0176e-005,0.0454846
5.018e-005,0.0447604
5.0184e-005,0.0449588
5.0188e-005,0.0453358
5.0192e-005,0.0448795
5.0196e-005,0.0456136
5.02e-005,0.0457277
5.0204e-005,0.0452763
5.0208e-005,0.0446364
5.0212e-005,0.0448844
5.0216e-005,0.0449191
5.022e-005,0.0447654
5.0224e-005,0.0451225
5.0228e-005,0.0447604
5.0232e-005,0.0452565
5.0236e-005,0.0454648
5.024e-005,0.045068
5.0244e-005,0.044939
5.0248e-005,0.0451473
5.0252e-005,0.0451473
5.0256e-005,0.0450233
5.026e-005,0.0456632
5.0264e-005,0.0451821
5.0268e-005,0.0452614
5.0272e-005,0.0454698
5.0276e-005,0.0451771
5.028e-005,0.0454499
5.0284e-005,0.045445
5.0288e-005,0.0447604
5.0292e-005,0.0452069
5.0296e-005,0.0452713
5.03e-005,0.0451821
5.0304e-005,0.0451324
5.0308e-005,0.0455888
5.0312e-005,0.0452069
5.0316e-005,0.0453606
5.032e-005,0.0459609
5.0324e-005,0.0453854
5.0328e-005,0.0454846
5.0332e-005,0.0455888
5.0336e-005,0.0454053
5.034e-005,0.0453061
5.0344e-005,0.0460402
5.0348e-005,0.0454102
5.0352e-005,0.0453755
5.0356e-005,0.045068
5.036e-005,0.0455392
5.0364e-005,0.0457624
5.0368e-005,0.0459559
5.0372e-005,0.0457575
5.0376e-005,0.0451225
5.038e-005,0.0462436
5.0384e-005,0.0456583
5.0388e-005,0.0445917
5.0392e-005,0.0459361
5.0396e-005,0.0456235
5.04e-005,0.0454301
5.0404e-005,0.046075
5.0408e-005,0.0455392
5.0412e-005,0.0454896
5.0416e-005,0.0462684
5.042e-005,0.0449787
5.0424e-005,0.0448795
5.0428e-005,0.0452862
5.0432e-005,0.0452317
5.0436e-005,0.0451821
5.044e-005,0.0454202
5.0444e-005,0.0458567
5.0448e-005,0.0456434
5.0452e-005,0.045817
5.0456e-005,0.045569
5.046e-005,0.0458071
5.0464e-005,0.0456285
5.0468e-005,0.0456533
5.0472e-005,0.0455491
5.0476e-005,0.045316
5.048e-005,0.045311
5.0484e-005,0.0453259
5.0488e-005,0.0452168
5.0492e-005,0.0457773
5.0496e-005,0.045812
5.05e-005,0.0447951
5.0504e-005,0.0441205
5.0508e-005,0.0410251
5.0512e-005,0.0381727
5.0516e-005,0.0363224
5.052e-005,0.035494
5.0524e-005,0.0355486
5.0528e-005,0.033991
5.0532e-005,0.0254835
5.0536e-005,0.0200914
5.054e-005,0.0202055
5.0544e-005,0.0190348
5.0548e-005,0.0184445
5.0552e-005,0.0187421
5.0556e-005,0.0101206
5.056e-005,0.00229276
5.0564e-005,0.00121631
5.0568e-005,-4.86439e-005
5.0572e-005,0.000303558
5.0576e-005,0.000551588
5.058e-005,0.000343243
5.0584e-005,0.000700406
5.0588e-005,0.000551588
5.0592e-005,-0.000137935
5.0596e-005,0.00990727
5.06e-005,0.0194217
5.0604e-005,0.0223683
5.0608e-005,0.0267931
5.0612e-005,0.0313222
5.0616e-005,0.0337628
5.062e-005,0.0349831
5.0624e-005,0.0376866
5.0628e-005,0.0390904
5.0632e-005,0.0399089
5.0636e-005,0.0413922
5.064e-005,0.0428456
5.0644e-005,0.044304
5.0648e-005,0.0440213
5.0652e-005,0.0458319
5.0656e-005,0.0469976
5.066e-005,0.046829
5.0664e-005,0.0476028
5.0668e-005,0.0482279
5.0672e-005,0.0480542
5.0676e-005,0.0491952
5.068e-005,0.049597
5.0684e-005,0.0504601
5.0688e-005,0.0498004
5.0692e-005,0.0505891
5.0696e-005,0.0511
5.07e-005,0.0505544
5.0704e-005,0.0519433
5.0708e-005,0.0511993
5.0712e-005,0.0508917
5.0716e-005,0.0518789
5.072e-005,0.0523352
5.0724e-005,0.0515068
5.0728e-005,0.0517995
5.0732e-005,0.0521318
5.0736e-005,0.0514126
5.074e-005,0.0524642
5.0744e-005,0.0521566
5.0748e-005,0.0519037
5.0752e-005,0.0525138
5.0756e-005,0.0518243
5.076e-005,0.0522757
5.0764e-005,0.0516606
5.0768e-005,0.0520227
5.0772e-005,0.0528809
5.0776e-005,0.0532033
5.078e-005,0.0531488
5.0784e-005,0.0529851
5.0788e-005,0.0528611
5.0792e-005,0.052618
5.0796e-005,0.0526924
5.08e-005,0.053114
5.0804e-005,0.0531736
5.0808e-005,0.052871
5.0812e-005,0.0533025
5.0816e-005,0.0532579
5.082e-005,0.0528313
5.0824e-005,0.0530446
5.0828e-005,0.0532678
5.0832e-005,0.0526974
5.0836e-005,0.0529999
5.084e-005,0.0527668
5.0844e-005,0.0534414
5.0848e-005,0.0534662
5.0852e-005,0.0534166
5.0856e-005,0.0526477
5.086e-005,0.0532133
5.0864e-005,0.0531587
5.0868e-005,0.0523898
5.0872e-005,0.0534464
5.0876e-005,0.0533621
5.088e-005,0.0530595
5.0884e-005,0.0532232
5.0888e-005,0.0538681
5.0892e-005,0.0530744
5.0896e-005,0.0534315
5.09e-005,0.0533918
5.0904e-005,0.0535903
5.0908e-005,0.0533621
5.0912e-005,0.0533075
5.0916e-005,0.0530744
5.092e-005,0.0536746
5.0924e-005,0.0539127
5.0928e-005,0.05299
5.0932e-005,0.0536795
5.0936e-005,0.0534811
5.094e-005,0.0526874
5.0944e-005,0.0532877
5.0948e-005,0.0531686
5.0952e-005,0.0534266
5.0956e-005,0.0541012
5.096e-005,0.0538284
5.0964e-005,0.0530992
5.0968e-005,0.0535407
5.0972e-005,0.0533621
5.0976e-005,0.0535754
5.098e-005,0.0535754
5.0984e-005,0.0538135
5.0988e-005,0.0533472
5.0992e-005,0.053248
5.0996e-005,0.053754
5.1e-005,0.0529355
5.1004e-005,0.0534563
5.1008e-005,0.0527767
5.1012e-005,0.0538681
5.1016e-005,0.0532728
5.102e-005,0.0530793
5.1024e-005,0.0531736
5.1028e-005,0.0536349
5.1032e-005,0.0530496
5.1036e-005,0.0534613
5.104e-005,0.0534613
5.1044e-005,0.0537192
5.1048e-005,0.053744
5.1052e-005,0.0539276
5.1056e-005,0.0531041
5.106e-005,0.0533869
5.1064e-005,0.05362
5.1068e-005,0.0538184
5.1072e-005,0.0526676
5.1076e-005,0.0536002
5.108e-005,0.0542649
5.1084e-005,0.0532083
5.1088e-005,0.0535803
5.1092e-005,0.0532678
5.1096e-005,0.052747
5.11e-005,0.0539821
5.1104e-005,0.0531934
5.1108e-005,0.0534662
5.1112e-005,0.0538879
5.1116e-005,0.0534315
5.112e-005,0.0541558
5.1124e-005,0.0537837
5.1128e-005,0.0534018
5.1132e-005,0.053491
5.1136e-005,0.0546865
5.114e-005,0.0533273
5.1144e-005,0.0536299
5.1148e-005,0.0539325
5.1152e-005,0.0529255
5.1156e-005,0.0532678
5.116e-005,0.0543641
5.1164e-005,0.0535506
5.1168e-005,0.0533273
5.1172e-005,0.0537044
5.1176e-005,0.0537242
5.118e-005,0.0538234
5.1184e-005,0.0542699
5.1188e-005,0.0535853
5.1192e-005,0.0533224
5.1196e-005,0.054503
5.12e-005,0.0538631
5.1204e-005,0.0536895
5.1208e-005,0.0536399
5.1212e-005,0.0536647
5.1216e-005,0.0527122
5.122e-005,0.0538532
5.1224e-005,0.0529404
5.1228e-005,0.0539028
5.1232e-005,0.0530992
5.1236e-005,0.053744
5.124e-005,0.0538383
5.1244e-005,0.0530595
5.1248e-005,0.0537688
5.1252e-005,0.0536448
5.1256e-005,0.0534613
5.126e-005,0.0536448
