LECROYWR104MXi,20621,Waveform
Segments,1,SegmentSize,2501
Segment,TrigTime,TimeSinceSegment1
#1,21-May-2015 13:59:34,0                 
Time,Ampl
4.126e-005,0.0518441
4.1264e-005,0.0513034
4.1268e-005,0.050857
4.1272e-005,0.0516953
4.1276e-005,0.0519334
4.128e-005,0.0517796
4.1284e-005,0.0521715
4.1288e-005,0.0511794
4.1292e-005,0.0513034
4.1296e-005,0.0518243
4.13e-005,0.0511149
4.1304e-005,0.0512389
4.1308e-005,0.0516209
4.1312e-005,0.0514473
4.1316e-005,0.051611
4.132e-005,0.0516507
4.1324e-005,0.0514374
4.1328e-005,0.0509859
4.1332e-005,0.0511149
4.1336e-005,0.0516705
4.134e-005,0.051358
4.1344e-005,0.0522807
4.1348e-005,0.0517201
4.1352e-005,0.0513034
4.1356e-005,0.0515763
4.136e-005,0.0513878
4.1364e-005,0.0511695
4.1368e-005,0.0511844
4.1372e-005,0.0514225
4.1376e-005,0.0513183
4.138e-005,0.0521566
4.1384e-005,0.0512687
4.1388e-005,0.0511447
4.1392e-005,0.0508719
4.1396e-005,0.0510405
4.14e-005,0.0513431
4.1404e-005,0.0522757
4.1408e-005,0.0516407
4.1412e-005,0.0507131
4.1416e-005,0.0519781
4.142e-005,0.0512737
4.1424e-005,0.0508619
4.1428e-005,0.0516259
4.1432e-005,0.0511248
4.1436e-005,0.0512538
4.144e-005,0.0513878
4.1444e-005,0.0515018
4.1448e-005,0.0514076
4.1452e-005,0.051988
4.1456e-005,0.0516308
4.146e-005,0.0514076
4.1464e-005,0.0516556
4.1468e-005,0.0514721
4.1472e-005,0.0516953
4.1476e-005,0.0516259
4.148e-005,0.0512637
4.1484e-005,0.0516655
4.1488e-005,0.0513133
4.1492e-005,0.0516259
4.1496e-005,0.051353
4.15e-005,0.0514721
4.1504e-005,0.0517796
4.1508e-005,0.0515911
4.1512e-005,0.0514572
4.1516e-005,0.0516159
4.152e-005,0.0516011
4.1524e-005,0.0519185
4.1528e-005,0.0514919
4.1532e-005,0.051482
4.1536e-005,0.0513133
4.154e-005,0.0513481
4.1544e-005,0.0515465
4.1548e-005,0.0512935
4.1552e-005,0.0516804
4.1556e-005,0.0510306
4.156e-005,0.0515316
4.1564e-005,0.0515763
4.1568e-005,0.0510802
4.1572e-005,0.0523005
4.1576e-005,0.0506883
4.158e-005,0.0511993
4.1584e-005,0.0519235
4.1588e-005,0.0513034
4.1592e-005,0.0512489
4.1596e-005,0.0512092
4.16e-005,0.0519979
4.1604e-005,0.0508371
4.1608e-005,0.0497607
4.1612e-005,0.0437286
4.1616e-005,0.0400974
4.162e-005,0.0381579
4.1624e-005,0.0366598
4.1628e-005,0.0359901
4.1632e-005,0.0345515
4.1636e-005,0.0253446
4.164e-005,0.0204733
4.1644e-005,0.019754
4.1648e-005,0.0201211
4.1652e-005,0.0188363
4.1656e-005,0.0186082
4.166e-005,0.00793295
4.1664e-005,0.00201496
4.1668e-005,0.00159827
4.1672e-005,0.000606155
4.1676e-005,0.000601194
4.168e-005,0.00171733
4.1684e-005,0.000883948
4.1688e-005,0.00123615
4.1692e-005,0.000948436
4.1696e-005,-6.35257e-005
4.17e-005,0.0114599
4.1704e-005,0.0198979
4.1708e-005,0.0199971
4.1712e-005,0.0201608
4.1716e-005,0.0213315
4.172e-005,0.021272
4.1724e-005,0.0208255
4.1728e-005,0.0218028
4.1732e-005,0.0220806
4.1736e-005,0.0218573
4.174e-005,0.0230628
4.1744e-005,0.0227949
4.1748e-005,0.0228445
4.1752e-005,0.0232265
4.1756e-005,0.0224377
4.176e-005,0.0223435
4.1764e-005,0.0231868
4.1768e-005,0.022785
4.1772e-005,0.0231719
4.1776e-005,0.0230032
4.178e-005,0.0229586
4.1784e-005,0.0226262
4.1788e-005,0.023291
4.1792e-005,0.0228395
4.1796e-005,0.0230925
4.18e-005,0.0233406
4.1804e-005,0.0228048
4.1808e-005,0.0224824
4.1812e-005,0.0228842
4.1816e-005,0.0227701
4.182e-005,0.0230479
4.1824e-005,0.0231173
4.1828e-005,0.0226957
4.1832e-005,0.0227006
4.1836e-005,0.0229735
4.184e-005,0.0234547
4.1844e-005,0.0223038
4.1848e-005,0.023281
4.1852e-005,0.0232562
4.1856e-005,0.0228346
4.186e-005,0.0228941
4.1864e-005,0.022408
4.1868e-005,0.022031
4.1872e-005,0.0232661
4.1876e-005,0.0227006
4.188e-005,0.0228891
4.1884e-005,0.0231273
4.1888e-005,0.0230231
4.1892e-005,0.0215151
4.1896e-005,0.0228296
4.19e-005,0.0227403
4.1904e-005,0.0225518
4.1908e-005,0.0227304
4.1912e-005,0.0229487
4.1916e-005,0.0224377
4.192e-005,0.0233009
4.1924e-005,0.0227354
4.1928e-005,0.0231967
4.1932e-005,0.0230082
4.1936e-005,0.0226907
4.194e-005,0.0223236
4.1944e-005,0.0229784
4.1948e-005,0.0225965
4.1952e-005,0.0224476
4.1956e-005,0.0233554
4.196e-005,0.0229338
4.1964e-005,0.0235787
4.1968e-005,0.0231967
4.1972e-005,0.0232017
4.1976e-005,0.022398
4.198e-005,0.0229586
4.1984e-005,0.0219169
4.1988e-005,0.0224179
4.1992e-005,0.0227552
4.1996e-005,0.0225965
4.2e-005,0.0215597
4.2004e-005,0.0224725
4.2008e-005,0.022661
4.2012e-005,0.0226461
4.2016e-005,0.0225121
4.202e-005,0.0224377
4.2024e-005,0.0219566
4.2028e-005,0.0220756
4.2032e-005,0.0224973
4.2036e-005,0.022274
4.204e-005,0.0228296
4.2044e-005,0.0224725
4.2048e-005,0.0225171
4.2052e-005,0.0227106
4.2056e-005,0.0229139
4.206e-005,0.0224377
4.2064e-005,0.0224328
4.2068e-005,0.0218226
4.2072e-005,0.0225072
4.2076e-005,0.0225667
4.208e-005,0.0224774
4.2084e-005,0.0218772
4.2088e-005,0.023033
4.2092e-005,0.022408
4.2096e-005,0.021897
4.21e-005,0.0224824
4.2104e-005,0.0224725
4.2108e-005,0.0221203
4.2112e-005,0.0227453
4.2116e-005,0.022021
4.212e-005,0.0220409
4.2124e-005,0.0221054
4.2128e-005,0.02215
4.2132e-005,0.0216341
4.2136e-005,0.0230677
4.214e-005,0.022274
4.2144e-005,0.0225072
4.2148e-005,0.0222343
4.2152e-005,0.022031
4.2156e-005,0.0219169
4.216e-005,0.0222095
4.2164e-005,0.0222492
4.2168e-005,0.022031
4.2172e-005,0.0220558
4.2176e-005,0.0221203
4.218e-005,0.0220558
4.2184e-005,0.022155
4.2188e-005,0.0218276
4.2192e-005,0.0218127
4.2196e-005,0.0225915
4.22e-005,0.0222046
4.2204e-005,0.0223336
4.2208e-005,0.0222889
4.2212e-005,0.0215547
4.2216e-005,0.0216986
4.222e-005,0.0217929
4.2224e-005,0.0222691
4.2228e-005,0.0217085
4.2232e-005,0.0223732
4.2236e-005,0.0218226
4.224e-005,0.02215
4.2244e-005,0.0225667
4.2248e-005,0.0218127
4.2252e-005,0.0214158
4.2256e-005,0.0223385
4.226e-005,0.0222542
4.2264e-005,0.022403
4.2268e-005,0.0223336
4.2272e-005,0.0219863
4.2276e-005,0.0219069
4.228e-005,0.0224675
4.2284e-005,0.0224427
4.2288e-005,0.0221699
4.2292e-005,0.0222939
4.2296e-005,0.0221649
4.23e-005,0.0215746
4.2304e-005,0.0224526
4.2308e-005,0.0222542
4.2312e-005,0.0219268
4.2316e-005,0.0227949
4.232e-005,0.0220062
4.2324e-005,0.0224675
4.2328e-005,0.0222492
4.2332e-005,0.0220359
4.2336e-005,0.0219218
4.234e-005,0.0226461
4.2344e-005,0.0221798
4.2348e-005,0.0215944
4.2352e-005,0.0224278
4.2356e-005,0.0223038
4.236e-005,0.0218821
4.2364e-005,0.0229288
4.2368e-005,0.0223584
4.2372e-005,0.0215895
4.2376e-005,0.0216738
4.238e-005,0.0230826
4.2384e-005,0.0233306
4.2388e-005,0.0240152
4.2392e-005,0.0228495
4.2396e-005,0.0240301
4.24e-005,0.0239706
4.2404e-005,0.0204535
4.2408e-005,0.01963
4.2412e-005,0.0196102
4.2416e-005,0.0189653
4.242e-005,0.0184147
4.2424e-005,0.0182559
4.2428e-005,0.00719382
4.2432e-005,0.0018215
4.2436e-005,0.00137009
4.244e-005,0.00057143
4.2444e-005,0.000164662
4.2448e-005,0.000824421
4.2452e-005,0.000288677
4.2456e-005,0.000328361
4.246e-005,0.000998041
4.2464e-005,-0.000207383
4.2468e-005,0.0113706
4.2472e-005,0.0192332
4.2476e-005,0.0200715
4.248e-005,0.0217085
4.2484e-005,0.0242632
4.2488e-005,0.0248734
4.2492e-005,0.0259895
4.2496e-005,0.0273983
4.25e-005,0.0282664
4.2504e-005,0.0286385
4.2508e-005,0.0295016
4.2512e-005,0.0301663
4.2516e-005,0.0300919
4.252e-005,0.0312279
4.2524e-005,0.0313172
4.2528e-005,0.030965
4.2532e-005,0.0318728
4.2536e-005,0.0322795
4.254e-005,0.0317388
4.2544e-005,0.0327111
4.2548e-005,0.0326962
4.2552e-005,0.0323143
4.2556e-005,0.0327905
4.256e-005,0.0327607
4.2564e-005,0.0326119
4.2568e-005,0.0320662
4.2572e-005,0.0322647
4.2576e-005,0.0321456
4.258e-005,0.0327607
4.2584e-005,0.0326218
4.2588e-005,0.0323341
4.2592e-005,0.0328798
4.2596e-005,0.0326764
4.26e-005,0.0324284
4.2604e-005,0.0327806
4.2608e-005,0.0327508
4.2612e-005,0.0314511
4.2616e-005,0.0326665
4.262e-005,0.0330187
4.2624e-005,0.0322349
4.2628e-005,0.0325425
4.2632e-005,0.032344
4.2636e-005,0.032225
4.264e-005,0.0321109
4.2644e-005,0.0324234
4.2648e-005,0.0324184
4.2652e-005,0.0322845
4.2656e-005,0.0324135
4.266e-005,0.0319918
4.2664e-005,0.0317934
4.2668e-005,0.0321605
4.2672e-005,0.0312676
4.2676e-005,0.0326566
4.268e-005,0.0327062
4.2684e-005,0.0317388
4.2688e-005,0.0316793
4.2692e-005,0.0319025
4.2696e-005,0.0325722
4.27e-005,0.0322002
4.2704e-005,0.0323936
4.2708e-005,0.0320067
4.2712e-005,0.0319819
4.2716e-005,0.0318777
4.272e-005,0.031461
4.2724e-005,0.0322746
4.2728e-005,0.0314859
4.2732e-005,0.031719
4.2736e-005,0.031972
4.274e-005,0.0321605
4.2744e-005,0.0318926
4.2748e-005,0.0323192
4.2752e-005,0.0318629
4.2756e-005,0.0321952
4.276e-005,0.0321258
4.2764e-005,0.0319373
4.2768e-005,0.0314313
4.2772e-005,0.0321456
4.2776e-005,0.0320613
4.278e-005,0.0322002
4.2784e-005,0.032101
4.2788e-005,0.0311088
4.2792e-005,0.0320018
4.2796e-005,0.0316396
4.28e-005,0.0318182
4.2804e-005,0.0318926
4.2808e-005,0.0316247
4.2812e-005,0.0319918
4.2816e-005,0.030841
4.282e-005,0.0324234
4.2824e-005,0.0320662
4.2828e-005,0.031724
4.2832e-005,0.0322845
4.2836e-005,0.0318728
4.284e-005,0.0316396
4.2844e-005,0.0326069
4.2848e-005,0.031719
4.2852e-005,0.0318678
4.2856e-005,0.0320811
4.286e-005,0.032101
4.2864e-005,0.0316247
4.2868e-005,0.0326268
4.2872e-005,0.0316297
4.2876e-005,0.0318033
4.288e-005,0.0322101
4.2884e-005,0.0315751
4.2888e-005,0.0311585
4.2892e-005,0.0323936
4.2896e-005,0.0319621
4.29e-005,0.0318331
4.2904e-005,0.0315255
4.2908e-005,0.0318381
4.2912e-005,0.0310047
4.2916e-005,0.0310444
4.292e-005,0.0316644
4.2924e-005,0.0311039
4.2928e-005,0.0316247
4.2932e-005,0.0314263
4.2936e-005,0.0307715
4.294e-005,0.0312725
4.2944e-005,0.0312973
4.2948e-005,0.030965
4.2952e-005,0.031977
4.2956e-005,0.0318777
4.296e-005,0.031719
4.2964e-005,0.0320216
4.2968e-005,0.0316446
4.2972e-005,0.0308807
4.2976e-005,0.0315007
4.298e-005,0.031848
4.2984e-005,0.0314908
4.2988e-005,0.0317339
4.2992e-005,0.0317884
4.2996e-005,0.0316694
4.3e-005,0.0316446
4.3004e-005,0.0316942
4.3008e-005,0.0320018
4.3012e-005,0.031848
4.3016e-005,0.0315007
4.302e-005,0.0307765
4.3024e-005,0.031595
4.3028e-005,0.0322795
4.3032e-005,0.0317835
4.3036e-005,0.0310196
4.304e-005,0.0314015
4.3044e-005,0.0311833
4.3048e-005,0.0318133
4.3052e-005,0.031714
4.3056e-005,0.03097
4.306e-005,0.0319373
4.3064e-005,0.0321952
4.3068e-005,0.0315454
4.3072e-005,0.0319273
4.3076e-005,0.0315702
4.308e-005,0.0316644
4.3084e-005,0.0316942
4.3088e-005,0.0317587
4.3092e-005,0.031719
4.3096e-005,0.0323837
4.31e-005,0.0310394
4.3104e-005,0.0312279
4.3108e-005,0.0322895
4.3112e-005,0.0317636
4.3116e-005,0.031471
4.312e-005,0.0316297
4.3124e-005,0.0317488
4.3128e-005,0.0311088
4.3132e-005,0.0315206
4.3136e-005,0.0319521
4.314e-005,0.0309352
4.3144e-005,0.032101
4.3148e-005,0.0301366
4.3152e-005,0.0297645
4.3156e-005,0.029834
4.316e-005,0.0297744
4.3164e-005,0.0295711
4.3168e-005,0.0288319
4.3172e-005,0.0227651
4.3176e-005,0.0197937
4.318e-005,0.0192927
4.3184e-005,0.0191141
4.3188e-005,0.0187818
4.3192e-005,0.0186677
4.3196e-005,0.00801728
4.32e-005,0.00164788
4.3204e-005,0.00140481
4.3208e-005,-2.38409e-005
4.3212e-005,0.000536706
4.3216e-005,0.000824421
4.322e-005,0.000561509
4.3224e-005,7.5371e-005
4.3228e-005,0.000799618
4.3232e-005,-0.000212343
4.3236e-005,0.0103934
4.324e-005,0.0198285
4.3244e-005,0.0214307
4.3248e-005,0.0247345
4.3252e-005,0.0280432
4.3256e-005,0.0288567
4.326e-005,0.0295512
4.3264e-005,0.032602
4.3268e-005,0.0338074
4.3272e-005,0.0344424
4.3276e-005,0.0358611
4.328e-005,0.0369673
4.3284e-005,0.0374336
4.3288e-005,0.038396
4.3292e-005,0.0389565
4.3296e-005,0.0387878
4.33e-005,0.0399784
4.3304e-005,0.0401867
4.3308e-005,0.0406233
4.3312e-005,0.0410201
4.3316e-005,0.0407969
4.332e-005,0.04103
4.3324e-005,0.0426422
4.3328e-005,0.0411292
4.3332e-005,0.0412929
4.3336e-005,0.0421263
4.334e-005,0.0415459
4.3344e-005,0.0409507
4.3348e-005,0.042414
4.3352e-005,0.0421462
4.3356e-005,0.0415559
4.336e-005,0.0423446
4.3364e-005,0.0414418
4.3368e-005,0.0416005
4.3372e-005,0.0419527
4.3376e-005,0.0414517
4.338e-005,0.0417444
4.3384e-005,0.0421214
4.3388e-005,0.0421313
4.3392e-005,0.0416055
4.3396e-005,0.0420271
4.34e-005,0.0419825
4.3404e-005,0.0414666
4.3408e-005,0.0427166
4.3412e-005,0.0416551
4.3416e-005,0.0422503
4.342e-005,0.0423148
4.3424e-005,0.041536
4.3428e-005,0.0421214
4.3432e-005,0.042677
4.3436e-005,0.0417543
4.344e-005,0.0414318
4.3444e-005,0.0426869
4.3448e-005,0.0419725
4.3452e-005,0.0417543
4.3456e-005,0.0419924
4.346e-005,0.0414616
4.3464e-005,0.0425579
4.3468e-005,0.0430589
4.3472e-005,0.0420618
4.3476e-005,0.0423446
4.348e-005,0.0430093
4.3484e-005,0.0417196
4.3488e-005,0.0418783
4.3492e-005,0.0424636
4.3496e-005,0.0420817
4.35e-005,0.0424587
4.3504e-005,0.0427018
4.3508e-005,0.0421958
4.3512e-005,0.0430242
4.3516e-005,0.0426918
4.352e-005,0.0418833
4.3524e-005,0.0417096
4.3528e-005,0.0424884
4.3532e-005,0.0419626
4.3536e-005,0.0412979
4.354e-005,0.0425926
4.3544e-005,0.0416799
4.3548e-005,0.0418684
4.3552e-005,0.0417245
4.3556e-005,0.0421561
4.356e-005,0.041789
4.3564e-005,0.0428754
4.3568e-005,0.0420271
4.3572e-005,0.0420172
4.3576e-005,0.0427018
4.358e-005,0.0412632
4.3584e-005,0.0422255
4.3588e-005,0.0424339
4.3592e-005,0.0419329
4.3596e-005,0.0419874
4.36e-005,0.0423694
4.3604e-005,0.0419974
4.3608e-005,0.0423297
4.3612e-005,0.0420271
4.3616e-005,0.0419378
4.362e-005,0.0420519
4.3624e-005,0.0424934
4.3628e-005,0.0417642
4.3632e-005,0.0426025
4.3636e-005,0.042171
4.364e-005,0.042037
4.3644e-005,0.0423892
4.3648e-005,0.0424041
4.3652e-005,0.0416352
4.3656e-005,0.0419031
4.366e-005,0.0425529
4.3664e-005,0.0420618
4.3668e-005,0.0420222
4.3672e-005,0.042801
4.3676e-005,0.0421214
4.368e-005,0.0421065
4.3684e-005,0.0431929
4.3688e-005,0.0421313
4.3692e-005,0.0418634
4.3696e-005,0.0428258
4.37e-005,0.0421958
4.3704e-005,0.0412681
4.3708e-005,0.0424785
4.3712e-005,0.0419279
4.3716e-005,0.0413574
4.372e-005,0.0421214
4.3724e-005,0.0416402
4.3728e-005,0.0418138
4.3732e-005,0.0429151
4.3736e-005,0.0421065
4.374e-005,0.0421759
4.3744e-005,0.0424736
4.3748e-005,0.0420321
4.3752e-005,0.0416848
4.3756e-005,0.0425331
4.376e-005,0.0421263
4.3764e-005,0.0421859
4.3768e-005,0.0424884
4.3772e-005,0.0416055
4.3776e-005,0.0421511
4.378e-005,0.0424835
4.3784e-005,0.0425629
4.3788e-005,0.0418039
4.3792e-005,0.0427514
4.3796e-005,0.0418833
4.38e-005,0.0422652
4.3804e-005,0.0431631
4.3808e-005,0.041918
4.3812e-005,0.0418634
4.3816e-005,0.0428357
4.382e-005,0.0422107
4.3824e-005,0.0418684
4.3828e-005,0.0423843
4.3832e-005,0.0421958
4.3836e-005,0.0418436
4.384e-005,0.0426918
4.3844e-005,0.0416451
4.3848e-005,0.0423644
4.3852e-005,0.0421214
4.3856e-005,0.0423198
4.386e-005,0.042037
4.3864e-005,0.0426571
4.3868e-005,0.0417245
4.3872e-005,0.0423992
4.3876e-005,0.042677
4.388e-005,0.0415112
4.3884e-005,0.0419775
4.3888e-005,0.0424091
4.3892e-005,0.0418981
4.3896e-005,0.0415658
4.39e-005,0.0425232
4.3904e-005,0.0421313
4.3908e-005,0.0413177
4.3912e-005,0.04104
4.3916e-005,0.0380041
4.392e-005,0.0362133
4.3924e-005,0.0353998
4.3928e-005,0.0349186
4.3932e-005,0.0339661
4.3936e-005,0.0328897
4.394e-005,0.0244071
4.3944e-005,0.0204287
4.3948e-005,0.0195358
4.3952e-005,0.0197243
4.3956e-005,0.0182758
4.396e-005,0.0187768
4.3964e-005,0.00798256
4.3968e-005,0.000804578
4.3972e-005,0.00177685
4.3976e-005,-0.000187541
4.398e-005,0.000675603
4.3984e-005,0.00107741
4.3988e-005,0.000244031
4.3992e-005,0.00039781
4.3996e-005,0.000303558
4.4e-005,-0.000276831
4.4004e-005,0.0109341
4.4008e-005,0.0204237
4.4012e-005,0.0228693
4.4016e-005,0.0263715
4.402e-005,0.0310791
4.4024e-005,0.0326317
4.4028e-005,0.0349285
4.4032e-005,0.0370864
4.4036e-005,0.0379148
4.404e-005,0.0391698
4.4044e-005,0.0412632
4.4048e-005,0.04104
4.4052e-005,0.0425877
4.4056e-005,0.0440114
4.406e-005,0.043679
4.4064e-005,0.0449638
4.4068e-005,0.0463528
4.4072e-005,0.0458815
4.4076e-005,0.0469133
4.408e-005,0.0475383
4.4084e-005,0.0473052
4.4088e-005,0.0475631
4.4092e-005,0.0485701
4.4096e-005,0.0484015
4.41e-005,0.0491158
4.4104e-005,0.049339
4.4108e-005,0.0489571
4.4112e-005,0.0489124
4.4116e-005,0.0497954
4.412e-005,0.0493688
4.4124e-005,0.049969
4.4128e-005,0.0508818
4.4132e-005,0.0506189
4.4136e-005,0.0498103
4.414e-005,0.0506784
4.4144e-005,0.0497458
4.4148e-005,0.0504254
4.4152e-005,0.050723
4.4156e-005,0.0501923
4.416e-005,0.0500534
4.4164e-005,0.0513381
4.4168e-005,0.0503808
4.4172e-005,0.0503212
4.4176e-005,0.0508917
4.418e-005,0.0506933
4.4184e-005,0.0507776
4.4188e-005,0.0508917
4.4192e-005,0.0506387
4.4196e-005,0.0504353
4.42e-005,0.0512538
4.4204e-005,0.0503361
4.4208e-005,0.0506486
4.4212e-005,0.0514522
4.4216e-005,0.0510504
4.422e-005,0.0508471
4.4224e-005,0.0510058
4.4228e-005,0.0509909
4.4232e-005,0.0510752
4.4236e-005,0.0512935
4.424e-005,0.0514274
4.4244e-005,0.0515862
4.4248e-005,0.052112
4.4252e-005,0.0509463
4.4256e-005,0.0511149
4.426e-005,0.0520525
4.4264e-005,0.051487
4.4268e-005,0.0512191
4.4272e-005,0.0517945
4.4276e-005,0.0516407
4.428e-005,0.0510455
4.4284e-005,0.0518292
4.4288e-005,0.0510405
4.4292e-005,0.0518491
4.4296e-005,0.0515415
4.43e-005,0.0518541
4.4304e-005,0.0509611
4.4308e-005,0.0512786
4.4312e-005,0.0509711
4.4316e-005,0.0512489
4.432e-005,0.0517846
4.4324e-005,0.0516259
4.4328e-005,0.0511893
4.4332e-005,0.0517201
4.4336e-005,0.0511645
4.434e-005,0.0513084
4.4344e-005,0.0515763
4.4348e-005,0.0512439
4.4352e-005,0.0511844
4.4356e-005,0.0514126
4.436e-005,0.0512885
4.4364e-005,0.0517003
4.4368e-005,0.0517747
4.4372e-005,0.0511744
4.4376e-005,0.0505197
4.438e-005,0.0515068
4.4384e-005,0.0508669
4.4388e-005,0.0505345
4.4392e-005,0.0516159
4.4396e-005,0.0514374
4.44e-005,0.051735
4.4404e-005,0.0515515
4.4408e-005,0.0511794
4.4412e-005,0.0514374
4.4416e-005,0.0511248
4.442e-005,0.0511943
4.4424e-005,0.0513381
4.4428e-005,0.0515217
4.4432e-005,0.0510405
4.4436e-005,0.0508074
4.444e-005,0.0513431
4.4444e-005,0.0514721
4.4448e-005,0.0512389
4.4452e-005,0.0510951
4.4456e-005,0.0518838
4.446e-005,0.0512935
4.4464e-005,0.0509215
4.4468e-005,0.0514076
4.4472e-005,0.0510058
4.4476e-005,0.0524493
4.448e-005,0.0512191
4.4484e-005,0.0512637
4.4488e-005,0.0522162
4.4492e-005,0.0516011
4.4496e-005,0.0511397
4.45e-005,0.0512836
4.4504e-005,0.0515415
4.4508e-005,0.0514522
4.4512e-005,0.0519185
4.4516e-005,0.0518243
4.452e-005,0.051983
4.4524e-005,0.0519632
4.4528e-005,0.0520723
4.4532e-005,0.0518094
4.4536e-005,0.0515812
4.454e-005,0.0516705
4.4544e-005,0.0514622
4.4548e-005,0.051983
4.4552e-005,0.0517102
4.4556e-005,0.0516755
4.456e-005,0.0516556
4.4564e-005,0.0515018
4.4568e-005,0.0519681
4.4572e-005,0.0523303
4.4576e-005,0.0515118
4.458e-005,0.0516953
4.4584e-005,0.0515961
4.4588e-005,0.0517251
4.4592e-005,0.051487
4.4596e-005,0.0515167
4.46e-005,0.0514274
4.4604e-005,0.0512836
4.4608e-005,0.0516904
4.4612e-005,0.0517697
4.4616e-005,0.0515812
4.462e-005,0.0520029
4.4624e-005,0.0515267
4.4628e-005,0.0512588
4.4632e-005,0.0518094
4.4636e-005,0.051487
4.464e-005,0.0511348
4.4644e-005,0.0517747
4.4648e-005,0.0518441
4.4652e-005,0.0518094
4.4656e-005,0.0516904
4.466e-005,0.0515267
4.4664e-005,0.0512241
4.4668e-005,0.0515763
4.4672e-005,0.0520475
4.4676e-005,0.0516209
4.468e-005,0.0502865
4.4684e-005,0.043803
4.4688e-005,0.0403356
4.4692e-005,0.0385646
4.4696e-005,0.0364117
4.47e-005,0.0346854
4.4704e-005,0.0339513
4.4708e-005,0.0254587
4.4712e-005,0.0200566
4.4716e-005,0.0200318
4.472e-005,0.019888
4.4724e-005,0.018876
4.4728e-005,0.0189554
4.4732e-005,0.0081413
4.4736e-005,0.000720248
4.474e-005,0.00158339
4.4744e-005,3.56862e-005
4.4748e-005,0.00102781
4.4752e-005,0.00136016
4.4756e-005,0.000809539
4.476e-005,0.00089883
4.4764e-005,0.00121135
4.4768e-005,1.08833e-005
4.4772e-005,0.011708
4.4776e-005,0.0196201
4.478e-005,0.0201757
4.4784e-005,0.0205329
4.4788e-005,0.0219466
4.4792e-005,0.0214605
4.4796e-005,0.0211232
4.48e-005,0.0222443
4.4804e-005,0.0226163
4.4808e-005,0.022274
4.4812e-005,0.0224526
4.4816e-005,0.0229139
4.482e-005,0.0224973
4.4824e-005,0.0231471
4.4828e-005,0.0230925
4.4832e-005,0.0234298
4.4836e-005,0.0237672
4.484e-005,0.0238565
4.4844e-005,0.0234547
4.4848e-005,0.0241392
4.4852e-005,0.0234298
4.4856e-005,0.02341
4.486e-005,0.0229288
4.4864e-005,0.0232116
4.4868e-005,0.0238763
4.4872e-005,0.0226262
4.4876e-005,0.023038
4.488e-005,0.0235092
4.4884e-005,0.0230181
4.4888e-005,0.0225419
4.4892e-005,0.0225221
4.4896e-005,0.0230925
4.49e-005,0.0228197
4.4904e-005,0.0231322
4.4908e-005,0.0231322
4.4912e-005,0.0227949
4.4916e-005,0.0232463
4.492e-005,0.0230479
4.4924e-005,0.0228792
4.4928e-005,0.0227701
4.4932e-005,0.0233654
4.4936e-005,0.0231917
4.494e-005,0.0227899
4.4944e-005,0.0228346
4.4948e-005,0.0225171
4.4952e-005,0.0222641
4.4956e-005,0.0232116
4.496e-005,0.0229487
4.4964e-005,0.0224923
4.4968e-005,0.0229685
4.4972e-005,0.0224873
4.4976e-005,0.022661
4.498e-005,0.0231173
4.4984e-005,0.0238267
4.4988e-005,0.022904
4.4992e-005,0.0231124
4.4996e-005,0.0229933
4.5e-005,0.0225617
4.5004e-005,0.0233902
4.5008e-005,0.0228346
4.5012e-005,0.0233257
4.5016e-005,0.0228247
4.502e-005,0.0223385
4.5024e-005,0.0223236
4.5028e-005,0.0233009
4.5032e-005,0.0228941
4.5036e-005,0.0225121
4.504e-005,0.023162
4.5044e-005,0.0224774
4.5048e-005,0.0225617
4.5052e-005,0.0230181
4.5056e-005,0.0225617
4.506e-005,0.0222691
4.5064e-005,0.0236531
4.5068e-005,0.022532
4.5072e-005,0.0224179
4.5076e-005,0.0233356
4.508e-005,0.0231273
4.5084e-005,0.0221153
4.5088e-005,0.0230826
4.5092e-005,0.0229834
4.5096e-005,0.022527
4.51e-005,0.0232463
4.5104e-005,0.0229239
4.5108e-005,0.0228445
4.5112e-005,0.0233108
4.5116e-005,0.022408
4.512e-005,0.0228594
4.5124e-005,0.0233009
4.5128e-005,0.022274
4.5132e-005,0.0226461
4.5136e-005,0.023281
4.514e-005,0.0231521
4.5144e-005,0.0230975
4.5148e-005,0.0227304
4.5152e-005,0.022398
4.5156e-005,0.0226461
4.516e-005,0.0229884
4.5164e-005,0.0229735
4.5168e-005,0.0226758
4.5172e-005,0.0232165
4.5176e-005,0.0225717
4.518e-005,0.0223534
4.5184e-005,0.0230231
4.5188e-005,0.0228941
4.5192e-005,0.0226907
4.5196e-005,0.022279
4.52e-005,0.0224774
4.5204e-005,0.0229487
4.5208e-005,0.0234497
4.5212e-005,0.0222393
4.5216e-005,0.0224923
4.522e-005,0.0227056
4.5224e-005,0.0229586
4.5228e-005,0.0225469
4.5232e-005,0.0233951
4.5236e-005,0.0223286
4.524e-005,0.0233406
4.5244e-005,0.023539
4.5248e-005,0.0234547
4.5252e-005,0.0227899
4.5256e-005,0.0228495
4.526e-005,0.0229239
4.5264e-005,0.0229784
4.5268e-005,0.0230132
4.5272e-005,0.0226758
4.5276e-005,0.0219218
4.528e-005,0.0222095
4.5284e-005,0.0227155
4.5288e-005,0.0218573
4.5292e-005,0.0225865
4.5296e-005,0.0226262
4.53e-005,0.0223683
4.5304e-005,0.022904
4.5308e-005,0.0225072
4.5312e-005,0.0222145
4.5316e-005,0.0230776
4.532e-005,0.0225816
4.5324e-005,0.0222691
4.5328e-005,0.0228991
4.5332e-005,0.0224625
4.5336e-005,0.0225965
4.534e-005,0.0223286
4.5344e-005,0.0224427
4.5348e-005,0.0221748
4.5352e-005,0.023658
4.5356e-005,0.0227502
4.536e-005,0.0222095
4.5364e-005,0.0223038
4.5368e-005,0.0227205
4.5372e-005,0.0224576
4.5376e-005,0.0226163
4.538e-005,0.0222195
4.5384e-005,0.0226758
4.5388e-005,0.0227999
4.5392e-005,0.0229636
4.5396e-005,0.0225072
4.54e-005,0.0229685
4.5404e-005,0.0226163
4.5408e-005,0.0221798
4.5412e-005,0.0230925
4.5416e-005,0.0225717
4.542e-005,0.0225369
4.5424e-005,0.0228147
4.5428e-005,0.0218722
4.5432e-005,0.0222939
4.5436e-005,0.0233257
4.544e-005,0.023033
4.5444e-005,0.0220508
4.5448e-005,0.0226659
4.5452e-005,0.0229933
4.5456e-005,0.022909
4.546e-005,0.0238565
4.5464e-005,0.0239457
4.5468e-005,0.02404
4.5472e-005,0.0241839
4.5476e-005,0.0204833
4.548e-005,0.0193076
4.5484e-005,0.0201955
4.5488e-005,0.0190844
4.5492e-005,0.0191141
4.5496e-005,0.0177301
4.55e-005,0.00812641
4.5504e-005,0.00122623
4.5508e-005,0.0018463
4.5512e-005,0.000278755
4.5516e-005,0.000536706
4.552e-005,0.000854184
4.5524e-005,0.0006508
4.5528e-005,-4.86439e-005
4.5532e-005,0.000442455
4.5536e-005,-0.00102588
4.554e-005,0.0116732
4.5544e-005,0.0187322
4.5548e-005,0.0194911
4.5552e-005,0.021148
4.5556e-005,0.0240698
4.556e-005,0.024169
4.5564e-005,0.0257564
4.5568e-005,0.0263566
4.5572e-005,0.0275075
4.5576e-005,0.0282367
4.558e-005,0.0291841
4.5584e-005,0.0296455
4.5588e-005,0.0296107
4.5592e-005,0.0305433
4.5596e-005,0.0308013
4.56e-005,0.0308707
4.5604e-005,0.0312825
4.5608e-005,0.0314214
4.5612e-005,0.0317488
4.5616e-005,0.0319075
4.562e-005,0.0318926
4.5624e-005,0.0314561
4.5628e-005,0.0318877
4.5632e-005,0.0320365
4.5636e-005,0.0322349
4.564e-005,0.0321109
4.5644e-005,0.0318133
4.5648e-005,0.0318777
4.5652e-005,0.032602
4.5656e-005,0.0318083
4.566e-005,0.0314908
4.5664e-005,0.0318777
4.5668e-005,0.0315999
4.5672e-005,0.0310444
4.5676e-005,0.0322795
4.568e-005,0.0320266
4.5684e-005,0.0320762
4.5688e-005,0.0322448
4.5692e-005,0.0318331
4.5696e-005,0.0317785
4.57e-005,0.0324978
4.5704e-005,0.0318877
4.5708e-005,0.0310989
4.5712e-005,0.0323589
4.5716e-005,0.0316545
4.572e-005,0.0317438
4.5724e-005,0.0322994
4.5728e-005,0.0317884
4.5732e-005,0.0318926
4.5736e-005,0.0321109
4.574e-005,0.031719
4.5744e-005,0.0315751
4.5748e-005,0.0315057
4.5752e-005,0.0319819
4.5756e-005,0.031719
4.576e-005,0.0315553
4.5764e-005,0.0318083
4.5768e-005,0.0317438
4.5772e-005,0.0320563
4.5776e-005,0.0317091
4.578e-005,0.0313866
4.5784e-005,0.0315603
4.5788e-005,0.0319075
4.5792e-005,0.0310592
4.5796e-005,0.0322399
4.58e-005,0.0318182
4.5804e-005,0.0318232
4.5808e-005,0.0323788
4.5812e-005,0.0318281
4.5816e-005,0.0317537
4.582e-005,0.0318529
4.5824e-005,0.0324135
4.5828e-005,0.0313073
4.5832e-005,0.031843
4.5836e-005,0.0320762
4.584e-005,0.031724
4.5844e-005,0.03159
4.5848e-005,0.0315206
4.5852e-005,0.0316644
4.5856e-005,0.0315007
4.586e-005,0.0325673
4.5864e-005,0.0316595
4.5868e-005,0.0318629
4.5872e-005,0.0315751
4.5876e-005,0.0313618
4.588e-005,0.0314164
4.5884e-005,0.0318777
4.5888e-005,0.0315751
4.5892e-005,0.0312676
4.5896e-005,0.031347
4.59e-005,0.0316297
4.5904e-005,0.0323292
4.5908e-005,0.031089
4.5912e-005,0.0311783
4.5916e-005,0.0317984
4.592e-005,0.0318827
4.5924e-005,0.0307269
4.5928e-005,0.0316049
4.5932e-005,0.0317289
4.5936e-005,0.0310295
4.594e-005,0.0321506
4.5944e-005,0.0314809
4.5948e-005,0.0317041
4.5952e-005,0.0319422
4.5956e-005,0.0319422
4.596e-005,0.0318133
4.5964e-005,0.0317884
4.5968e-005,0.0319323
4.5972e-005,0.0317488
4.5976e-005,0.0322597
4.598e-005,0.0319571
4.5984e-005,0.0312428
4.5988e-005,0.032096
4.5992e-005,0.0318529
4.5996e-005,0.0316644
4.6e-005,0.0319422
4.6004e-005,0.0318877
4.6008e-005,0.0314809
4.6012e-005,0.0315156
4.6016e-005,0.0316198
4.602e-005,0.0316644
4.6024e-005,0.0317438
4.6028e-005,0.0314114
4.6032e-005,0.0315107
4.6036e-005,0.0310741
4.604e-005,0.0316198
4.6044e-005,0.0315107
4.6048e-005,0.0325028
4.6052e-005,0.0316049
4.6056e-005,0.0319373
4.606e-005,0.031967
4.6064e-005,0.0316247
4.6068e-005,0.0312825
4.6072e-005,0.0317091
4.6076e-005,0.0322349
4.608e-005,0.0317488
4.6084e-005,0.0327657
4.6088e-005,0.0319918
4.6092e-005,0.0315057
4.6096e-005,0.0320266
4.61e-005,0.0315057
4.6104e-005,0.0316049
4.6108e-005,0.0315751
4.6112e-005,0.0320811
4.6116e-005,0.031461
4.612e-005,0.0317984
4.6124e-005,0.0321407
4.6128e-005,0.0318133
4.6132e-005,0.0321357
4.6136e-005,0.0323341
4.614e-005,0.0321952
4.6144e-005,0.0314263
4.6148e-005,0.0318926
4.6152e-005,0.0320762
4.6156e-005,0.0323143
4.616e-005,0.0313668
4.6164e-005,0.0321853
4.6168e-005,0.0323192
4.6172e-005,0.0314015
4.6176e-005,0.0314263
4.618e-005,0.0324482
4.6184e-005,0.0324929
4.6188e-005,0.0318033
4.6192e-005,0.032225
4.6196e-005,0.0323837
4.62e-005,0.0316247
4.6204e-005,0.0327954
4.6208e-005,0.0320464
4.6212e-005,0.0316446
4.6216e-005,0.0316496
4.622e-005,0.0309848
4.6224e-005,0.0301465
4.6228e-005,0.0302953
4.6232e-005,0.0299629
4.6236e-005,0.0294917
4.624e-005,0.0292784
4.6244e-005,0.0227701
4.6248e-005,0.0197292
4.6252e-005,0.0205874
4.6256e-005,0.0193175
4.626e-005,0.0186379
4.6264e-005,0.0182559
4.6268e-005,0.0080024
4.6272e-005,0.0021241
4.6276e-005,0.00129072
4.628e-005,0.000293637
4.6284e-005,0.000115056
4.6288e-005,0.00126591
4.6292e-005,0.00056647
4.6296e-005,-4.36833e-005
4.63e-005,0.000392849
4.6304e-005,-0.000157777
4.6308e-005,0.0113359
4.6312e-005,0.0206122
4.6316e-005,0.0215349
4.632e-005,0.0237523
4.6324e-005,0.0280234
4.6328e-005,0.0293131
4.6332e-005,0.0304739
4.6336e-005,0.032473
4.634e-005,0.0343332
4.6344e-005,0.0350029
4.6348e-005,0.0363423
4.6352e-005,0.0369425
4.6356e-005,0.037007
4.636e-005,0.0382422
4.6364e-005,0.0388077
4.6368e-005,0.0390855
4.6372e-005,0.0401371
4.6376e-005,0.0396659
4.638e-005,0.0398891
4.6384e-005,0.0407622
4.6388e-005,0.0415063
4.6392e-005,0.0414963
4.6396e-005,0.0423545
4.64e-005,0.0419031
4.6404e-005,0.0420222
4.6408e-005,0.0424537
4.6412e-005,0.0419279
4.6416e-005,0.0426472
4.642e-005,0.0428803
4.6424e-005,0.0424587
4.6428e-005,0.0423148
4.6432e-005,0.0429101
4.6436e-005,0.0424587
4.644e-005,0.0426422
4.6444e-005,0.0431284
4.6448e-005,0.0425529
4.6452e-005,0.0426968
4.6456e-005,0.0431581
4.646e-005,0.0421412
4.6464e-005,0.0424785
4.6468e-005,0.043798
4.6472e-005,0.0423446
4.6476e-005,0.042667
4.648e-005,0.0425877
4.6484e-005,0.0425777
4.6488e-005,0.0424587
4.6492e-005,0.0430093
4.6496e-005,0.0423843
4.65e-005,0.0423297
4.6504e-005,0.0429051
4.6508e-005,0.0420618
4.6512e-005,0.0429151
4.6516e-005,0.0431383
4.652e-005,0.0419676
4.6524e-005,0.0422206
4.6528e-005,0.0430391
4.6532e-005,0.0421859
4.6536e-005,0.0419081
4.654e-005,0.0428853
4.6544e-005,0.0423496
4.6548e-005,0.0424537
4.6552e-005,0.0434855
4.6556e-005,0.0425529
4.656e-005,0.0419974
4.6564e-005,0.0423148
4.6568e-005,0.0417493
4.6572e-005,0.0420668
4.6576e-005,0.0425728
4.658e-005,0.0425877
4.6584e-005,0.0422007
4.6588e-005,0.0430788
4.6592e-005,0.0415807
4.6596e-005,0.041918
4.66e-005,0.0437782
4.6604e-005,0.0418783
4.6608e-005,0.0419825
4.6612e-005,0.042548
4.6616e-005,0.0423247
4.662e-005,0.0421511
4.6624e-005,0.0425877
4.6628e-005,0.0420122
4.6632e-005,0.0427166
4.6636e-005,0.0423992
4.664e-005,0.0419428
4.6644e-005,0.0414616
4.6648e-005,0.0423247
4.6652e-005,0.0426819
4.6656e-005,0.0432226
4.666e-005,0.043178
4.6664e-005,0.0427762
4.6668e-005,0.0422999
4.6672e-005,0.0430639
4.6676e-005,0.042414
4.668e-005,0.041918
4.6684e-005,0.0429151
4.6688e-005,0.0419825
4.6692e-005,0.042037
4.6696e-005,0.0431532
4.67e-005,0.0426869
4.6704e-005,0.0422603
4.6708e-005,0.0424934
4.6712e-005,0.0424785
4.6716e-005,0.0428506
4.672e-005,0.043421
4.6724e-005,0.0420618
4.6728e-005,0.0420073
4.6732e-005,0.0427613
4.6736e-005,0.0423099
4.674e-005,0.0420866
4.6744e-005,0.043049
4.6748e-005,0.042166
4.6752e-005,0.0422305
4.6756e-005,0.0420668
4.676e-005,0.0418039
4.6764e-005,0.0420073
4.6768e-005,0.0425976
4.6772e-005,0.0420569
4.6776e-005,0.0426621
4.678e-005,0.0429944
4.6784e-005,0.0420122
4.6788e-005,0.0425877
4.6792e-005,0.0436046
4.6796e-005,0.0425629
4.68e-005,0.042166
4.6804e-005,0.0431929
4.6808e-005,0.0426819
4.6812e-005,0.0419775
4.6816e-005,0.0427514
4.682e-005,0.0420222
4.6824e-005,0.0425926
4.6828e-005,0.0432573
4.6832e-005,0.0422702
4.6836e-005,0.0425281
4.684e-005,0.0430936
4.6844e-005,0.042677
4.6848e-005,0.042543
4.6852e-005,0.0429051
4.6856e-005,0.0418237
4.686e-005,0.0419924
4.6864e-005,0.0428952
4.6868e-005,0.0422751
4.6872e-005,0.0427315
4.6876e-005,0.0429151
4.688e-005,0.0423744
4.6884e-005,0.0424488
4.6888e-005,0.0436939
4.6892e-005,0.0425877
4.6896e-005,0.0426224
4.69e-005,0.0432573
4.6904e-005,0.0425926
4.6908e-005,0.0423148
4.6912e-005,0.043054
4.6916e-005,0.042791
4.692e-005,0.0428357
4.6924e-005,0.0432474
4.6928e-005,0.0419577
4.6932e-005,0.0422751
4.6936e-005,0.0428059
4.694e-005,0.0421908
4.6944e-005,0.0425877
4.6948e-005,0.0437038
4.6952e-005,0.0425827
4.6956e-005,0.0427563
4.696e-005,0.043173
4.6964e-005,0.0423247
4.6968e-005,0.0428803
4.6972e-005,0.043674
4.6976e-005,0.0427514
4.698e-005,0.0424934
4.6984e-005,0.041536
4.6988e-005,0.038143
4.6992e-005,0.0371806
4.6996e-005,0.0355486
4.7e-005,0.0349483
4.7004e-005,0.0341547
4.7008e-005,0.0334502
4.7012e-005,0.0247742
4.7016e-005,0.0206172
4.702e-005,0.0197243
4.7024e-005,0.0196598
4.7028e-005,0.018747
4.7032e-005,0.0179881
4.7036e-005,0.00845381
4.704e-005,0.00115678
4.7044e-005,0.00123615
4.7048e-005,0.000139859
4.7052e-005,0.000630958
4.7056e-005,0.000561509
4.706e-005,0.000343243
4.7064e-005,0.000164662
4.7068e-005,0.000452376
4.7072e-005,-0.000376043
4.7076e-005,0.0109292
4.708e-005,0.0202005
4.7084e-005,0.0229239
4.7088e-005,0.0265947
4.7092e-005,0.0302011
4.7096e-005,0.0329294
4.71e-005,0.0341943
4.7104e-005,0.0366598
4.7108e-005,0.0382521
4.7112e-005,0.0394674
4.7116e-005,0.0409209
4.712e-005,0.0421462
4.7124e-005,0.0429696
4.7128e-005,0.0441056
4.7132e-005,0.0445421
4.7136e-005,0.0447356
4.714e-005,0.0459311
4.7144e-005,0.0460005
4.7148e-005,0.0464768
4.7152e-005,0.0482973
4.7156e-005,0.0475185
4.716e-005,0.0479401
4.7164e-005,0.0486693
4.7168e-005,0.048208
4.7172e-005,0.049086
4.7176e-005,0.0492001
4.718e-005,0.0490811
4.7184e-005,0.049344
4.7188e-005,0.0504651
4.7192e-005,0.0494382
4.7196e-005,0.0499393
4.72e-005,0.0507974
4.7204e-005,0.0492795
4.7208e-005,0.0503857
4.7212e-005,0.0506982
4.7216e-005,0.0500633
4.722e-005,0.0498698
4.7224e-005,0.0509562
4.7228e-005,0.0505395
4.7232e-005,0.0506238
4.7236e-005,0.0505841
4.724e-005,0.0505395
4.7244e-005,0.0508818
4.7248e-005,0.050852
4.7252e-005,0.0505841
4.7256e-005,0.0504105
4.726e-005,0.0517598
4.7264e-005,0.0508471
4.7268e-005,0.0505841
4.7272e-005,0.051105
4.7276e-005,0.0507131
4.728e-005,0.0507429
4.7284e-005,0.0515515
4.7288e-005,0.051477
4.7292e-005,0.0512489
4.7296e-005,0.0516606
4.73e-005,0.0510951
4.7304e-005,0.0506387
4.7308e-005,0.0513679
4.7312e-005,0.0503907
4.7316e-005,0.050475
4.732e-005,0.0514622
4.7324e-005,0.0510207
4.7328e-005,0.0513481
4.7332e-005,0.0507726
4.7336e-005,0.0510653
4.734e-005,0.0510306
4.7344e-005,0.0510157
4.7348e-005,0.0507776
4.7352e-005,0.0514969
4.7356e-005,0.0520128
4.736e-005,0.0514274
4.7364e-005,0.0511546
4.7368e-005,0.0517896
4.7372e-005,0.0510653
4.7376e-005,0.05111
4.738e-005,0.0513778
4.7384e-005,0.050852
4.7388e-005,0.0507379
4.7392e-005,0.0515217
4.7396e-005,0.051105
4.74e-005,0.0507974
4.7404e-005,0.0512389
4.7408e-005,0.0506685
4.7412e-005,0.0514324
4.7416e-005,0.0521765
4.742e-005,0.0505693
4.7424e-005,0.0507925
4.7428e-005,0.0511149
4.7432e-005,0.0509512
4.7436e-005,0.0510852
4.744e-005,0.0512786
4.7444e-005,0.0512241
4.7448e-005,0.0508719
4.7452e-005,0.0515663
4.7456e-005,0.0510455
4.746e-005,0.0510852
4.7464e-005,0.0512042
4.7468e-005,0.0508967
4.7472e-005,0.0511149
4.7476e-005,0.0518292
4.748e-005,0.0502369
4.7484e-005,0.050976
4.7488e-005,0.0520277
4.7492e-005,0.051487
4.7496e-005,0.051611
4.75e-005,0.0510852
4.7504e-005,0.0515267
4.7508e-005,0.0512588
4.7512e-005,0.050981
4.7516e-005,0.0510802
4.752e-005,0.0511695
4.7524e-005,0.0515366
4.7528e-005,0.0510852
4.7532e-005,0.0515217
4.7536e-005,0.0517995
4.754e-005,0.0505891
4.7544e-005,0.0498252
4.7548e-005,0.0511794
4.7552e-005,0.0509016
4.7556e-005,0.0515564
4.756e-005,0.0514522
4.7564e-005,0.051487
4.7568e-005,0.0513282
4.7572e-005,0.0515366
4.7576e-005,0.0508818
4.758e-005,0.0511645
4.7584e-005,0.0522311
4.7588e-005,0.0515217
4.7592e-005,0.0520426
4.7596e-005,0.0518243
4.76e-005,0.051353
4.7604e-005,0.0507776
4.7608e-005,0.0522261
4.7612e-005,0.050733
4.7616e-005,0.0511596
4.762e-005,0.0519929
4.7624e-005,0.0514076
4.7628e-005,0.0510604
4.7632e-005,0.0521219
4.7636e-005,0.0508222
4.764e-005,0.0516854
4.7644e-005,0.0521616
4.7648e-005,0.0512439
4.7652e-005,0.0509959
4.7656e-005,0.0518888
4.766e-005,0.0516556
4.7664e-005,0.0516259
4.7668e-005,0.0515267
4.7672e-005,0.0516606
4.7676e-005,0.0517003
4.768e-005,0.0518888
4.7684e-005,0.0510703
4.7688e-005,0.0511149
4.7692e-005,0.0518987
4.7696e-005,0.0511397
4.77e-005,0.0508123
4.7704e-005,0.0517697
4.7708e-005,0.0510653
4.7712e-005,0.0515862
4.7716e-005,0.0515763
4.772e-005,0.0511943
4.7724e-005,0.0514919
4.7728e-005,0.0520971
4.7732e-005,0.0508818
4.7736e-005,0.0520128
4.774e-005,0.0516507
4.7744e-005,0.0516259
4.7748e-005,0.0514374
4.7752e-005,0.0496962
4.7756e-005,0.0442395
4.776e-005,0.0395071
4.7764e-005,0.0382471
4.7768e-005,0.0368086
4.7772e-005,0.0360694
4.7776e-005,0.0350029
4.778e-005,0.0255034
4.7784e-005,0.021019
4.7788e-005,0.020017
4.7792e-005,0.0191191
4.7796e-005,0.0192084
4.78e-005,0.0178839
4.7804e-005,0.00891515
4.7808e-005,0.00205465
4.7812e-005,0.00205465
4.7816e-005,-9.32892e-005
4.782e-005,0.000273795
4.7824e-005,0.00153875
4.7828e-005,0.000427573
4.7832e-005,0.000526785
4.7836e-005,0.0012808
4.784e-005,0.000368046
4.7844e-005,0.0120502
4.7848e-005,0.0188215
4.7852e-005,0.0187669
4.7856e-005,0.0199029
4.786e-005,0.020771
4.7864e-005,0.0202451
4.7868e-005,0.0212025
4.7872e-005,0.0210934
4.7876e-005,0.0219615
4.788e-005,0.0212869
4.7884e-005,0.0221004
4.7888e-005,0.0221401
4.7892e-005,0.0218077
4.7896e-005,0.0219367
4.79e-005,0.0228891
4.7904e-005,0.0218127
4.7908e-005,0.0228395
4.7912e-005,0.0224377
4.7916e-005,0.0226907
4.792e-005,0.022527
4.7924e-005,0.0222294
4.7928e-005,0.0221947
4.7932e-005,0.0224824
4.7936e-005,0.0223534
4.794e-005,0.0226758
4.7944e-005,0.0222591
4.7948e-005,0.0221252
4.7952e-005,0.0223088
4.7956e-005,0.0226907
4.796e-005,0.0213662
4.7964e-005,0.022274
4.7968e-005,0.0226213
4.7972e-005,0.0220111
4.7976e-005,0.0223187
4.798e-005,0.0224576
4.7984e-005,0.0218524
4.7988e-005,0.0220905
4.7992e-005,0.0229239
4.7996e-005,0.0217829
4.8e-005,0.0219863
4.8004e-005,0.0221798
4.8008e-005,0.0219962
4.8012e-005,0.0219714
4.8016e-005,0.0227006
4.802e-005,0.0220855
4.8024e-005,0.0221351
4.8028e-005,0.022532
4.8032e-005,0.0223137
4.8036e-005,0.0221649
4.804e-005,0.022279
4.8044e-005,0.0219466
4.8048e-005,0.0220161
4.8052e-005,0.0223137
4.8056e-005,0.0216242
4.806e-005,0.0215399
4.8064e-005,0.0225965
4.8068e-005,0.0218821
4.8072e-005,0.0218921
4.8076e-005,0.022155
4.808e-005,0.0218524
4.8084e-005,0.0224129
4.8088e-005,0.0224675
4.8092e-005,0.0217036
4.8096e-005,0.0221947
4.81e-005,0.0231024
4.8104e-005,0.0219069
4.8108e-005,0.0222145
4.8112e-005,0.0220558
4.8116e-005,0.0226659
4.812e-005,0.0224625
4.8124e-005,0.0226411
4.8128e-005,0.0223584
4.8132e-005,0.0224179
4.8136e-005,0.022532
4.814e-005,0.0220161
4.8144e-005,0.0215647
4.8148e-005,0.0228197
4.8152e-005,0.0221351
4.8156e-005,0.0217532
4.816e-005,0.0221996
4.8164e-005,0.0220905
4.8168e-005,0.0222492
4.8172e-005,0.0229536
4.8176e-005,0.0222294
4.818e-005,0.0226163
4.8184e-005,0.0228445
4.8188e-005,0.0225419
4.8192e-005,0.0220062
4.8196e-005,0.0226659
4.82e-005,0.02215
4.8204e-005,0.022775
4.8208e-005,0.0220855
4.8212e-005,0.0225419
4.8216e-005,0.0218226
4.822e-005,0.0214208
4.8224e-005,0.02215
4.8228e-005,0.0216788
4.8232e-005,0.0219764
4.8236e-005,0.0223484
4.824e-005,0.0226411
4.8244e-005,0.0224675
4.8248e-005,0.0214803
4.8252e-005,0.0217978
4.8256e-005,0.0222889
4.826e-005,0.0223236
4.8264e-005,0.0218127
4.8268e-005,0.0228643
4.8272e-005,0.0222046
4.8276e-005,0.0222492
4.828e-005,0.0221302
4.8284e-005,0.0223137
4.8288e-005,0.0216837
4.8292e-005,0.0221004
4.8296e-005,0.0220508
4.83e-005,0.0216093
4.8304e-005,0.0224576
4.8308e-005,0.0215647
4.8312e-005,0.0214555
4.8316e-005,0.0222195
4.832e-005,0.02215
4.8324e-005,0.0218028
4.8328e-005,0.0222889
4.8332e-005,0.0217631
4.8336e-005,0.0221302
4.834e-005,0.0218673
4.8344e-005,0.0215845
4.8348e-005,0.0217532
4.8352e-005,0.0224923
4.8356e-005,0.0222542
4.836e-005,0.0219566
4.8364e-005,0.0220657
4.8368e-005,0.0218821
4.8372e-005,0.0218921
4.8376e-005,0.0223385
4.838e-005,0.022284
4.8384e-005,0.0220756
4.8388e-005,0.022408
4.8392e-005,0.0216738
4.8396e-005,0.0216986
4.84e-005,0.0226461
4.8404e-005,0.0216639
4.8408e-005,0.0216788
4.8412e-005,0.0223584
4.8416e-005,0.0213514
4.842e-005,0.0221996
4.8424e-005,0.0222542
4.8428e-005,0.0214059
4.8432e-005,0.0218772
4.8436e-005,0.022398
4.844e-005,0.0224923
4.8444e-005,0.0224129
4.8448e-005,0.022532
4.8452e-005,0.0219962
4.8456e-005,0.022026
4.846e-005,0.022026
4.8464e-005,0.022031
4.8468e-005,0.0218375
4.8472e-005,0.022279
4.8476e-005,0.0222443
4.848e-005,0.0221847
4.8484e-005,0.0226213
4.8488e-005,0.021773
4.8492e-005,0.0218077
4.8496e-005,0.022026
4.85e-005,0.0221351
4.8504e-005,0.0217978
4.8508e-005,0.0225568
4.8512e-005,0.021902
4.8516e-005,0.0211827
4.852e-005,0.0221401
4.8524e-005,0.0228247
4.8528e-005,0.0225865
4.8532e-005,0.0244368
4.8536e-005,0.0239507
4.854e-005,0.0236382
4.8544e-005,0.0237275
4.8548e-005,0.0207263
4.8552e-005,0.0192778
4.8556e-005,0.0192282
4.856e-005,0.0189802
4.8564e-005,0.0183998
4.8568e-005,0.0176508
4.8572e-005,0.00641005
4.8576e-005,0.00104269
4.858e-005,0.00176197
4.8584e-005,-4.86439e-005
4.8588e-005,0.000576391
4.8592e-005,0.000700406
4.8596e-005,0.000363085
4.86e-005,8.03316e-005
4.8604e-005,0.000759933
4.8608e-005,0.000303558
4.8612e-005,0.0113508
4.8616e-005,0.0187768
4.862e-005,0.0199078
4.8624e-005,0.021267
4.8628e-005,0.0238317
4.8632e-005,0.023787
4.8636e-005,0.025553
4.864e-005,0.0271602
4.8644e-005,0.0277257
4.8648e-005,0.0281325
4.8652e-005,0.0292685
4.8656e-005,0.02971
4.866e-005,0.0290651
4.8664e-005,0.0299729
4.8668e-005,0.0297397
4.8672e-005,0.0306574
4.8676e-005,0.0311882
4.868e-005,0.0306922
4.8684e-005,0.0313321
4.8688e-005,0.0311981
4.8692e-005,0.0317488
4.8696e-005,0.0316992
4.87e-005,0.0317289
4.8704e-005,0.0314065
4.8708e-005,0.0316843
4.8712e-005,0.0320216
4.8716e-005,0.0324085
4.872e-005,0.0315404
4.8724e-005,0.032979
4.8728e-005,0.0321655
4.8732e-005,0.0318529
4.8736e-005,0.0318083
4.874e-005,0.0319918
4.8744e-005,0.0319224
4.8748e-005,0.0321803
4.8752e-005,0.0317041
4.8756e-005,0.0320414
4.876e-005,0.0323192
4.8764e-005,0.0319025
4.8768e-005,0.0313767
4.8772e-005,0.0315255
4.8776e-005,0.0316942
4.878e-005,0.0311585
4.8784e-005,0.0312626
4.8788e-005,0.0315355
4.8792e-005,0.031337
4.8796e-005,0.0318629
4.88e-005,0.0317091
4.8804e-005,0.0313916
4.8808e-005,0.031843
4.8812e-005,0.0318133
4.8816e-005,0.0315801
4.882e-005,0.0323242
4.8824e-005,0.0312081
4.8828e-005,0.0315255
4.8832e-005,0.0320712
4.8836e-005,0.0322002
4.884e-005,0.0321158
4.8844e-005,0.0321208
4.8848e-005,0.0318877
4.8852e-005,0.0319273
4.8856e-005,0.0316595
4.886e-005,0.0316347
4.8864e-005,0.0311783
4.8868e-005,0.0316148
4.8872e-005,0.0309352
4.8876e-005,0.0311336
4.888e-005,0.0314362
4.8884e-005,0.0312676
4.8888e-005,0.0314561
4.8892e-005,0.0312825
4.8896e-005,0.0313073
4.89e-005,0.0308807
4.8904e-005,0.0311833
4.8908e-005,0.0319125
4.8912e-005,0.0316545
4.8916e-005,0.0315156
4.892e-005,0.0314908
4.8924e-005,0.0312577
4.8928e-005,0.0319968
4.8932e-005,0.0316744
4.8936e-005,0.0308013
4.894e-005,0.0316247
4.8944e-005,0.0313916
4.8948e-005,0.0312825
4.8952e-005,0.0314908
4.8956e-005,0.0322498
4.896e-005,0.0318877
4.8964e-005,0.0317488
4.8968e-005,0.0312378
4.8972e-005,0.0316099
4.8976e-005,0.0319968
4.898e-005,0.0315801
4.8984e-005,0.0311188
4.8988e-005,0.0318033
4.8992e-005,0.0317041
4.8996e-005,0.030841
4.9e-005,0.0317289
4.9004e-005,0.0312775
4.9008e-005,0.0312973
4.9012e-005,0.0312973
4.9016e-005,0.0311336
4.902e-005,0.0315751
4.9024e-005,0.0315553
4.9028e-005,0.0312081
4.9032e-005,0.0313767
4.9036e-005,0.0316942
4.904e-005,0.0312825
4.9044e-005,0.0314065
4.9048e-005,0.0315007
4.9052e-005,0.0309055
4.9056e-005,0.0308906
4.906e-005,0.0318381
4.9064e-005,0.0316446
4.9068e-005,0.0311188
4.9072e-005,0.032101
4.9076e-005,0.0311485
4.908e-005,0.0312725
4.9084e-005,0.0316595
4.9088e-005,0.0314263
4.9092e-005,0.0312676
4.9096e-005,0.0315999
4.91e-005,0.0318133
4.9104e-005,0.031213
4.9108e-005,0.0315057
4.9112e-005,0.0317686
4.9116e-005,0.0308658
4.912e-005,0.0313271
4.9124e-005,0.0313271
4.9128e-005,0.0310295
4.9132e-005,0.0315255
4.9136e-005,0.0313271
4.914e-005,0.0317884
4.9144e-005,0.0316793
4.9148e-005,0.031218
4.9152e-005,0.0316992
4.9156e-005,0.0313271
4.916e-005,0.031595
4.9164e-005,0.0314362
4.9168e-005,0.0310543
4.9172e-005,0.0308559
4.9176e-005,0.0312825
4.918e-005,0.0306971
4.9184e-005,0.0316247
4.9188e-005,0.031337
4.9192e-005,0.0312527
4.9196e-005,0.03096
4.92e-005,0.0307467
4.9204e-005,0.0316644
4.9208e-005,0.0316049
4.9212e-005,0.0314065
4.9216e-005,0.0315107
4.922e-005,0.031347
4.9224e-005,0.031347
4.9228e-005,0.0317438
4.9232e-005,0.0315454
4.9236e-005,0.0307616
4.924e-005,0.0316247
4.9244e-005,0.0308459
4.9248e-005,0.0315652
4.9252e-005,0.0322944
4.9256e-005,0.0317884
4.926e-005,0.0308509
4.9264e-005,0.031466
4.9268e-005,0.031466
4.9272e-005,0.0315553
4.9276e-005,0.0316793
4.928e-005,0.0313966
4.9284e-005,0.030588
4.9288e-005,0.0308509
4.9292e-005,0.0304144
4.9296e-005,0.0292139
4.93e-005,0.0295859
4.9304e-005,0.0295363
4.9308e-005,0.0292933
4.9312e-005,0.0287823
4.9316e-005,0.0228991
4.932e-005,0.0198632
4.9324e-005,0.0199971
4.9328e-005,0.0194118
4.9332e-005,0.0188016
4.9336e-005,0.0183998
4.934e-005,0.00773453
4.9344e-005,0.00100796
4.9348e-005,0.0016578
4.9352e-005,-0.000589349
4.9356e-005,0.000387888
4.936e-005,0.00109229
4.9364e-005,0.000189465
4.9368e-005,0.0004871
4.9372e-005,0.000457337
4.9376e-005,0.000298598
4.938e-005,0.010944
4.9384e-005,0.0192183
4.9388e-005,0.0221699
4.9392e-005,0.0235638
4.9396e-005,0.0269419
4.94e-005,0.0289808
4.9404e-005,0.0304937
4.9408e-005,0.0322349
4.9412e-005,0.0338967
4.9416e-005,0.034616
4.942e-005,0.035876
4.9424e-005,0.036754
4.9428e-005,0.0368036
4.9432e-005,0.0384158
4.9436e-005,0.0383761
4.944e-005,0.0390408
4.9444e-005,0.0404993
4.9448e-005,0.0397155
4.9452e-005,0.0399437
4.9456e-005,0.0408018
4.946e-005,0.0409011
4.9464e-005,0.0410499
4.9468e-005,0.0418882
4.9472e-005,0.0408812
4.9476e-005,0.0409804
4.948e-005,0.041794
4.9484e-005,0.0418039
4.9488e-005,0.0410499
4.9492e-005,0.0427712
4.9496e-005,0.0420073
4.95e-005,0.0423198
4.9504e-005,0.0423744
4.9508e-005,0.0419626
4.9512e-005,0.0426323
4.9516e-005,0.0428506
4.952e-005,0.0422702
4.9524e-005,0.0423396
4.9528e-005,0.042672
4.9532e-005,0.0417146
4.9536e-005,0.0418237
4.954e-005,0.0428754
4.9544e-005,0.0423297
4.9548e-005,0.0417642
4.9552e-005,0.0424289
4.9556e-005,0.0420916
4.956e-005,0.0419527
4.9564e-005,0.0434657
4.9568e-005,0.0416104
4.9572e-005,0.0423644
4.9576e-005,0.0426075
4.958e-005,0.0416551
4.9584e-005,0.0421958
4.9588e-005,0.0422999
4.9592e-005,0.0419279
4.9596e-005,0.041913
4.96e-005,0.0427563
4.9604e-005,0.0421164
4.9608e-005,0.0429746
4.9612e-005,0.0429795
4.9616e-005,0.0421164
4.962e-005,0.0419229
4.9624e-005,0.0420569
4.9628e-005,0.0421015
4.9632e-005,0.0423644
4.9636e-005,0.0425133
4.964e-005,0.0427315
4.9644e-005,0.0428357
4.9648e-005,0.0433814
4.9652e-005,0.0426968
4.9656e-005,0.0425232
4.966e-005,0.0431036
4.9664e-005,0.0423892
4.9668e-005,0.0415658
4.9672e-005,0.0429101
4.9676e-005,0.0423347
4.968e-005,0.0423843
4.9684e-005,0.0425827
4.9688e-005,0.0420519
4.9692e-005,0.0423099
4.9696e-005,0.0430292
4.97e-005,0.0419329
4.9704e-005,0.0424289
4.9708e-005,0.0429944
4.9712e-005,0.0421859
4.9716e-005,0.0418188
4.972e-005,0.0426521
4.9724e-005,0.0424091
4.9728e-005,0.0428208
4.9732e-005,0.0425529
4.9736e-005,0.0427067
4.974e-005,0.0428903
4.9744e-005,0.0433367
4.9748e-005,0.0425976
4.9752e-005,0.042672
4.9756e-005,0.0435847
4.976e-005,0.0423892
4.9764e-005,0.0430391
4.9768e-005,0.0429696
4.9772e-005,0.0419825
4.9776e-005,0.0429746
4.978e-005,0.0422603
4.9784e-005,0.0421214
4.9788e-005,0.0423744
4.9792e-005,0.0428952
4.9796e-005,0.0428555
4.98e-005,0.0427018
4.9804e-005,0.0425777
4.9808e-005,0.0425777
4.9812e-005,0.0420271
4.9816e-005,0.0429151
4.982e-005,0.0425033
4.9824e-005,0.0418386
4.9828e-005,0.0431234
4.9832e-005,0.0427514
4.9836e-005,0.0427365
4.984e-005,0.0428059
4.9844e-005,0.0424884
4.9848e-005,0.0427613
4.9852e-005,0.0425331
4.9856e-005,0.0425728
4.986e-005,0.0421958
4.9864e-005,0.043302
4.9868e-005,0.042796
4.9872e-005,0.0423297
4.9876e-005,0.0431333
4.988e-005,0.0424388
4.9884e-005,0.0420321
4.9888e-005,0.0432821
4.9892e-005,0.042424
4.9896e-005,0.042677
4.99e-005,0.0436641
4.9904e-005,0.0426422
4.9908e-005,0.0428059
4.9912e-005,0.042791
4.9916e-005,0.0417791
4.992e-005,0.0423148
4.9924e-005,0.0429151
4.9928e-005,0.04229
4.9932e-005,0.042667
4.9936e-005,0.04292
4.994e-005,0.0425083
4.9944e-005,0.0421412
4.9948e-005,0.0426373
4.9952e-005,0.0419081
4.9956e-005,0.0424636
4.996e-005,0.0425777
4.9964e-005,0.0422702
4.9968e-005,0.0421164
4.9972e-005,0.043178
4.9976e-005,0.0418833
4.998e-005,0.0416799
4.9984e-005,0.0422255
4.9988e-005,0.0426125
4.9992e-005,0.0422603
4.9996e-005,0.043044
5e-005,0.0420866
5.0004e-005,0.0424041
5.0008e-005,0.0429101
5.0012e-005,0.0423595
5.0016e-005,0.0426323
5.002e-005,0.0429051
5.0024e-005,0.0421164
5.0028e-005,0.0417989
5.0032e-005,0.0428853
5.0036e-005,0.0417394
5.004e-005,0.0422404
5.0044e-005,0.0432028
5.0048e-005,0.0427861
5.0052e-005,0.0416303
5.0056e-005,0.0417989
5.006e-005,0.0381827
5.0064e-005,0.0359603
5.0068e-005,0.0347598
5.0072e-005,0.0340604
5.0076e-005,0.0338471
5.008e-005,0.0324879
5.0084e-005,0.0244269
5.0088e-005,0.0202501
5.0092e-005,0.0199475
5.0096e-005,0.0191042
5.01e-005,0.0184097
5.0104e-005,0.0186677
5.0108e-005,0.00810161
5.0112e-005,0.00188599
5.0116e-005,0.00171237
5.012e-005,0.000283716
5.0124e-005,0.000616076
5.0128e-005,0.00127583
5.0132e-005,0.000115056
5.0136e-005,0.000244031
5.014e-005,0.0011667
5.0144e-005,0.000174583
5.0148e-005,0.0112268
5.0152e-005,0.0198086
5.0156e-005,0.022656
5.016e-005,0.0262921
5.0164e-005,0.0309948
5.0168e-005,0.0329145
5.0172e-005,0.0349583
5.0176e-005,0.0368582
5.018e-005,0.0386192
5.0184e-005,0.0396411
5.0188e-005,0.0415311
5.0192e-005,0.0418287
5.0196e-005,0.043049
5.02e-005,0.0440858
5.0204e-005,0.0448943
5.0208e-005,0.0455144
5.0212e-005,0.0464867
5.0216e-005,0.0461891
5.022e-005,0.0473002
5.0224e-005,0.0478707
5.0228e-005,0.0481733
5.0232e-005,0.0482824
5.0236e-005,0.0485156
5.024e-005,0.0482775
5.0244e-005,0.0483072
5.0248e-005,0.0497805
5.0252e-005,0.0498004
5.0256e-005,0.0491108
5.026e-005,0.0496863
5.0264e-005,0.0491307
5.0268e-005,0.0498301
5.0272e-005,0.0507082
5.0276e-005,0.0497458
5.028e-005,0.049468
5.0284e-005,0.049969
5.0288e-005,0.0498252
5.0292e-005,0.0506337
5.0296e-005,0.0509215
5.03e-005,0.0503907
5.0304e-005,0.0503758
5.0308e-005,0.0505445
5.0312e-005,0.0506288
5.0316e-005,0.0503659
5.032e-005,0.05111
5.0324e-005,0.0508222
5.0328e-005,0.0510107
5.0332e-005,0.0503907
5.0336e-005,0.0504105
5.034e-005,0.0507429
5.0344e-005,0.0511149
5.0348e-005,0.0505643
5.0352e-005,0.0513034
5.0356e-005,0.0513481
5.036e-005,0.0514473
5.0364e-005,0.0510604
5.0368e-005,0.0515068
5.0372e-005,0.0502369
5.0376e-005,0.0504155
5.038e-005,0.0513133
5.0384e-005,0.0509661
5.0388e-005,0.0513778
5.0392e-005,0.0511844
5.0396e-005,0.0510356
5.04e-005,0.0510901
5.0404e-005,0.0513679
5.0408e-005,0.0512538
5.0412e-005,0.0514126
5.0416e-005,0.0513679
5.042e-005,0.0510703
5.0424e-005,0.0512786
5.0428e-005,0.0515465
5.0432e-005,0.0507379
5.0436e-005,0.0515663
5.044e-005,0.0517102
5.0444e-005,0.0514274
5.0448e-005,0.0511993
5.0452e-005,0.0519136
5.0456e-005,0.0513431
5.046e-005,0.0508619
5.0464e-005,0.0515663
5.0468e-005,0.0505792
5.0472e-005,0.0503262
5.0476e-005,0.0512885
5.048e-005,0.05047
5.0484e-005,0.0510405
5.0488e-005,0.0511447
5.0492e-005,0.0510157
5.0496e-005,0.0517251
5.05e-005,0.0507925
5.0504e-005,0.0513133
5.0508e-005,0.0516011
5.0512e-005,0.0514721
5.0516e-005,0.0510405
5.052e-005,0.0514721
5.0524e-005,0.0513332
5.0528e-005,0.0515018
5.0532e-005,0.0518392
5.0536e-005,0.0522211
5.054e-005,0.0512538
5.0544e-005,0.0516259
5.0548e-005,0.0517747
5.0552e-005,0.0513878
5.0556e-005,0.0518044
5.056e-005,0.0521318
5.0564e-005,0.0512538
5.0568e-005,0.0510703
5.0572e-005,0.0515415
5.0576e-005,0.0516011
5.058e-005,0.0510653
5.0584e-005,0.0513679
5.0588e-005,0.0512637
5.0592e-005,0.0506089
5.0596e-005,0.0514423
5.06e-005,0.050604
5.0604e-005,0.051353
5.0608e-005,0.0513332
5.0612e-005,0.0510703
5.0616e-005,0.0513729
5.062e-005,0.0516159
5.0624e-005,0.0508867
5.0628e-005,0.0510951
5.0632e-005,0.0521318
5.0636e-005,0.0513778
5.064e-005,0.0509611
5.0644e-005,0.0524592
5.0648e-005,0.0515812
5.0652e-005,0.0512092
5.0656e-005,0.0521418
5.066e-005,0.0516308
5.0664e-005,0.0510157
5.0668e-005,0.0516804
5.0672e-005,0.0514919
5.0676e-005,0.0512786
5.068e-005,0.0516556
5.0684e-005,0.0509562
5.0688e-005,0.0512836
5.0692e-005,0.0521765
5.0696e-005,0.0513878
5.07e-005,0.0510058
5.0704e-005,0.0517896
5.0708e-005,0.0515018
5.0712e-005,0.05174
5.0716e-005,0.0518491
5.072e-005,0.0509711
5.0724e-005,0.0509314
5.0728e-005,0.0514274
5.0732e-005,0.0514026
5.0736e-005,0.0514671
5.074e-005,0.0517846
5.0744e-005,0.0511943
5.0748e-005,0.0512885
5.0752e-005,0.0514026
5.0756e-005,0.0508867
5.076e-005,0.0514473
5.0764e-005,0.05174
5.0768e-005,0.0514175
5.0772e-005,0.0511993
5.0776e-005,0.0513878
5.078e-005,0.0507726
5.0784e-005,0.0507032
5.0788e-005,0.051988
5.0792e-005,0.0513431
5.0796e-005,0.0509165
5.08e-005,0.0518342
5.0804e-005,0.0514572
5.0808e-005,0.0506288
5.0812e-005,0.0516358
5.0816e-005,0.0518789
5.082e-005,0.0510107
5.0824e-005,0.0497458
5.0828e-005,0.0440957
5.0832e-005,0.039651
5.0836e-005,0.0380636
5.084e-005,0.0368483
5.0844e-005,0.0363869
5.0848e-005,0.0345862
5.0852e-005,0.0258109
5.0856e-005,0.0204833
5.086e-005,0.019382
5.0864e-005,0.0198235
5.0868e-005,0.0186578
5.0872e-005,0.0188115
5.0876e-005,0.008682
5.088e-005,0.00125599
5.0884e-005,0.00107245
5.0888e-005,-0.000227225
5.0892e-005,0.000918672
5.0896e-005,0.00108237
5.09e-005,9.62069e-007
5.0904e-005,0.00040277
5.0908e-005,0.00109725
5.0912e-005,0.000134898
5.0916e-005,0.0115095
5.092e-005,0.0197094
5.0924e-005,0.0195903
5.0928e-005,0.0196747
5.0932e-005,0.0219913
5.0936e-005,0.0214158
5.094e-005,0.0211926
5.0944e-005,0.0229685
5.0948e-005,0.0219714
5.0952e-005,0.022021
5.0956e-005,0.0226163
5.096e-005,0.0226113
5.0964e-005,0.0227999
5.0968e-005,0.0233604
5.0972e-005,0.023157
5.0976e-005,0.0221798
5.098e-005,0.0236382
5.0984e-005,0.0235687
5.0988e-005,0.0229239
5.0992e-005,0.0236481
5.0996e-005,0.0226758
5.1e-005,0.0225667
5.1004e-005,0.0224873
5.1008e-005,0.0226858
5.1012e-005,0.022398
5.1016e-005,0.0227999
5.102e-005,0.0232017
5.1024e-005,0.0224129
5.1028e-005,0.0230479
5.1032e-005,0.022656
5.1036e-005,0.0219863
5.104e-005,0.0225965
5.1044e-005,0.0226659
5.1048e-005,0.0221798
5.1052e-005,0.0234745
5.1056e-005,0.0230578
5.106e-005,0.0224576
5.1064e-005,0.0229586
5.1068e-005,0.0228792
5.1072e-005,0.0230628
5.1076e-005,0.0233356
5.108e-005,0.0230132
5.1084e-005,0.0227155
5.1088e-005,0.0230876
5.1092e-005,0.0232562
5.1096e-005,0.0227354
5.11e-005,0.0225469
5.1104e-005,0.0220359
5.1108e-005,0.022527
5.1112e-005,0.0228643
5.1116e-005,0.0226411
5.112e-005,0.0223038
5.1124e-005,0.022398
5.1128e-005,0.0225121
5.1132e-005,0.0229784
5.1136e-005,0.022661
5.114e-005,0.0229139
5.1144e-005,0.0224625
5.1148e-005,0.0235737
5.1152e-005,0.0221947
5.1156e-005,0.0227552
5.116e-005,0.0226163
5.1164e-005,0.0227701
5.1168e-005,0.0222939
5.1172e-005,0.0230578
5.1176e-005,0.0231223
5.118e-005,0.0227056
5.1184e-005,0.0228594
5.1188e-005,0.0223336
5.1192e-005,0.0221699
5.1196e-005,0.0232066
5.12e-005,0.022284
5.1204e-005,0.0222691
5.1208e-005,0.0226113
5.1212e-005,0.0226411
5.1216e-005,0.0226113
5.122e-005,0.0225221
5.1224e-005,0.0228048
5.1228e-005,0.0221947
5.1232e-005,0.0225617
5.1236e-005,0.0230479
5.124e-005,0.0225667
5.1244e-005,0.0227999
5.1248e-005,0.0223286
5.1252e-005,0.0216043
5.1256e-005,0.0224377
5.126e-005,0.0225221
