LECROYWR104MXi,20621,Waveform
Segments,1,SegmentSize,2501
Segment,TrigTime,TimeSinceSegment1
#1,21-May-2015 13:59:34,0                 
Time,Ampl
4.126e-005,0.0521219
4.1264e-005,0.0509909
4.1268e-005,0.0508669
4.1272e-005,0.0516358
4.1276e-005,0.0514324
4.128e-005,0.0515068
4.1284e-005,0.0514324
4.1288e-005,0.0519533
4.1292e-005,0.0512637
4.1296e-005,0.0517697
4.13e-005,0.0512092
4.1304e-005,0.0509066
4.1308e-005,0.0517152
4.1312e-005,0.0519235
4.1316e-005,0.0511348
4.132e-005,0.0514324
4.1324e-005,0.0518044
4.1328e-005,0.0513233
4.1332e-005,0.0518739
4.1336e-005,0.0514274
4.134e-005,0.0515862
4.1344e-005,0.0519533
4.1348e-005,0.051477
4.1352e-005,0.0509016
4.1356e-005,0.0512389
4.136e-005,0.0513977
4.1364e-005,0.051234
4.1368e-005,0.0516655
4.1372e-005,0.0512389
4.1376e-005,0.0510107
4.138e-005,0.0517003
4.1384e-005,0.0516358
4.1388e-005,0.0511397
4.1392e-005,0.0516804
4.1396e-005,0.0511447
4.14e-005,0.0515564
4.1404e-005,0.0518789
4.1408e-005,0.0518541
4.1412e-005,0.0507974
4.1416e-005,0.0516854
4.142e-005,0.0518243
4.1424e-005,0.0513481
4.1428e-005,0.051477
4.1432e-005,0.0516804
4.1436e-005,0.0505345
4.144e-005,0.0516209
4.1444e-005,0.0515663
4.1448e-005,0.0507032
4.1452e-005,0.0516705
4.1456e-005,0.0515316
4.146e-005,0.0508074
4.1464e-005,0.0512241
4.1468e-005,0.051864
4.1472e-005,0.0512985
4.1476e-005,0.0513282
4.148e-005,0.0515316
4.1484e-005,0.0508074
4.1488e-005,0.0516606
4.1492e-005,0.0513927
4.1496e-005,0.0518243
4.15e-005,0.0518987
4.1504e-005,0.0517697
4.1508e-005,0.0509859
4.1512e-005,0.0512191
4.1516e-005,0.0517449
4.152e-005,0.0511298
4.1524e-005,0.0517945
4.1528e-005,0.0510703
4.1532e-005,0.0516209
4.1536e-005,0.0516011
4.154e-005,0.0515961
4.1544e-005,0.0510901
4.1548e-005,0.0517995
4.1552e-005,0.0520277
4.1556e-005,0.0519483
4.156e-005,0.0513332
4.1564e-005,0.051735
4.1568e-005,0.0513778
4.1572e-005,0.0516507
4.1576e-005,0.0517152
4.158e-005,0.0512935
4.1584e-005,0.0511149
4.1588e-005,0.0512439
4.1592e-005,0.0515911
4.1596e-005,0.0511
4.16e-005,0.0513679
4.1604e-005,0.0515018
4.1608e-005,0.0516358
4.1612e-005,0.0512588
4.1616e-005,0.0514423
4.162e-005,0.0521318
4.1624e-005,0.0516358
4.1628e-005,0.0514225
4.1632e-005,0.0521269
4.1636e-005,0.0524444
4.164e-005,0.0517003
4.1644e-005,0.0521318
4.1648e-005,0.0520475
4.1652e-005,0.0520475
4.1656e-005,0.0520376
4.166e-005,0.0525188
4.1664e-005,0.0518491
4.1668e-005,0.0517697
4.1672e-005,0.0487438
4.1676e-005,0.0439121
4.168e-005,0.0401173
4.1684e-005,0.0377957
4.1688e-005,0.0369425
4.1692e-005,0.0363324
4.1696e-005,0.0338868
4.17e-005,0.0239457
4.1704e-005,0.0204733
4.1708e-005,0.0197491
4.1712e-005,0.0200219
4.1716e-005,0.0186478
4.172e-005,0.0179633
4.1724e-005,0.00604297
4.1728e-005,0.00170741
4.1732e-005,0.000675603
4.1736e-005,-0.00018258
4.174e-005,0.000665682
4.1744e-005,0.00103277
4.1748e-005,0.00101292
4.1752e-005,0.0004871
4.1756e-005,0.000799618
4.176e-005,-0.000152816
4.1764e-005,0.0124173
4.1768e-005,0.0208553
4.1772e-005,0.0245311
4.1776e-005,0.0292486
4.178e-005,0.0334701
4.1784e-005,0.0357817
4.1788e-005,0.0376668
4.1792e-005,0.0398097
4.1796e-005,0.0414616
4.18e-005,0.0426571
4.1804e-005,0.0442594
4.1808e-005,0.0455095
4.1812e-005,0.0465859
4.1816e-005,0.047072
4.182e-005,0.0482179
4.1824e-005,0.0485553
4.1828e-005,0.0490216
4.1832e-005,0.0500732
4.1836e-005,0.0503311
4.184e-005,0.0505891
4.1844e-005,0.0508024
4.1848e-005,0.0516358
4.1852e-005,0.0521814
4.1856e-005,0.0528065
4.186e-005,0.0526378
4.1864e-005,0.0526874
4.1868e-005,0.0530595
4.1872e-005,0.0537391
4.1876e-005,0.0535506
4.188e-005,0.0539325
4.1884e-005,0.0538879
4.1888e-005,0.054503
4.1892e-005,0.0541458
4.1896e-005,0.0550437
4.19e-005,0.0546816
4.1904e-005,0.0547411
4.1908e-005,0.0556836
4.1912e-005,0.0549743
4.1916e-005,0.0548602
4.192e-005,0.0555547
4.1924e-005,0.0558721
4.1928e-005,0.0550834
4.1932e-005,0.0560805
4.1936e-005,0.0554406
4.194e-005,0.0554951
4.1944e-005,0.0559465
4.1948e-005,0.05614
4.1952e-005,0.0555993
4.1956e-005,0.0561152
4.196e-005,0.056522
4.1964e-005,0.0565914
4.1968e-005,0.0569982
4.1972e-005,0.0570528
4.1976e-005,0.0568047
4.198e-005,0.0560011
4.1984e-005,0.056899
4.1988e-005,0.0566063
4.1992e-005,0.0567402
4.1996e-005,0.0564724
4.2e-005,0.0565021
4.2004e-005,0.0565319
4.2008e-005,0.0565269
4.2012e-005,0.0560507
4.2016e-005,0.0568196
4.202e-005,0.0564674
4.2024e-005,0.055639
4.2028e-005,0.0566906
4.2032e-005,0.0568097
4.2036e-005,0.056011
4.204e-005,0.0562839
4.2044e-005,0.0564525
4.2048e-005,0.0563384
4.2052e-005,0.0573355
4.2056e-005,0.0568643
4.206e-005,0.0569039
4.2064e-005,0.057147
4.2068e-005,0.0566063
4.2072e-005,0.0566509
4.2076e-005,0.0575935
4.208e-005,0.056264
4.2084e-005,0.0564872
4.2088e-005,0.0573603
4.2092e-005,0.0567601
4.2096e-005,0.0562888
4.21e-005,0.0568543
4.2104e-005,0.0568246
4.2108e-005,0.0572413
4.2112e-005,0.057152
4.2116e-005,0.0566807
4.212e-005,0.0563235
4.2124e-005,0.0570726
4.2128e-005,0.0569932
4.2132e-005,0.0567601
4.2136e-005,0.0571817
4.214e-005,0.0568841
4.2144e-005,0.0563186
4.2148e-005,0.0564922
4.2152e-005,0.0569387
4.2156e-005,0.0567551
4.216e-005,0.0565418
4.2164e-005,0.0560309
4.2168e-005,0.0567402
4.2172e-005,0.0561698
4.2176e-005,0.0563682
4.218e-005,0.0566559
4.2184e-005,0.05677
4.2188e-005,0.0564029
4.2192e-005,0.0569684
4.2196e-005,0.057018
4.22e-005,0.0566509
4.2204e-005,0.0568643
4.2208e-005,0.0571024
4.2212e-005,0.057142
4.2216e-005,0.0567998
4.222e-005,0.0574
4.2224e-005,0.0576133
4.2228e-005,0.0569783
4.2232e-005,0.0576133
4.2236e-005,0.0571916
4.224e-005,0.0571966
4.2244e-005,0.0573504
4.2248e-005,0.0567898
4.2252e-005,0.056646
4.2256e-005,0.0572115
4.226e-005,0.0566509
4.2264e-005,0.057018
4.2268e-005,0.0574397
4.2272e-005,0.057276
4.2276e-005,0.0569585
4.228e-005,0.0575389
4.2284e-005,0.0573107
4.2288e-005,0.0573008
4.2292e-005,0.0569387
4.2296e-005,0.0567948
4.23e-005,0.0571916
4.2304e-005,0.0572313
4.2308e-005,0.0566013
4.2312e-005,0.0569287
4.2316e-005,0.0574992
4.232e-005,0.0568394
4.2324e-005,0.057023
4.2328e-005,0.0572958
4.2332e-005,0.0567849
4.2336e-005,0.0571569
4.234e-005,0.0579804
4.2344e-005,0.0573702
4.2348e-005,0.0571867
4.2352e-005,0.057271
4.2356e-005,0.0574992
4.236e-005,0.0572909
4.2364e-005,0.0574694
4.2368e-005,0.0569833
4.2372e-005,0.0569188
4.2376e-005,0.0569139
4.238e-005,0.0575042
4.2384e-005,0.0569982
4.2388e-005,0.0573305
4.2392e-005,0.056522
4.2396e-005,0.0568345
4.24e-005,0.0572661
4.2404e-005,0.0569684
4.2408e-005,0.0566212
4.2412e-005,0.0570676
4.2416e-005,0.0571272
4.242e-005,0.0569734
4.2424e-005,0.0568444
4.2428e-005,0.0566956
4.2432e-005,0.057147
4.2436e-005,0.0573653
4.244e-005,0.054121
4.2444e-005,0.0466553
4.2448e-005,0.0419279
4.2452e-005,0.0389714
4.2456e-005,0.0376916
4.246e-005,0.0370764
4.2464e-005,0.035499
4.2468e-005,0.0233108
4.2472e-005,0.0208007
4.2476e-005,0.0198533
4.248e-005,0.0195755
4.2484e-005,0.0179534
4.2488e-005,0.0176359
4.2492e-005,0.00619178
4.2496e-005,0.00151394
4.25e-005,0.00131056
4.2504e-005,9.62069e-007
4.2508e-005,0.000725209
4.2512e-005,0.00109229
4.2516e-005,0.000616076
4.252e-005,0.000616076
4.2524e-005,6.54498e-005
4.2528e-005,-0.000549664
4.2532e-005,0.0137914
4.2536e-005,0.0199029
4.254e-005,0.0206618
4.2544e-005,0.0234497
4.2548e-005,0.0253893
4.2552e-005,0.0259846
4.2556e-005,0.0271056
4.256e-005,0.028445
4.2564e-005,0.0293131
4.2568e-005,0.0294421
4.2572e-005,0.03033
4.2576e-005,0.0307368
4.258e-005,0.0313817
4.2584e-005,0.0316892
4.2588e-005,0.031967
4.2592e-005,0.0328451
4.2596e-005,0.0323738
4.26e-005,0.0323043
4.2604e-005,0.0331526
4.2608e-005,0.0330088
4.2612e-005,0.0335643
4.2616e-005,0.0334552
4.262e-005,0.0331129
4.2624e-005,0.0333213
4.2628e-005,0.033485
4.2632e-005,0.0333461
4.2636e-005,0.0327657
4.264e-005,0.0332568
4.2644e-005,0.0329988
4.2648e-005,0.0333163
4.2652e-005,0.0332072
4.2656e-005,0.0337677
4.266e-005,0.032979
4.2664e-005,0.0329095
4.2668e-005,0.0330236
4.2672e-005,0.0329343
4.2676e-005,0.0333659
4.268e-005,0.0329691
4.2684e-005,0.0326317
4.2688e-005,0.0329095
4.2692e-005,0.0338024
4.2696e-005,0.03348
4.27e-005,0.0326913
4.2704e-005,0.0330732
4.2708e-005,0.0330931
4.2712e-005,0.0328451
4.2716e-005,0.0330931
4.272e-005,0.0330534
4.2724e-005,0.033103
4.2728e-005,0.0329095
4.2732e-005,0.032731
4.2736e-005,0.0336487
4.274e-005,0.0327359
4.2744e-005,0.032731
4.2748e-005,0.0331278
4.2752e-005,0.0326913
4.2756e-005,0.0327756
4.276e-005,0.032602
4.2764e-005,0.0333957
4.2768e-005,0.0333907
4.2772e-005,0.0334403
4.2776e-005,0.0333411
4.278e-005,0.0321704
4.2784e-005,0.03348
4.2788e-005,0.0329591
4.2792e-005,0.0331675
4.2796e-005,0.0327706
4.28e-005,0.0325474
4.2804e-005,0.0326417
4.2808e-005,0.0329244
4.2812e-005,0.0330336
4.2816e-005,0.0324879
4.282e-005,0.0329939
4.2824e-005,0.0327855
4.2828e-005,0.0338024
4.2832e-005,0.032855
4.2836e-005,0.0330336
4.284e-005,0.0318877
4.2844e-005,0.0323986
4.2848e-005,0.0327409
4.2852e-005,0.0326218
4.2856e-005,0.032468
4.286e-005,0.032597
4.2864e-005,0.0324829
4.2868e-005,0.0328451
4.2872e-005,0.0332717
4.2876e-005,0.0326466
4.288e-005,0.0328302
4.2884e-005,0.0334106
4.2888e-005,0.032721
4.2892e-005,0.0326962
4.2896e-005,0.0326218
4.29e-005,0.0328599
4.2904e-005,0.0328302
4.2908e-005,0.0321506
4.2912e-005,0.0326069
4.2916e-005,0.0327359
4.292e-005,0.0331576
4.2924e-005,0.0326814
4.2928e-005,0.0325772
4.2932e-005,0.0322994
4.2936e-005,0.0324184
4.294e-005,0.0326615
4.2944e-005,0.0327954
4.2948e-005,0.0323093
4.2952e-005,0.0328252
4.2956e-005,0.0324978
4.296e-005,0.0325772
4.2964e-005,0.032602
4.2968e-005,0.0329542
4.2972e-005,0.0321952
4.2976e-005,0.0330187
4.298e-005,0.032855
4.2984e-005,0.0325375
4.2988e-005,0.0321109
4.2992e-005,0.0325474
4.2996e-005,0.0324135
4.3e-005,0.0326814
4.3004e-005,0.0326714
4.3008e-005,0.0321456
4.3012e-005,0.0326714
4.3016e-005,0.0326218
4.302e-005,0.0323192
4.3024e-005,0.0326714
4.3028e-005,0.0326863
4.3032e-005,0.0324184
4.3036e-005,0.0329939
4.304e-005,0.0326367
4.3044e-005,0.032473
4.3048e-005,0.0328847
4.3052e-005,0.032602
4.3056e-005,0.0321853
4.306e-005,0.0320811
4.3064e-005,0.0327657
4.3068e-005,0.0325474
4.3072e-005,0.032974
4.3076e-005,0.032091
4.308e-005,0.0321952
4.3084e-005,0.0322845
4.3088e-005,0.0321307
4.3092e-005,0.0322349
4.3096e-005,0.0324631
4.31e-005,0.0325276
4.3104e-005,0.031848
4.3108e-005,0.031843
4.3112e-005,0.0319125
4.3116e-005,0.0314362
4.312e-005,0.0318678
4.3124e-005,0.0318033
4.3128e-005,0.0322647
4.3132e-005,0.0324036
4.3136e-005,0.0316297
4.314e-005,0.0320067
4.3144e-005,0.0326714
4.3148e-005,0.032731
4.3152e-005,0.032225
4.3156e-005,0.031848
4.316e-005,0.0325077
4.3164e-005,0.0321307
4.3168e-005,0.0322051
4.3172e-005,0.0323093
4.3176e-005,0.031977
4.318e-005,0.0327706
4.3184e-005,0.032979
4.3188e-005,0.0325325
4.3192e-005,0.0322547
4.3196e-005,0.0324532
4.32e-005,0.0325226
4.3204e-005,0.0321407
4.3208e-005,0.0319075
4.3212e-005,0.0310245
4.3216e-005,0.0304342
4.322e-005,0.0305334
4.3224e-005,0.0302011
4.3228e-005,0.0314263
4.3232e-005,0.030836
4.3236e-005,0.0224427
4.324e-005,0.0193522
4.3244e-005,0.0202303
4.3248e-005,0.0194366
4.3252e-005,0.019134
4.3256e-005,0.0179831
4.326e-005,0.00578998
4.3264e-005,0.000869066
4.3268e-005,0.000993081
4.3272e-005,-0.00018258
4.3276e-005,0.00125599
4.328e-005,5.0568e-005
4.3284e-005,-0.000371082
4.3288e-005,0.00123615
4.3292e-005,5.92266e-006
4.3296e-005,-0.000638955
4.33e-005,0.0131069
4.3304e-005,0.0190397
4.3308e-005,0.0219218
4.3312e-005,0.0248188
4.3316e-005,0.0281821
4.332e-005,0.0293826
4.3324e-005,0.0306922
4.3328e-005,0.0330038
4.3332e-005,0.0332965
4.3336e-005,0.0351468
4.334e-005,0.0364812
4.3344e-005,0.0373542
4.3348e-005,0.0376122
4.3352e-005,0.038143
4.3356e-005,0.0393286
4.336e-005,0.0398048
4.3364e-005,0.0400379
4.3368e-005,0.0402959
4.3372e-005,0.0410697
4.3376e-005,0.0406282
4.338e-005,0.0407969
4.3384e-005,0.0418386
4.3388e-005,0.0412185
4.3392e-005,0.0419626
4.3396e-005,0.0424438
4.34e-005,0.0414666
4.3404e-005,0.0417344
4.3408e-005,0.0422851
4.3412e-005,0.042548
4.3416e-005,0.0419974
4.342e-005,0.0425331
4.3424e-005,0.0426819
4.3428e-005,0.0417791
4.3432e-005,0.0430292
4.3436e-005,0.0424785
4.344e-005,0.0414914
4.3444e-005,0.0425182
4.3448e-005,0.0430887
4.3452e-005,0.0420916
4.3456e-005,0.0432821
4.346e-005,0.0425083
4.3464e-005,0.042548
4.3468e-005,0.04292
4.3472e-005,0.0423099
4.3476e-005,0.042801
4.348e-005,0.0431829
4.3484e-005,0.0428903
4.3488e-005,0.0421114
4.3492e-005,0.042419
4.3496e-005,0.0426174
4.35e-005,0.0423793
4.3504e-005,0.0436939
4.3508e-005,0.0429795
4.3512e-005,0.0421511
4.3516e-005,0.043555
4.352e-005,0.0423793
4.3524e-005,0.0429101
4.3528e-005,0.0430341
4.3532e-005,0.0428357
4.3536e-005,0.042672
4.354e-005,0.0435847
4.3544e-005,0.0430044
4.3548e-005,0.0426918
4.3552e-005,0.0432226
4.3556e-005,0.0428307
4.356e-005,0.0434706
4.3564e-005,0.0434855
4.3568e-005,0.0425529
4.3572e-005,0.0433913
4.3576e-005,0.0435351
4.358e-005,0.0432673
4.3584e-005,0.0430242
4.3588e-005,0.0431532
4.3592e-005,0.0432673
4.3596e-005,0.0423942
4.36e-005,0.0427712
4.3604e-005,0.0428952
4.3608e-005,0.0419527
4.3612e-005,0.0433268
4.3616e-005,0.0424636
4.362e-005,0.0426918
4.3624e-005,0.043302
4.3628e-005,0.0428655
4.3632e-005,0.0431681
4.3636e-005,0.043044
4.364e-005,0.0431085
4.3644e-005,0.0427166
4.3648e-005,0.0430639
4.3652e-005,0.0425678
4.3656e-005,0.041918
4.366e-005,0.0431333
4.3664e-005,0.0431333
4.3668e-005,0.0423744
4.3672e-005,0.0423545
4.3676e-005,0.042414
4.368e-005,0.0421908
4.3684e-005,0.0426422
4.3688e-005,0.0421561
4.3692e-005,0.0428456
4.3696e-005,0.0428307
4.37e-005,0.0432722
4.3704e-005,0.0429845
4.3708e-005,0.0429547
4.3712e-005,0.0424736
4.3716e-005,0.04229
4.372e-005,0.0429151
4.3724e-005,0.0433069
4.3728e-005,0.0419725
4.3732e-005,0.0424388
4.3736e-005,0.0428754
4.374e-005,0.042424
4.3744e-005,0.043426
4.3748e-005,0.0428208
4.3752e-005,0.0422652
4.3756e-005,0.0431085
4.376e-005,0.0429498
4.3764e-005,0.042796
4.3768e-005,0.0430589
4.3772e-005,0.0420569
4.3776e-005,0.0425629
4.378e-005,0.0428903
4.3784e-005,0.0421164
4.3788e-005,0.0423049
4.3792e-005,0.0425232
4.3796e-005,0.0421511
4.38e-005,0.0419775
4.3804e-005,0.0430788
4.3808e-005,0.0421958
4.3812e-005,0.0427117
4.3816e-005,0.0428158
4.382e-005,0.0427216
4.3824e-005,0.042791
4.3828e-005,0.0427216
4.3832e-005,0.0419378
4.3836e-005,0.0426968
4.384e-005,0.0427712
4.3844e-005,0.0429051
4.3848e-005,0.0426472
4.3852e-005,0.0431681
4.3856e-005,0.0424041
4.386e-005,0.0426373
4.3864e-005,0.0436145
4.3868e-005,0.0427166
4.3872e-005,0.042543
4.3876e-005,0.0430986
4.388e-005,0.0423744
4.3884e-005,0.042791
4.3888e-005,0.0430341
4.3892e-005,0.0426869
4.3896e-005,0.0422255
4.39e-005,0.0427018
4.3904e-005,0.0428357
4.3908e-005,0.0427514
4.3912e-005,0.0423595
4.3916e-005,0.0424289
4.392e-005,0.0425381
4.3924e-005,0.0428506
4.3928e-005,0.0425579
4.3932e-005,0.0421263
4.3936e-005,0.0424587
4.394e-005,0.0421759
4.3944e-005,0.0424438
4.3948e-005,0.0428853
4.3952e-005,0.0422355
4.3956e-005,0.0423297
4.396e-005,0.0428704
4.3964e-005,0.0430688
4.3968e-005,0.0422603
4.3972e-005,0.0422107
4.3976e-005,0.04103
4.398e-005,0.0378553
4.3984e-005,0.0361042
4.3988e-005,0.0346408
4.3992e-005,0.0339959
4.3996e-005,0.0338173
4.4e-005,0.0325276
4.4004e-005,0.0230479
4.4008e-005,0.0200814
4.4012e-005,0.019387
4.4016e-005,0.0198433
4.402e-005,0.0191389
4.4024e-005,0.01838
4.4028e-005,0.0058247
4.4032e-005,0.00135024
4.4036e-005,0.000690485
4.404e-005,-0.000157777
4.4044e-005,-6.84862e-005
4.4048e-005,0.000670642
4.4052e-005,0.000521824
4.4056e-005,-3.37621e-005
4.406e-005,0.000407731
4.4064e-005,0.00014978
4.4068e-005,0.0125116
4.4072e-005,0.0202352
4.4076e-005,0.0230231
4.408e-005,0.0266245
4.4084e-005,0.0316496
4.4088e-005,0.0324432
4.4092e-005,0.0357272
4.4096e-005,0.0374931
4.41e-005,0.0381479
4.4104e-005,0.0401619
4.4108e-005,0.0414914
4.4112e-005,0.042667
4.4116e-005,0.0427414
4.412e-005,0.0439072
4.4124e-005,0.0454202
4.4128e-005,0.045693
4.4132e-005,0.0467496
4.4136e-005,0.0464966
4.414e-005,0.0476326
4.4144e-005,0.0474193
4.4148e-005,0.0482229
4.4152e-005,0.0485701
4.4156e-005,0.0486148
4.416e-005,0.0489868
4.4164e-005,0.0502766
4.4168e-005,0.0498897
4.4172e-005,0.0495375
4.4176e-005,0.0498599
4.418e-005,0.0498549
4.4184e-005,0.0499839
4.4188e-005,0.0505891
4.4192e-005,0.0513282
4.4196e-005,0.0502766
4.42e-005,0.0507082
4.4204e-005,0.0503907
4.4208e-005,0.0502171
4.4212e-005,0.0513084
4.4216e-005,0.0511744
4.422e-005,0.0501079
4.4224e-005,0.0512885
4.4228e-005,0.050852
4.4232e-005,0.0511893
4.4236e-005,0.0514374
4.424e-005,0.0512985
4.4244e-005,0.0508967
4.4248e-005,0.0516556
4.4252e-005,0.0509959
4.4256e-005,0.0506189
4.426e-005,0.0508768
4.4264e-005,0.0512737
4.4268e-005,0.0505246
4.4272e-005,0.0513183
4.4276e-005,0.0514522
4.428e-005,0.0510951
4.4284e-005,0.0517152
4.4288e-005,0.0514522
4.4292e-005,0.0509264
4.4296e-005,0.0515267
4.43e-005,0.0512389
4.4304e-005,0.0516705
4.4308e-005,0.0517251
4.4312e-005,0.0518689
4.4316e-005,0.0516854
4.432e-005,0.051105
4.4324e-005,0.05173
4.4328e-005,0.0514076
4.4332e-005,0.0511695
4.4336e-005,0.0512637
4.434e-005,0.051363
4.4344e-005,0.0513332
4.4348e-005,0.0510405
4.4352e-005,0.0508024
4.4356e-005,0.0514522
4.436e-005,0.0509909
4.4364e-005,0.0512737
4.4368e-005,0.0517499
4.4372e-005,0.0513034
4.4376e-005,0.051477
4.438e-005,0.0512489
4.4384e-005,0.0510058
4.4388e-005,0.0521914
4.4392e-005,0.0512935
4.4396e-005,0.0523253
4.44e-005,0.0512637
4.4404e-005,0.0518541
4.4408e-005,0.0514126
4.4412e-005,0.0514126
4.4416e-005,0.0515068
4.442e-005,0.0520227
4.4424e-005,0.0514076
4.4428e-005,0.0514969
4.4432e-005,0.0516209
4.4436e-005,0.0514126
4.444e-005,0.0513878
4.4444e-005,0.0513828
4.4448e-005,0.0504353
4.4452e-005,0.0513878
4.4456e-005,0.0506635
4.446e-005,0.052107
4.4464e-005,0.0512637
4.4468e-005,0.0509264
4.4472e-005,0.0514076
4.4476e-005,0.0518392
4.448e-005,0.0513183
4.4484e-005,0.0516705
4.4488e-005,0.0516507
4.4492e-005,0.0509363
4.4496e-005,0.0515713
4.45e-005,0.0514473
4.4504e-005,0.0511596
4.4508e-005,0.05174
4.4512e-005,0.0518541
4.4516e-005,0.0518292
4.452e-005,0.051477
4.4524e-005,0.0515415
4.4528e-005,0.0507379
4.4532e-005,0.0512588
4.4536e-005,0.0513878
4.454e-005,0.0517796
4.4544e-005,0.0511744
4.4548e-005,0.0512042
4.4552e-005,0.0515366
4.4556e-005,0.0511
4.456e-005,0.0516358
4.4564e-005,0.0513778
4.4568e-005,0.0511298
4.4572e-005,0.0521765
4.4576e-005,0.0512836
4.458e-005,0.0519681
4.4584e-005,0.0524146
4.4588e-005,0.0513878
4.4592e-005,0.0511
4.4596e-005,0.0510604
4.46e-005,0.0515564
4.4604e-005,0.0515167
4.4608e-005,0.0512389
4.4612e-005,0.0512489
4.4616e-005,0.0513431
4.462e-005,0.0513381
4.4624e-005,0.0513282
4.4628e-005,0.050604
4.4632e-005,0.0513183
4.4636e-005,0.0515068
4.464e-005,0.0516904
4.4644e-005,0.0516407
4.4648e-005,0.0518441
4.4652e-005,0.0512737
4.4656e-005,0.051482
4.466e-005,0.0512538
4.4664e-005,0.0516606
4.4668e-005,0.0514324
4.4672e-005,0.0520128
4.4676e-005,0.051606
4.468e-005,0.051477
4.4684e-005,0.0514076
4.4688e-005,0.0516953
4.4692e-005,0.0517995
4.4696e-005,0.0511893
4.47e-005,0.0513481
4.4704e-005,0.0522509
4.4708e-005,0.0521269
4.4712e-005,0.0513878
4.4716e-005,0.051611
4.472e-005,0.051859
4.4724e-005,0.0516953
4.4728e-005,0.0515465
4.4732e-005,0.0521666
4.4736e-005,0.0516804
4.474e-005,0.0511794
4.4744e-005,0.0493341
4.4748e-005,0.0436343
4.4752e-005,0.0399486
4.4756e-005,0.0384753
4.476e-005,0.0369078
4.4764e-005,0.03663
4.4768e-005,0.0353055
4.4772e-005,0.024045
4.4776e-005,0.020012
4.478e-005,0.0197987
4.4784e-005,0.0192729
4.4788e-005,0.0191935
4.4792e-005,0.0185486
4.4796e-005,0.00543281
4.48e-005,0.00168756
4.4804e-005,0.00129072
4.4808e-005,-0.000177619
4.4812e-005,0.00112206
4.4816e-005,0.000918672
4.482e-005,0.000660721
4.4824e-005,0.000511903
4.4828e-005,0.000645839
4.4832e-005,9.02528e-005
4.4836e-005,0.0121941
4.484e-005,0.0211777
4.4844e-005,0.0248684
4.4848e-005,0.0290304
4.4852e-005,0.0337032
4.4856e-005,0.0361687
4.486e-005,0.0385597
4.4864e-005,0.0401123
4.4868e-005,0.0412681
4.4872e-005,0.0428555
4.4876e-005,0.0442098
4.488e-005,0.0458071
4.4884e-005,0.0467248
4.4888e-005,0.0471216
4.4892e-005,0.0488479
4.4896e-005,0.0493093
4.49e-005,0.0501228
4.4904e-005,0.0499988
4.4908e-005,0.0505296
4.4912e-005,0.0511447
4.4916e-005,0.0509165
4.492e-005,0.0523154
4.4924e-005,0.052107
4.4928e-005,0.0525634
4.4932e-005,0.0536051
4.4936e-005,0.0527718
4.494e-005,0.0539177
4.4944e-005,0.0542649
4.4948e-005,0.0538879
4.4952e-005,0.0546022
4.4956e-005,0.0550388
4.496e-005,0.0547014
4.4964e-005,0.0543492
4.4968e-005,0.0554009
4.4972e-005,0.0553066
4.4976e-005,0.0554058
4.498e-005,0.0558225
4.4984e-005,0.0559565
4.4988e-005,0.0557332
4.4992e-005,0.0563037
4.4996e-005,0.0556092
4.5e-005,0.0549197
4.5004e-005,0.056269
4.5008e-005,0.05677
4.5012e-005,0.0561053
4.5016e-005,0.0560656
4.502e-005,0.0562541
4.5024e-005,0.056393
4.5028e-005,0.0564922
4.5032e-005,0.0563087
4.5036e-005,0.0559664
4.504e-005,0.0568246
4.5044e-005,0.0564476
4.5048e-005,0.0564029
4.5052e-005,0.0565269
4.5056e-005,0.0567006
4.506e-005,0.0570031
4.5064e-005,0.0564624
4.5068e-005,0.0563434
4.5072e-005,0.0565567
4.5076e-005,0.056517
4.508e-005,0.0564079
4.5084e-005,0.0569635
4.5088e-005,0.0571272
4.5092e-005,0.0574248
4.5096e-005,0.0568543
4.51e-005,0.0570031
4.5104e-005,0.0572115
4.5108e-005,0.0567601
4.5112e-005,0.056894
4.5116e-005,0.0562888
4.512e-005,0.0569139
4.5124e-005,0.0572909
4.5128e-005,0.0570428
4.5132e-005,0.0569982
4.5136e-005,0.056899
4.514e-005,0.0566559
4.5144e-005,0.0566658
4.5148e-005,0.057276
4.5152e-005,0.0566013
4.5156e-005,0.0573157
4.516e-005,0.0571024
4.5164e-005,0.0566708
4.5168e-005,0.0565021
4.5172e-005,0.0564773
4.5176e-005,0.0567154
4.518e-005,0.0570825
4.5184e-005,0.0568246
4.5188e-005,0.0564823
4.5192e-005,0.0564773
4.5196e-005,0.0572016
4.52e-005,0.0565815
4.5204e-005,0.0571272
4.5208e-005,0.0567105
4.5212e-005,0.0566013
4.5216e-005,0.0563831
4.522e-005,0.0570478
4.5224e-005,0.0569535
4.5228e-005,0.0565617
4.5232e-005,0.0576083
4.5236e-005,0.0570329
4.524e-005,0.057405
4.5244e-005,0.0570726
4.5248e-005,0.0571073
4.5252e-005,0.057271
4.5256e-005,0.0573206
4.526e-005,0.0569585
4.5264e-005,0.0571768
4.5268e-005,0.0575488
4.5272e-005,0.0566261
4.5276e-005,0.0573405
4.528e-005,0.0569883
4.5284e-005,0.0568791
4.5288e-005,0.0567849
4.5292e-005,0.0570577
4.5296e-005,0.0572214
4.53e-005,0.0568692
4.5304e-005,0.0574546
4.5308e-005,0.0567998
4.5312e-005,0.0573107
4.5316e-005,0.0572958
4.532e-005,0.0567998
4.5324e-005,0.0570577
4.5328e-005,0.0568146
4.5332e-005,0.0573206
4.5336e-005,0.0568196
4.534e-005,0.0567799
4.5344e-005,0.0577175
4.5348e-005,0.0571817
4.5352e-005,0.0573256
4.5356e-005,0.0570577
4.536e-005,0.0571321
4.5364e-005,0.057524
4.5368e-005,0.0569932
4.5372e-005,0.0566757
4.5376e-005,0.0574992
4.538e-005,0.0569535
4.5384e-005,0.0569436
4.5388e-005,0.0570676
4.5392e-005,0.0570924
4.5396e-005,0.0569486
4.54e-005,0.0569783
4.5404e-005,0.0572214
4.5408e-005,0.0571272
4.5412e-005,0.0576232
4.5416e-005,0.0575339
4.542e-005,0.0571272
4.5424e-005,0.0575736
4.5428e-005,0.0571569
4.5432e-005,0.0569932
4.5436e-005,0.0573355
4.544e-005,0.0570031
4.5444e-005,0.0569883
4.5448e-005,0.0578514
4.5452e-005,0.057524
4.5456e-005,0.0573653
4.546e-005,0.0569734
4.5464e-005,0.0568791
4.5468e-005,0.0571172
4.5472e-005,0.0571569
4.5476e-005,0.0572611
4.548e-005,0.0569337
4.5484e-005,0.0569287
4.5488e-005,0.0569932
4.5492e-005,0.056899
4.5496e-005,0.0573256
4.55e-005,0.0573553
4.5504e-005,0.0577175
4.5508e-005,0.0566757
4.5512e-005,0.0543988
4.5516e-005,0.0469331
4.552e-005,0.0421015
4.5524e-005,0.0384952
4.5528e-005,0.0379049
4.5532e-005,0.03663
4.5536e-005,0.034368
4.554e-005,0.0242037
4.5544e-005,0.0206023
4.5548e-005,0.0195159
4.5552e-005,0.0191885
4.5556e-005,0.0185982
4.556e-005,0.0185883
4.5564e-005,0.00665312
4.5568e-005,0.00142961
4.5572e-005,0.000948436
4.5576e-005,0.00057143
4.558e-005,0.000784736
4.5584e-005,0.000893869
4.5588e-005,0.000447416
4.5592e-005,0.000606155
4.5596e-005,0.000134898
4.56e-005,-0.0005199
4.5604e-005,0.012963
4.5608e-005,0.0194316
4.5612e-005,0.0209694
4.5616e-005,0.0224675
4.562e-005,0.0252057
4.5624e-005,0.0260292
4.5628e-005,0.0271106
4.5632e-005,0.0284897
4.5636e-005,0.0289758
4.564e-005,0.0294322
4.5644e-005,0.030712
4.5648e-005,0.0307715
4.5652e-005,0.0312477
4.5656e-005,0.0317289
4.566e-005,0.0323043
4.5664e-005,0.0326665
4.5668e-005,0.0321952
4.5672e-005,0.0333312
4.5676e-005,0.0333064
4.568e-005,0.0327905
4.5684e-005,0.0336487
4.5688e-005,0.0335842
4.5692e-005,0.0332717
4.5696e-005,0.0338074
4.57e-005,0.0331824
4.5704e-005,0.0336239
4.5708e-005,0.0330584
4.5712e-005,0.0330683
4.5716e-005,0.0330236
4.572e-005,0.0327359
4.5724e-005,0.0330435
4.5728e-005,0.0333758
4.5732e-005,0.0329889
4.5736e-005,0.0334453
4.574e-005,0.0333213
4.5744e-005,0.0331427
4.5748e-005,0.0335743
4.5752e-005,0.0337082
4.5756e-005,0.033103
4.576e-005,0.033728
4.5764e-005,0.0331377
4.5768e-005,0.0338818
4.5772e-005,0.0331228
4.5776e-005,0.0336933
4.578e-005,0.0332766
4.5784e-005,0.0333461
4.5788e-005,0.0331278
4.5792e-005,0.033738
4.5796e-005,0.0330137
4.58e-005,0.0334254
4.5804e-005,0.0324333
4.5808e-005,0.0335346
4.5812e-005,0.0331873
4.5816e-005,0.0326516
4.582e-005,0.0326417
4.5824e-005,0.0329294
4.5828e-005,0.0328351
4.5832e-005,0.0325623
4.5836e-005,0.0335395
4.584e-005,0.032979
4.5844e-005,0.0337429
4.5848e-005,0.033356
4.5852e-005,0.0334949
4.5856e-005,0.033356
4.586e-005,0.0335197
4.5864e-005,0.0326466
4.5868e-005,0.0332369
4.5872e-005,0.0332816
4.5876e-005,0.0333312
4.588e-005,0.0339066
4.5884e-005,0.0331873
4.5888e-005,0.0327905
4.5892e-005,0.0331774
4.5896e-005,0.0332518
4.59e-005,0.0331228
4.5904e-005,0.0331477
4.5908e-005,0.0333659
4.5912e-005,0.0337082
4.5916e-005,0.033991
4.592e-005,0.0329393
4.5924e-005,0.0328401
4.5928e-005,0.0335197
4.5932e-005,0.0340753
4.5936e-005,0.0336735
4.594e-005,0.034492
4.5944e-005,0.0338173
4.5948e-005,0.0329294
4.5952e-005,0.0330435
4.5956e-005,0.0337776
4.596e-005,0.0336933
4.5964e-005,0.0333808
4.5968e-005,0.0335891
4.5972e-005,0.0327756
4.5976e-005,0.0337082
4.598e-005,0.0331725
4.5984e-005,0.0332518
4.5988e-005,0.0335891
4.5992e-005,0.0336189
4.5996e-005,0.0333411
4.6e-005,0.0339413
4.6004e-005,0.0334751
4.6008e-005,0.0330881
4.6012e-005,0.0335991
4.6016e-005,0.0336387
4.602e-005,0.0329195
4.6024e-005,0.0331427
4.6028e-005,0.0331179
4.6032e-005,0.0328996
4.6036e-005,0.0334155
4.604e-005,0.0335098
4.6044e-005,0.0339612
4.6048e-005,0.0332816
4.6052e-005,0.0333262
4.6056e-005,0.0330584
4.606e-005,0.0333014
4.6064e-005,0.0336288
4.6068e-005,0.0337528
4.6072e-005,0.0335643
4.6076e-005,0.033351
4.608e-005,0.0332717
4.6084e-005,0.0333213
4.6088e-005,0.033604
4.6092e-005,0.0335842
4.6096e-005,0.033227
4.61e-005,0.0334106
4.6104e-005,0.0335743
4.6108e-005,0.0334552
4.6112e-005,0.0333808
4.6116e-005,0.032979
4.612e-005,0.03285
4.6124e-005,0.0331427
4.6128e-005,0.0331824
4.6132e-005,0.0330534
4.6136e-005,0.033738
4.614e-005,0.032721
4.6144e-005,0.0330236
4.6148e-005,0.0328947
4.6152e-005,0.0326665
4.6156e-005,0.0329988
4.616e-005,0.0332667
4.6164e-005,0.0326615
4.6168e-005,0.0332121
4.6172e-005,0.0331973
4.6176e-005,0.0328599
4.618e-005,0.0333758
4.6184e-005,0.0330336
4.6188e-005,0.0332518
4.6192e-005,0.0334205
4.6196e-005,0.0333858
4.62e-005,0.032721
4.6204e-005,0.0324234
4.6208e-005,0.0331576
4.6212e-005,0.0325623
4.6216e-005,0.0332221
4.622e-005,0.0336387
4.6224e-005,0.0327558
4.6228e-005,0.03285
4.6232e-005,0.0333709
4.6236e-005,0.0322299
4.624e-005,0.0328401
4.6244e-005,0.0332617
4.6248e-005,0.0326814
4.6252e-005,0.0331427
4.6256e-005,0.0336437
4.626e-005,0.0333461
4.6264e-005,0.0329095
4.6268e-005,0.0331129
4.6272e-005,0.0335197
4.6276e-005,0.0327161
4.628e-005,0.0326317
4.6284e-005,0.0312725
4.6288e-005,0.0314908
4.6292e-005,0.0308311
4.6296e-005,0.0309303
4.63e-005,0.0311535
4.6304e-005,0.0301266
4.6308e-005,0.022527
4.6312e-005,0.0196548
4.6316e-005,0.0201608
4.632e-005,0.0194465
4.6324e-005,0.0187272
4.6328e-005,0.0183403
4.6332e-005,0.00571061
4.6336e-005,0.0015189
4.634e-005,0.00130064
4.6344e-005,0.000209307
4.6348e-005,0.000645839
4.6352e-005,0.000373007
4.6356e-005,-1.39197e-005
4.636e-005,0.000844263
4.6364e-005,0.000794657
4.6368e-005,-0.000564546
4.6372e-005,0.0126654
4.6376e-005,0.019258
4.638e-005,0.0224725
4.6384e-005,0.0252801
4.6388e-005,0.0280283
4.6392e-005,0.0293925
4.6396e-005,0.0305334
4.64e-005,0.0329343
4.6404e-005,0.0340009
4.6408e-005,0.0350773
4.6412e-005,0.036005
4.6416e-005,0.0368929
4.642e-005,0.0375824
4.6424e-005,0.0381678
4.6428e-005,0.039269
4.6432e-005,0.0402413
4.6436e-005,0.0396857
4.644e-005,0.0406729
4.6444e-005,0.0412781
4.6448e-005,0.0412384
4.6452e-005,0.0410201
4.6456e-005,0.0413376
4.646e-005,0.0415112
4.6464e-005,0.0412185
4.6468e-005,0.0425182
4.6472e-005,0.0425678
4.6476e-005,0.0422057
4.648e-005,0.0427712
4.6484e-005,0.0425629
4.6488e-005,0.0420668
4.6492e-005,0.0428208
4.6496e-005,0.0427365
4.65e-005,0.0421859
4.6504e-005,0.0426869
4.6508e-005,0.0423148
4.6512e-005,0.0428952
4.6516e-005,0.0433566
4.652e-005,0.0434161
4.6524e-005,0.0427613
4.6528e-005,0.0429051
4.6532e-005,0.0431184
4.6536e-005,0.042796
4.654e-005,0.0429151
4.6544e-005,0.0431184
4.6548e-005,0.0425529
4.6552e-005,0.0433962
4.6556e-005,0.0425877
4.656e-005,0.0419577
4.6564e-005,0.0432524
4.6568e-005,0.0429647
4.6572e-005,0.0421263
4.6576e-005,0.0435054
4.658e-005,0.0425877
4.6584e-005,0.0427464
4.6588e-005,0.0428903
4.6592e-005,0.043421
4.6596e-005,0.0421958
4.66e-005,0.0429498
4.6604e-005,0.0416898
4.6608e-005,0.0419676
4.6612e-005,0.0427613
4.6616e-005,0.0425827
4.662e-005,0.042295
4.6624e-005,0.0427712
4.6628e-005,0.0423843
4.6632e-005,0.0425083
4.6636e-005,0.0431432
4.664e-005,0.0428754
4.6644e-005,0.0425281
4.6648e-005,0.0429151
4.6652e-005,0.0425976
4.6656e-005,0.0423446
4.666e-005,0.043049
4.6664e-005,0.0428109
4.6668e-005,0.0423297
4.6672e-005,0.0432722
4.6676e-005,0.0423694
4.668e-005,0.0419874
4.6684e-005,0.0428258
4.6688e-005,0.0422999
4.6692e-005,0.0425678
4.6696e-005,0.0432127
4.67e-005,0.042548
4.6704e-005,0.0427662
4.6708e-005,0.0430738
4.6712e-005,0.0425678
4.6716e-005,0.0418237
4.672e-005,0.043044
4.6724e-005,0.0425033
4.6728e-005,0.0429795
4.6732e-005,0.0434806
4.6736e-005,0.0424636
4.674e-005,0.0423496
4.6744e-005,0.0433268
4.6748e-005,0.0427166
4.6752e-005,0.0425529
4.6756e-005,0.0432028
4.676e-005,0.0430639
4.6764e-005,0.043173
4.6768e-005,0.0425976
4.6772e-005,0.0424091
4.6776e-005,0.0428109
4.678e-005,0.0433665
4.6784e-005,0.0427414
4.6788e-005,0.0431184
4.6792e-005,0.0429944
4.6796e-005,0.0426621
4.68e-005,0.0420023
4.6804e-005,0.0431532
4.6808e-005,0.0433665
4.6812e-005,0.0426918
4.6816e-005,0.0432127
4.682e-005,0.0425281
4.6824e-005,0.042925
4.6828e-005,0.0430738
4.6832e-005,0.0430788
4.6836e-005,0.0430837
4.684e-005,0.0433218
4.6844e-005,0.0436195
4.6848e-005,0.0427117
4.6852e-005,0.0434359
4.6856e-005,0.0431333
4.686e-005,0.042791
4.6864e-005,0.043426
4.6868e-005,0.043049
4.6872e-005,0.043054
4.6876e-005,0.0435103
4.688e-005,0.0432425
4.6884e-005,0.0433318
4.6888e-005,0.0428754
4.6892e-005,0.0428704
4.6896e-005,0.042548
4.69e-005,0.0430143
4.6904e-005,0.0430936
4.6908e-005,0.0428704
4.6912e-005,0.0431978
4.6916e-005,0.0434657
4.692e-005,0.0422007
4.6924e-005,0.0429498
4.6928e-005,0.0431085
4.6932e-005,0.0426571
4.6936e-005,0.0432573
4.694e-005,0.0431383
4.6944e-005,0.0423942
4.6948e-005,0.0432474
4.6952e-005,0.0425777
4.6956e-005,0.0425678
4.696e-005,0.0432028
4.6964e-005,0.0426918
4.6968e-005,0.0421462
4.6972e-005,0.0430192
4.6976e-005,0.0430788
4.698e-005,0.0421561
4.6984e-005,0.0435649
4.6988e-005,0.0429151
4.6992e-005,0.0422454
4.6996e-005,0.0432028
4.7e-005,0.0433119
4.7004e-005,0.0431184
4.7008e-005,0.0433466
4.7012e-005,0.0429944
4.7016e-005,0.0423744
4.702e-005,0.0432425
4.7024e-005,0.0430093
4.7028e-005,0.0433466
4.7032e-005,0.0432524
4.7036e-005,0.0433367
4.704e-005,0.0430688
4.7044e-005,0.0428952
4.7048e-005,0.0416749
4.7052e-005,0.0385795
4.7056e-005,0.0358264
4.706e-005,0.034998
4.7064e-005,0.0345366
4.7068e-005,0.0342092
4.7072e-005,0.0331824
4.7076e-005,0.0230727
4.708e-005,0.0207015
4.7084e-005,0.0197838
4.7088e-005,0.0197838
4.7092e-005,0.0190794
4.7096e-005,0.0183651
4.71e-005,0.00607273
4.7104e-005,0.00136016
4.7108e-005,0.000462297
4.7112e-005,4.56074e-005
4.7116e-005,0.000784736
4.712e-005,0.000675603
4.7124e-005,0.000635918
4.7128e-005,0.000665682
4.7132e-005,0.000680563
4.7136e-005,-0.000480216
4.714e-005,0.0133896
4.7144e-005,0.0197739
4.7148e-005,0.0236183
4.7152e-005,0.0270709
4.7156e-005,0.0309997
4.716e-005,0.0327806
4.7164e-005,0.0349632
4.7168e-005,0.0367639
4.7172e-005,0.0386093
4.7176e-005,0.0397948
4.718e-005,0.0405836
4.7184e-005,0.042419
4.7188e-005,0.0434657
4.7192e-005,0.0442991
4.7196e-005,0.044805
4.72e-005,0.0459162
4.7204e-005,0.0455243
4.7208e-005,0.0461642
4.7212e-005,0.0472705
4.7216e-005,0.0472705
4.722e-005,0.0482973
4.7224e-005,0.0477169
4.7228e-005,0.048585
4.7232e-005,0.0484759
4.7236e-005,0.049215
4.724e-005,0.0487586
4.7244e-005,0.0491952
4.7248e-005,0.0499442
4.7252e-005,0.0492696
4.7256e-005,0.0498897
4.726e-005,0.0502716
4.7264e-005,0.0506387
4.7268e-005,0.049845
4.7272e-005,0.0506734
4.7276e-005,0.0502071
4.728e-005,0.0503808
4.7284e-005,0.0505593
4.7288e-005,0.0501972
4.7292e-005,0.0507726
4.7296e-005,0.0511
4.73e-005,0.0505246
4.7304e-005,0.0508768
4.7308e-005,0.0513183
4.7312e-005,0.0512637
4.7316e-005,0.050857
4.732e-005,0.0509264
4.7324e-005,0.0515167
4.7328e-005,0.051482
4.7332e-005,0.0521616
4.7336e-005,0.0512439
4.734e-005,0.0511993
4.7344e-005,0.0511248
4.7348e-005,0.0510653
4.7352e-005,0.0509909
4.7356e-005,0.0514026
4.736e-005,0.0508272
4.7364e-005,0.0510901
4.7368e-005,0.0516507
4.7372e-005,0.0516308
4.7376e-005,0.0508867
4.738e-005,0.0512786
4.7384e-005,0.0511794
4.7388e-005,0.0503907
4.7392e-005,0.0515217
4.7396e-005,0.051611
4.74e-005,0.0517995
4.7404e-005,0.052112
4.7408e-005,0.051606
4.7412e-005,0.0510256
4.7416e-005,0.0511943
4.742e-005,0.0513282
4.7424e-005,0.0508371
4.7428e-005,0.0516407
4.7432e-005,0.0513084
4.7436e-005,0.0514473
4.744e-005,0.0519681
4.7444e-005,0.0516655
4.7448e-005,0.0514374
4.7452e-005,0.0513679
4.7456e-005,0.0514969
4.746e-005,0.0513927
4.7464e-005,0.0514225
4.7468e-005,0.0522013
4.7472e-005,0.0514721
4.7476e-005,0.0517152
4.748e-005,0.0520525
4.7484e-005,0.0515614
4.7488e-005,0.0519929
4.7492e-005,0.05236
4.7496e-005,0.0516407
4.75e-005,0.0519285
4.7504e-005,0.0519582
4.7508e-005,0.0510306
4.7512e-005,0.052107
4.7516e-005,0.0525981
4.752e-005,0.0518491
4.7524e-005,0.0523799
4.7528e-005,0.052117
4.7532e-005,0.0522757
4.7536e-005,0.0520178
4.754e-005,0.0514225
4.7544e-005,0.0515167
4.7548e-005,0.0514026
4.7552e-005,0.0517201
4.7556e-005,0.0519185
4.756e-005,0.0515465
4.7564e-005,0.0517102
4.7568e-005,0.0509215
4.7572e-005,0.0518342
4.7576e-005,0.0520277
4.758e-005,0.0519285
4.7584e-005,0.051487
4.7588e-005,0.0517697
4.7592e-005,0.0515763
4.7596e-005,0.0512737
4.76e-005,0.0520078
4.7604e-005,0.0518342
4.7608e-005,0.0520227
4.7612e-005,0.0523997
4.7616e-005,0.051988
4.762e-005,0.0524146
4.7624e-005,0.0522013
4.7628e-005,0.0518789
4.7632e-005,0.0517648
4.7636e-005,0.0520822
4.764e-005,0.052117
4.7644e-005,0.052107
4.7648e-005,0.0524047
4.7652e-005,0.0514026
4.7656e-005,0.0519681
4.766e-005,0.0524592
4.7664e-005,0.05174
4.7668e-005,0.0524444
4.7672e-005,0.0523749
4.7676e-005,0.0518888
4.768e-005,0.0520674
4.7684e-005,0.0522559
4.7688e-005,0.0515862
4.7692e-005,0.0518739
4.7696e-005,0.0521566
4.77e-005,0.0520029
4.7704e-005,0.0523303
4.7708e-005,0.0515763
4.7712e-005,0.0517846
4.7716e-005,0.0517201
4.772e-005,0.0517846
4.7724e-005,0.0519632
4.7728e-005,0.0524543
4.7732e-005,0.0522658
4.7736e-005,0.0515018
4.774e-005,0.0521021
4.7744e-005,0.0524096
4.7748e-005,0.0520277
4.7752e-005,0.0513679
4.7756e-005,0.0522162
4.776e-005,0.0513977
4.7764e-005,0.0521418
4.7768e-005,0.0518541
4.7772e-005,0.0515862
4.7776e-005,0.0518689
4.778e-005,0.0516953
4.7784e-005,0.051611
4.7788e-005,0.0512389
4.7792e-005,0.052107
4.7796e-005,0.0517449
4.78e-005,0.0521418
4.7804e-005,0.0525485
4.7808e-005,0.052107
4.7812e-005,0.0513828
4.7816e-005,0.0490265
4.782e-005,0.0440312
4.7824e-005,0.040028
4.7828e-005,0.038396
4.7832e-005,0.037012
4.7836e-005,0.0362232
4.784e-005,0.0348442
4.7844e-005,0.0238664
4.7848e-005,0.0202451
4.7852e-005,0.0200864
4.7856e-005,0.0195209
4.786e-005,0.0187867
4.7864e-005,0.018499
4.7868e-005,0.00563124
4.7872e-005,0.00138993
4.7876e-005,0.00115678
4.788e-005,0.000606155
4.7884e-005,0.000363085
4.7888e-005,0.00110221
4.7892e-005,0.000943475
4.7896e-005,0.00104765
4.79e-005,0.000308519
4.7904e-005,-0.000256989
4.7908e-005,0.012834
4.7912e-005,0.0205031
4.7916e-005,0.0247146
4.792e-005,0.0290155
4.7924e-005,0.033604
4.7928e-005,0.0353452
4.7932e-005,0.038133
4.7936e-005,0.0402264
4.794e-005,0.0412781
4.7944e-005,0.042672
4.7948e-005,0.0444181
4.7952e-005,0.0458964
4.7956e-005,0.0466057
4.796e-005,0.0467
4.7964e-005,0.0475383
4.7968e-005,0.049091
4.7972e-005,0.0499641
4.7976e-005,0.0499839
4.798e-005,0.0506437
4.7984e-005,0.050604
4.7988e-005,0.0518094
4.7992e-005,0.0525535
4.7996e-005,0.0526924
4.8e-005,0.051988
4.8004e-005,0.0536746
4.8008e-005,0.0536349
4.8012e-005,0.053496
4.8016e-005,0.0541607
4.802e-005,0.0539573
4.8024e-005,0.05425
4.8028e-005,0.0549991
4.8032e-005,0.0542748
4.8036e-005,0.0547808
4.804e-005,0.055138
4.8044e-005,0.055004
4.8048e-005,0.0559168
4.8052e-005,0.0555497
4.8056e-005,0.0560358
4.806e-005,0.0555497
4.8064e-005,0.0562987
4.8068e-005,0.0559217
4.8072e-005,0.0560606
4.8076e-005,0.05614
4.808e-005,0.0560408
4.8084e-005,0.0560209
4.8088e-005,0.0568791
4.8092e-005,0.0560458
4.8096e-005,0.0557481
4.81e-005,0.0564525
4.8104e-005,0.0568444
4.8108e-005,0.0560854
4.8112e-005,0.0567601
4.8116e-005,0.0558225
4.812e-005,0.0568097
4.8124e-005,0.0569635
4.8128e-005,0.0571073
4.8132e-005,0.057018
4.8136e-005,0.0564872
4.814e-005,0.0565666
4.8144e-005,0.0569982
4.8148e-005,0.0574099
4.8152e-005,0.0576778
4.8156e-005,0.0572909
4.816e-005,0.0572363
4.8164e-005,0.0565468
4.8168e-005,0.0572512
4.8172e-005,0.057152
4.8176e-005,0.0575488
4.818e-005,0.0567154
4.8184e-005,0.056646
4.8188e-005,0.0565914
4.8192e-005,0.0569337
4.8196e-005,0.0573603
4.82e-005,0.0575587
4.8204e-005,0.0567452
4.8208e-005,0.0568791
4.8212e-005,0.0566261
4.8216e-005,0.0563483
4.822e-005,0.057147
4.8224e-005,0.0566658
4.8228e-005,0.0570924
4.8232e-005,0.0574893
4.8236e-005,0.0572165
4.824e-005,0.0570428
4.8244e-005,0.0576827
4.8248e-005,0.0571916
4.8252e-005,0.0567452
4.8256e-005,0.0569535
4.826e-005,0.0572363
4.8264e-005,0.0566807
4.8268e-005,0.0573851
4.8272e-005,0.0571668
4.8276e-005,0.0563732
4.828e-005,0.0572859
4.8284e-005,0.0565567
4.8288e-005,0.0568097
4.8292e-005,0.0566311
4.8296e-005,0.0567303
4.83e-005,0.0566708
4.8304e-005,0.0566956
4.8308e-005,0.0566311
4.8312e-005,0.057023
4.8316e-005,0.0565021
4.832e-005,0.0569734
4.8324e-005,0.0578266
4.8328e-005,0.056899
4.8332e-005,0.0571817
4.8336e-005,0.0571817
4.834e-005,0.0570776
4.8344e-005,0.057276
4.8348e-005,0.0569486
4.8352e-005,0.0576827
4.8356e-005,0.0572016
4.836e-005,0.0570528
4.8364e-005,0.0573355
4.8368e-005,0.0570379
4.8372e-005,0.0571569
4.8376e-005,0.0565666
4.838e-005,0.0571817
4.8384e-005,0.0572611
4.8388e-005,0.0571024
4.8392e-005,0.0570776
4.8396e-005,0.0574099
4.84e-005,0.0574794
4.8404e-005,0.0568692
4.8408e-005,0.0568345
4.8412e-005,0.0567601
4.8416e-005,0.0568692
4.842e-005,0.057529
4.8424e-005,0.057028
4.8428e-005,0.0569238
4.8432e-005,0.057142
4.8436e-005,0.0573256
4.844e-005,0.0574099
4.8444e-005,0.0573802
4.8448e-005,0.0573355
4.8452e-005,0.0575389
4.8456e-005,0.0570131
4.846e-005,0.057276
4.8464e-005,0.0576728
4.8468e-005,0.0566956
4.8472e-005,0.0572313
4.8476e-005,0.0569684
4.848e-005,0.0573901
4.8484e-005,0.057276
4.8488e-005,0.0572413
4.8492e-005,0.0567402
4.8496e-005,0.0573107
4.85e-005,0.0567551
4.8504e-005,0.0571966
4.8508e-005,0.0572363
4.8512e-005,0.0573008
4.8516e-005,0.0576431
4.852e-005,0.0570379
4.8524e-005,0.0572413
4.8528e-005,0.0569486
4.8532e-005,0.0572165
4.8536e-005,0.0576133
4.854e-005,0.0570478
4.8544e-005,0.0577274
4.8548e-005,0.057405
4.8552e-005,0.0567502
4.8556e-005,0.0575439
4.856e-005,0.0577175
4.8564e-005,0.0577076
4.8568e-005,0.0573802
4.8572e-005,0.0574446
4.8576e-005,0.0580449
4.858e-005,0.0574198
4.8584e-005,0.0547411
4.8588e-005,0.0470671
4.8592e-005,0.0418981
4.8596e-005,0.0389267
4.86e-005,0.0375725
4.8604e-005,0.037136
4.8608e-005,0.0347549
4.8612e-005,0.0240499
4.8616e-005,0.0206122
4.862e-005,0.0204981
4.8624e-005,0.0194316
4.8628e-005,0.0196499
4.8632e-005,0.0182361
4.8636e-005,0.00616202
4.864e-005,0.00181158
4.8644e-005,0.00120143
4.8648e-005,4.06468e-005
4.8652e-005,0.000551588
4.8656e-005,0.000586312
4.866e-005,0.000824421
4.8664e-005,0.000859145
4.8668e-005,0.000829381
4.8672e-005,-3.99852e-006
4.8676e-005,0.0138658
4.868e-005,0.0197789
4.8684e-005,0.0208999
4.8688e-005,0.0233257
4.8692e-005,0.0253446
4.8696e-005,0.0258754
4.87e-005,0.0273289
4.8704e-005,0.0289014
4.8708e-005,0.028693
4.8712e-005,0.0297695
4.8716e-005,0.0305433
4.872e-005,0.0307021
4.8724e-005,0.0309402
4.8728e-005,0.0312329
4.8732e-005,0.0319819
4.8736e-005,0.0322349
4.874e-005,0.0319521
4.8744e-005,0.0322944
4.8748e-005,0.0330534
4.8752e-005,0.0333709
4.8756e-005,0.0332617
4.876e-005,0.0336288
4.8764e-005,0.0336239
4.8768e-005,0.0331228
4.8772e-005,0.0337082
4.8776e-005,0.0341447
4.878e-005,0.0336636
4.8784e-005,0.0339612
4.8788e-005,0.0329939
4.8792e-005,0.0330584
4.8796e-005,0.0325276
4.88e-005,0.0338719
4.8804e-005,0.03348
4.8808e-005,0.03285
4.8812e-005,0.0332915
4.8816e-005,0.0329095
4.882e-005,0.0336338
4.8824e-005,0.0331774
4.8828e-005,0.032731
4.8832e-005,0.0328252
4.8836e-005,0.0329145
4.884e-005,0.0330286
4.8844e-005,0.0329939
4.8848e-005,0.032984
4.8852e-005,0.0326764
4.8856e-005,0.0334403
4.886e-005,0.0330881
4.8864e-005,0.0327954
4.8868e-005,0.0332171
4.8872e-005,0.0329542
4.8876e-005,0.0323936
4.888e-005,0.0333163
4.8884e-005,0.0325127
4.8888e-005,0.0327558
4.8892e-005,0.0327905
4.8896e-005,0.0327657
4.89e-005,0.0323788
4.8904e-005,0.0326566
4.8908e-005,0.0327161
4.8912e-005,0.0330633
4.8916e-005,0.0332617
4.892e-005,0.0330782
4.8924e-005,0.0322795
4.8928e-005,0.0328252
4.8932e-005,0.0330931
4.8936e-005,0.0328451
4.894e-005,0.0328451
4.8944e-005,0.0327607
4.8948e-005,0.0327657
4.8952e-005,0.0327706
4.8956e-005,0.0329343
4.896e-005,0.0321307
4.8964e-005,0.0327409
4.8968e-005,0.0323292
4.8972e-005,0.0328153
4.8976e-005,0.0325127
4.898e-005,0.032096
4.8984e-005,0.0333114
4.8988e-005,0.0322845
4.8992e-005,0.0322944
4.8996e-005,0.0326218
4.9e-005,0.032473
4.9004e-005,0.0324432
4.9008e-005,0.0328649
4.9012e-005,0.0323093
4.9016e-005,0.0324333
4.902e-005,0.0317537
4.9024e-005,0.0323192
4.9028e-005,0.0322696
4.9032e-005,0.031977
4.9036e-005,0.0327806
4.904e-005,0.033103
4.9044e-005,0.0324581
4.9048e-005,0.0324482
4.9052e-005,0.0328996
4.9056e-005,0.0318232
4.906e-005,0.032349
4.9064e-005,0.0326218
4.9068e-005,0.0317388
4.9072e-005,0.0318232
4.9076e-005,0.0320762
4.908e-005,0.0325772
4.9084e-005,0.0329641
4.9088e-005,0.0327706
4.9092e-005,0.0322944
4.9096e-005,0.032473
4.91e-005,0.032344
4.9104e-005,0.0326665
4.9108e-005,0.0318529
4.9112e-005,0.0326962
4.9116e-005,0.0322101
4.912e-005,0.0326367
4.9124e-005,0.0326863
4.9128e-005,0.0322647
4.9132e-005,0.0320861
4.9136e-005,0.032726
4.914e-005,0.0324929
4.9144e-005,0.0326268
4.9148e-005,0.0326466
4.9152e-005,0.0321258
4.9156e-005,0.0334155
4.916e-005,0.0323986
4.9164e-005,0.0330187
4.9168e-005,0.0324036
4.9172e-005,0.0324532
4.9176e-005,0.0322845
4.918e-005,0.0324879
4.9184e-005,0.0326913
4.9188e-005,0.0323837
4.9192e-005,0.0324978
4.9196e-005,0.0327954
4.92e-005,0.0327111
4.9204e-005,0.0333262
4.9208e-005,0.0324333
4.9212e-005,0.0328748
4.9216e-005,0.0328897
4.922e-005,0.0332915
4.9224e-005,0.0326516
4.9228e-005,0.0333114
4.9232e-005,0.0329294
4.9236e-005,0.0326863
4.924e-005,0.0328699
4.9244e-005,0.0327111
4.9248e-005,0.0328451
4.9252e-005,0.0321158
4.9256e-005,0.0328847
4.926e-005,0.033227
4.9264e-005,0.0318728
4.9268e-005,0.0331328
4.9272e-005,0.0322895
4.9276e-005,0.0326367
4.928e-005,0.0323837
4.9284e-005,0.0332369
4.9288e-005,0.0331576
4.9292e-005,0.0323986
4.9296e-005,0.0327607
4.93e-005,0.0325623
4.9304e-005,0.0328054
4.9308e-005,0.0322498
4.9312e-005,0.0324532
4.9316e-005,0.032726
4.932e-005,0.0321307
4.9324e-005,0.0325226
4.9328e-005,0.0322647
4.9332e-005,0.0322895
4.9336e-005,0.0326268
4.934e-005,0.0327954
4.9344e-005,0.0320712
4.9348e-005,0.0317488
4.9352e-005,0.0317388
4.9356e-005,0.0310047
4.936e-005,0.0306773
4.9364e-005,0.0311585
4.9368e-005,0.0304937
4.9372e-005,0.0307517
4.9376e-005,0.0298489
4.938e-005,0.0217581
4.9384e-005,0.0200517
4.9388e-005,0.0199773
4.9392e-005,0.0188959
4.9396e-005,0.0185833
4.94e-005,0.017621
4.9404e-005,0.0048425
4.9408e-005,0.00161316
4.9412e-005,0.00114686
4.9416e-005,9.02528e-005
4.942e-005,0.000720248
4.9424e-005,0.00122623
4.9428e-005,0.000521824
4.9432e-005,0.000660721
4.9436e-005,-0.000128013
4.944e-005,-0.000728245
4.9444e-005,0.0132259
4.9448e-005,0.0198235
4.9452e-005,0.0218375
4.9456e-005,0.0243228
4.946e-005,0.0276712
4.9464e-005,0.028569
4.9468e-005,0.0310146
4.9472e-005,0.0325921
4.9476e-005,0.0339116
4.948e-005,0.0346358
4.9484e-005,0.0366349
4.9488e-005,0.0370913
4.9492e-005,0.0388821
4.9496e-005,0.0384952
4.95e-005,0.0390458
4.9504e-005,0.0401421
4.9508e-005,0.0403455
4.9512e-005,0.0399536
4.9516e-005,0.0410251
4.952e-005,0.041159
4.9524e-005,0.0414566
4.9528e-005,0.0418188
4.9532e-005,0.0418535
4.9536e-005,0.042042
4.954e-005,0.0430242
4.9544e-005,0.0422801
4.9548e-005,0.042042
4.9552e-005,0.0427414
4.9556e-005,0.0420321
4.956e-005,0.0418188
4.9564e-005,0.0426819
4.9568e-005,0.042791
4.9572e-005,0.0427365
4.9576e-005,0.0429746
4.958e-005,0.0431432
4.9584e-005,0.0427266
4.9588e-005,0.043054
4.9592e-005,0.0428952
4.9596e-005,0.0424736
4.96e-005,0.0431184
4.9604e-005,0.0429547
4.9608e-005,0.0430788
4.9612e-005,0.0429746
4.9616e-005,0.0427315
4.962e-005,0.0427861
4.9624e-005,0.0427514
4.9628e-005,0.043297
4.9632e-005,0.0423744
4.9636e-005,0.0433962
4.964e-005,0.0432623
4.9644e-005,0.0424537
4.9648e-005,0.0430738
4.9652e-005,0.0427365
4.9656e-005,0.0426472
4.966e-005,0.0432821
4.9664e-005,0.0429895
4.9668e-005,0.0425281
4.9672e-005,0.04292
4.9676e-005,0.0427365
4.968e-005,0.0425281
4.9684e-005,0.0431681
4.9688e-005,0.0436145
4.9692e-005,0.0431631
4.9696e-005,0.0434706
4.97e-005,0.0427464
4.9704e-005,0.0427117
4.9708e-005,0.0429895
4.9712e-005,0.0426472
4.9716e-005,0.0421958
4.972e-005,0.0436939
4.9724e-005,0.0433516
4.9728e-005,0.0424984
4.9732e-005,0.0429795
4.9736e-005,0.0427166
4.974e-005,0.0427365
4.9744e-005,0.0435054
4.9748e-005,0.0428704
4.9752e-005,0.042925
4.9756e-005,0.0425281
4.976e-005,0.0425877
4.9764e-005,0.04229
4.9768e-005,0.0429647
4.9772e-005,0.0425133
4.9776e-005,0.0428258
4.978e-005,0.0437683
4.9784e-005,0.042672
4.9788e-005,0.0428655
4.9792e-005,0.043431
4.9796e-005,0.0432028
4.98e-005,0.042925
4.9804e-005,0.0432127
4.9808e-005,0.0428655
4.9812e-005,0.042424
4.9816e-005,0.0437881
4.982e-005,0.0430143
4.9824e-005,0.0426323
4.9828e-005,0.0434111
4.9832e-005,0.0427811
4.9836e-005,0.0422305
4.984e-005,0.042801
4.9844e-005,0.0426273
4.9848e-005,0.0429349
4.9852e-005,0.0427414
4.9856e-005,0.0429746
4.986e-005,0.0419924
4.9864e-005,0.0430837
4.9868e-005,0.0430738
4.9872e-005,0.0418386
4.9876e-005,0.0429597
4.988e-005,0.0423595
4.9884e-005,0.0427315
4.9888e-005,0.0431482
4.9892e-005,0.0428952
4.9896e-005,0.0423694
4.99e-005,0.0438377
4.9904e-005,0.042796
4.9908e-005,0.0430391
4.9912e-005,0.043054
4.9916e-005,0.0424934
4.992e-005,0.0419974
4.9924e-005,0.0431879
4.9928e-005,0.0423446
4.9932e-005,0.0424984
4.9936e-005,0.0426968
4.994e-005,0.0431085
4.9944e-005,0.0424041
4.9948e-005,0.042672
4.9952e-005,0.0429151
4.9956e-005,0.0423694
4.996e-005,0.0428803
4.9964e-005,0.0430887
4.9968e-005,0.0428655
4.9972e-005,0.0428357
4.9976e-005,0.04229
4.998e-005,0.0425827
4.9984e-005,0.0423992
4.9988e-005,0.0427762
4.9992e-005,0.0423744
4.9996e-005,0.0428506
5e-005,0.0425926
5.0004e-005,0.0427266
5.0008e-005,0.0435401
5.0012e-005,0.0429547
5.0016e-005,0.0424587
5.002e-005,0.0434855
5.0024e-005,0.0430292
5.0028e-005,0.0429101
5.0032e-005,0.043302
5.0036e-005,0.0429101
5.004e-005,0.0431036
5.0044e-005,0.0429895
5.0048e-005,0.0428407
5.0052e-005,0.0434756
5.0056e-005,0.0430738
5.006e-005,0.0432722
5.0064e-005,0.0421908
5.0068e-005,0.0439766
5.0072e-005,0.0427464
5.0076e-005,0.0429845
5.008e-005,0.0435203
5.0084e-005,0.0434806
5.0088e-005,0.0426373
5.0092e-005,0.043302
5.0096e-005,0.0430688
5.01e-005,0.0423247
5.0104e-005,0.0432921
5.0108e-005,0.0429994
5.0112e-005,0.0428258
5.0116e-005,0.0428952
5.012e-005,0.040911
5.0124e-005,0.0380586
5.0128e-005,0.0366052
5.0132e-005,0.034735
5.0136e-005,0.0350624
5.014e-005,0.0337925
5.0144e-005,0.0331377
5.0148e-005,0.0233158
5.0152e-005,0.020141
5.0156e-005,0.0200021
5.016e-005,0.0192332
5.0164e-005,0.0193671
5.0168e-005,0.0180625
5.0172e-005,0.00562628
5.0176e-005,0.00152386
5.018e-005,0.000645839
5.0184e-005,-0.000237146
5.0188e-005,0.000953396
5.0192e-005,-3.99852e-006
5.0196e-005,0.000115056
5.02e-005,0.000700406
5.0204e-005,0.000516864
5.0208e-005,-4.36833e-005
5.0212e-005,0.0128985
5.0216e-005,0.0210041
5.022e-005,0.023286
5.0224e-005,0.0278299
5.0228e-005,0.0312973
5.0232e-005,0.0332617
5.0236e-005,0.0351269
5.024e-005,0.0372749
5.0244e-005,0.0389813
5.0248e-005,0.0398097
5.0252e-005,0.0413177
5.0256e-005,0.0420321
5.026e-005,0.0432325
5.0264e-005,0.0440411
5.0268e-005,0.0450729
5.0272e-005,0.0462635
5.0276e-005,0.0462635
5.028e-005,0.0471762
5.0284e-005,0.0473449
5.0288e-005,0.0475036
5.0292e-005,0.047583
5.0296e-005,0.0483271
5.03e-005,0.0483122
5.0304e-005,0.0486346
5.0308e-005,0.0496218
5.0312e-005,0.0494779
5.0316e-005,0.0495127
5.032e-005,0.0497111
5.0324e-005,0.0495672
5.0328e-005,0.0497855
5.0332e-005,0.0503609
5.0336e-005,0.0498797
5.034e-005,0.0506685
5.0344e-005,0.0505296
5.0348e-005,0.050356
5.0352e-005,0.050227
5.0356e-005,0.0511149
5.036e-005,0.0511348
5.0364e-005,0.0506536
5.0368e-005,0.0512538
5.0372e-005,0.0518243
5.0376e-005,0.0509363
5.038e-005,0.0512489
5.0384e-005,0.0510256
5.0388e-005,0.0519433
5.0392e-005,0.0514721
5.0396e-005,0.0508272
5.04e-005,0.0510107
5.0404e-005,0.0512191
5.0408e-005,0.0511546
5.0412e-005,0.0504502
5.0416e-005,0.0516457
5.042e-005,0.0503063
5.0424e-005,0.0508471
5.0428e-005,0.0515763
5.0432e-005,0.0511298
5.0436e-005,0.05048
5.044e-005,0.050976
5.0444e-005,0.0509711
5.0448e-005,0.0510008
5.0452e-005,0.0517251
5.0456e-005,0.0514374
5.046e-005,0.0514274
5.0464e-005,0.052112
5.0468e-005,0.0516953
5.0472e-005,0.0520029
5.0476e-005,0.0513431
5.048e-005,0.0515465
5.0484e-005,0.0514274
5.0488e-005,0.0512935
5.0492e-005,0.0511348
5.0496e-005,0.0522559
5.05e-005,0.0520227
5.0504e-005,0.0516358
5.0508e-005,0.0514969
5.0512e-005,0.0523055
5.0516e-005,0.0512588
5.052e-005,0.0512786
5.0524e-005,0.0516804
5.0528e-005,0.0515366
5.0532e-005,0.0515763
5.0536e-005,0.051611
5.054e-005,0.051859
5.0544e-005,0.0508967
5.0548e-005,0.0515564
5.0552e-005,0.0512141
5.0556e-005,0.0525039
5.056e-005,0.0518937
5.0564e-005,0.0517499
5.0568e-005,0.0513183
5.0572e-005,0.0515961
5.0576e-005,0.0518094
5.058e-005,0.0515366
5.0584e-005,0.0521467
5.0588e-005,0.0517846
5.0592e-005,0.051606
5.0596e-005,0.0521219
5.06e-005,0.0517201
5.0604e-005,0.0516556
5.0608e-005,0.051864
5.0612e-005,0.052112
5.0616e-005,0.0511596
5.062e-005,0.0516556
5.0624e-005,0.0511546
5.0628e-005,0.0513034
5.0632e-005,0.051864
5.0636e-005,0.052117
5.064e-005,0.0513679
5.0644e-005,0.051988
5.0648e-005,0.0517449
5.0652e-005,0.0515763
5.0656e-005,0.0513332
5.066e-005,0.0512489
5.0664e-005,0.0510802
5.0668e-005,0.0522509
5.0672e-005,0.0518441
5.0676e-005,0.0512489
5.068e-005,0.0519136
5.0684e-005,0.0512985
5.0688e-005,0.0519334
5.0692e-005,0.0514522
5.0696e-005,0.051353
5.07e-005,0.0511199
5.0704e-005,0.0518689
5.0708e-005,0.0513828
5.0712e-005,0.0514126
5.0716e-005,0.0516755
5.072e-005,0.0520277
5.0724e-005,0.0525039
5.0728e-005,0.0516655
5.0732e-005,0.0515763
5.0736e-005,0.0513977
5.074e-005,0.0522211
5.0744e-005,0.0517499
5.0748e-005,0.0515911
5.0752e-005,0.0520426
5.0756e-005,0.0515614
5.076e-005,0.0518292
5.0764e-005,0.0512985
5.0768e-005,0.0517648
5.0772e-005,0.0517251
5.0776e-005,0.051611
5.078e-005,0.0521219
5.0784e-005,0.0519731
5.0788e-005,0.0522509
5.0792e-005,0.0522707
5.0796e-005,0.0513381
5.08e-005,0.0519731
5.0804e-005,0.0515812
5.0808e-005,0.051358
5.0812e-005,0.0518144
5.0816e-005,0.0516011
5.082e-005,0.0506288
5.0824e-005,0.0515862
5.0828e-005,0.0517548
5.0832e-005,0.051353
5.0836e-005,0.0511
5.084e-005,0.0514473
5.0844e-005,0.0510455
5.0848e-005,0.0519533
5.0852e-005,0.0517102
5.0856e-005,0.0514026
5.086e-005,0.0521368
5.0864e-005,0.052117
5.0868e-005,0.051859
5.0872e-005,0.0515663
5.0876e-005,0.051864
5.088e-005,0.0517052
5.0884e-005,0.0521864
5.0888e-005,0.0497408
5.0892e-005,0.0429845
5.0896e-005,0.0401669
5.09e-005,0.0379743
5.0904e-005,0.0359702
5.0908e-005,0.0362381
5.0912e-005,0.0345614
5.0916e-005,0.0242434
5.092e-005,0.0202501
5.0924e-005,0.01963
5.0928e-005,0.0194217
5.0932e-005,0.0185982
5.0936e-005,0.0178442
5.094e-005,0.00523935
5.0944e-005,0.00176197
5.0948e-005,0.00116174
5.0952e-005,0.000139859
5.0956e-005,0.000417652
5.096e-005,0.00073513
5.0964e-005,2.5765e-005
5.0968e-005,0.000308519
5.0972e-005,0.000273795
5.0976e-005,-0.000281792
5.098e-005,0.0126406
5.0984e-005,0.0207462
5.0988e-005,0.0248535
5.0992e-005,0.0297348
5.0996e-005,0.0338372
5.1e-005,0.0356279
5.1004e-005,0.038644
5.1008e-005,0.0405985
5.1012e-005,0.0420767
5.1016e-005,0.0431482
5.102e-005,0.0447306
5.1024e-005,0.04544
5.1028e-005,0.0469827
5.1032e-005,0.0474094
5.1036e-005,0.0481783
5.104e-005,0.0495375
5.1044e-005,0.0497855
5.1048e-005,0.050103
5.1052e-005,0.0513084
5.1056e-005,0.0510256
5.106e-005,0.0520872
5.1064e-005,0.0528561
5.1068e-005,0.0524642
5.1072e-005,0.0529206
5.1076e-005,0.0539127
5.108e-005,0.0542798
5.1084e-005,0.0539673
5.1088e-005,0.0541458
5.1092e-005,0.0544881
5.1096e-005,0.0544385
5.11e-005,0.0542451
5.1104e-005,0.0544385
5.1108e-005,0.0549991
5.1112e-005,0.0556043
5.1116e-005,0.0550784
5.112e-005,0.0555199
5.1124e-005,0.0557283
5.1128e-005,0.0562194
5.1132e-005,0.0565865
5.1136e-005,0.0564525
5.114e-005,0.0562541
5.1144e-005,0.0561053
5.1148e-005,0.0564872
5.1152e-005,0.0561797
5.1156e-005,0.0560656
5.116e-005,0.0566509
5.1164e-005,0.0567551
5.1168e-005,0.0561995
5.1172e-005,0.0566807
5.1176e-005,0.0573504
5.118e-005,0.0564823
5.1184e-005,0.0565765
5.1188e-005,0.0571371
5.1192e-005,0.0572512
5.1196e-005,0.0571768
5.12e-005,0.0569486
5.1204e-005,0.0568891
5.1208e-005,0.0575736
5.1212e-005,0.0573553
5.1216e-005,0.0568891
5.122e-005,0.0569833
5.1224e-005,0.0572313
5.1228e-005,0.0567799
5.1232e-005,0.0566857
5.1236e-005,0.0573157
5.124e-005,0.0569635
5.1244e-005,0.0568494
5.1248e-005,0.0574843
5.1252e-005,0.0571024
5.1256e-005,0.0574843
5.126e-005,0.0572115
