LECROYWR104MXi,20621,Waveform
Segments,1,SegmentSize,2501
Segment,TrigTime,TimeSinceSegment1
#1,21-May-2015 13:59:34,0                 
Time,Ampl
4.126e-005,0.0515763
4.1264e-005,0.0507826
4.1268e-005,0.0511248
4.1272e-005,0.05111
4.1276e-005,0.0512439
4.128e-005,0.0509909
4.1284e-005,0.0515018
4.1288e-005,0.0509512
4.1292e-005,0.0515961
4.1296e-005,0.05047
4.13e-005,0.0510752
4.1304e-005,0.0516655
4.1308e-005,0.0514026
4.1312e-005,0.0513679
4.1316e-005,0.0511943
4.132e-005,0.0506337
4.1324e-005,0.0512389
4.1328e-005,0.0516159
4.1332e-005,0.0504006
4.1336e-005,0.0507925
4.134e-005,0.0513381
4.1344e-005,0.0505891
4.1348e-005,0.0508123
4.1352e-005,0.0512141
4.1356e-005,0.0516507
4.136e-005,0.0517747
4.1364e-005,0.0510604
4.1368e-005,0.0512389
4.1372e-005,0.0511993
4.1376e-005,0.051363
4.138e-005,0.0509711
4.1384e-005,0.0508818
4.1388e-005,0.0517003
4.1392e-005,0.0506883
4.1396e-005,0.0514423
4.14e-005,0.0516556
4.1404e-005,0.0512836
4.1408e-005,0.0513729
4.1412e-005,0.0511893
4.1416e-005,0.0509463
4.142e-005,0.0515267
4.1424e-005,0.0517648
4.1428e-005,0.0515118
4.1432e-005,0.0514126
4.1436e-005,0.052236
4.144e-005,0.0511943
4.1444e-005,0.0501724
4.1448e-005,0.0522211
4.1452e-005,0.0511298
4.1456e-005,0.0509611
4.146e-005,0.0513183
4.1464e-005,0.051487
4.1468e-005,0.050475
4.1472e-005,0.0509859
4.1476e-005,0.0513381
4.148e-005,0.0504651
4.1484e-005,0.0515068
4.1488e-005,0.0511546
4.1492e-005,0.0508222
4.1496e-005,0.0513282
4.15e-005,0.0514522
4.1504e-005,0.0504849
4.1508e-005,0.0509363
4.1512e-005,0.051229
4.1516e-005,0.0508024
4.152e-005,0.051229
4.1524e-005,0.0510604
4.1528e-005,0.0514671
4.1532e-005,0.0517152
4.1536e-005,0.0508421
4.154e-005,0.0510256
4.1544e-005,0.0509215
4.1548e-005,0.0512439
4.1552e-005,0.051229
4.1556e-005,0.0516308
4.156e-005,0.0505693
4.1564e-005,0.0507032
4.1568e-005,0.0516556
4.1572e-005,0.0509909
4.1576e-005,0.0511397
4.158e-005,0.0515465
4.1584e-005,0.0510901
4.1588e-005,0.0510951
4.1592e-005,0.0514374
4.1596e-005,0.0507776
4.16e-005,0.0512885
4.1604e-005,0.051477
4.1608e-005,0.050222
4.1612e-005,0.0442643
4.1616e-005,0.0406927
4.162e-005,0.0377064
4.1624e-005,0.0361488
4.1628e-005,0.0361885
4.1632e-005,0.0354593
4.1636e-005,0.0273289
4.164e-005,0.0207164
4.1644e-005,0.0195804
4.1648e-005,0.019387
4.1652e-005,0.0195655
4.1656e-005,0.0183353
4.166e-005,0.0111028
4.1664e-005,0.00182646
4.1668e-005,0.0018463
4.1672e-005,2.08044e-005
4.1676e-005,0.000794657
4.168e-005,0.000606155
4.1684e-005,0.000194425
4.1688e-005,0.00090379
4.1692e-005,0.000675603
4.1696e-005,-0.000797694
4.17e-005,0.00816114
4.1704e-005,0.0197292
4.1708e-005,0.0232513
4.1712e-005,0.0278051
4.1716e-005,0.0320861
4.172e-005,0.0354246
4.1724e-005,0.0374435
4.1728e-005,0.0391946
4.1732e-005,0.0410846
4.1736e-005,0.0423396
4.174e-005,0.043044
4.1744e-005,0.0449092
4.1748e-005,0.045941
4.1752e-005,0.0461791
4.1756e-005,0.0476574
4.176e-005,0.0486495
4.1764e-005,0.0493093
4.1768e-005,0.0491009
4.1772e-005,0.0507131
4.1776e-005,0.0506982
4.178e-005,0.0512687
4.1784e-005,0.0515415
4.1788e-005,0.0520624
4.1792e-005,0.0525485
4.1796e-005,0.0523501
4.18e-005,0.0529355
4.1804e-005,0.0524493
4.1808e-005,0.0538879
4.1812e-005,0.0532777
4.1816e-005,0.0533075
4.182e-005,0.0544286
4.1824e-005,0.0540268
4.1828e-005,0.0545526
4.1832e-005,0.0543443
4.1836e-005,0.0548651
4.184e-005,0.0553215
4.1844e-005,0.0561152
4.1848e-005,0.055381
4.1852e-005,0.0549098
4.1856e-005,0.0553761
4.186e-005,0.0552868
4.1864e-005,0.0556092
4.1868e-005,0.0560656
4.1872e-005,0.0555646
4.1876e-005,0.054627
4.188e-005,0.055887
4.1884e-005,0.0559664
4.1888e-005,0.055381
4.1892e-005,0.056011
4.1896e-005,0.0560061
4.19e-005,0.0556043
4.1904e-005,0.0564922
4.1908e-005,0.0560061
4.1912e-005,0.0560358
4.1916e-005,0.0567948
4.192e-005,0.0560954
4.1924e-005,0.0559465
4.1928e-005,0.0568643
4.1932e-005,0.0557332
4.1936e-005,0.0563285
4.194e-005,0.0562194
4.1944e-005,0.0563533
4.1948e-005,0.0563335
4.1952e-005,0.0566757
4.1956e-005,0.0566906
4.196e-005,0.0565914
4.1964e-005,0.0570478
4.1968e-005,0.056145
4.1972e-005,0.0567402
4.1976e-005,0.0569883
4.198e-005,0.0567105
4.1984e-005,0.0564079
4.1988e-005,0.0567254
4.1992e-005,0.0568841
4.1996e-005,0.0565765
4.2e-005,0.0564922
4.2004e-005,0.0565071
4.2008e-005,0.0561747
4.2012e-005,0.0571668
4.2016e-005,0.0568295
4.202e-005,0.056388
4.2024e-005,0.0562293
4.2028e-005,0.0566212
4.2032e-005,0.0565865
4.2036e-005,0.0571817
4.204e-005,0.0565567
4.2044e-005,0.0566361
4.2048e-005,0.0562343
4.2052e-005,0.0565021
4.2056e-005,0.0567204
4.206e-005,0.0572264
4.2064e-005,0.0569337
4.2068e-005,0.057271
4.2072e-005,0.0571024
4.2076e-005,0.0563483
4.208e-005,0.0566857
4.2084e-005,0.056388
4.2088e-005,0.0560606
4.2092e-005,0.0565815
4.2096e-005,0.056398
4.21e-005,0.0571222
4.2104e-005,0.056398
4.2108e-005,0.0572512
4.2112e-005,0.0566807
4.2116e-005,0.0566162
4.212e-005,0.0572809
4.2124e-005,0.0569436
4.2128e-005,0.0570329
4.2132e-005,0.0571024
4.2136e-005,0.0570428
4.214e-005,0.0561549
4.2144e-005,0.0572363
4.2148e-005,0.0567452
4.2152e-005,0.0568643
4.2156e-005,0.0574546
4.216e-005,0.0568593
4.2164e-005,0.0564277
4.2168e-005,0.0567799
4.2172e-005,0.0571718
4.2176e-005,0.0566609
4.218e-005,0.057028
4.2184e-005,0.057152
4.2188e-005,0.0569783
4.2192e-005,0.0566956
4.2196e-005,0.0571768
4.22e-005,0.0568345
4.2204e-005,0.0573752
4.2208e-005,0.057018
4.2212e-005,0.0571668
4.2216e-005,0.0574546
4.222e-005,0.0570974
4.2224e-005,0.0566658
4.2228e-005,0.0569684
4.2232e-005,0.057152
4.2236e-005,0.057524
4.224e-005,0.0572809
4.2244e-005,0.0571123
4.2248e-005,0.0576183
4.2252e-005,0.0570825
4.2256e-005,0.0573454
4.226e-005,0.0569486
4.2264e-005,0.0572561
4.2268e-005,0.0566361
4.2272e-005,0.0572016
4.2276e-005,0.0569635
4.228e-005,0.0571024
4.2284e-005,0.057018
4.2288e-005,0.0578564
4.2292e-005,0.0567204
4.2296e-005,0.0568494
4.23e-005,0.0572214
4.2304e-005,0.0571024
4.2308e-005,0.0564426
4.2312e-005,0.0565071
4.2316e-005,0.0571619
4.232e-005,0.0568543
4.2324e-005,0.0574843
4.2328e-005,0.0567254
4.2332e-005,0.0567948
4.2336e-005,0.0572958
4.234e-005,0.0574942
4.2344e-005,0.0569238
4.2348e-005,0.0574198
4.2352e-005,0.0563781
4.2356e-005,0.0567601
4.236e-005,0.0567551
4.2364e-005,0.0576282
4.2368e-005,0.0573454
4.2372e-005,0.0572512
4.2376e-005,0.0559614
4.238e-005,0.0483717
4.2384e-005,0.0431532
4.2388e-005,0.039274
4.2392e-005,0.038019
4.2396e-005,0.0372749
4.24e-005,0.0363522
4.2404e-005,0.0264161
4.2408e-005,0.0208801
4.2412e-005,0.0209247
4.2416e-005,0.018633
4.242e-005,0.0192034
4.2424e-005,0.0183651
4.2428e-005,0.0113458
4.2432e-005,0.00208441
4.2436e-005,0.00117166
4.244e-005,0.000373007
4.2444e-005,0.000606155
4.2448e-005,0.000918672
4.2452e-005,-3.87227e-005
4.2456e-005,0.00111214
4.246e-005,0.000214268
4.2464e-005,-0.000549664
4.2468e-005,0.00866712
4.2472e-005,0.0193721
4.2476e-005,0.0202749
4.248e-005,0.022408
4.2484e-005,0.0240499
4.2488e-005,0.0257167
4.2492e-005,0.0260887
4.2496e-005,0.0279539
4.25e-005,0.0288915
4.2504e-005,0.0291742
4.2508e-005,0.0301068
4.2512e-005,0.0299878
4.2516e-005,0.0308311
4.252e-005,0.031213
4.2524e-005,0.03159
4.2528e-005,0.0324284
4.2532e-005,0.0322547
4.2536e-005,0.0319422
4.254e-005,0.0322795
4.2544e-005,0.0324085
4.2548e-005,0.0326962
4.2552e-005,0.0331228
4.2556e-005,0.032602
4.256e-005,0.0320861
4.2564e-005,0.0331228
4.2568e-005,0.0321059
4.2572e-005,0.0329046
4.2576e-005,0.0328699
4.258e-005,0.0336983
4.2584e-005,0.0327012
4.2588e-005,0.0326962
4.2592e-005,0.0325325
4.2596e-005,0.0322101
4.26e-005,0.0325871
4.2604e-005,0.0328054
4.2608e-005,0.0326317
4.2612e-005,0.0326367
4.2616e-005,0.0322002
4.262e-005,0.0320712
4.2624e-005,0.0326367
4.2628e-005,0.0324383
4.2632e-005,0.0315454
4.2636e-005,0.0319819
4.264e-005,0.0318182
4.2644e-005,0.0318926
4.2648e-005,0.0320266
4.2652e-005,0.031843
4.2656e-005,0.0321307
4.266e-005,0.0320166
4.2664e-005,0.0318083
4.2668e-005,0.0321853
4.2672e-005,0.0319373
4.2676e-005,0.0321952
4.268e-005,0.0317289
4.2684e-005,0.032468
4.2688e-005,0.0316297
4.2692e-005,0.0319472
4.2696e-005,0.0320365
4.27e-005,0.032101
4.2704e-005,0.0315751
4.2708e-005,0.0314561
4.2712e-005,0.0317785
4.2716e-005,0.0315404
4.272e-005,0.0325722
4.2724e-005,0.0323837
4.2728e-005,0.0314065
4.2732e-005,0.0324036
4.2736e-005,0.0316793
4.274e-005,0.0317388
4.2744e-005,0.0316496
4.2748e-005,0.0326119
4.2752e-005,0.0318777
4.2756e-005,0.0322151
4.276e-005,0.0324184
4.2764e-005,0.0320365
4.2768e-005,0.0327012
4.2772e-005,0.0319174
4.2776e-005,0.0321803
4.278e-005,0.0326218
4.2784e-005,0.0317636
4.2788e-005,0.0321903
4.2792e-005,0.032344
4.2796e-005,0.0318777
4.28e-005,0.0320315
4.2804e-005,0.0322101
4.2808e-005,0.0312676
4.2812e-005,0.0321158
4.2816e-005,0.0316644
4.282e-005,0.0320464
4.2824e-005,0.0313122
4.2828e-005,0.0321357
4.2832e-005,0.0320464
4.2836e-005,0.0315255
4.284e-005,0.0319273
4.2844e-005,0.0315355
4.2848e-005,0.0315404
4.2852e-005,0.031977
4.2856e-005,0.0321059
4.286e-005,0.0317537
4.2864e-005,0.0324135
4.2868e-005,0.0322845
4.2872e-005,0.0322299
4.2876e-005,0.0323589
4.288e-005,0.0318926
4.2884e-005,0.0321555
4.2888e-005,0.0320315
4.2892e-005,0.031967
4.2896e-005,0.031218
4.29e-005,0.0318976
4.2904e-005,0.0320266
4.2908e-005,0.0315107
4.2912e-005,0.0321952
4.2916e-005,0.0319323
4.292e-005,0.0321506
4.2924e-005,0.0320662
4.2928e-005,0.0317091
4.2932e-005,0.0311783
4.2936e-005,0.0316446
4.294e-005,0.0317984
4.2944e-005,0.0319422
4.2948e-005,0.0327905
4.2952e-005,0.0320662
4.2956e-005,0.0316396
4.296e-005,0.0316793
4.2964e-005,0.0321059
4.2968e-005,0.0317091
4.2972e-005,0.0315801
4.2976e-005,0.0314809
4.298e-005,0.0316644
4.2984e-005,0.0321952
4.2988e-005,0.031972
4.2992e-005,0.0320266
4.2996e-005,0.03222
4.3e-005,0.0318777
4.3004e-005,0.0321803
4.3008e-005,0.0317289
4.3012e-005,0.031967
4.3016e-005,0.0320861
4.302e-005,0.0323589
4.3024e-005,0.0323837
4.3028e-005,0.0322994
4.3032e-005,0.0323093
4.3036e-005,0.0321903
4.304e-005,0.0318232
4.3044e-005,0.0318232
4.3048e-005,0.031719
4.3052e-005,0.031461
4.3056e-005,0.0317785
4.306e-005,0.0319918
4.3064e-005,0.0322002
4.3068e-005,0.0323043
4.3072e-005,0.031342
4.3076e-005,0.031466
4.308e-005,0.0313668
4.3084e-005,0.0318827
4.3088e-005,0.0317041
4.3092e-005,0.0327062
4.3096e-005,0.0324978
4.31e-005,0.0320216
4.3104e-005,0.0318926
4.3108e-005,0.0316793
4.3112e-005,0.0316595
4.3116e-005,0.0322944
4.312e-005,0.0318877
4.3124e-005,0.0314561
4.3128e-005,0.0321754
4.3132e-005,0.0322547
4.3136e-005,0.0323837
4.314e-005,0.031848
4.3144e-005,0.0317488
4.3148e-005,0.0300572
4.3152e-005,0.0310096
4.3156e-005,0.0305384
4.316e-005,0.0303846
4.3164e-005,0.0309104
4.3168e-005,0.0305929
4.3172e-005,0.0243624
4.3176e-005,0.0202948
4.318e-005,0.0197193
4.3184e-005,0.0189008
4.3188e-005,0.0188215
4.3192e-005,0.0189107
4.3196e-005,0.00965924
4.32e-005,0.001633
4.3204e-005,0.00158339
4.3208e-005,0.000437494
4.3212e-005,0.000958357
4.3216e-005,0.000645839
4.322e-005,6.54498e-005
4.3224e-005,0.000680563
4.3228e-005,-3.87227e-005
4.3232e-005,-0.000678639
4.3236e-005,0.00820578
4.324e-005,0.0197044
4.3244e-005,0.0210289
4.3248e-005,0.0231868
4.3252e-005,0.0265401
4.3256e-005,0.0292089
4.326e-005,0.0298836
4.3264e-005,0.0319025
4.3268e-005,0.0329195
4.3272e-005,0.0347549
4.3276e-005,0.0353303
4.328e-005,0.036878
4.3284e-005,0.0375031
4.3288e-005,0.0374981
4.3292e-005,0.0388176
4.3296e-005,0.0395716
4.33e-005,0.0386837
4.3304e-005,0.0398693
4.3308e-005,0.0404993
4.3312e-005,0.0407622
4.3316e-005,0.0404794
4.332e-005,0.0415658
4.3324e-005,0.0408167
4.3328e-005,0.0413674
4.3332e-005,0.0419825
4.3336e-005,0.0419329
4.334e-005,0.0414219
4.3344e-005,0.0421611
4.3348e-005,0.0416898
4.3352e-005,0.0415707
4.3356e-005,0.0434558
4.336e-005,0.0420122
4.3364e-005,0.0421412
4.3368e-005,0.0429895
4.3372e-005,0.0419924
4.3376e-005,0.0418981
4.338e-005,0.0427563
4.3384e-005,0.042166
4.3388e-005,0.0418436
4.3392e-005,0.0424785
4.3396e-005,0.0421859
4.34e-005,0.0422652
4.3404e-005,0.0420767
4.3408e-005,0.0418337
4.3412e-005,0.0422999
4.3416e-005,0.0426571
4.342e-005,0.0424636
4.3424e-005,0.0419775
4.3428e-005,0.0424736
4.3432e-005,0.0422156
4.3436e-005,0.0423942
4.344e-005,0.041918
4.3444e-005,0.0417791
4.3448e-005,0.0421809
4.3452e-005,0.0426125
4.3456e-005,0.0427414
4.346e-005,0.0422255
4.3464e-005,0.0428258
4.3468e-005,0.0419081
4.3472e-005,0.0414715
4.3476e-005,0.0424736
4.348e-005,0.0420073
4.3484e-005,0.0421164
4.3488e-005,0.042801
4.3492e-005,0.0425877
4.3496e-005,0.0423446
4.35e-005,0.043302
4.3504e-005,0.0420866
4.3508e-005,0.0414814
4.3512e-005,0.0426918
4.3516e-005,0.0425678
4.352e-005,0.0427315
4.3524e-005,0.0429051
4.3528e-005,0.0425579
4.3532e-005,0.042171
4.3536e-005,0.0426472
4.354e-005,0.0424884
4.3544e-005,0.0421214
4.3548e-005,0.0435798
4.3552e-005,0.0425926
4.3556e-005,0.0425529
4.356e-005,0.0427365
4.3564e-005,0.0427563
4.3568e-005,0.0427662
4.3572e-005,0.0429101
4.3576e-005,0.042414
4.358e-005,0.0421164
4.3584e-005,0.043044
4.3588e-005,0.0429795
4.3592e-005,0.0421908
4.3596e-005,0.0437137
4.36e-005,0.042543
4.3604e-005,0.0426918
4.3608e-005,0.0434905
4.3612e-005,0.0427762
4.3616e-005,0.042548
4.362e-005,0.0430143
4.3624e-005,0.042672
4.3628e-005,0.0424884
4.3632e-005,0.043421
4.3636e-005,0.0432871
4.364e-005,0.0421362
4.3644e-005,0.0422404
4.3648e-005,0.0421859
4.3652e-005,0.0413971
4.3656e-005,0.0424438
4.366e-005,0.0427762
4.3664e-005,0.0421362
4.3668e-005,0.0426323
4.3672e-005,0.0420122
4.3676e-005,0.0415608
4.368e-005,0.0421214
4.3684e-005,0.0422007
4.3688e-005,0.0419676
4.3692e-005,0.0430837
4.3696e-005,0.0427216
4.37e-005,0.0427712
4.3704e-005,0.042667
4.3708e-005,0.0425281
4.3712e-005,0.0419279
4.3716e-005,0.0429299
4.372e-005,0.0419378
4.3724e-005,0.0427563
4.3728e-005,0.0425827
4.3732e-005,0.0428555
4.3736e-005,0.0425381
4.374e-005,0.0433615
4.3744e-005,0.042166
4.3748e-005,0.0423793
4.3752e-005,0.0423545
4.3756e-005,0.0421362
4.376e-005,0.0425033
4.3764e-005,0.0424636
4.3768e-005,0.041918
4.3772e-005,0.0424785
4.3776e-005,0.0422801
4.378e-005,0.0424041
4.3784e-005,0.0420519
4.3788e-005,0.0429101
4.3792e-005,0.0422305
4.3796e-005,0.0419974
4.38e-005,0.0430837
4.3804e-005,0.0426571
4.3808e-005,0.0426472
4.3812e-005,0.0432127
4.3816e-005,0.0425926
4.382e-005,0.042419
4.3824e-005,0.042801
4.3828e-005,0.0430639
4.3832e-005,0.042295
4.3836e-005,0.0429002
4.384e-005,0.0425926
4.3844e-005,0.0413674
4.3848e-005,0.0427514
4.3852e-005,0.0424636
4.3856e-005,0.0425133
4.386e-005,0.0427762
4.3864e-005,0.0426521
4.3868e-005,0.0419825
4.3872e-005,0.0432028
4.3876e-005,0.0424934
4.388e-005,0.0423744
4.3884e-005,0.0424488
4.3888e-005,0.0425331
4.3892e-005,0.0421759
4.3896e-005,0.0433913
4.39e-005,0.0423347
4.3904e-005,0.0427811
4.3908e-005,0.0420519
4.3912e-005,0.0413426
4.3916e-005,0.0384158
4.392e-005,0.03663
4.3924e-005,0.03537
4.3928e-005,0.0338273
4.3932e-005,0.0338669
4.3936e-005,0.0332816
4.394e-005,0.0256472
4.3944e-005,0.0198483
4.3948e-005,0.019883
4.3952e-005,0.0193175
4.3956e-005,0.0191389
4.396e-005,0.0181121
4.3964e-005,0.0103686
4.3968e-005,0.00226299
4.3972e-005,0.00126591
4.3976e-005,-0.000271871
4.398e-005,0.000794657
4.3984e-005,0.000268834
4.3988e-005,0.000427573
4.3992e-005,0.00065576
4.3996e-005,0.000680563
4.4e-005,-0.000177619
4.4004e-005,0.00847862
4.4008e-005,0.0196598
4.4012e-005,0.022408
4.4016e-005,0.0266245
4.402e-005,0.0306326
4.4024e-005,0.0324432
4.4028e-005,0.0343977
4.4032e-005,0.0365605
4.4036e-005,0.038515
4.404e-005,0.040281
4.4044e-005,0.0403504
4.4048e-005,0.0423744
4.4052e-005,0.0431135
4.4056e-005,0.0436343
4.406e-005,0.0446711
4.4064e-005,0.0462238
4.4068e-005,0.0452614
4.4072e-005,0.0465413
4.4076e-005,0.0474937
4.408e-005,0.0471316
4.4084e-005,0.0480294
4.4088e-005,0.0488479
4.4092e-005,0.0484511
4.4096e-005,0.049086
4.41e-005,0.0496466
4.4104e-005,0.0489769
4.4108e-005,0.0490662
4.4112e-005,0.0494234
4.4116e-005,0.0496664
4.412e-005,0.0489719
4.4124e-005,0.0501327
4.4128e-005,0.0498897
4.4132e-005,0.0501079
4.4136e-005,0.0502518
4.414e-005,0.0507826
4.4144e-005,0.0509314
4.4148e-005,0.0512538
4.4152e-005,0.0500484
4.4156e-005,0.0510058
4.416e-005,0.0507131
4.4164e-005,0.0504155
4.4168e-005,0.0508322
4.4172e-005,0.0510752
4.4176e-005,0.0509711
4.418e-005,0.0512637
4.4184e-005,0.0514572
4.4188e-005,0.0509562
4.4192e-005,0.0505891
4.4196e-005,0.051611
4.42e-005,0.0511397
4.4204e-005,0.0513381
4.4208e-005,0.05174
4.4212e-005,0.0506784
4.4216e-005,0.0506933
4.422e-005,0.0511893
4.4224e-005,0.0509711
4.4228e-005,0.0510107
4.4232e-005,0.0511199
4.4236e-005,0.0513977
4.424e-005,0.0513431
4.4244e-005,0.0514572
4.4248e-005,0.0507826
4.4252e-005,0.0513481
4.4256e-005,0.0518541
4.426e-005,0.0512439
4.4264e-005,0.0507032
4.4268e-005,0.0509363
4.4272e-005,0.0507181
4.4276e-005,0.0508818
4.428e-005,0.0515614
4.4284e-005,0.0510356
4.4288e-005,0.0508867
4.4292e-005,0.0506536
4.4296e-005,0.0511645
4.43e-005,0.0509611
4.4304e-005,0.0511149
4.4308e-005,0.050976
4.4312e-005,0.050475
4.4316e-005,0.0512092
4.432e-005,0.0503113
4.4324e-005,0.051353
4.4328e-005,0.0510405
4.4332e-005,0.0513729
4.4336e-005,0.0508074
4.434e-005,0.0515961
4.4344e-005,0.0503808
4.4348e-005,0.0508471
4.4352e-005,0.0512389
4.4356e-005,0.051477
4.436e-005,0.0506337
4.4364e-005,0.0514225
4.4368e-005,0.0512885
4.4372e-005,0.0507478
4.4376e-005,0.0513332
4.438e-005,0.0512141
4.4384e-005,0.0513927
4.4388e-005,0.0515316
4.4392e-005,0.0514076
4.4396e-005,0.0516556
4.44e-005,0.0518541
4.4404e-005,0.0512489
4.4408e-005,0.0508074
4.4412e-005,0.0519582
4.4416e-005,0.0515366
4.442e-005,0.0514175
4.4424e-005,0.0512885
4.4428e-005,0.0511844
4.4432e-005,0.0510356
4.4436e-005,0.0518193
4.444e-005,0.0515862
4.4444e-005,0.0506387
4.4448e-005,0.0514671
4.4452e-005,0.0510356
4.4456e-005,0.0511596
4.446e-005,0.051487
4.4464e-005,0.0509264
4.4468e-005,0.0516556
4.4472e-005,0.051229
4.4476e-005,0.0513878
4.448e-005,0.0510207
4.4484e-005,0.0512786
4.4488e-005,0.0511744
4.4492e-005,0.0512092
4.4496e-005,0.0518044
4.45e-005,0.0509711
4.4504e-005,0.0511794
4.4508e-005,0.0512637
4.4512e-005,0.0514374
4.4516e-005,0.0511893
4.452e-005,0.0511
4.4524e-005,0.0507429
4.4528e-005,0.0513381
4.4532e-005,0.0512687
4.4536e-005,0.0505643
4.454e-005,0.0510157
4.4544e-005,0.0512737
4.4548e-005,0.051611
4.4552e-005,0.0509463
4.4556e-005,0.0510604
4.456e-005,0.0510405
4.4564e-005,0.0505494
4.4568e-005,0.0515267
4.4572e-005,0.0511248
4.4576e-005,0.0509066
4.458e-005,0.0512538
4.4584e-005,0.0510752
4.4588e-005,0.0513977
4.4592e-005,0.0512935
4.4596e-005,0.0510008
4.46e-005,0.0514423
4.4604e-005,0.0512439
4.4608e-005,0.0504998
4.4612e-005,0.0506635
4.4616e-005,0.0516606
4.462e-005,0.0509959
4.4624e-005,0.0511199
4.4628e-005,0.0516407
4.4632e-005,0.0518193
4.4636e-005,0.0510653
4.464e-005,0.0517896
4.4644e-005,0.0510455
4.4648e-005,0.0504899
4.4652e-005,0.0512489
4.4656e-005,0.0510604
4.466e-005,0.0513034
4.4664e-005,0.0515415
4.4668e-005,0.0510256
4.4672e-005,0.0522063
4.4676e-005,0.0514919
4.468e-005,0.0498797
4.4684e-005,0.0442643
4.4688e-005,0.0400776
4.4692e-005,0.0383563
4.4696e-005,0.0367391
4.47e-005,0.0361687
4.4704e-005,0.0358165
4.4708e-005,0.0267237
4.4712e-005,0.0208454
4.4716e-005,0.0197044
4.472e-005,0.0193473
4.4724e-005,0.0188264
4.4728e-005,0.0185982
4.4732e-005,0.0102148
4.4736e-005,0.00175701
4.474e-005,0.000953396
4.4744e-005,0.000139859
4.4748e-005,0.000769854
4.4752e-005,0.000864105
4.4756e-005,0.000745051
4.476e-005,0.000769854
4.4764e-005,0.000477179
4.4768e-005,-0.000509979
4.4772e-005,0.00822067
4.4776e-005,0.0198285
4.478e-005,0.0240499
4.4784e-005,0.0273934
4.4788e-005,0.0319373
4.4792e-005,0.0351071
4.4796e-005,0.0367391
4.48e-005,0.0390458
4.4804e-005,0.04104
4.4808e-005,0.0421511
4.4812e-005,0.0436343
4.4816e-005,0.0446017
4.482e-005,0.0464768
4.4824e-005,0.0467149
4.4828e-005,0.0478955
4.4832e-005,0.0487487
4.4836e-005,0.0488876
4.484e-005,0.0492547
4.4844e-005,0.0508421
4.4848e-005,0.0504204
4.4852e-005,0.0510901
4.4856e-005,0.0520376
4.486e-005,0.0525485
4.4864e-005,0.0516556
4.4868e-005,0.052236
4.4872e-005,0.0525833
4.4876e-005,0.0529355
4.488e-005,0.0539276
4.4884e-005,0.0532827
4.4888e-005,0.0536151
4.4892e-005,0.0542103
4.4896e-005,0.0543542
4.49e-005,0.0539127
4.4904e-005,0.0551727
4.4908e-005,0.0547064
4.4912e-005,0.0547163
4.4916e-005,0.0549991
4.492e-005,0.0552917
4.4924e-005,0.055262
4.4928e-005,0.0554009
4.4932e-005,0.0559763
4.4936e-005,0.0558721
4.494e-005,0.0557779
4.4944e-005,0.0560656
4.4948e-005,0.0561102
4.4952e-005,0.0561301
4.4956e-005,0.0570776
4.496e-005,0.0558027
4.4964e-005,0.0564872
4.4968e-005,0.0562392
4.4972e-005,0.0554703
4.4976e-005,0.0562293
4.498e-005,0.0561251
4.4984e-005,0.0562789
4.4988e-005,0.0562888
4.4992e-005,0.0561301
4.4996e-005,0.0565716
4.5e-005,0.0570875
4.5004e-005,0.0562938
4.5008e-005,0.056512
4.5012e-005,0.0566509
4.5016e-005,0.0566113
4.502e-005,0.0559565
4.5024e-005,0.057023
4.5028e-005,0.0565468
4.5032e-005,0.0562987
4.5036e-005,0.0570776
4.504e-005,0.0568593
4.5044e-005,0.056894
4.5048e-005,0.0569387
4.5052e-005,0.0565865
4.5056e-005,0.0564624
4.506e-005,0.0567303
4.5064e-005,0.0562938
4.5068e-005,0.0564128
4.5072e-005,0.0570924
4.5076e-005,0.0567204
4.508e-005,0.0571916
4.5084e-005,0.0570478
4.5088e-005,0.0566857
4.5092e-005,0.0566063
4.5096e-005,0.0570379
4.51e-005,0.0565567
4.5104e-005,0.056393
4.5108e-005,0.056775
4.5112e-005,0.056512
4.5116e-005,0.0564178
4.512e-005,0.0569039
4.5124e-005,0.0566906
4.5128e-005,0.0564029
4.5132e-005,0.0572165
4.5136e-005,0.0561549
4.514e-005,0.0563285
4.5144e-005,0.05677
4.5148e-005,0.0568345
4.5152e-005,0.0566807
4.5156e-005,0.0573603
4.516e-005,0.0572165
4.5164e-005,0.0564128
4.5168e-005,0.0566757
4.5172e-005,0.056512
4.5176e-005,0.0571619
4.518e-005,0.0572859
4.5184e-005,0.0565815
4.5188e-005,0.0569287
4.5192e-005,0.0568146
4.5196e-005,0.057147
4.52e-005,0.0572363
4.5204e-005,0.0565567
4.5208e-005,0.0567502
4.5212e-005,0.056512
4.5216e-005,0.056894
4.522e-005,0.0561598
4.5224e-005,0.0563037
4.5228e-005,0.0568593
4.5232e-005,0.0566162
4.5236e-005,0.0574149
4.524e-005,0.0568444
4.5244e-005,0.0569238
4.5248e-005,0.057028
4.5252e-005,0.057271
4.5256e-005,0.0569387
4.526e-005,0.0571867
4.5264e-005,0.0571668
4.5268e-005,0.057142
4.5272e-005,0.0568047
4.5276e-005,0.0569932
4.528e-005,0.0572313
4.5284e-005,0.0567998
4.5288e-005,0.0574893
4.5292e-005,0.0564079
4.5296e-005,0.057028
4.53e-005,0.0568692
4.5304e-005,0.0562343
4.5308e-005,0.0570627
4.5312e-005,0.0572313
4.5316e-005,0.0564724
4.532e-005,0.056646
4.5324e-005,0.0564823
4.5328e-005,0.056775
4.5332e-005,0.0570379
4.5336e-005,0.0568742
4.534e-005,0.0568394
4.5344e-005,0.0567254
4.5348e-005,0.0574694
4.5352e-005,0.0568295
4.5356e-005,0.0568543
4.536e-005,0.0573802
4.5364e-005,0.0566509
4.5368e-005,0.0563483
4.5372e-005,0.057276
4.5376e-005,0.0564376
4.538e-005,0.0564029
4.5384e-005,0.0565617
4.5388e-005,0.0570031
4.5392e-005,0.0566857
4.5396e-005,0.0571222
4.54e-005,0.0571172
4.5404e-005,0.0567799
4.5408e-005,0.057142
4.5412e-005,0.0571024
4.5416e-005,0.0570676
4.542e-005,0.0571321
4.5424e-005,0.056388
4.5428e-005,0.0568791
4.5432e-005,0.0568345
4.5436e-005,0.0565865
4.544e-005,0.0572214
4.5444e-005,0.0565468
4.5448e-005,0.0556787
4.5452e-005,0.0480394
4.5456e-005,0.0434111
4.546e-005,0.0398048
4.5464e-005,0.0376816
4.5468e-005,0.0366399
4.5472e-005,0.0353898
4.5476e-005,0.0265699
4.548e-005,0.021272
4.5484e-005,0.0202402
4.5488e-005,0.0191389
4.5492e-005,0.0189058
4.5496e-005,0.0189008
4.55e-005,0.0119064
4.5504e-005,0.00271441
4.5508e-005,0.00148914
4.5512e-005,-0.000162738
4.5516e-005,0.000412691
4.552e-005,0.000874027
4.5524e-005,0.00040277
4.5528e-005,0.000948436
4.5532e-005,7.5371e-005
4.5536e-005,0.000268834
4.554e-005,0.00885562
4.5544e-005,0.0189405
4.5548e-005,0.0205725
4.5552e-005,0.0219566
4.5556e-005,0.0242731
4.556e-005,0.0255976
4.5564e-005,0.027056
4.5568e-005,0.0272942
4.5572e-005,0.0282119
4.5576e-005,0.0292784
4.558e-005,0.0294371
4.5584e-005,0.030087
4.5588e-005,0.0303747
4.5592e-005,0.0310493
4.5596e-005,0.0315603
4.56e-005,0.0324333
4.5604e-005,0.0319968
4.5608e-005,0.0322399
4.5612e-005,0.0332617
4.5616e-005,0.0325028
4.562e-005,0.0331278
4.5624e-005,0.0333758
4.5628e-005,0.0329195
4.5632e-005,0.032731
4.5636e-005,0.0328004
4.564e-005,0.0327111
4.5644e-005,0.0325722
4.5648e-005,0.0333659
4.5652e-005,0.0327954
4.5656e-005,0.0329492
4.566e-005,0.0327706
4.5664e-005,0.0332022
4.5668e-005,0.0327558
4.5672e-005,0.0334602
4.5676e-005,0.0323887
4.568e-005,0.0326069
4.5684e-005,0.0327558
4.5688e-005,0.0331278
4.5692e-005,0.0328203
4.5696e-005,0.0332072
4.57e-005,0.031967
4.5704e-005,0.0322795
4.5708e-005,0.0327161
4.5712e-005,0.0326367
4.5716e-005,0.0328203
4.572e-005,0.0323639
4.5724e-005,0.0319174
4.5728e-005,0.0324333
4.5732e-005,0.0328203
4.5736e-005,0.0327458
4.574e-005,0.0331576
4.5744e-005,0.0327409
4.5748e-005,0.0322795
4.5752e-005,0.0322399
4.5756e-005,0.0325474
4.576e-005,0.032597
4.5764e-005,0.0325722
4.5768e-005,0.0331725
4.5772e-005,0.0326516
4.5776e-005,0.0327111
4.578e-005,0.0329641
4.5784e-005,0.0325524
4.5788e-005,0.0319025
4.5792e-005,0.032602
4.5796e-005,0.0326714
4.58e-005,0.0316892
4.5804e-005,0.0325722
4.5808e-005,0.0326119
4.5812e-005,0.0324333
4.5816e-005,0.0328004
4.582e-005,0.0318877
4.5824e-005,0.0323043
4.5828e-005,0.032349
4.5832e-005,0.0323341
4.5836e-005,0.0325673
4.584e-005,0.032468
4.5844e-005,0.0322498
4.5848e-005,0.031848
4.5852e-005,0.0323093
4.5856e-005,0.0324135
4.586e-005,0.0318678
4.5864e-005,0.0322696
4.5868e-005,0.0323242
4.5872e-005,0.0314958
4.5876e-005,0.0318182
4.588e-005,0.0316694
4.5884e-005,0.0318281
4.5888e-005,0.0321208
4.5892e-005,0.0319918
4.5896e-005,0.032354
4.59e-005,0.0327012
4.5904e-005,0.0322994
4.5908e-005,0.0321853
4.5912e-005,0.0323589
4.5916e-005,0.0332022
4.592e-005,0.0324581
4.5924e-005,0.0320712
4.5928e-005,0.0323837
4.5932e-005,0.0317488
4.5936e-005,0.0320514
4.594e-005,0.0320216
4.5944e-005,0.0316446
4.5948e-005,0.0332171
4.5952e-005,0.0316644
4.5956e-005,0.0323192
4.596e-005,0.0323093
4.5964e-005,0.0324532
4.5968e-005,0.0317388
4.5972e-005,0.0321456
4.5976e-005,0.031967
4.598e-005,0.0321605
4.5984e-005,0.0319323
4.5988e-005,0.0320365
4.5992e-005,0.0315057
4.5996e-005,0.0321307
4.6e-005,0.0317636
4.6004e-005,0.0312428
4.6008e-005,0.0325623
4.6012e-005,0.0316099
4.6016e-005,0.0316198
4.602e-005,0.0322349
4.6024e-005,0.032101
4.6028e-005,0.0321456
4.6032e-005,0.0318877
4.6036e-005,0.0319273
4.604e-005,0.03159
4.6044e-005,0.032602
4.6048e-005,0.0321605
4.6052e-005,0.0316793
4.6056e-005,0.0323093
4.606e-005,0.0319373
4.6064e-005,0.0327062
4.6068e-005,0.031967
4.6072e-005,0.0323688
4.6076e-005,0.0313866
4.608e-005,0.0320414
4.6084e-005,0.0322845
4.6088e-005,0.0320166
4.6092e-005,0.0323093
4.6096e-005,0.032602
4.61e-005,0.0317091
4.6104e-005,0.0321952
4.6108e-005,0.0323589
4.6112e-005,0.031967
4.6116e-005,0.0322845
4.612e-005,0.0321704
4.6124e-005,0.0317984
4.6128e-005,0.0321754
4.6132e-005,0.0321059
4.6136e-005,0.0321903
4.614e-005,0.0327657
4.6144e-005,0.0321357
4.6148e-005,0.0324581
4.6152e-005,0.0323093
4.6156e-005,0.0321059
4.616e-005,0.0318629
4.6164e-005,0.0322895
4.6168e-005,0.0321655
4.6172e-005,0.0321109
4.6176e-005,0.0323688
4.618e-005,0.0321903
4.6184e-005,0.0316545
4.6188e-005,0.0314214
4.6192e-005,0.0314114
4.6196e-005,0.0317488
4.62e-005,0.032349
4.6204e-005,0.0317537
4.6208e-005,0.0328897
4.6212e-005,0.0322399
4.6216e-005,0.0311336
4.622e-005,0.0306922
4.6224e-005,0.0305086
4.6228e-005,0.0303747
4.6232e-005,0.0303052
4.6236e-005,0.0304838
4.624e-005,0.0304937
4.6244e-005,0.0235737
4.6248e-005,0.019764
4.6252e-005,0.0197392
4.6256e-005,0.0193126
4.626e-005,0.0188711
4.6264e-005,0.0188512
4.6268e-005,0.0098527
4.6272e-005,0.00185622
4.6276e-005,0.0015189
4.628e-005,6.54498e-005
4.6284e-005,0.000963317
4.6288e-005,0.000814499
4.6292e-005,0.000129938
4.6296e-005,0.000883948
4.63e-005,0.000705366
4.6304e-005,-0.000619112
4.6308e-005,0.0080272
4.6312e-005,0.0190943
4.6316e-005,0.021267
4.632e-005,0.0232612
4.6324e-005,0.0271553
4.6328e-005,0.0289212
4.6332e-005,0.0298389
4.6336e-005,0.0314958
4.634e-005,0.0332072
4.6344e-005,0.0341547
4.6348e-005,0.0341795
4.6352e-005,0.0361885
4.6356e-005,0.0372104
4.636e-005,0.0367937
4.6364e-005,0.038143
4.6368e-005,0.0392789
4.6372e-005,0.0389367
4.6376e-005,0.03977
4.638e-005,0.0407721
4.6384e-005,0.0403405
4.6388e-005,0.0404695
4.6392e-005,0.0407026
4.6396e-005,0.0405092
4.64e-005,0.041035
4.6404e-005,0.041412
4.6408e-005,0.0414566
4.6412e-005,0.041541
4.6416e-005,0.042424
4.642e-005,0.0422652
4.6424e-005,0.041918
4.6428e-005,0.0423892
4.6432e-005,0.0418634
4.6436e-005,0.0412384
4.644e-005,0.0423297
4.6444e-005,0.0421114
4.6448e-005,0.0421809
4.6452e-005,0.0426025
4.6456e-005,0.0419577
4.646e-005,0.0425232
4.6464e-005,0.0426373
4.6468e-005,0.042419
4.6472e-005,0.0418535
4.6476e-005,0.0425529
4.648e-005,0.0421561
4.6484e-005,0.0421015
4.6488e-005,0.0428059
4.6492e-005,0.0421611
4.6496e-005,0.0421214
4.65e-005,0.0427662
4.6504e-005,0.042414
4.6508e-005,0.0422652
4.6512e-005,0.042548
4.6516e-005,0.0418733
4.652e-005,0.0421859
4.6524e-005,0.0428307
4.6528e-005,0.0425678
4.6532e-005,0.0420668
4.6536e-005,0.0427365
4.654e-005,0.0422255
4.6544e-005,0.0421114
4.6548e-005,0.0431929
4.6552e-005,0.0423644
4.6556e-005,0.0424537
4.656e-005,0.042796
4.6564e-005,0.0423049
4.6568e-005,0.0421015
4.6572e-005,0.0427266
4.6576e-005,0.0422206
4.658e-005,0.042166
4.6584e-005,0.0422206
4.6588e-005,0.0421908
4.6592e-005,0.0428109
4.6596e-005,0.0430589
4.66e-005,0.0422007
4.6604e-005,0.0423744
4.6608e-005,0.0427712
4.6612e-005,0.0425678
4.6616e-005,0.0424537
4.662e-005,0.0426472
4.6624e-005,0.0422851
4.6628e-005,0.0425331
4.6632e-005,0.0430986
4.6636e-005,0.0424884
4.664e-005,0.041913
4.6644e-005,0.0434111
4.6648e-005,0.0419279
4.6652e-005,0.0429845
4.6656e-005,0.0428605
4.666e-005,0.0426472
4.6664e-005,0.0420718
4.6668e-005,0.0427216
4.6672e-005,0.0419279
4.6676e-005,0.042295
4.668e-005,0.0428555
4.6684e-005,0.0423347
4.6688e-005,0.0421313
4.6692e-005,0.0431581
4.6696e-005,0.0426323
4.67e-005,0.0424884
4.6704e-005,0.0434706
4.6708e-005,0.0417741
4.6712e-005,0.0425331
4.6716e-005,0.0426621
4.672e-005,0.042414
4.6724e-005,0.0423446
4.6728e-005,0.0428158
4.6732e-005,0.0421164
4.6736e-005,0.0419974
4.674e-005,0.0427514
4.6744e-005,0.0423396
4.6748e-005,0.0428853
4.6752e-005,0.0428357
4.6756e-005,0.0427563
4.676e-005,0.0430192
4.6764e-005,0.0434855
4.6768e-005,0.0425777
4.6772e-005,0.043054
4.6776e-005,0.0428407
4.678e-005,0.0430738
4.6784e-005,0.0428605
4.6788e-005,0.0430143
4.6792e-005,0.0423545
4.6796e-005,0.043302
4.68e-005,0.0429498
4.6804e-005,0.0430391
4.6808e-005,0.0425331
4.6812e-005,0.0427414
4.6816e-005,0.0423992
4.682e-005,0.0432623
4.6824e-005,0.0425629
4.6828e-005,0.0428903
4.6832e-005,0.0423198
4.6836e-005,0.0427464
4.684e-005,0.0425629
4.6844e-005,0.0424091
4.6848e-005,0.0426373
4.6852e-005,0.0422553
4.6856e-005,0.0423545
4.686e-005,0.0426075
4.6864e-005,0.0425629
4.6868e-005,0.0419081
4.6872e-005,0.043044
4.6876e-005,0.0422652
4.688e-005,0.0421759
4.6884e-005,0.0427365
4.6888e-005,0.0417989
4.6892e-005,0.0422801
4.6896e-005,0.0428208
4.69e-005,0.0425529
4.6904e-005,0.0425232
4.6908e-005,0.0431432
4.6912e-005,0.0428109
4.6916e-005,0.0429101
4.692e-005,0.0431383
4.6924e-005,0.0422305
4.6928e-005,0.0426521
4.6932e-005,0.0429002
4.6936e-005,0.0423694
4.694e-005,0.0427315
4.6944e-005,0.0425926
4.6948e-005,0.0422751
4.6952e-005,0.0427018
4.6956e-005,0.0433268
4.696e-005,0.0428307
4.6964e-005,0.0424636
4.6968e-005,0.043426
4.6972e-005,0.0429448
4.6976e-005,0.0427861
4.698e-005,0.042543
4.6984e-005,0.042037
4.6988e-005,0.0389565
4.6992e-005,0.0367937
4.6996e-005,0.0359008
4.7e-005,0.0345217
4.7004e-005,0.0340802
4.7008e-005,0.0331377
4.7012e-005,0.0259895
4.7016e-005,0.0196697
4.702e-005,0.0195755
4.7024e-005,0.0198384
4.7028e-005,0.0200666
4.7032e-005,0.0185387
4.7036e-005,0.0104678
4.704e-005,0.00188103
4.7044e-005,0.00103277
4.7048e-005,-0.000559585
4.7052e-005,0.000759933
4.7056e-005,0.000680563
4.706e-005,0.000690485
4.7064e-005,0.000948436
4.7068e-005,0.000928593
4.7072e-005,-0.000802654
4.7076e-005,0.00789823
4.708e-005,0.0192133
4.7084e-005,0.0216589
4.7088e-005,0.0254339
4.7092e-005,0.0293578
4.7096e-005,0.0330038
4.71e-005,0.0338173
4.7104e-005,0.0361141
4.7108e-005,0.037637
4.7112e-005,0.0395766
4.7116e-005,0.0401322
4.712e-005,0.0416501
4.7124e-005,0.0432325
4.7128e-005,0.0430044
4.7132e-005,0.0441701
4.7136e-005,0.0451721
4.714e-005,0.0450977
4.7144e-005,0.0459311
4.7148e-005,0.046571
4.7152e-005,0.0463478
4.7156e-005,0.0474292
4.716e-005,0.0482477
4.7164e-005,0.0483271
4.7168e-005,0.0483568
4.7172e-005,0.0492597
4.7176e-005,0.0483072
4.718e-005,0.0496267
4.7184e-005,0.0495672
4.7188e-005,0.0488975
4.7192e-005,0.0492597
4.7196e-005,0.0505643
4.72e-005,0.0492001
4.7204e-005,0.0503311
4.7208e-005,0.0504056
4.7212e-005,0.0504651
4.7216e-005,0.0500682
4.722e-005,0.050723
4.7224e-005,0.0503907
4.7228e-005,0.0506635
4.7232e-005,0.0506387
4.7236e-005,0.0502964
4.724e-005,0.0509512
4.7244e-005,0.0509711
4.7248e-005,0.0499889
4.7252e-005,0.0508222
4.7256e-005,0.0506635
4.726e-005,0.05048
4.7264e-005,0.050227
4.7268e-005,0.0507181
4.7272e-005,0.0509165
4.7276e-005,0.0516259
4.728e-005,0.0515018
4.7284e-005,0.051363
4.7288e-005,0.0507131
4.7292e-005,0.0511397
4.7296e-005,0.0509711
4.73e-005,0.0511645
4.7304e-005,0.0506982
4.7308e-005,0.0505693
4.7312e-005,0.050599
4.7316e-005,0.0514671
4.732e-005,0.0513977
4.7324e-005,0.0508123
4.7328e-005,0.0515167
4.7332e-005,0.0513481
4.7336e-005,0.0504304
4.734e-005,0.0511397
4.7344e-005,0.0503857
4.7348e-005,0.0512836
4.7352e-005,0.0511248
4.7356e-005,0.0509314
4.736e-005,0.0513679
4.7364e-005,0.0512042
4.7368e-005,0.0510653
4.7372e-005,0.0511546
4.7376e-005,0.0515911
4.738e-005,0.0512737
4.7384e-005,0.050723
4.7388e-005,0.0511546
4.7392e-005,0.0513828
4.7396e-005,0.0506288
4.74e-005,0.0514522
4.7404e-005,0.0509711
4.7408e-005,0.0509413
4.7412e-005,0.0507677
4.7416e-005,0.0514225
4.742e-005,0.0518243
4.7424e-005,0.0513481
4.7428e-005,0.0504552
4.7432e-005,0.0515515
4.7436e-005,0.0513282
4.744e-005,0.051234
4.7444e-005,0.0512191
4.7448e-005,0.0512786
4.7452e-005,0.0510852
4.7456e-005,0.050475
4.746e-005,0.0509562
4.7464e-005,0.0506536
4.7468e-005,0.0517896
4.7472e-005,0.0521715
4.7476e-005,0.0516209
4.748e-005,0.0503758
4.7484e-005,0.0512637
4.7488e-005,0.0508719
4.7492e-005,0.0510455
4.7496e-005,0.050351
4.75e-005,0.0515217
4.7504e-005,0.0512092
4.7508e-005,0.0515465
4.7512e-005,0.0511596
4.7516e-005,0.0505494
4.752e-005,0.0511546
4.7524e-005,0.0507925
4.7528e-005,0.0507528
4.7532e-005,0.0507925
4.7536e-005,0.0511794
4.754e-005,0.0509859
4.7544e-005,0.0515812
4.7548e-005,0.0517003
4.7552e-005,0.0513679
4.7556e-005,0.0511596
4.756e-005,0.0513233
4.7564e-005,0.0516457
4.7568e-005,0.0518243
4.7572e-005,0.0512935
4.7576e-005,0.0512985
4.758e-005,0.0513778
4.7584e-005,0.0522707
4.7588e-005,0.0508272
4.7592e-005,0.0518392
4.7596e-005,0.0513332
4.76e-005,0.0516804
4.7604e-005,0.0512687
4.7608e-005,0.0513977
4.7612e-005,0.051353
4.7616e-005,0.0515911
4.762e-005,0.0511348
4.7624e-005,0.0512042
4.7628e-005,0.0512538
4.7632e-005,0.0505941
4.7636e-005,0.0508967
4.764e-005,0.0514721
4.7644e-005,0.0512637
4.7648e-005,0.0505494
4.7652e-005,0.0513034
4.7656e-005,0.0510157
4.766e-005,0.0509859
4.7664e-005,0.0515316
4.7668e-005,0.0510554
4.7672e-005,0.0510356
4.7676e-005,0.0519185
4.768e-005,0.0509413
4.7684e-005,0.0506734
4.7688e-005,0.0520922
4.7692e-005,0.0513977
4.7696e-005,0.0515217
4.77e-005,0.0513927
4.7704e-005,0.0510653
4.7708e-005,0.0510405
4.7712e-005,0.0514671
4.7716e-005,0.050604
4.772e-005,0.0511893
4.7724e-005,0.0515366
4.7728e-005,0.0516358
4.7732e-005,0.0514324
4.7736e-005,0.0520872
4.774e-005,0.0511496
4.7744e-005,0.0515118
4.7748e-005,0.0515167
4.7752e-005,0.0500286
4.7756e-005,0.0441205
4.776e-005,0.0404744
4.7764e-005,0.0382422
4.7768e-005,0.0372203
4.7772e-005,0.0366002
4.7776e-005,0.035122
4.778e-005,0.0259945
4.7784e-005,0.0204138
4.7788e-005,0.0194316
4.7792e-005,0.0191191
4.7796e-005,0.0188463
4.78e-005,0.0188264
4.7804e-005,0.0116881
4.7808e-005,0.00141473
4.7812e-005,0.00134528
4.7816e-005,-0.000247068
4.782e-005,0.00108237
4.7824e-005,0.00132544
4.7828e-005,0.000606155
4.7832e-005,0.000521824
4.7836e-005,0.000239071
4.784e-005,-0.000460373
4.7844e-005,0.00720374
4.7848e-005,0.0195755
4.7852e-005,0.0230032
4.7856e-005,0.0272793
4.786e-005,0.031843
4.7864e-005,0.0345168
4.7868e-005,0.0365407
4.7872e-005,0.0389069
4.7876e-005,0.0404645
4.788e-005,0.0424884
4.7884e-005,0.0433218
4.7888e-005,0.0443784
4.7892e-005,0.0459609
4.7896e-005,0.0467645
4.79e-005,0.0476227
4.7904e-005,0.0485553
4.7908e-005,0.0489967
4.7912e-005,0.0496218
4.7916e-005,0.0500434
4.792e-005,0.0495722
4.7924e-005,0.0505395
4.7928e-005,0.0515812
4.7932e-005,0.0521914
4.7936e-005,0.0520971
4.794e-005,0.0535109
4.7944e-005,0.0521666
4.7948e-005,0.0522112
4.7952e-005,0.0536547
4.7956e-005,0.0535158
4.796e-005,0.0539375
4.7964e-005,0.0547312
4.7968e-005,0.05425
4.7972e-005,0.054002
4.7976e-005,0.0543343
4.798e-005,0.0541111
4.7984e-005,0.0545973
4.7988e-005,0.0553463
4.7992e-005,0.0542451
4.7996e-005,0.054751
4.8e-005,0.0547461
4.8004e-005,0.0548899
4.8008e-005,0.0557233
4.8012e-005,0.0553116
4.8016e-005,0.0547758
4.802e-005,0.0551975
4.8024e-005,0.0556191
4.8028e-005,0.0559565
4.8032e-005,0.0553066
4.8036e-005,0.0558324
4.804e-005,0.0556737
4.8044e-005,0.0564724
4.8048e-005,0.0560309
4.8052e-005,0.0559168
4.8056e-005,0.0560854
4.806e-005,0.0559366
4.8064e-005,0.0555596
4.8068e-005,0.056899
4.8072e-005,0.0564376
4.8076e-005,0.0562442
4.808e-005,0.0563732
4.8084e-005,0.0566013
4.8088e-005,0.0562243
4.8092e-005,0.0558969
4.8096e-005,0.0565468
4.81e-005,0.0563384
4.8104e-005,0.0560954
4.8108e-005,0.0567998
4.8112e-005,0.0565071
4.8116e-005,0.0565418
4.812e-005,0.0561747
4.8124e-005,0.0560011
4.8128e-005,0.0568345
4.8132e-005,0.0569287
4.8136e-005,0.0560606
4.814e-005,0.055892
4.8144e-005,0.0563235
4.8148e-005,0.0560706
4.8152e-005,0.05614
4.8156e-005,0.056641
4.816e-005,0.0567601
4.8164e-005,0.0563037
4.8168e-005,0.0566956
4.8172e-005,0.0564079
4.8176e-005,0.05614
4.818e-005,0.0569684
4.8184e-005,0.0562194
4.8188e-005,0.0562442
4.8192e-005,0.0567105
4.8196e-005,0.0563037
4.82e-005,0.0565964
4.8204e-005,0.0561995
4.8208e-005,0.0571668
4.8212e-005,0.0564376
4.8216e-005,0.0566708
4.822e-005,0.0570676
4.8224e-005,0.0566956
4.8228e-005,0.0568394
4.8232e-005,0.0567452
4.8236e-005,0.0569039
4.824e-005,0.0568494
4.8244e-005,0.0565021
4.8248e-005,0.0565418
4.8252e-005,0.0568841
4.8256e-005,0.0570924
4.826e-005,0.057028
4.8264e-005,0.0567105
4.8268e-005,0.0564029
4.8272e-005,0.056512
4.8276e-005,0.0571371
4.828e-005,0.0558969
4.8284e-005,0.0564079
4.8288e-005,0.0567154
4.8292e-005,0.0571321
4.8296e-005,0.0571371
4.83e-005,0.0568692
4.8304e-005,0.0566857
4.8308e-005,0.0562591
4.8312e-005,0.0564525
4.8316e-005,0.0569932
4.832e-005,0.0566013
4.8324e-005,0.0569535
4.8328e-005,0.0564922
4.8332e-005,0.0569089
4.8336e-005,0.0565517
4.834e-005,0.0567254
4.8344e-005,0.0564872
4.8348e-005,0.056393
4.8352e-005,0.0569287
4.8356e-005,0.056398
4.836e-005,0.0564872
4.8364e-005,0.0565716
4.8368e-005,0.056775
4.8372e-005,0.0569387
4.8376e-005,0.0565716
4.838e-005,0.0564922
4.8384e-005,0.0568593
4.8388e-005,0.0563434
4.8392e-005,0.0568742
4.8396e-005,0.0574
4.84e-005,0.0568891
4.8404e-005,0.0569486
4.8408e-005,0.0565765
4.8412e-005,0.0568295
4.8416e-005,0.0563781
4.842e-005,0.0573702
4.8424e-005,0.0565617
4.8428e-005,0.0566956
4.8432e-005,0.0559713
4.8436e-005,0.0571321
4.844e-005,0.0568097
4.8444e-005,0.0568295
4.8448e-005,0.0564872
4.8452e-005,0.0562491
4.8456e-005,0.0565716
4.846e-005,0.0566956
4.8464e-005,0.0569238
4.8468e-005,0.0564178
4.8472e-005,0.0566063
4.8476e-005,0.0570081
4.848e-005,0.0570428
4.8484e-005,0.0564674
4.8488e-005,0.0568692
4.8492e-005,0.056775
4.8496e-005,0.0566013
4.85e-005,0.0564277
4.8504e-005,0.0567006
4.8508e-005,0.0569436
4.8512e-005,0.0566956
4.8516e-005,0.0563037
4.852e-005,0.0557878
4.8524e-005,0.0485751
4.8528e-005,0.043054
4.8532e-005,0.0391897
4.8536e-005,0.0377461
4.854e-005,0.037002
4.8544e-005,0.0360397
4.8548e-005,0.026684
4.8552e-005,0.0213514
4.8556e-005,0.0202699
4.856e-005,0.0199128
4.8564e-005,0.0193473
4.8568e-005,0.0185933
4.8572e-005,0.0108002
4.8576e-005,0.00221835
4.858e-005,0.00138993
4.8584e-005,-0.000271871
4.8588e-005,0.000745051
4.8592e-005,0.000963317
4.8596e-005,0.000303558
4.86e-005,0.000561509
4.8604e-005,0.000219228
4.8608e-005,-0.000718324
4.8612e-005,0.00915822
4.8616e-005,0.018747
4.862e-005,0.0196796
4.8624e-005,0.0218474
4.8628e-005,0.0243128
4.8632e-005,0.0255976
4.8636e-005,0.0264409
4.864e-005,0.0276116
4.8644e-005,0.0288518
4.8648e-005,0.0285839
4.8652e-005,0.0295314
4.8656e-005,0.0293578
4.866e-005,0.0312031
4.8664e-005,0.0310047
4.8668e-005,0.0314511
4.8672e-005,0.0325524
4.8676e-005,0.0326814
4.868e-005,0.0324284
4.8684e-005,0.032091
4.8688e-005,0.032731
4.8692e-005,0.0323986
4.8696e-005,0.0325573
4.87e-005,0.0320613
4.8704e-005,0.0320712
4.8708e-005,0.0324482
4.8712e-005,0.0324135
4.8716e-005,0.0319323
4.872e-005,0.0323589
4.8724e-005,0.0320365
4.8728e-005,0.0326268
4.8732e-005,0.0321158
4.8736e-005,0.0325524
4.874e-005,0.0318529
4.8744e-005,0.0322845
4.8748e-005,0.0316148
4.8752e-005,0.0327111
4.8756e-005,0.0321307
4.876e-005,0.0315553
4.8764e-005,0.0318182
4.8768e-005,0.0318728
4.8772e-005,0.031843
4.8776e-005,0.0319819
4.878e-005,0.0318678
4.8784e-005,0.0315801
4.8788e-005,0.0315702
4.8792e-005,0.0322895
4.8796e-005,0.0319918
4.88e-005,0.0315355
4.8804e-005,0.0316793
4.8808e-005,0.031843
4.8812e-005,0.0318182
4.8816e-005,0.0316942
4.882e-005,0.0316247
4.8824e-005,0.0310592
4.8828e-005,0.0319174
4.8832e-005,0.0314313
4.8836e-005,0.0305334
4.884e-005,0.0316148
4.8844e-005,0.0309551
4.8848e-005,0.031094
4.8852e-005,0.0317884
4.8856e-005,0.031466
4.886e-005,0.0311088
4.8864e-005,0.0313966
4.8868e-005,0.0313321
4.8872e-005,0.0315603
4.8876e-005,0.0317835
4.888e-005,0.0316198
4.8884e-005,0.0315255
4.8888e-005,0.0321109
4.8892e-005,0.0315305
4.8896e-005,0.0314958
4.89e-005,0.0317785
4.8904e-005,0.0317835
4.8908e-005,0.0313222
4.8912e-005,0.0321258
4.8916e-005,0.032473
4.892e-005,0.0312527
4.8924e-005,0.0316347
4.8928e-005,0.0318381
4.8932e-005,0.0312031
4.8936e-005,0.0319869
4.894e-005,0.0311039
4.8944e-005,0.0317041
4.8948e-005,0.0315454
4.8952e-005,0.0319174
4.8956e-005,0.0318877
4.896e-005,0.0313519
4.8964e-005,0.0321158
4.8968e-005,0.0315454
4.8972e-005,0.0324929
4.8976e-005,0.0320414
4.898e-005,0.0322399
4.8984e-005,0.0320514
4.8988e-005,0.0316347
4.8992e-005,0.0316148
4.8996e-005,0.0315801
4.9e-005,0.0312229
4.9004e-005,0.0313817
4.9008e-005,0.0316099
4.9012e-005,0.0316942
4.9016e-005,0.0318033
4.902e-005,0.0321208
4.9024e-005,0.0324284
4.9028e-005,0.0315603
4.9032e-005,0.0317736
4.9036e-005,0.0321704
4.904e-005,0.0320662
4.9044e-005,0.0319422
4.9048e-005,0.0326863
4.9052e-005,0.0317884
4.9056e-005,0.0320563
4.906e-005,0.0319125
4.9064e-005,0.0318529
4.9068e-005,0.0316843
4.9072e-005,0.031719
4.9076e-005,0.0314859
4.908e-005,0.0323093
4.9084e-005,0.0324234
4.9088e-005,0.0315801
4.9092e-005,0.0322151
4.9096e-005,0.0318232
4.91e-005,0.0317984
4.9104e-005,0.0319571
4.9108e-005,0.0319075
4.9112e-005,0.0312973
4.9116e-005,0.031595
4.912e-005,0.0317934
4.9124e-005,0.0315206
4.9128e-005,0.0320613
4.9132e-005,0.0313916
4.9136e-005,0.031094
4.914e-005,0.0312577
4.9144e-005,0.0317636
4.9148e-005,0.0315999
4.9152e-005,0.0313767
4.9156e-005,0.031218
4.916e-005,0.0312378
4.9164e-005,0.0327508
4.9168e-005,0.0317438
4.9172e-005,0.0317289
4.9176e-005,0.0320861
4.918e-005,0.0318182
4.9184e-005,0.0315801
4.9188e-005,0.0320563
4.9192e-005,0.0321456
4.9196e-005,0.0316992
4.92e-005,0.0316496
4.9204e-005,0.0316099
4.9208e-005,0.0319075
4.9212e-005,0.0311336
4.9216e-005,0.0314362
4.922e-005,0.031213
4.9224e-005,0.0313767
4.9228e-005,0.0311039
4.9232e-005,0.0312378
4.9236e-005,0.0319373
4.924e-005,0.0319918
4.9244e-005,0.0314462
4.9248e-005,0.0311733
4.9252e-005,0.0318281
4.9256e-005,0.0312477
4.926e-005,0.0317736
4.9264e-005,0.032349
4.9268e-005,0.0316148
4.9272e-005,0.0320861
4.9276e-005,0.0318331
4.928e-005,0.031977
4.9284e-005,0.0316297
4.9288e-005,0.0310741
4.9292e-005,0.0302358
4.9296e-005,0.0304342
4.93e-005,0.0300622
4.9304e-005,0.0297447
4.9308e-005,0.0298985
4.9312e-005,0.0298786
4.9316e-005,0.0232413
4.932e-005,0.019382
4.9324e-005,0.0204485
4.9328e-005,0.0190447
4.9332e-005,0.019764
4.9336e-005,0.0188264
4.934e-005,0.00967412
4.9344e-005,0.00181654
4.9348e-005,0.001003
4.9352e-005,0.00039781
4.9356e-005,0.000750012
4.936e-005,2.08044e-005
4.9364e-005,0.000472218
4.9368e-005,0.000293637
4.9372e-005,0.000134898
4.9376e-005,-0.000475255
4.938e-005,0.00790815
4.9384e-005,0.018881
4.9388e-005,0.0208751
4.9392e-005,0.0231917
4.9396e-005,0.0260986
4.94e-005,0.0283458
4.9404e-005,0.0296207
4.9408e-005,0.0320861
4.9412e-005,0.0327409
4.9416e-005,0.0340902
4.942e-005,0.0351914
4.9424e-005,0.0361389
4.9428e-005,0.0365357
4.9432e-005,0.0377164
4.9436e-005,0.0386986
4.944e-005,0.0390706
4.9444e-005,0.0391351
4.9448e-005,0.0393434
4.9452e-005,0.0409209
4.9456e-005,0.0399089
4.946e-005,0.0404149
4.9464e-005,0.0412136
4.9468e-005,0.0410896
4.9472e-005,0.0415509
4.9476e-005,0.0420023
4.948e-005,0.0407522
4.9484e-005,0.0409011
4.9488e-005,0.0423843
4.9492e-005,0.0416749
4.9496e-005,0.0413227
4.95e-005,0.0419329
4.9504e-005,0.0418981
4.9508e-005,0.0418485
4.9512e-005,0.0419279
4.9516e-005,0.0419428
4.952e-005,0.0417592
4.9524e-005,0.0429498
4.9528e-005,0.0421561
4.9532e-005,0.0419527
4.9536e-005,0.0428158
4.954e-005,0.0418981
4.9544e-005,0.0416799
4.9548e-005,0.0416104
4.9552e-005,0.0418932
4.9556e-005,0.0419329
4.956e-005,0.0428456
4.9564e-005,0.0428357
4.9568e-005,0.042424
4.9572e-005,0.0424984
4.9576e-005,0.0423644
4.958e-005,0.0424736
4.9584e-005,0.0419477
4.9588e-005,0.0420817
4.9592e-005,0.0419428
4.9596e-005,0.0421214
4.96e-005,0.0421859
4.9604e-005,0.0413723
4.9608e-005,0.0420618
4.9612e-005,0.0422255
4.9616e-005,0.0419329
4.962e-005,0.042424
4.9624e-005,0.0422404
4.9628e-005,0.0422454
4.9632e-005,0.0420222
4.9636e-005,0.0426174
4.964e-005,0.0417295
4.9644e-005,0.0429101
4.9648e-005,0.0419676
4.9652e-005,0.0423446
4.9656e-005,0.042419
4.966e-005,0.0420668
4.9664e-005,0.0420866
4.9668e-005,0.0428357
4.9672e-005,0.0419229
4.9676e-005,0.041913
4.968e-005,0.0425827
4.9684e-005,0.041665
4.9688e-005,0.04167
4.9692e-005,0.042543
4.9696e-005,0.0416154
4.97e-005,0.0415311
4.9704e-005,0.0425579
4.9708e-005,0.0425381
4.9712e-005,0.0420271
4.9716e-005,0.042548
4.972e-005,0.0421809
4.9724e-005,0.0419825
4.9728e-005,0.0418981
4.9732e-005,0.0424934
4.9736e-005,0.0416253
4.974e-005,0.042791
4.9744e-005,0.0417642
4.9748e-005,0.0425232
4.9752e-005,0.042414
4.9756e-005,0.0415707
4.976e-005,0.0417791
4.9764e-005,0.0422007
4.9768e-005,0.0419825
4.9772e-005,0.0418684
4.9776e-005,0.0424736
4.978e-005,0.0419081
4.9784e-005,0.0421412
4.9788e-005,0.0421164
4.9792e-005,0.0419378
4.9796e-005,0.0417295
4.98e-005,0.0420222
4.9804e-005,0.04229
4.9808e-005,0.0419279
4.9812e-005,0.0425033
4.9816e-005,0.0420866
4.982e-005,0.0418783
4.9824e-005,0.0415955
4.9828e-005,0.0418733
4.9832e-005,0.0423496
4.9836e-005,0.0429746
4.984e-005,0.0420023
4.9844e-005,0.0424339
4.9848e-005,0.0424785
4.9852e-005,0.04229
4.9856e-005,0.0424934
4.986e-005,0.0430738
4.9864e-005,0.0421759
4.9868e-005,0.0423843
4.9872e-005,0.0426918
4.9876e-005,0.04229
4.988e-005,0.0417245
4.9884e-005,0.0429795
4.9888e-005,0.0419329
4.9892e-005,0.0417146
4.9896e-005,0.042548
4.99e-005,0.0418981
4.9904e-005,0.042047
4.9908e-005,0.0429299
4.9912e-005,0.042791
4.9916e-005,0.0423148
4.992e-005,0.0426125
4.9924e-005,0.0421511
4.9928e-005,0.0416898
4.9932e-005,0.0428258
4.9936e-005,0.0421263
4.994e-005,0.0418833
4.9944e-005,0.0424934
4.9948e-005,0.0421313
4.9952e-005,0.041412
4.9956e-005,0.0422751
4.996e-005,0.0419329
4.9964e-005,0.0420668
4.9968e-005,0.0426472
4.9972e-005,0.0418138
4.9976e-005,0.0413227
4.998e-005,0.0427216
4.9984e-005,0.0420866
4.9988e-005,0.0419229
4.9992e-005,0.0421313
4.9996e-005,0.0423198
5e-005,0.0421015
5.0004e-005,0.0421908
5.0008e-005,0.0422702
5.0012e-005,0.0419279
5.0016e-005,0.0421313
5.002e-005,0.0417741
5.0024e-005,0.0424537
5.0028e-005,0.0419081
5.0032e-005,0.0415261
5.0036e-005,0.0418337
5.004e-005,0.0429399
5.0044e-005,0.0420172
5.0048e-005,0.0424339
5.0052e-005,0.0419527
5.0056e-005,0.0410697
5.006e-005,0.0381231
5.0064e-005,0.0365407
5.0068e-005,0.0342836
5.0072e-005,0.0342092
5.0076e-005,0.0337975
5.008e-005,0.0339612
5.0084e-005,0.0255034
5.0088e-005,0.0201559
5.0092e-005,0.0202352
5.0096e-005,0.0193175
5.01e-005,0.0196052
5.0104e-005,0.0183403
5.0108e-005,0.0108895
5.0112e-005,0.00174213
5.0116e-005,0.00161812
5.012e-005,0.000328361
5.0124e-005,0.000472218
5.0128e-005,0.000913711
5.0132e-005,0.000229149
5.0136e-005,0.000824421
5.014e-005,9.62069e-007
5.0144e-005,-0.00010321
5.0148e-005,0.00847366
5.0152e-005,0.0188314
5.0156e-005,0.022398
5.016e-005,0.0258407
5.0164e-005,0.0293379
5.0168e-005,0.0323391
5.0172e-005,0.0346805
5.0176e-005,0.0369723
5.018e-005,0.0383364
5.0184e-005,0.0396857
5.0188e-005,0.0405737
5.0192e-005,0.0418932
5.0196e-005,0.0433566
5.02e-005,0.0433962
5.0204e-005,0.0443636
5.0208e-005,0.0450977
5.0212e-005,0.0454499
5.0216e-005,0.0464073
5.022e-005,0.0481435
5.0224e-005,0.0474788
5.0228e-005,0.0477913
5.0232e-005,0.0479749
5.0236e-005,0.047831
5.024e-005,0.0489075
5.0244e-005,0.0490017
5.0248e-005,0.0488876
5.0252e-005,0.0489769
5.0256e-005,0.0494134
5.026e-005,0.0487834
5.0264e-005,0.0492448
5.0268e-005,0.0503014
5.0272e-005,0.0494829
5.0276e-005,0.04985
5.028e-005,0.050093
5.0284e-005,0.0507776
5.0288e-005,0.0505097
5.0292e-005,0.0507131
5.0296e-005,0.050093
5.03e-005,0.0500881
5.0304e-005,0.0506288
5.0308e-005,0.0504056
5.0312e-005,0.0502667
5.0316e-005,0.0507925
5.032e-005,0.0504452
5.0324e-005,0.0511844
5.0328e-005,0.0511
5.0332e-005,0.0506437
5.0336e-005,0.0508322
5.034e-005,0.0511844
5.0344e-005,0.050981
5.0348e-005,0.0507627
5.0352e-005,0.0509413
5.0356e-005,0.0505643
5.036e-005,0.0506635
5.0364e-005,0.0515316
5.0368e-005,0.0508719
5.0372e-005,0.0506883
5.0376e-005,0.0512836
5.038e-005,0.0512885
5.0384e-005,0.0515663
5.0388e-005,0.0509711
5.0392e-005,0.0521616
5.0396e-005,0.0514374
5.04e-005,0.0513977
5.0404e-005,0.0514076
5.0408e-005,0.0514919
5.0412e-005,0.0515614
5.0416e-005,0.0510058
5.042e-005,0.0506288
5.0424e-005,0.0514622
5.0428e-005,0.0509611
5.0432e-005,0.05173
5.0436e-005,0.0519235
5.044e-005,0.0510058
5.0444e-005,0.0514671
5.0448e-005,0.0517052
5.0452e-005,0.0515167
5.0456e-005,0.0507826
5.046e-005,0.0511744
5.0464e-005,0.051477
5.0468e-005,0.0508669
5.0472e-005,0.0523451
5.0476e-005,0.0513034
5.048e-005,0.0513034
5.0484e-005,0.0521914
5.0488e-005,0.0515713
5.0492e-005,0.0517499
5.0496e-005,0.0515267
5.05e-005,0.0507925
5.0504e-005,0.0509215
5.0508e-005,0.0517052
5.0512e-005,0.0510107
5.0516e-005,0.0512191
5.052e-005,0.0520029
5.0524e-005,0.0512935
5.0528e-005,0.0520674
5.0532e-005,0.0516011
5.0536e-005,0.0517648
5.054e-005,0.0515663
5.0544e-005,0.0522311
5.0548e-005,0.0514126
5.0552e-005,0.0512637
5.0556e-005,0.0521864
5.056e-005,0.0521021
5.0564e-005,0.0520525
5.0568e-005,0.0521219
5.0572e-005,0.0518937
5.0576e-005,0.0516606
5.058e-005,0.0518491
5.0584e-005,0.0518491
5.0588e-005,0.0523352
5.0592e-005,0.0526378
5.0596e-005,0.0525932
5.06e-005,0.0517548
5.0604e-005,0.0519483
5.0608e-005,0.051487
5.0612e-005,0.0509859
5.0616e-005,0.0512389
5.062e-005,0.0511298
5.0624e-005,0.0515118
5.0628e-005,0.0515961
5.0632e-005,0.0514572
5.0636e-005,0.0508471
5.064e-005,0.0508669
5.0644e-005,0.0510604
5.0648e-005,0.0516953
5.0652e-005,0.0516507
5.0656e-005,0.0515961
5.066e-005,0.0508768
5.0664e-005,0.0512141
5.0668e-005,0.0513927
5.0672e-005,0.0509165
5.0676e-005,0.0509611
5.068e-005,0.0510802
5.0684e-005,0.0508471
5.0688e-005,0.0514225
5.0692e-005,0.0511397
5.0696e-005,0.0506883
5.07e-005,0.0516804
5.0704e-005,0.050981
5.0708e-005,0.0512092
5.0712e-005,0.0519533
5.0716e-005,0.0508917
5.072e-005,0.0511645
5.0724e-005,0.0511893
5.0728e-005,0.0514026
5.0732e-005,0.0516308
5.0736e-005,0.0515713
5.074e-005,0.0514423
5.0744e-005,0.0512191
5.0748e-005,0.0518392
5.0752e-005,0.0514324
5.0756e-005,0.0514919
5.076e-005,0.0514522
5.0764e-005,0.0518888
5.0768e-005,0.0517102
5.0772e-005,0.0521666
5.0776e-005,0.0517995
5.078e-005,0.0519185
5.0784e-005,0.0525039
5.0788e-005,0.0513828
5.0792e-005,0.0517052
5.0796e-005,0.0520723
5.08e-005,0.0513133
5.0804e-005,0.0516854
5.0808e-005,0.0505296
5.0812e-005,0.051606
5.0816e-005,0.0517896
5.082e-005,0.0512786
5.0824e-005,0.0503113
5.0828e-005,0.0450531
5.0832e-005,0.0412136
5.0836e-005,0.0381777
5.084e-005,0.0360248
5.0844e-005,0.0365556
5.0848e-005,0.0356428
5.0852e-005,0.0272445
5.0856e-005,0.0207114
5.086e-005,0.0200418
5.0864e-005,0.0193969
5.0868e-005,0.0190695
5.0872e-005,0.0187222
5.0876e-005,0.0105373
5.088e-005,0.00204969
5.0884e-005,0.000784736
5.0888e-005,5.0568e-005
5.0892e-005,0.000963317
5.0896e-005,0.000849224
5.09e-005,0.00014978
5.0904e-005,0.00139489
5.0908e-005,0.000859145
5.0912e-005,-0.000867142
5.0916e-005,0.00808673
5.092e-005,0.019511
5.0924e-005,0.0228544
5.0928e-005,0.0276811
5.0932e-005,0.0321258
5.0936e-005,0.035365
5.094e-005,0.0381876
5.0944e-005,0.0390061
5.0948e-005,0.0413426
5.0952e-005,0.0432722
5.0956e-005,0.0438377
5.096e-005,0.0454946
5.0964e-005,0.0463627
5.0968e-005,0.0472109
5.0972e-005,0.0476425
5.0976e-005,0.0491555
5.098e-005,0.049592
5.0984e-005,0.0495325
5.0988e-005,0.051988
5.0992e-005,0.0514126
5.0996e-005,0.0513332
5.1e-005,0.0525188
5.1004e-005,0.0527668
5.1008e-005,0.0517548
5.1012e-005,0.0533918
5.1016e-005,0.0532281
5.102e-005,0.0539673
5.1024e-005,0.0539821
5.1028e-005,0.0542947
5.1032e-005,0.0546072
5.1036e-005,0.0542004
5.104e-005,0.0546717
5.1044e-005,0.0553215
5.1048e-005,0.0554802
5.1052e-005,0.055381
5.1056e-005,0.0549247
5.106e-005,0.0553116
5.1064e-005,0.0559118
5.1068e-005,0.0556588
5.1072e-005,0.0559069
5.1076e-005,0.0558969
5.108e-005,0.0559118
5.1084e-005,0.0558176
5.1088e-005,0.0567254
5.1092e-005,0.0564922
5.1096e-005,0.0564178
5.11e-005,0.0570528
5.1104e-005,0.0564724
5.1108e-005,0.056765
5.1112e-005,0.0565666
5.1116e-005,0.0563087
5.112e-005,0.0562442
5.1124e-005,0.0565071
5.1128e-005,0.0561896
5.1132e-005,0.0569039
5.1136e-005,0.0568097
5.114e-005,0.0558523
5.1144e-005,0.0569486
5.1148e-005,0.0569089
5.1152e-005,0.0574149
5.1156e-005,0.0567452
5.116e-005,0.0561499
5.1164e-005,0.056894
5.1168e-005,0.0568146
5.1172e-005,0.0566013
5.1176e-005,0.0575389
5.118e-005,0.0564327
5.1184e-005,0.0566212
5.1188e-005,0.0567105
5.1192e-005,0.0571619
5.1196e-005,0.0562938
5.12e-005,0.0566261
5.1204e-005,0.0575042
5.1208e-005,0.0566509
5.1212e-005,0.0563186
5.1216e-005,0.0573107
5.122e-005,0.057028
5.1224e-005,0.0569238
5.1228e-005,0.0572909
5.1232e-005,0.056646
5.1236e-005,0.0571172
5.124e-005,0.0571073
5.1244e-005,0.0567502
5.1248e-005,0.0566212
5.1252e-005,0.0568643
5.1256e-005,0.0570726
5.126e-005,0.0567948
