LECROYWR104MXi,20621,Waveform
Segments,1,SegmentSize,2501
Segment,TrigTime,TimeSinceSegment1
#1,21-May-2015 13:59:34,0                 
Time,Ampl
4.126e-005,0.0497607
4.1264e-005,0.0505395
4.1268e-005,0.0502716
4.1272e-005,0.0500881
4.1276e-005,0.0500831
4.128e-005,0.0490414
4.1284e-005,0.0495573
4.1288e-005,0.0503708
4.1292e-005,0.0497359
4.1296e-005,0.0496416
4.13e-005,0.0503113
4.1304e-005,0.0494829
4.1308e-005,0.048833
4.1312e-005,0.0496515
4.1316e-005,0.0497012
4.132e-005,0.0491555
4.1324e-005,0.050098
4.1328e-005,0.0494432
4.1332e-005,0.0494085
4.1336e-005,0.0502369
4.134e-005,0.0504452
4.1344e-005,0.04985
4.1348e-005,0.050227
4.1352e-005,0.0496168
4.1356e-005,0.049339
4.136e-005,0.0501625
4.1364e-005,0.0496863
4.1368e-005,0.0496515
4.1372e-005,0.05047
4.1376e-005,0.0499789
4.138e-005,0.0506387
4.1384e-005,0.0501377
4.1388e-005,0.0505197
4.1392e-005,0.0496466
4.1396e-005,0.0507379
4.14e-005,0.0502667
4.1404e-005,0.0501923
4.1408e-005,0.0500286
4.1412e-005,0.0498301
4.1416e-005,0.0496317
4.142e-005,0.0504403
4.1424e-005,0.0492944
4.1428e-005,0.049974
4.1432e-005,0.0499145
4.1436e-005,0.0503857
4.144e-005,0.0501972
4.1444e-005,0.0499591
4.1448e-005,0.0480443
4.1452e-005,0.042419
4.1456e-005,0.0390408
4.146e-005,0.0372153
4.1464e-005,0.0357024
4.1468e-005,0.0356428
4.1472e-005,0.0342588
4.1476e-005,0.0247345
4.148e-005,0.0208503
4.1484e-005,0.0203146
4.1488e-005,0.0195755
4.1492e-005,0.0184941
4.1496e-005,0.018375
4.15e-005,0.00719382
4.1504e-005,0.00155859
4.1508e-005,0.00123119
4.1512e-005,-0.000157777
4.1516e-005,0.00115182
4.152e-005,0.001003
4.1524e-005,0.000754972
4.1528e-005,0.000581352
4.1532e-005,2.08044e-005
4.1536e-005,-0.000698482
4.154e-005,0.0119709
4.1544e-005,0.0197689
4.1548e-005,0.0241243
4.1552e-005,0.0287228
4.1556e-005,0.0327607
4.156e-005,0.0351666
4.1564e-005,0.0376122
4.1568e-005,0.038763
4.1572e-005,0.0410995
4.1576e-005,0.0424339
4.158e-005,0.0429349
4.1584e-005,0.0449886
4.1588e-005,0.0461246
4.1592e-005,0.0463726
4.1596e-005,0.0477764
4.16e-005,0.048967
4.1604e-005,0.048461
4.1608e-005,0.0495077
4.1612e-005,0.0502319
4.1616e-005,0.0496466
4.162e-005,0.0507032
4.1624e-005,0.0512241
4.1628e-005,0.0512439
4.1632e-005,0.052107
4.1636e-005,0.052742
4.164e-005,0.0528412
4.1644e-005,0.0523005
4.1648e-005,0.0531388
4.1652e-005,0.0539127
4.1656e-005,0.0536151
4.166e-005,0.0545625
4.1664e-005,0.0542252
4.1668e-005,0.0540318
4.1672e-005,0.0538383
4.1676e-005,0.0541657
4.168e-005,0.054498
4.1684e-005,0.0544137
4.1688e-005,0.0542252
4.1692e-005,0.055515
4.1696e-005,0.0543988
4.17e-005,0.0547957
4.1704e-005,0.0543641
4.1708e-005,0.0550388
4.1712e-005,0.0546915
4.1716e-005,0.0552521
4.172e-005,0.0555249
4.1724e-005,0.0551628
4.1728e-005,0.0549395
4.1732e-005,0.0550685
4.1736e-005,0.0546965
4.174e-005,0.0552669
4.1744e-005,0.0556936
4.1748e-005,0.0561152
4.1752e-005,0.0559664
4.1756e-005,0.0559019
4.176e-005,0.0560011
4.1764e-005,0.0554058
4.1768e-005,0.0557134
4.1772e-005,0.0561946
4.1776e-005,0.0555894
4.178e-005,0.0557729
4.1784e-005,0.0561499
4.1788e-005,0.0555844
4.1792e-005,0.0554257
4.1796e-005,0.0560656
4.18e-005,0.0554902
4.1804e-005,0.055892
4.1808e-005,0.0554654
4.1812e-005,0.0555993
4.1816e-005,0.0563831
4.182e-005,0.0557432
4.1824e-005,0.0552669
4.1828e-005,0.0560656
4.1832e-005,0.0559069
4.1836e-005,0.0554406
4.184e-005,0.0558721
4.1844e-005,0.0561598
4.1848e-005,0.0557283
4.1852e-005,0.0559465
4.1856e-005,0.0554753
4.186e-005,0.0559317
4.1864e-005,0.0560557
4.1868e-005,0.0562343
4.1872e-005,0.0564476
4.1876e-005,0.055381
4.188e-005,0.0557432
4.1884e-005,0.0564525
4.1888e-005,0.0557184
4.1892e-005,0.0558573
4.1896e-005,0.0554356
4.19e-005,0.0558573
4.1904e-005,0.055381
4.1908e-005,0.0557729
4.1912e-005,0.0559069
4.1916e-005,0.056011
4.192e-005,0.0559614
4.1924e-005,0.0571718
4.1928e-005,0.0558969
4.1932e-005,0.0561698
4.1936e-005,0.0559565
4.194e-005,0.0557233
4.1944e-005,0.0561995
4.1948e-005,0.0565468
4.1952e-005,0.0556936
4.1956e-005,0.0560209
4.196e-005,0.0564525
4.1964e-005,0.0560557
4.1968e-005,0.0565319
4.1972e-005,0.0570676
4.1976e-005,0.0559763
4.198e-005,0.0561797
4.1984e-005,0.0565865
4.1988e-005,0.0559862
4.1992e-005,0.0565517
4.1996e-005,0.0561102
4.2e-005,0.0558324
4.2004e-005,0.056522
4.2008e-005,0.0567303
4.2012e-005,0.0566757
4.2016e-005,0.0560606
4.202e-005,0.056641
4.2024e-005,0.0560408
4.2028e-005,0.0561946
4.2032e-005,0.0558374
4.2036e-005,0.0560706
4.204e-005,0.0560458
4.2044e-005,0.0562442
4.2048e-005,0.0561549
4.2052e-005,0.0560656
4.2056e-005,0.0563831
4.206e-005,0.0555398
4.2064e-005,0.0558821
4.2068e-005,0.0566609
4.2072e-005,0.0567154
4.2076e-005,0.056011
4.208e-005,0.056011
4.2084e-005,0.056016
4.2088e-005,0.0558374
4.2092e-005,0.0563087
4.2096e-005,0.0558771
4.21e-005,0.0556936
4.2104e-005,0.0561301
4.2108e-005,0.0558126
4.2112e-005,0.055634
4.2116e-005,0.0563682
4.212e-005,0.056145
4.2124e-005,0.0564823
4.2128e-005,0.0568444
4.2132e-005,0.0565319
4.2136e-005,0.0561202
4.214e-005,0.056646
4.2144e-005,0.0560507
4.2148e-005,0.0563136
4.2152e-005,0.0565914
4.2156e-005,0.0558771
4.216e-005,0.0560606
4.2164e-005,0.0562888
4.2168e-005,0.0560805
4.2172e-005,0.0560557
4.2176e-005,0.0562194
4.218e-005,0.0560606
4.2184e-005,0.055391
4.2188e-005,0.0563533
4.2192e-005,0.0562987
4.2196e-005,0.0561648
4.22e-005,0.056135
4.2204e-005,0.0562392
4.2208e-005,0.0560854
4.2212e-005,0.056016
4.2216e-005,0.0537688
4.222e-005,0.0464916
4.2224e-005,0.0416253
4.2228e-005,0.0387978
4.2232e-005,0.0376568
4.2236e-005,0.0369028
4.224e-005,0.0351517
4.2244e-005,0.0248684
4.2248e-005,0.0199872
4.2252e-005,0.0201062
4.2256e-005,0.0190447
4.226e-005,0.0185982
4.2264e-005,0.018623
4.2268e-005,0.00664816
4.2272e-005,0.00234732
4.2276e-005,0.001003
4.228e-005,0.000407731
4.2284e-005,0.000665682
4.2288e-005,0.000278755
4.2292e-005,-0.000207383
4.2296e-005,0.00089883
4.23e-005,0.000893869
4.2304e-005,-0.000589349
4.2308e-005,0.0127546
4.2312e-005,0.0185536
4.2316e-005,0.0195011
4.232e-005,0.0216837
4.2324e-005,0.0246799
4.2328e-005,0.0239656
4.2332e-005,0.0257068
4.2336e-005,0.0264459
4.234e-005,0.0277307
4.2344e-005,0.0285988
4.2348e-005,0.0283607
4.2352e-005,0.0285045
4.2356e-005,0.0294074
4.236e-005,0.0302457
4.2364e-005,0.0300225
4.2368e-005,0.0309055
4.2372e-005,0.0303896
4.2376e-005,0.0307814
4.238e-005,0.0306128
4.2384e-005,0.0302507
4.2388e-005,0.0311188
4.2392e-005,0.0317686
4.2396e-005,0.0307914
4.24e-005,0.0306227
4.2404e-005,0.0312626
4.2408e-005,0.0314214
4.2412e-005,0.0311535
4.2416e-005,0.0307219
4.242e-005,0.0308955
4.2424e-005,0.031089
4.2428e-005,0.0313569
4.2432e-005,0.0303152
4.2436e-005,0.0302159
4.244e-005,0.0306029
4.2444e-005,0.0305731
4.2448e-005,0.0299034
4.2452e-005,0.0304838
4.2456e-005,0.0301515
4.246e-005,0.0304491
4.2464e-005,0.0306822
4.2468e-005,0.0306971
4.2472e-005,0.0299778
4.2476e-005,0.0305037
4.248e-005,0.0298885
4.2484e-005,0.0295463
4.2488e-005,0.0307566
4.2492e-005,0.0303201
4.2496e-005,0.0297348
4.25e-005,0.0305384
4.2504e-005,0.03097
4.2508e-005,0.0300126
4.2512e-005,0.0300225
4.2516e-005,0.0306029
4.252e-005,0.0301564
4.2524e-005,0.0309501
4.2528e-005,0.0307914
4.2532e-005,0.0305037
4.2536e-005,0.0311287
4.254e-005,0.0306773
4.2544e-005,0.0303548
4.2548e-005,0.0310146
4.2552e-005,0.0303052
4.2556e-005,0.0303102
4.256e-005,0.0306277
4.2564e-005,0.0311882
4.2568e-005,0.0301713
4.2572e-005,0.0305136
4.2576e-005,0.0305136
4.258e-005,0.0305037
4.2584e-005,0.0309055
4.2588e-005,0.030459
4.2592e-005,0.0302457
4.2596e-005,0.0302854
4.26e-005,0.0302259
4.2604e-005,0.0304392
4.2608e-005,0.0306326
4.2612e-005,0.0307517
4.2616e-005,0.0304838
4.262e-005,0.03097
4.2624e-005,0.0294967
4.2628e-005,0.0301018
4.2632e-005,0.0303251
4.2636e-005,0.0298836
4.264e-005,0.0292635
4.2644e-005,0.0297943
4.2648e-005,0.0299183
4.2652e-005,0.0291792
4.2656e-005,0.0297943
4.266e-005,0.0303896
4.2664e-005,0.0301316
4.2668e-005,0.0303697
4.2672e-005,0.0303995
4.2676e-005,0.0294272
4.268e-005,0.029958
4.2684e-005,0.0307021
4.2688e-005,0.0295562
4.2692e-005,0.0300126
4.2696e-005,0.0302159
4.27e-005,0.0299431
4.2704e-005,0.0302953
4.2708e-005,0.0294074
4.2712e-005,0.0297844
4.2716e-005,0.0302457
4.272e-005,0.0297447
4.2724e-005,0.0300225
4.2728e-005,0.0301614
4.2732e-005,0.0295959
4.2736e-005,0.0302209
4.274e-005,0.0296455
4.2744e-005,0.0303846
4.2748e-005,0.0303747
4.2752e-005,0.0302209
4.2756e-005,0.0298836
4.276e-005,0.0304689
4.2764e-005,0.0299183
4.2768e-005,0.030583
4.2772e-005,0.0302308
4.2776e-005,0.0299977
4.278e-005,0.0302159
4.2784e-005,0.0291941
4.2788e-005,0.0303896
4.2792e-005,0.0305037
4.2796e-005,0.0299927
4.28e-005,0.0297596
4.2804e-005,0.0304838
4.2808e-005,0.0293726
4.2812e-005,0.0303796
4.2816e-005,0.0306128
4.282e-005,0.0300671
4.2824e-005,0.0304888
4.2828e-005,0.0303896
4.2832e-005,0.0300671
4.2836e-005,0.0303003
4.284e-005,0.0301018
4.2844e-005,0.0307021
4.2848e-005,0.0305979
4.2852e-005,0.0299629
4.2856e-005,0.0303201
4.286e-005,0.0304292
4.2864e-005,0.0302407
4.2868e-005,0.0303896
4.2872e-005,0.0305334
4.2876e-005,0.030707
4.288e-005,0.0304392
4.2884e-005,0.0305334
4.2888e-005,0.0301018
4.2892e-005,0.0303548
4.2896e-005,0.0302953
4.29e-005,0.0303697
4.2904e-005,0.0300225
4.2908e-005,0.0303995
4.2912e-005,0.0303796
4.2916e-005,0.030712
4.292e-005,0.030335
4.2924e-005,0.0299977
4.2928e-005,0.0303052
4.2932e-005,0.0305285
4.2936e-005,0.0304243
4.294e-005,0.0299183
4.2944e-005,0.030836
4.2948e-005,0.0301366
4.2952e-005,0.0302556
4.2956e-005,0.0306723
4.296e-005,0.0299778
4.2964e-005,0.0306177
4.2968e-005,0.0307021
4.2972e-005,0.0303896
4.2976e-005,0.0303896
4.298e-005,0.0300721
4.2984e-005,0.0300671
4.2988e-005,0.0296752
4.2992e-005,0.0300324
4.2996e-005,0.0293974
4.3e-005,0.028946
4.3004e-005,0.0294619
4.3008e-005,0.029457
4.3012e-005,0.022527
4.3016e-005,0.0205081
4.302e-005,0.0198681
4.3024e-005,0.0198731
4.3028e-005,0.018003
4.3032e-005,0.0190844
4.3036e-005,0.00607769
4.304e-005,0.00187111
4.3044e-005,0.000918672
4.3048e-005,0.000442455
4.3052e-005,0.000621036
4.3056e-005,0.000621036
4.306e-005,0.000506943
4.3064e-005,0.000338282
4.3068e-005,0.000144819
4.3072e-005,-0.000797694
4.3076e-005,0.0119957
4.308e-005,0.0190893
4.3084e-005,0.0212621
4.3088e-005,0.0237771
4.3092e-005,0.0272297
4.3096e-005,0.02782
4.31e-005,0.0294669
4.3104e-005,0.0314958
4.3108e-005,0.0327706
4.3112e-005,0.033738
4.3116e-005,0.0352311
4.312e-005,0.0353353
4.3124e-005,0.0368929
4.3128e-005,0.0366052
4.3132e-005,0.0371905
4.3136e-005,0.0385745
4.314e-005,0.0385944
4.3144e-005,0.0387531
4.3148e-005,0.0392839
4.3152e-005,0.0386192
4.3156e-005,0.039274
4.316e-005,0.0391202
4.3164e-005,0.0396708
4.3168e-005,0.0389317
4.3172e-005,0.0407622
4.3176e-005,0.0398345
4.318e-005,0.0396708
4.3184e-005,0.0403207
4.3188e-005,0.0401421
4.3192e-005,0.0399337
4.3196e-005,0.0409804
4.32e-005,0.0395171
4.3204e-005,0.0405836
4.3208e-005,0.0404546
4.3212e-005,0.0406183
4.3216e-005,0.0403157
4.322e-005,0.0405836
4.3224e-005,0.0398841
4.3228e-005,0.0401024
4.3232e-005,0.0408018
4.3236e-005,0.0407522
4.324e-005,0.0396956
4.3244e-005,0.0407671
4.3248e-005,0.0406133
4.3252e-005,0.0403504
4.3256e-005,0.0410152
4.326e-005,0.0403504
4.3264e-005,0.0405885
4.3268e-005,0.0406977
4.3272e-005,0.0402859
4.3276e-005,0.0406282
4.328e-005,0.0410648
4.3284e-005,0.0408614
4.3288e-005,0.0399833
4.3292e-005,0.0406878
4.3296e-005,0.0407622
4.33e-005,0.0401272
4.3304e-005,0.0406133
4.3308e-005,0.0400925
4.3312e-005,0.04103
4.3316e-005,0.0408118
4.332e-005,0.0405141
4.3324e-005,0.0400379
4.3328e-005,0.0407919
4.3332e-005,0.0406381
4.3336e-005,0.0401322
4.334e-005,0.0399139
4.3344e-005,0.0406878
4.3348e-005,0.0399139
4.3352e-005,0.0406282
4.3356e-005,0.0405786
4.336e-005,0.0404496
4.3364e-005,0.0407721
4.3368e-005,0.0403356
4.3372e-005,0.0399933
4.3376e-005,0.0403157
4.338e-005,0.0403356
4.3384e-005,0.0399933
4.3388e-005,0.0406729
4.3392e-005,0.0405538
4.3396e-005,0.0397452
4.34e-005,0.0406183
4.3404e-005,0.0405439
4.3408e-005,0.0401371
4.3412e-005,0.0411888
4.3416e-005,0.0404447
4.342e-005,0.0401768
4.3424e-005,0.0409259
4.3428e-005,0.0399734
4.3432e-005,0.0401818
4.3436e-005,0.0404794
4.344e-005,0.040405
4.3444e-005,0.0402711
4.3448e-005,0.0413128
4.3452e-005,0.0404645
4.3456e-005,0.0400677
4.346e-005,0.0408267
4.3464e-005,0.0397254
4.3468e-005,0.0398593
4.3472e-005,0.0408614
4.3476e-005,0.0399585
4.348e-005,0.0399585
4.3484e-005,0.0403852
4.3488e-005,0.0402115
4.3492e-005,0.0396311
4.3496e-005,0.0401421
4.35e-005,0.0401371
4.3504e-005,0.0397006
4.3508e-005,0.0401669
4.3512e-005,0.0398494
4.3516e-005,0.0402562
4.352e-005,0.0401768
4.3524e-005,0.0397651
4.3528e-005,0.0399833
4.3532e-005,0.0399734
4.3536e-005,0.0400528
4.354e-005,0.0402363
4.3544e-005,0.0410102
4.3548e-005,0.0402512
4.3552e-005,0.0399139
4.3556e-005,0.0399288
4.356e-005,0.0398544
4.3564e-005,0.0399734
4.3568e-005,0.040033
4.3572e-005,0.0396262
4.3576e-005,0.0394178
4.358e-005,0.0403405
4.3584e-005,0.03978
4.3588e-005,0.0399437
4.3592e-005,0.0399883
4.3596e-005,0.0401421
4.36e-005,0.0398593
4.3604e-005,0.0399139
4.3608e-005,0.0397105
4.3612e-005,0.0397452
4.3616e-005,0.0400925
4.362e-005,0.0403901
4.3624e-005,0.0395171
4.3628e-005,0.0407274
4.3632e-005,0.0398196
4.3636e-005,0.0395766
4.364e-005,0.0406084
4.3644e-005,0.0399833
4.3648e-005,0.0398941
4.3652e-005,0.0405141
4.3656e-005,0.0394923
4.366e-005,0.0399387
4.3664e-005,0.0407324
4.3668e-005,0.0402264
4.3672e-005,0.0397105
4.3676e-005,0.0397006
4.368e-005,0.0403306
4.3684e-005,0.0398693
4.3688e-005,0.0405241
4.3692e-005,0.0393782
4.3696e-005,0.0396113
4.37e-005,0.0404695
4.3704e-005,0.0396113
4.3708e-005,0.0399933
4.3712e-005,0.0401967
4.3716e-005,0.0403604
4.372e-005,0.0396907
4.3724e-005,0.0408911
4.3728e-005,0.0394526
4.3732e-005,0.0399585
4.3736e-005,0.0399833
4.374e-005,0.0405737
4.3744e-005,0.0407522
4.3748e-005,0.0406282
4.3752e-005,0.0392393
4.3756e-005,0.0368483
4.376e-005,0.0352857
4.3764e-005,0.0339116
4.3768e-005,0.0337528
4.3772e-005,0.0339612
4.3776e-005,0.0325524
4.378e-005,0.0233009
4.3784e-005,0.020017
4.3788e-005,0.0201707
4.3792e-005,0.0192233
4.3796e-005,0.0189306
4.38e-005,0.0188711
4.3804e-005,0.00621659
4.3808e-005,0.00120143
4.3812e-005,0.000933554
4.3816e-005,0.000586312
4.382e-005,0.000477179
4.3824e-005,0.000248992
4.3828e-005,0.000124977
4.3832e-005,0.000804578
4.3836e-005,0.000477179
4.384e-005,-0.000629033
4.3844e-005,0.0115691
4.3848e-005,0.020265
4.3852e-005,0.0223683
4.3856e-005,0.0259548
4.386e-005,0.0302457
4.3864e-005,0.0326367
4.3868e-005,0.0341447
4.3872e-005,0.035871
4.3876e-005,0.037761
4.388e-005,0.0392045
4.3884e-005,0.0398544
4.3888e-005,0.040782
4.3892e-005,0.0426968
4.3896e-005,0.0420618
4.39e-005,0.0438725
4.3904e-005,0.0448596
4.3908e-005,0.0448993
4.3912e-005,0.045698
4.3916e-005,0.0469381
4.392e-005,0.0467794
4.3924e-005,0.0466752
4.3928e-005,0.0480542
4.3932e-005,0.0472705
4.3936e-005,0.0470423
4.394e-005,0.0483072
4.3944e-005,0.0478558
4.3948e-005,0.0478757
4.3952e-005,0.0485106
4.3956e-005,0.0485553
4.396e-005,0.0491753
4.3964e-005,0.0489174
4.3968e-005,0.0490513
4.3972e-005,0.0489521
4.3976e-005,0.0496813
4.398e-005,0.0487785
4.3984e-005,0.0493142
4.3988e-005,0.0491704
4.3992e-005,0.0487239
4.3996e-005,0.0490563
4.4e-005,0.0489521
4.4004e-005,0.0489719
4.4008e-005,0.0492547
4.4012e-005,0.0499442
4.4016e-005,0.0490811
4.402e-005,0.0493589
4.4024e-005,0.0493539
4.4028e-005,0.0495523
4.4032e-005,0.0500385
4.4036e-005,0.0499095
4.404e-005,0.0492745
4.4044e-005,0.0492249
4.4048e-005,0.0495821
4.4052e-005,0.0492249
4.4056e-005,0.0488182
4.406e-005,0.0491704
4.4064e-005,0.0497012
4.4068e-005,0.0495821
4.4072e-005,0.0499492
4.4076e-005,0.0499393
4.408e-005,0.0496168
4.4084e-005,0.0502865
4.4088e-005,0.0501377
4.4092e-005,0.0496069
4.4096e-005,0.0502567
4.41e-005,0.0492349
4.4104e-005,0.0495375
4.4108e-005,0.0498748
4.4112e-005,0.0501178
4.4116e-005,0.0492001
4.412e-005,0.0502121
4.4124e-005,0.0500534
4.4128e-005,0.0494085
4.4132e-005,0.0500534
4.4136e-005,0.0497706
4.414e-005,0.0498946
4.4144e-005,0.049716
4.4148e-005,0.0494382
4.4152e-005,0.0500583
4.4156e-005,0.0504651
4.416e-005,0.0502319
4.4164e-005,0.0500137
4.4168e-005,0.0502915
4.4172e-005,0.0496763
4.4176e-005,0.0493787
4.418e-005,0.0503163
4.4184e-005,0.049592
4.4188e-005,0.0498847
4.4192e-005,0.0498847
4.4196e-005,0.0498351
4.42e-005,0.0497408
4.4204e-005,0.0500484
4.4208e-005,0.0496416
4.4212e-005,0.0497012
4.4216e-005,0.0491555
4.422e-005,0.0493837
4.4224e-005,0.0497508
4.4228e-005,0.0500484
4.4232e-005,0.0497012
4.4236e-005,0.0497706
4.424e-005,0.0501575
4.4244e-005,0.0493787
4.4248e-005,0.0500484
4.4252e-005,0.0500186
4.4256e-005,0.0496267
4.426e-005,0.0495375
4.4264e-005,0.04984
4.4268e-005,0.0497359
4.4272e-005,0.0494531
4.4276e-005,0.0502667
4.428e-005,0.0499988
4.4284e-005,0.0490216
4.4288e-005,0.0501625
4.4292e-005,0.0497855
4.4296e-005,0.0497359
4.43e-005,0.0501724
4.4304e-005,0.050093
4.4308e-005,0.0500682
4.4312e-005,0.049721
4.4316e-005,0.0508669
4.432e-005,0.0497954
4.4324e-005,0.0501079
4.4328e-005,0.0503708
4.4332e-005,0.0499789
4.4336e-005,0.0506883
4.434e-005,0.0506089
4.4344e-005,0.04984
4.4348e-005,0.0503212
4.4352e-005,0.0495375
4.4356e-005,0.0502518
4.436e-005,0.0503808
4.4364e-005,0.0499244
4.4368e-005,0.0501178
4.4372e-005,0.0507082
4.4376e-005,0.0498897
4.438e-005,0.049349
4.4384e-005,0.0496069
4.4388e-005,0.0501228
4.4392e-005,0.050227
4.4396e-005,0.0496466
4.44e-005,0.0495623
4.4404e-005,0.0496664
4.4408e-005,0.0497557
4.4412e-005,0.0493291
4.4416e-005,0.0502071
4.442e-005,0.0501575
4.4424e-005,0.0497111
4.4428e-005,0.0497508
4.4432e-005,0.0499045
4.4436e-005,0.0496962
4.444e-005,0.0487983
4.4444e-005,0.0496416
4.4448e-005,0.0491406
4.4452e-005,0.0494829
4.4456e-005,0.0494779
4.446e-005,0.0495275
4.4464e-005,0.048843
4.4468e-005,0.0505593
4.4472e-005,0.0487785
4.4476e-005,0.0493241
4.448e-005,0.0497706
4.4484e-005,0.0495027
4.4488e-005,0.0496962
4.4492e-005,0.0499591
4.4496e-005,0.0496416
4.45e-005,0.0494234
4.4504e-005,0.0497954
4.4508e-005,0.0495623
4.4512e-005,0.0495176
4.4516e-005,0.0492795
4.452e-005,0.0468042
4.4524e-005,0.0421908
4.4528e-005,0.0388474
4.4532e-005,0.0373642
4.4536e-005,0.0364514
4.454e-005,0.0357966
4.4544e-005,0.034616
4.4548e-005,0.0240499
4.4552e-005,0.0202303
4.4556e-005,0.0204237
4.456e-005,0.0194217
4.4564e-005,0.018251
4.4568e-005,0.0179682
4.4572e-005,0.0063654
4.4576e-005,0.0013304
4.458e-005,0.000958357
4.4584e-005,-0.000281792
4.4588e-005,0.000546627
4.4592e-005,0.000263874
4.4596e-005,0.000685524
4.46e-005,0.00101788
4.4604e-005,0.000373007
4.4608e-005,0.00031844
4.4612e-005,0.0118568
4.4616e-005,0.020136
4.462e-005,0.0235886
4.4624e-005,0.0285343
4.4628e-005,0.0325921
4.4632e-005,0.0349235
4.4636e-005,0.0372352
4.464e-005,0.0391797
4.4644e-005,0.0403157
4.4648e-005,0.0417989
4.4652e-005,0.0431978
4.4656e-005,0.0444528
4.466e-005,0.0464172
4.4664e-005,0.0459658
4.4668e-005,0.0472109
4.4672e-005,0.0480344
4.4676e-005,0.0485949
4.468e-005,0.0493986
4.4684e-005,0.0507826
4.4688e-005,0.0504006
4.4692e-005,0.0510157
4.4696e-005,0.0516705
4.47e-005,0.0512935
4.4704e-005,0.0516209
4.4708e-005,0.0519781
4.4712e-005,0.0514919
4.4716e-005,0.0520078
4.472e-005,0.0535803
4.4724e-005,0.0536299
4.4728e-005,0.0535555
4.4732e-005,0.0543988
4.4736e-005,0.0536498
4.474e-005,0.0543542
4.4744e-005,0.0542252
4.4748e-005,0.054131
4.4752e-005,0.0549544
4.4756e-005,0.0548453
4.476e-005,0.0545973
4.4764e-005,0.0546171
4.4768e-005,0.0547957
4.4772e-005,0.0545576
4.4776e-005,0.0549891
4.478e-005,0.0551082
4.4784e-005,0.0548056
4.4788e-005,0.0550388
4.4792e-005,0.0550189
4.4796e-005,0.0552471
4.48e-005,0.0550139
4.4804e-005,0.0559614
4.4808e-005,0.0553959
4.4812e-005,0.0560805
4.4816e-005,0.0554951
4.482e-005,0.0554257
4.4824e-005,0.0561202
4.4828e-005,0.0556043
4.4832e-005,0.0548354
4.4836e-005,0.0562194
4.484e-005,0.0560011
4.4844e-005,0.0561003
4.4848e-005,0.0555199
4.4852e-005,0.0559267
4.4856e-005,0.0554158
4.486e-005,0.0553711
4.4864e-005,0.0553413
4.4868e-005,0.0555844
4.4872e-005,0.0552322
4.4876e-005,0.056512
4.488e-005,0.0559217
4.4884e-005,0.0559664
4.4888e-005,0.0564922
4.4892e-005,0.0559019
4.4896e-005,0.0560209
4.49e-005,0.0560854
4.4904e-005,0.055515
4.4908e-005,0.0558672
4.4912e-005,0.0555348
4.4916e-005,0.0559515
4.492e-005,0.0558076
4.4924e-005,0.05614
4.4928e-005,0.0554902
4.4932e-005,0.0559019
4.4936e-005,0.056016
4.494e-005,0.0559118
4.4944e-005,0.055758
4.4948e-005,0.0558424
4.4952e-005,0.056517
4.4956e-005,0.0556886
4.496e-005,0.056512
4.4964e-005,0.0555795
4.4968e-005,0.0565418
4.4972e-005,0.056145
4.4976e-005,0.0559366
4.498e-005,0.0560706
4.4984e-005,0.056398
4.4988e-005,0.0561747
4.4992e-005,0.0559763
4.4996e-005,0.056011
4.5e-005,0.0559317
4.5004e-005,0.0562392
4.5008e-005,0.0561698
4.5012e-005,0.0558473
4.5016e-005,0.0562442
4.502e-005,0.0564872
4.5024e-005,0.0563285
4.5028e-005,0.0563235
4.5032e-005,0.0570974
4.5036e-005,0.0559019
4.504e-005,0.0558721
4.5044e-005,0.0556787
4.5048e-005,0.0554951
4.5052e-005,0.0562392
4.5056e-005,0.0563087
4.506e-005,0.0561995
4.5064e-005,0.0557382
4.5068e-005,0.0561648
4.5072e-005,0.0561698
4.5076e-005,0.0560954
4.508e-005,0.0559366
4.5084e-005,0.0559416
4.5088e-005,0.0559763
4.5092e-005,0.0562591
4.5096e-005,0.0564674
4.51e-005,0.0559118
4.5104e-005,0.0568246
4.5108e-005,0.0566559
4.5112e-005,0.0563285
4.5116e-005,0.0562839
4.512e-005,0.0560954
4.5124e-005,0.0555695
4.5128e-005,0.056522
4.5132e-005,0.0562343
4.5136e-005,0.0557382
4.514e-005,0.0564724
4.5144e-005,0.0562987
4.5148e-005,0.0560408
4.5152e-005,0.0571172
4.5156e-005,0.0558821
4.516e-005,0.0556787
4.5164e-005,0.0560656
4.5168e-005,0.0556241
4.5172e-005,0.0559713
4.5176e-005,0.0561648
4.518e-005,0.0561698
4.5184e-005,0.0562839
4.5188e-005,0.0565418
4.5192e-005,0.0555894
4.5196e-005,0.0565964
4.52e-005,0.055758
4.5204e-005,0.0569684
4.5208e-005,0.05614
4.5212e-005,0.0559763
4.5216e-005,0.055634
4.522e-005,0.0555745
4.5224e-005,0.056145
4.5228e-005,0.0560805
4.5232e-005,0.056269
4.5236e-005,0.0561698
4.524e-005,0.05677
4.5244e-005,0.0562293
4.5248e-005,0.0563682
4.5252e-005,0.0561598
4.5256e-005,0.0562392
4.526e-005,0.0564327
4.5264e-005,0.0564128
4.5268e-005,0.0557828
4.5272e-005,0.0567601
4.5276e-005,0.0566609
4.528e-005,0.0558771
4.5284e-005,0.0568394
4.5288e-005,0.0536151
4.5292e-005,0.0459113
4.5296e-005,0.0415807
4.53e-005,0.0382323
4.5304e-005,0.0367143
4.5308e-005,0.0360893
4.5312e-005,0.034988
4.5316e-005,0.024665
4.532e-005,0.0206222
4.5324e-005,0.0197144
4.5328e-005,0.0191191
4.5332e-005,0.0180178
4.5336e-005,0.0190893
4.534e-005,0.00657375
4.5344e-005,0.00161812
4.5348e-005,0.00176693
4.5352e-005,0.00015474
4.5356e-005,0.00136016
4.536e-005,0.000759933
4.5364e-005,0.000253952
4.5368e-005,0.000333322
4.5372e-005,0.000477179
4.5376e-005,-0.000371082
4.538e-005,0.0125165
4.5384e-005,0.0193969
4.5388e-005,0.0200864
4.5392e-005,0.021778
4.5396e-005,0.0241094
4.54e-005,0.0247593
4.5404e-005,0.0250916
4.5408e-005,0.0265947
4.5412e-005,0.0267187
4.5416e-005,0.0276761
4.542e-005,0.0282515
4.5424e-005,0.028951
4.5428e-005,0.0291544
4.5432e-005,0.0288022
4.5436e-005,0.0292387
4.544e-005,0.0303747
4.5444e-005,0.0306574
4.5448e-005,0.0303251
4.5452e-005,0.031342
4.5456e-005,0.0303251
4.546e-005,0.0307715
4.5464e-005,0.0307269
4.5468e-005,0.0309948
4.5472e-005,0.0300324
4.5476e-005,0.0307467
4.548e-005,0.0310642
4.5484e-005,0.030454
4.5488e-005,0.0310096
4.5492e-005,0.0313023
4.5496e-005,0.0307566
4.55e-005,0.0315503
4.5504e-005,0.0305929
4.5508e-005,0.0309501
4.5512e-005,0.0313866
4.5516e-005,0.030588
4.552e-005,0.0311981
4.5524e-005,0.030588
4.5528e-005,0.0309055
4.5532e-005,0.0303648
4.5536e-005,0.0310096
4.554e-005,0.0307318
4.5544e-005,0.0309898
4.5548e-005,0.0309799
4.5552e-005,0.0312031
4.5556e-005,0.0311039
4.556e-005,0.0312577
4.5564e-005,0.0310096
4.5568e-005,0.0300572
4.5572e-005,0.0309948
4.5576e-005,0.0310741
4.558e-005,0.0307765
4.5584e-005,0.0304392
4.5588e-005,0.0304491
4.5592e-005,0.0306624
4.5596e-005,0.0307318
4.56e-005,0.0303052
4.5604e-005,0.0298141
4.5608e-005,0.0308063
4.5612e-005,0.0303052
4.5616e-005,0.0298042
4.562e-005,0.0304987
4.5624e-005,0.030335
4.5628e-005,0.0300919
4.5632e-005,0.0306376
4.5636e-005,0.0301713
4.564e-005,0.0306177
4.5644e-005,0.030459
4.5648e-005,0.0301763
4.5652e-005,0.030082
4.5656e-005,0.0305384
4.566e-005,0.0304044
4.5664e-005,0.0309551
4.5668e-005,0.0308311
4.5672e-005,0.0301713
4.5676e-005,0.0295611
4.568e-005,0.0296951
4.5684e-005,0.0304392
4.5688e-005,0.0305136
4.5692e-005,0.0303648
4.5696e-005,0.0301167
4.57e-005,0.0300324
4.5704e-005,0.0301911
4.5708e-005,0.0301018
4.5712e-005,0.0296752
4.5716e-005,0.0304044
4.572e-005,0.0299431
4.5724e-005,0.0303896
4.5728e-005,0.0301564
4.5732e-005,0.0300126
4.5736e-005,0.0296107
4.574e-005,0.0297447
4.5744e-005,0.029834
4.5748e-005,0.0298389
4.5752e-005,0.0299084
4.5756e-005,0.0301961
4.576e-005,0.0304193
4.5764e-005,0.0308807
4.5768e-005,0.0295115
4.5772e-005,0.0296951
4.5776e-005,0.0299381
4.578e-005,0.030583
4.5784e-005,0.0303697
4.5788e-005,0.0303152
4.5792e-005,0.0307616
4.5796e-005,0.0305731
4.58e-005,0.0306723
4.5804e-005,0.0303995
4.5808e-005,0.0300374
4.5812e-005,0.0306971
4.5816e-005,0.0302804
4.582e-005,0.0300324
4.5824e-005,0.0303945
4.5828e-005,0.0304888
4.5832e-005,0.0296504
4.5836e-005,0.0309203
4.584e-005,0.0301614
4.5844e-005,0.0306277
4.5848e-005,0.030712
4.5852e-005,0.0300671
4.5856e-005,0.0300225
4.586e-005,0.0303152
4.5864e-005,0.0300175
4.5868e-005,0.030206
4.5872e-005,0.030206
4.5876e-005,0.0296951
4.588e-005,0.0302606
4.5884e-005,0.0306326
4.5888e-005,0.0294222
4.5892e-005,0.0299977
4.5896e-005,0.0299679
4.59e-005,0.0301862
4.5904e-005,0.029581
4.5908e-005,0.0305334
4.5912e-005,0.0299381
4.5916e-005,0.0293379
4.592e-005,0.0305136
4.5924e-005,0.0297893
4.5928e-005,0.0302606
4.5932e-005,0.0302507
4.5936e-005,0.0301515
4.594e-005,0.0303251
4.5944e-005,0.0298637
4.5948e-005,0.0302407
4.5952e-005,0.03033
4.5956e-005,0.0302159
4.596e-005,0.0304937
4.5964e-005,0.0301862
4.5968e-005,0.0304044
4.5972e-005,0.0300324
4.5976e-005,0.0301515
4.598e-005,0.0305185
4.5984e-005,0.0299084
4.5988e-005,0.0304392
4.5992e-005,0.0304094
4.5996e-005,0.0299381
4.6e-005,0.0302854
4.6004e-005,0.0310394
4.6008e-005,0.0301911
4.6012e-005,0.0299729
4.6016e-005,0.0303201
4.602e-005,0.0306177
4.6024e-005,0.030082
4.6028e-005,0.0300423
4.6032e-005,0.0302606
4.6036e-005,0.0299778
4.604e-005,0.0300919
4.6044e-005,0.0301961
4.6048e-005,0.0302308
4.6052e-005,0.0297893
4.6056e-005,0.0297
4.606e-005,0.0291891
4.6064e-005,0.0292982
4.6068e-005,0.0292685
4.6072e-005,0.0292288
4.6076e-005,0.029581
4.608e-005,0.0290403
4.6084e-005,0.0222591
4.6088e-005,0.0199128
4.6092e-005,0.0200666
4.6096e-005,0.0188661
4.61e-005,0.0181716
4.6104e-005,0.0188661
4.6108e-005,0.00618186
4.6112e-005,0.0018463
4.6116e-005,0.00125103
4.612e-005,0.00015474
4.6124e-005,0.000799618
4.6128e-005,0.000308519
4.6132e-005,-9.82498e-005
4.6136e-005,0.0014693
4.614e-005,6.54498e-005
4.6144e-005,-0.000296674
4.6148e-005,0.0114599
4.6152e-005,0.0197094
4.6156e-005,0.0211926
4.616e-005,0.0237572
4.6164e-005,0.0261334
4.6168e-005,0.0280134
4.6172e-005,0.0299381
4.6176e-005,0.0308509
4.618e-005,0.0326466
4.6184e-005,0.033485
4.6188e-005,0.0344622
4.6192e-005,0.0357073
4.6196e-005,0.0370665
4.62e-005,0.0367986
4.6204e-005,0.0376171
4.6208e-005,0.0384555
4.6212e-005,0.0385547
4.6216e-005,0.0387829
4.622e-005,0.0390656
4.6224e-005,0.0388672
4.6228e-005,0.0387978
4.6232e-005,0.0393682
4.6236e-005,0.0392889
4.624e-005,0.0388375
4.6244e-005,0.0401322
4.6248e-005,0.0400032
4.6252e-005,0.0399784
4.6256e-005,0.0404298
4.626e-005,0.0397353
4.6264e-005,0.0399437
4.6268e-005,0.0405836
4.6272e-005,0.040147
4.6276e-005,0.0400429
4.628e-005,0.0405092
4.6284e-005,0.0407274
4.6288e-005,0.0398246
4.6292e-005,0.0408465
4.6296e-005,0.0400875
4.63e-005,0.0404348
4.6304e-005,0.0406828
4.6308e-005,0.0407324
4.6312e-005,0.0404943
4.6316e-005,0.0405885
4.632e-005,0.039269
4.6324e-005,0.040147
4.6328e-005,0.0409606
4.6332e-005,0.0404546
4.6336e-005,0.039527
4.634e-005,0.0404248
4.6344e-005,0.039904
4.6348e-005,0.0399833
4.6352e-005,0.0400974
4.6356e-005,0.0402463
4.636e-005,0.0402512
4.6364e-005,0.0401222
4.6368e-005,0.0404496
4.6372e-005,0.0399337
4.6376e-005,0.0401123
4.638e-005,0.0402711
4.6384e-005,0.0403752
4.6388e-005,0.0405489
4.6392e-005,0.0403306
4.6396e-005,0.0397849
4.64e-005,0.0405737
4.6404e-005,0.0395567
4.6408e-005,0.0400032
4.6412e-005,0.0409457
4.6416e-005,0.0391847
4.642e-005,0.0398048
4.6424e-005,0.0403256
4.6428e-005,0.0396113
4.6432e-005,0.0398445
4.6436e-005,0.0408961
4.644e-005,0.0398643
4.6444e-005,0.0400826
4.6448e-005,0.0408118
4.6452e-005,0.0404397
4.6456e-005,0.0403554
4.646e-005,0.0404695
4.6464e-005,0.0402959
4.6468e-005,0.0402215
4.6472e-005,0.0403405
4.6476e-005,0.0408118
4.648e-005,0.039775
4.6484e-005,0.0411491
4.6488e-005,0.0397998
4.6492e-005,0.0401074
4.6496e-005,0.0403554
4.65e-005,0.0400677
4.6504e-005,0.0400875
4.6508e-005,0.0403356
4.6512e-005,0.040534
4.6516e-005,0.0405737
4.652e-005,0.0407225
4.6524e-005,0.0405687
4.6528e-005,0.0405687
4.6532e-005,0.0403107
4.6536e-005,0.0399982
4.654e-005,0.0400478
4.6544e-005,0.0409358
4.6548e-005,0.0403256
4.6552e-005,0.0398891
4.6556e-005,0.041035
4.656e-005,0.0406183
4.6564e-005,0.0403802
4.6568e-005,0.0405935
4.6572e-005,0.040023
4.6576e-005,0.0397304
4.658e-005,0.0398643
4.6584e-005,0.0399189
4.6588e-005,0.0402661
4.6592e-005,0.0402314
4.6596e-005,0.0401322
4.66e-005,0.0400726
4.6604e-005,0.0409407
4.6608e-005,0.0402016
4.6612e-005,0.0399139
4.6616e-005,0.0411392
4.662e-005,0.04041
4.6624e-005,0.0409854
4.6628e-005,0.0401818
4.6632e-005,0.0403008
4.6636e-005,0.0400032
4.664e-005,0.040777
4.6644e-005,0.0403157
4.6648e-005,0.0401421
4.6652e-005,0.0401719
4.6656e-005,0.0398544
4.666e-005,0.0400677
4.6664e-005,0.0401222
4.6668e-005,0.0405092
4.6672e-005,0.0401371
4.6676e-005,0.0409755
4.668e-005,0.0406183
4.6684e-005,0.0400627
4.6688e-005,0.0406381
4.6692e-005,0.040157
4.6696e-005,0.0401867
4.67e-005,0.0401719
4.6704e-005,0.0403356
4.6708e-005,0.0410003
4.6712e-005,0.0408614
4.6716e-005,0.0407423
4.672e-005,0.0400478
4.6724e-005,0.0414566
4.6728e-005,0.0404546
4.6732e-005,0.0403604
4.6736e-005,0.0408911
4.674e-005,0.0401967
4.6744e-005,0.0408018
4.6748e-005,0.040787
4.6752e-005,0.0403604
4.6756e-005,0.0403504
4.676e-005,0.0407274
4.6764e-005,0.0401768
4.6768e-005,0.0403653
4.6772e-005,0.0403306
4.6776e-005,0.040147
4.678e-005,0.0399089
4.6784e-005,0.0404149
4.6788e-005,0.040157
4.6792e-005,0.0400528
4.6796e-005,0.0408415
4.68e-005,0.0404496
4.6804e-005,0.0405191
4.6808e-005,0.0407026
4.6812e-005,0.0400677
4.6816e-005,0.0399189
4.682e-005,0.0405092
4.6824e-005,0.0392095
4.6828e-005,0.0370566
4.6832e-005,0.0354444
4.6836e-005,0.0339562
4.684e-005,0.0328004
4.6844e-005,0.0324631
4.6848e-005,0.0324829
4.6852e-005,0.0234646
4.6856e-005,0.0194564
4.686e-005,0.019382
4.6864e-005,0.0193572
4.6868e-005,0.0187024
4.6872e-005,0.019387
4.6876e-005,0.00662832
4.688e-005,0.0016578
4.6884e-005,0.00102284
4.6888e-005,-4.36833e-005
4.6892e-005,0.000923633
4.6896e-005,0.000918672
4.69e-005,0.000134898
4.6904e-005,0.00127087
4.6908e-005,0.000804578
4.6912e-005,-0.000495097
4.6916e-005,0.0121544
4.692e-005,0.0198533
4.6924e-005,0.0224973
4.6928e-005,0.0257762
4.6932e-005,0.0289212
4.6936e-005,0.0314859
4.694e-005,0.0346606
4.6944e-005,0.0356676
4.6948e-005,0.0369425
4.6952e-005,0.0388672
4.6956e-005,0.039269
4.696e-005,0.0404248
4.6964e-005,0.0422603
4.6968e-005,0.0419775
4.6972e-005,0.0425678
4.6976e-005,0.0444132
4.698e-005,0.0442941
4.6984e-005,0.0452565
4.6988e-005,0.0461593
4.6992e-005,0.0461494
4.6996e-005,0.0465809
4.7e-005,0.0475582
4.7004e-005,0.0469133
4.7008e-005,0.0475532
4.7012e-005,0.048461
4.7016e-005,0.0474639
4.702e-005,0.0482626
4.7024e-005,0.0483767
4.7028e-005,0.0487934
4.7032e-005,0.0479897
4.7036e-005,0.0489918
4.704e-005,0.0483122
4.7044e-005,0.0486991
4.7048e-005,0.0484412
4.7052e-005,0.0483767
4.7056e-005,0.0483816
4.706e-005,0.0494531
4.7064e-005,0.0485801
4.7068e-005,0.0489769
4.7072e-005,0.0491704
4.7076e-005,0.0488628
4.708e-005,0.0496813
4.7084e-005,0.0499045
4.7088e-005,0.0492646
4.7092e-005,0.0492299
4.7096e-005,0.0497656
4.71e-005,0.0497805
4.7104e-005,0.0495523
4.7108e-005,0.0492349
4.7112e-005,0.0495127
4.7116e-005,0.0492299
4.712e-005,0.0495672
4.7124e-005,0.0490513
4.7128e-005,0.0495623
4.7132e-005,0.0499988
4.7136e-005,0.049463
4.714e-005,0.0500732
4.7144e-005,0.0499045
4.7148e-005,0.0492696
4.7152e-005,0.0498252
4.7156e-005,0.0495523
4.716e-005,0.049463
4.7164e-005,0.0500881
4.7168e-005,0.0500484
4.7172e-005,0.0500286
4.7176e-005,0.04985
4.718e-005,0.0499343
4.7184e-005,0.048709
4.7188e-005,0.0492795
4.7192e-005,0.050475
4.7196e-005,0.0491604
4.72e-005,0.0493192
4.7204e-005,0.0492696
4.7208e-005,0.0487388
4.7212e-005,0.0494283
4.7216e-005,0.0500087
4.722e-005,0.049344
4.7224e-005,0.0495027
4.7228e-005,0.0503361
4.7232e-005,0.050103
4.7236e-005,0.0492944
4.724e-005,0.049473
4.7244e-005,0.0491604
4.7248e-005,0.0494978
4.7252e-005,0.0498103
4.7256e-005,0.0494878
4.726e-005,0.0499095
4.7264e-005,0.0496962
4.7268e-005,0.049726
4.7272e-005,0.0497061
4.7276e-005,0.0497904
4.728e-005,0.0491406
4.7284e-005,0.0490712
4.7288e-005,0.0499492
4.7292e-005,0.0502766
4.7296e-005,0.0492993
4.73e-005,0.0505197
4.7304e-005,0.0492398
4.7308e-005,0.0498252
4.7312e-005,0.0496119
4.7316e-005,0.0497557
4.732e-005,0.0494482
4.7324e-005,0.0490513
4.7328e-005,0.050093
4.7332e-005,0.0500385
4.7336e-005,0.049597
4.734e-005,0.0489273
4.7344e-005,0.0498103
4.7348e-005,0.0503014
4.7352e-005,0.0496367
4.7356e-005,0.0495176
4.736e-005,0.0494482
4.7364e-005,0.0490315
4.7368e-005,0.0498351
4.7372e-005,0.049845
4.7376e-005,0.04922
4.738e-005,0.049473
4.7384e-005,0.0497855
4.7388e-005,0.0494978
4.7392e-005,0.048843
4.7396e-005,0.0496615
4.74e-005,0.0495722
4.7404e-005,0.0495523
4.7408e-005,0.050351
4.7412e-005,0.0496416
4.7416e-005,0.0492398
4.742e-005,0.0497805
4.7424e-005,0.0495871
4.7428e-005,0.0500633
4.7432e-005,0.0506685
4.7436e-005,0.0497359
4.744e-005,0.0493241
4.7444e-005,0.0503262
4.7448e-005,0.0498202
4.7452e-005,0.0501129
4.7456e-005,0.0502022
4.746e-005,0.0499442
4.7464e-005,0.0497508
4.7468e-005,0.04985
4.7472e-005,0.0500286
4.7476e-005,0.0497061
4.748e-005,0.0503708
4.7484e-005,0.0497111
4.7488e-005,0.0506189
4.7492e-005,0.0511993
4.7496e-005,0.0500534
4.75e-005,0.0496218
4.7504e-005,0.0498946
4.7508e-005,0.0493093
4.7512e-005,0.0495424
4.7516e-005,0.0500385
4.752e-005,0.0492349
4.7524e-005,0.0499095
4.7528e-005,0.0496267
4.7532e-005,0.0500385
4.7536e-005,0.0497607
4.754e-005,0.0508123
4.7544e-005,0.049592
4.7548e-005,0.0499442
4.7552e-005,0.0506189
4.7556e-005,0.0502617
4.756e-005,0.0496069
4.7564e-005,0.0501972
4.7568e-005,0.0496714
4.7572e-005,0.0494432
4.7576e-005,0.0499145
4.758e-005,0.0490513
4.7584e-005,0.0501079
4.7588e-005,0.0506486
4.7592e-005,0.0478161
4.7596e-005,0.0424339
4.76e-005,0.0389069
4.7604e-005,0.036883
4.7608e-005,0.0350972
4.7612e-005,0.0358859
4.7616e-005,0.0334155
4.762e-005,0.024412
4.7624e-005,0.019888
4.7628e-005,0.0197094
4.7632e-005,0.019635
4.7636e-005,0.0177748
4.764e-005,0.0185288
4.7644e-005,0.00789327
4.7648e-005,0.00154867
4.7652e-005,0.000814499
4.7656e-005,0.000442455
4.766e-005,0.000888908
4.7664e-005,-0.000157777
4.7668e-005,0.00056647
4.7672e-005,0.000869066
4.7676e-005,0.000412691
4.768e-005,-0.000589349
4.7684e-005,0.0109936
4.7688e-005,0.0208652
4.7692e-005,0.0234447
4.7696e-005,0.0279787
4.77e-005,0.0327359
4.7704e-005,0.0353998
4.7708e-005,0.0363968
4.7712e-005,0.038763
4.7716e-005,0.0403752
4.772e-005,0.0421362
4.7724e-005,0.0426918
4.7728e-005,0.0440163
4.7732e-005,0.0458666
4.7736e-005,0.0457228
4.774e-005,0.0472853
4.7744e-005,0.0476375
4.7748e-005,0.0480443
4.7752e-005,0.0492448
4.7756e-005,0.0500186
4.776e-005,0.050351
4.7764e-005,0.0504006
4.7768e-005,0.0512786
4.7772e-005,0.0512836
4.7776e-005,0.0509959
4.778e-005,0.0527172
4.7784e-005,0.052365
4.7788e-005,0.0533125
4.7792e-005,0.0529652
4.7796e-005,0.0530545
4.78e-005,0.0536696
4.7804e-005,0.0541657
4.7808e-005,0.0540268
4.7812e-005,0.0537242
4.7816e-005,0.0549891
4.782e-005,0.0542699
4.7824e-005,0.0544236
4.7828e-005,0.055381
4.7832e-005,0.05425
4.7836e-005,0.0548106
4.784e-005,0.0551876
4.7844e-005,0.0545278
4.7848e-005,0.0544088
4.7852e-005,0.055381
4.7856e-005,0.0547758
4.786e-005,0.0552818
4.7864e-005,0.0554455
4.7868e-005,0.0554009
4.7872e-005,0.0560061
4.7876e-005,0.0559565
4.788e-005,0.0550884
4.7884e-005,0.0554455
4.7888e-005,0.0555001
4.7892e-005,0.0555894
4.7896e-005,0.0552917
4.79e-005,0.0557184
4.7904e-005,0.0556985
4.7908e-005,0.0559515
4.7912e-005,0.056264
4.7916e-005,0.0561152
4.792e-005,0.055634
4.7924e-005,0.0564327
4.7928e-005,0.0550983
4.7932e-005,0.0561896
4.7936e-005,0.0561549
4.794e-005,0.056264
4.7944e-005,0.0555695
4.7948e-005,0.0561598
4.7952e-005,0.0555795
4.7956e-005,0.0557729
4.796e-005,0.0562491
4.7964e-005,0.056145
4.7968e-005,0.0555299
4.7972e-005,0.0566509
4.7976e-005,0.0563235
4.798e-005,0.0552273
4.7984e-005,0.0562541
4.7988e-005,0.0561301
4.7992e-005,0.0550834
4.7996e-005,0.0561003
4.8e-005,0.0562839
4.8004e-005,0.0561946
4.8008e-005,0.0561648
4.8012e-005,0.0560408
4.8016e-005,0.0562194
4.802e-005,0.0567254
4.8024e-005,0.0562045
4.8028e-005,0.0557084
4.8032e-005,0.0558523
4.8036e-005,0.0560557
4.804e-005,0.0562739
4.8044e-005,0.0564972
4.8048e-005,0.0560755
4.8052e-005,0.0558176
4.8056e-005,0.0564575
4.806e-005,0.0562293
4.8064e-005,0.0554951
4.8068e-005,0.0565468
4.8072e-005,0.0559862
4.8076e-005,0.0555447
4.808e-005,0.0565617
4.8084e-005,0.0562888
4.8088e-005,0.0560061
4.8092e-005,0.056388
4.8096e-005,0.0557878
4.81e-005,0.0559217
4.8104e-005,0.0562789
4.8108e-005,0.0564922
4.8112e-005,0.0561648
4.8116e-005,0.0565964
4.812e-005,0.0560259
4.8124e-005,0.0560309
4.8128e-005,0.056393
4.8132e-005,0.0563186
4.8136e-005,0.0563037
4.814e-005,0.0567799
4.8144e-005,0.0565716
4.8148e-005,0.0560507
4.8152e-005,0.0562491
4.8156e-005,0.0559366
4.816e-005,0.0560656
4.8164e-005,0.0561301
4.8168e-005,0.0560011
4.8172e-005,0.055763
4.8176e-005,0.0561995
4.818e-005,0.0558573
4.8184e-005,0.0561598
4.8188e-005,0.0562343
4.8192e-005,0.0556241
4.8196e-005,0.0565071
4.82e-005,0.0561995
4.8204e-005,0.0559118
4.8208e-005,0.056135
4.8212e-005,0.0564327
4.8216e-005,0.0556092
4.822e-005,0.0559416
4.8224e-005,0.0564327
4.8228e-005,0.0565071
4.8232e-005,0.0565319
4.8236e-005,0.0569635
4.824e-005,0.0557928
4.8244e-005,0.0560557
4.8248e-005,0.0567105
4.8252e-005,0.0563483
4.8256e-005,0.0559069
4.826e-005,0.0569883
4.8264e-005,0.0559912
4.8268e-005,0.0555497
4.8272e-005,0.0562194
4.8276e-005,0.0561053
4.828e-005,0.056011
4.8284e-005,0.056522
4.8288e-005,0.0562293
4.8292e-005,0.0560755
4.8296e-005,0.0570428
4.83e-005,0.0559713
4.8304e-005,0.0555001
4.8308e-005,0.0563732
4.8312e-005,0.0567303
4.8316e-005,0.0561499
4.832e-005,0.0568246
4.8324e-005,0.0565021
4.8328e-005,0.0565716
4.8332e-005,0.0566162
4.8336e-005,0.0558573
4.834e-005,0.0565617
4.8344e-005,0.0564277
4.8348e-005,0.0569238
4.8352e-005,0.0562839
4.8356e-005,0.0560854
4.836e-005,0.0535853
4.8364e-005,0.0467645
4.8368e-005,0.0416104
4.8372e-005,0.0381281
4.8376e-005,0.0372005
4.838e-005,0.036759
4.8384e-005,0.0349583
4.8388e-005,0.0246154
4.8392e-005,0.0204981
4.8396e-005,0.0202055
4.84e-005,0.0193671
4.8404e-005,0.0197689
4.8408e-005,0.0188413
4.8412e-005,0.00739225
4.8416e-005,0.00176693
4.842e-005,0.00116174
4.8424e-005,0.000278755
4.8428e-005,0.000601194
4.8432e-005,0.000680563
4.8436e-005,0.000621036
4.844e-005,0.000794657
4.8444e-005,0.000506943
4.8448e-005,-0.000569506
4.8452e-005,0.0125265
4.8456e-005,0.0197094
4.846e-005,0.0197193
4.8464e-005,0.0215696
4.8468e-005,0.0231372
4.8472e-005,0.0243178
4.8476e-005,0.025047
4.848e-005,0.0260193
4.8484e-005,0.0265253
4.8488e-005,0.0271751
4.8492e-005,0.0277753
4.8496e-005,0.0290601
4.85e-005,0.0287674
4.8504e-005,0.028574
4.8508e-005,0.0292585
4.8512e-005,0.0300126
4.8516e-005,0.0301118
4.852e-005,0.0294768
4.8524e-005,0.0306426
4.8528e-005,0.0304987
4.8532e-005,0.030454
4.8536e-005,0.0309898
4.854e-005,0.0308162
4.8544e-005,0.0301663
4.8548e-005,0.0306822
4.8552e-005,0.0301167
4.8556e-005,0.0308906
4.856e-005,0.0308063
4.8564e-005,0.0304193
4.8568e-005,0.0299183
4.8572e-005,0.0311039
4.8576e-005,0.0305037
4.858e-005,0.0302358
4.8584e-005,0.0307269
4.8588e-005,0.030459
4.8592e-005,0.0297943
4.8596e-005,0.0304094
4.86e-005,0.03034
4.8604e-005,0.0300324
4.8608e-005,0.0301217
4.8612e-005,0.0299828
4.8616e-005,0.0300572
4.862e-005,0.0299778
4.8624e-005,0.0298786
4.8628e-005,0.0301862
4.8632e-005,0.0301564
4.8636e-005,0.0300919
4.864e-005,0.0300175
4.8644e-005,0.0302259
4.8648e-005,0.0300671
4.8652e-005,0.0300473
4.8656e-005,0.0302507
4.866e-005,0.0298786
4.8664e-005,0.0300522
4.8668e-005,0.0305086
4.8672e-005,0.0301911
4.8676e-005,0.0300622
4.868e-005,0.0299729
4.8684e-005,0.0301713
4.8688e-005,0.029333
4.8692e-005,0.0297695
4.8696e-005,0.0299431
4.87e-005,0.0302457
4.8704e-005,0.0298985
4.8708e-005,0.0294074
4.8712e-005,0.0296554
4.8716e-005,0.0291891
4.872e-005,0.0295512
4.8724e-005,0.0294222
4.8728e-005,0.0303003
4.8732e-005,0.0296554
4.8736e-005,0.0304739
4.874e-005,0.0304739
4.8744e-005,0.0302804
4.8748e-005,0.0291792
4.8752e-005,0.0300622
4.8756e-005,0.0297348
4.876e-005,0.029452
4.8764e-005,0.0300076
4.8768e-005,0.0296901
4.8772e-005,0.0297348
4.8776e-005,0.0297397
4.878e-005,0.0296901
4.8784e-005,0.0293181
4.8788e-005,0.0297744
4.8792e-005,0.0292387
4.8796e-005,0.0294917
4.88e-005,0.0298637
4.8804e-005,0.0297943
4.8808e-005,0.0295661
4.8812e-005,0.0293776
4.8816e-005,0.0291296
4.882e-005,0.0294024
4.8824e-005,0.0301018
4.8828e-005,0.0301018
4.8832e-005,0.0292089
4.8836e-005,0.0293181
4.884e-005,0.0291891
4.8844e-005,0.0291296
4.8848e-005,0.0299282
4.8852e-005,0.029705
4.8856e-005,0.0295215
4.886e-005,0.0298737
4.8864e-005,0.0293082
4.8868e-005,0.0303449
4.8872e-005,0.0297596
4.8876e-005,0.0298389
4.888e-005,0.0296157
4.8884e-005,0.0299133
4.8888e-005,0.0297447
4.8892e-005,0.0293677
4.8896e-005,0.0295016
4.89e-005,0.0297397
4.8904e-005,0.0290403
4.8908e-005,0.0295562
4.8912e-005,0.0297943
4.8916e-005,0.029576
4.892e-005,0.0303152
4.8924e-005,0.0297943
4.8928e-005,0.0292387
4.8932e-005,0.0295661
4.8936e-005,0.029705
4.894e-005,0.02971
4.8944e-005,0.0299679
4.8948e-005,0.0295413
4.8952e-005,0.0299878
4.8956e-005,0.0295413
4.896e-005,0.0297893
4.8964e-005,0.0293875
4.8968e-005,0.0297199
4.8972e-005,0.0296703
4.8976e-005,0.0294421
4.898e-005,0.0292288
4.8984e-005,0.0298588
4.8988e-005,0.0292833
4.8992e-005,0.0294322
4.8996e-005,0.0296107
4.9e-005,0.0294917
4.9004e-005,0.0300572
4.9008e-005,0.0303548
4.9012e-005,0.0293082
4.9016e-005,0.0303003
4.902e-005,0.0294322
4.9024e-005,0.0293677
4.9028e-005,0.0293082
4.9032e-005,0.0293131
4.9036e-005,0.0296356
4.904e-005,0.0291345
4.9044e-005,0.0293677
4.9048e-005,0.0299233
4.9052e-005,0.0300076
4.9056e-005,0.0294719
4.906e-005,0.0298092
4.9064e-005,0.0299133
4.9068e-005,0.0295165
4.9072e-005,0.0299481
4.9076e-005,0.030206
4.908e-005,0.0300473
4.9084e-005,0.0296058
4.9088e-005,0.0298637
4.9092e-005,0.0298389
4.9096e-005,0.029199
4.91e-005,0.0301564
4.9104e-005,0.0296703
4.9108e-005,0.0298538
4.9112e-005,0.0302011
4.9116e-005,0.0303152
4.912e-005,0.0299282
4.9124e-005,0.0294074
4.9128e-005,0.0295959
4.9132e-005,0.0288171
4.9136e-005,0.0286682
4.914e-005,0.0289212
4.9144e-005,0.0292486
4.9148e-005,0.029199
4.9152e-005,0.0285343
4.9156e-005,0.0214655
4.916e-005,0.0199376
4.9164e-005,0.0191141
4.9168e-005,0.0190199
4.9172e-005,0.0187818
4.9176e-005,0.0194167
4.918e-005,0.00644973
4.9184e-005,0.00181158
4.9188e-005,0.00157347
4.9192e-005,-0.000252028
4.9196e-005,0.000993081
4.92e-005,0.000869066
4.9204e-005,0.000774815
4.9208e-005,0.00126591
4.9212e-005,-4.36833e-005
4.9216e-005,-0.00106061
4.922e-005,0.0123082
4.9224e-005,0.0200021
4.9228e-005,0.0213613
4.9232e-005,0.023534
4.9236e-005,0.0260689
4.924e-005,0.0276513
4.9244e-005,0.0294768
4.9248e-005,0.0309551
4.9252e-005,0.0330137
4.9256e-005,0.0336884
4.926e-005,0.0346904
4.9264e-005,0.0353948
4.9268e-005,0.036377
4.9272e-005,0.0366746
4.9276e-005,0.0370814
4.928e-005,0.0380934
4.9284e-005,0.0383464
4.9288e-005,0.0382769
4.9292e-005,0.0386192
4.9296e-005,0.0394278
4.93e-005,0.0390408
4.9304e-005,0.0402463
4.9308e-005,0.0396758
4.9312e-005,0.0395915
4.9316e-005,0.040152
4.932e-005,0.0397899
4.9324e-005,0.0396212
4.9328e-005,0.0398643
4.9332e-005,0.0403951
4.9336e-005,0.0398693
4.934e-005,0.0405836
4.9344e-005,0.0403356
4.9348e-005,0.0405489
4.9352e-005,0.0404844
4.9356e-005,0.0399982
4.936e-005,0.0397998
4.9364e-005,0.0402066
4.9368e-005,0.0404348
4.9372e-005,0.0399089
4.9376e-005,0.0404298
4.938e-005,0.0404
4.9384e-005,0.0404248
4.9388e-005,0.040281
4.9392e-005,0.0396758
4.9396e-005,0.0398941
4.94e-005,0.0406828
4.9404e-005,0.0401669
4.9408e-005,0.0397204
4.9412e-005,0.0405836
4.9416e-005,0.03977
4.942e-005,0.0393782
4.9424e-005,0.0402215
4.9428e-005,0.0393881
4.9432e-005,0.0398048
4.9436e-005,0.040534
4.944e-005,0.03978
4.9444e-005,0.0404893
4.9448e-005,0.0402909
4.9452e-005,0.0396857
4.9456e-005,0.0395617
4.946e-005,0.0407126
4.9464e-005,0.0402512
4.9468e-005,0.0398494
4.9472e-005,0.0406034
4.9476e-005,0.0396609
4.948e-005,0.0402115
4.9484e-005,0.0402959
4.9488e-005,0.0398147
4.9492e-005,0.0397552
4.9496e-005,0.0405935
4.95e-005,0.0402711
4.9504e-005,0.0400627
4.9508e-005,0.0404149
4.9512e-005,0.0397601
4.9516e-005,0.0406828
4.952e-005,0.0400181
4.9524e-005,0.0397105
4.9528e-005,0.0402611
4.9532e-005,0.0407473
4.9536e-005,0.0403107
4.954e-005,0.0395419
4.9544e-005,0.0401669
4.9548e-005,0.0403356
4.9552e-005,0.0396758
4.9556e-005,0.0403405
4.956e-005,0.0403802
4.9564e-005,0.0403802
4.9568e-005,0.04041
4.9572e-005,0.0404794
4.9576e-005,0.039899
4.958e-005,0.0399387
4.9584e-005,0.0398097
4.9588e-005,0.0402066
4.9592e-005,0.0400181
4.9596e-005,0.0402711
4.96e-005,0.0399437
4.9604e-005,0.0404893
4.9608e-005,0.0397006
4.9612e-005,0.0397204
4.9616e-005,0.0403852
4.962e-005,0.03977
4.9624e-005,0.0398196
4.9628e-005,0.0397452
4.9632e-005,0.0403653
4.9636e-005,0.0395319
4.964e-005,0.0405439
4.9644e-005,0.0392889
4.9648e-005,0.0402363
4.9652e-005,0.0402165
4.9656e-005,0.0394377
4.966e-005,0.0394526
4.9664e-005,0.040663
4.9668e-005,0.0398891
4.9672e-005,0.0401421
4.9676e-005,0.040534
4.968e-005,0.0402363
4.9684e-005,0.0401272
4.9688e-005,0.0398147
4.9692e-005,0.0405439
4.9696e-005,0.0403008
4.97e-005,0.0409804
4.9704e-005,0.0396907
4.9708e-005,0.0398147
4.9712e-005,0.0401967
4.9716e-005,0.0400082
4.972e-005,0.0399139
4.9724e-005,0.0403455
4.9728e-005,0.0401173
4.9732e-005,0.0399337
4.9736e-005,0.0400528
4.974e-005,0.0402363
4.9744e-005,0.0396311
4.9748e-005,0.0407572
4.9752e-005,0.0399635
4.9756e-005,0.0396659
4.976e-005,0.040663
4.9764e-005,0.0397403
4.9768e-005,0.0399784
4.9772e-005,0.0401917
4.9776e-005,0.0398345
4.978e-005,0.0398296
4.9784e-005,0.0402463
4.9788e-005,0.0398246
4.9792e-005,0.0394228
4.9796e-005,0.0405489
4.98e-005,0.0400826
4.9804e-005,0.0399387
4.9808e-005,0.0404149
4.9812e-005,0.0398742
4.9816e-005,0.0399734
4.982e-005,0.0397502
4.9824e-005,0.0394377
4.9828e-005,0.0400528
4.9832e-005,0.0403901
4.9836e-005,0.0396758
4.984e-005,0.0393782
4.9844e-005,0.0402413
4.9848e-005,0.0393782
4.9852e-005,0.0396659
4.9856e-005,0.0407324
4.986e-005,0.0403554
4.9864e-005,0.0399437
4.9868e-005,0.0404844
4.9872e-005,0.0402016
4.9876e-005,0.0398048
4.988e-005,0.0402909
4.9884e-005,0.039527
4.9888e-005,0.0400974
4.9892e-005,0.0401123
4.9896e-005,0.0387134
4.99e-005,0.0367391
4.9904e-005,0.0349434
4.9908e-005,0.0338273
4.9912e-005,0.0331526
4.9916e-005,0.0331477
4.992e-005,0.0327905
4.9924e-005,0.023028
4.9928e-005,0.0194068
4.9932e-005,0.0196747
4.9936e-005,0.0191637
4.994e-005,0.0188165
4.9944e-005,0.0190149
4.9948e-005,0.00625131
4.9952e-005,0.00157843
4.9956e-005,0.00144946
4.996e-005,0.000110095
4.9964e-005,0.000710327
4.9968e-005,0.000437494
4.9972e-005,0.000839302
4.9976e-005,0.000993081
4.998e-005,0.000407731
4.9984e-005,-0.000425649
4.9988e-005,0.0121495
4.9992e-005,0.020007
4.9996e-005,0.0226907
5e-005,0.0264806
5.0004e-005,0.0299977
5.0008e-005,0.032468
5.0012e-005,0.0340257
5.0016e-005,0.036377
5.002e-005,0.0369326
5.0024e-005,0.0386638
5.0028e-005,0.0399833
5.0032e-005,0.0413277
5.0036e-005,0.0418634
5.004e-005,0.0423198
5.0044e-005,0.0433268
5.0048e-005,0.044691
5.0052e-005,0.0443338
5.0056e-005,0.0453954
5.006e-005,0.0461146
5.0064e-005,0.0461642
5.0068e-005,0.0468042
5.0072e-005,0.0476574
5.0076e-005,0.0470572
5.008e-005,0.0472209
5.0084e-005,0.0483717
5.0088e-005,0.0483618
5.0092e-005,0.0477715
5.0096e-005,0.0490166
5.01e-005,0.0478012
5.0104e-005,0.0493043
5.0108e-005,0.0490017
5.0112e-005,0.0480046
5.0116e-005,0.0489967
5.012e-005,0.0494482
5.0124e-005,0.0489521
5.0128e-005,0.0496367
5.0132e-005,0.0492795
5.0136e-005,0.0490017
5.014e-005,0.0489521
5.0144e-005,0.0494234
5.0148e-005,0.0491952
5.0152e-005,0.0493192
5.0156e-005,0.0493986
5.016e-005,0.0493043
5.0164e-005,0.0495226
5.0168e-005,0.0497756
5.0172e-005,0.0497557
5.0176e-005,0.0497012
5.018e-005,0.0502022
5.0184e-005,0.0494283
5.0188e-005,0.0496565
5.0192e-005,0.0498053
5.0196e-005,0.0495375
5.02e-005,0.0494184
5.0204e-005,0.0502022
5.0208e-005,0.0492696
5.0212e-005,0.0497607
5.0216e-005,0.04985
5.022e-005,0.0499789
5.0224e-005,0.049349
5.0228e-005,0.0502419
5.0232e-005,0.049592
5.0236e-005,0.0496218
5.024e-005,0.049845
5.0244e-005,0.0502071
5.0248e-005,0.049463
5.0252e-005,0.0505147
5.0256e-005,0.0498252
5.026e-005,0.0501823
5.0264e-005,0.0502121
5.0268e-005,0.0500881
5.0272e-005,0.0494779
5.0276e-005,0.050098
5.028e-005,0.0492993
5.0284e-005,0.0499492
5.0288e-005,0.0504105
5.0292e-005,0.0501526
5.0296e-005,0.049721
5.03e-005,0.0505246
5.0304e-005,0.0499442
5.0308e-005,0.0500434
5.0312e-005,0.0503758
5.0316e-005,0.049969
5.032e-005,0.0497111
5.0324e-005,0.0502518
5.0328e-005,0.0491307
5.0332e-005,0.0500831
5.0336e-005,0.050093
5.034e-005,0.0498202
5.0344e-005,0.0498748
5.0348e-005,0.0499541
5.0352e-005,0.0497706
5.0356e-005,0.0503163
5.036e-005,0.04984
5.0364e-005,0.0503361
5.0368e-005,0.0492547
5.0372e-005,0.0503262
5.0376e-005,0.049468
5.038e-005,0.0499393
5.0384e-005,0.0505048
5.0388e-005,0.0499839
5.0392e-005,0.0499591
5.0396e-005,0.0507032
5.04e-005,0.0500186
5.0404e-005,0.0499839
5.0408e-005,0.0507429
5.0412e-005,0.0500881
5.0416e-005,0.0496565
5.042e-005,0.0502865
5.0424e-005,0.0499045
5.0428e-005,0.0496565
5.0432e-005,0.0505097
5.0436e-005,0.0495821
5.044e-005,0.0498202
5.0444e-005,0.0505593
5.0448e-005,0.0497458
5.0452e-005,0.0497805
5.0456e-005,0.050604
5.046e-005,0.050093
5.0464e-005,0.0498053
5.0468e-005,0.0496019
5.0472e-005,0.0502419
5.0476e-005,0.0496863
5.048e-005,0.0505197
5.0484e-005,0.0499095
5.0488e-005,0.0501724
5.0492e-005,0.0500087
5.0496e-005,0.0493986
5.05e-005,0.0506883
5.0504e-005,0.0493093
5.0508e-005,0.0495176
5.0512e-005,0.049463
5.0516e-005,0.0497458
5.052e-005,0.04985
5.0524e-005,0.049592
5.0528e-005,0.0497557
5.0532e-005,0.0491952
5.0536e-005,0.0493341
5.054e-005,0.0495821
5.0544e-005,0.0494333
5.0548e-005,0.0489124
5.0552e-005,0.0496218
5.0556e-005,0.0494928
5.056e-005,0.0493837
5.0564e-005,0.0495672
5.0568e-005,0.0491902
5.0572e-005,0.0496714
5.0576e-005,0.0504899
5.058e-005,0.049463
5.0584e-005,0.0499045
5.0588e-005,0.0501426
5.0592e-005,0.0492051
5.0596e-005,0.0495722
5.06e-005,0.0498252
5.0604e-005,0.0497756
5.0608e-005,0.0495523
5.0612e-005,0.0509859
5.0616e-005,0.0494382
5.062e-005,0.0493886
5.0624e-005,0.0496119
5.0628e-005,0.0492448
5.0632e-005,0.0496267
5.0636e-005,0.0501129
5.064e-005,0.049974
5.0644e-005,0.0486445
5.0648e-005,0.0498599
5.0652e-005,0.0489471
5.0656e-005,0.0498202
5.066e-005,0.0497309
5.0664e-005,0.0479749
5.0668e-005,0.0422603
5.0672e-005,0.0393831
5.0676e-005,0.0368135
5.068e-005,0.0359057
5.0684e-005,0.0356031
5.0688e-005,0.0347995
5.0692e-005,0.0240499
5.0696e-005,0.0201559
5.07e-005,0.0194515
5.0704e-005,0.0191191
5.0708e-005,0.0183304
5.0712e-005,0.0188959
5.0716e-005,0.00639517
5.072e-005,0.00195048
5.0724e-005,0.0013552
5.0728e-005,-9.82498e-005
5.0732e-005,0.000968278
5.0736e-005,0.000730169
5.074e-005,0.0006508
5.0744e-005,0.000908751
5.0748e-005,0.000546627
5.0752e-005,-0.000500058
5.0756e-005,0.0120006
5.076e-005,0.0192183
5.0764e-005,0.0237126
5.0768e-005,0.0284847
5.0772e-005,0.0328947
5.0776e-005,0.0349781
5.078e-005,0.0376271
5.0784e-005,0.0391897
5.0788e-005,0.0406282
5.0792e-005,0.0426025
5.0796e-005,0.0434855
5.08e-005,0.0444826
5.0804e-005,0.045941
5.0808e-005,0.0462089
5.0812e-005,0.0477715
5.0816e-005,0.0481832
5.082e-005,0.0485255
5.0824e-005,0.0489719
5.0828e-005,0.0496615
5.0832e-005,0.0502716
5.0836e-005,0.0508272
5.084e-005,0.0516407
5.0844e-005,0.0519185
5.0848e-005,0.0521418
5.0852e-005,0.0527172
5.0856e-005,0.0525981
5.086e-005,0.0532182
5.0864e-005,0.0535059
5.0868e-005,0.0534315
5.0872e-005,0.0531488
5.0876e-005,0.0545377
5.088e-005,0.0542401
5.0884e-005,0.0541955
5.0888e-005,0.0551727
5.0892e-005,0.0538184
5.0896e-005,0.0542451
5.09e-005,0.0544484
5.0904e-005,0.0543095
5.0908e-005,0.0539673
5.0912e-005,0.0550338
5.0916e-005,0.0548899
5.092e-005,0.0549941
5.0924e-005,0.0551132
5.0928e-005,0.0546816
5.0932e-005,0.0544931
5.0936e-005,0.0560309
5.094e-005,0.0551479
5.0944e-005,0.0558027
5.0948e-005,0.0551727
5.0952e-005,0.0549594
5.0956e-005,0.056011
5.096e-005,0.05614
5.0964e-005,0.0548701
5.0968e-005,0.0549643
5.0972e-005,0.055763
5.0976e-005,0.055128
5.098e-005,0.0555596
5.0984e-005,0.0558374
5.0988e-005,0.0556539
5.0992e-005,0.0558622
5.0996e-005,0.0561648
5.1e-005,0.0558821
5.1004e-005,0.0560904
5.1008e-005,0.0560309
5.1012e-005,0.0556985
5.1016e-005,0.0555745
5.102e-005,0.0562442
5.1024e-005,0.0564674
5.1028e-005,0.0556588
5.1032e-005,0.0560259
5.1036e-005,0.0554554
5.104e-005,0.0559614
5.1044e-005,0.0563732
5.1048e-005,0.0558523
5.1052e-005,0.0561549
5.1056e-005,0.0563732
5.106e-005,0.0562095
5.1064e-005,0.0562144
5.1068e-005,0.0563583
5.1072e-005,0.0559565
5.1076e-005,0.0564426
5.108e-005,0.0562045
5.1084e-005,0.0559118
5.1088e-005,0.0559118
5.1092e-005,0.0570131
5.1096e-005,0.0560706
5.11e-005,0.0564128
5.1104e-005,0.0566162
5.1108e-005,0.0562789
5.1112e-005,0.0563583
5.1116e-005,0.056016
5.112e-005,0.0561598
5.1124e-005,0.0559713
5.1128e-005,0.0564823
5.1132e-005,0.0556092
5.1136e-005,0.055887
5.114e-005,0.0560755
5.1144e-005,0.0562144
5.1148e-005,0.0560209
5.1152e-005,0.0562739
5.1156e-005,0.0557134
5.116e-005,0.0565865
5.1164e-005,0.0566063
5.1168e-005,0.0555447
5.1172e-005,0.0560458
5.1176e-005,0.0560458
5.118e-005,0.0565468
5.1184e-005,0.0558622
5.1188e-005,0.05614
5.1192e-005,0.0558225
5.1196e-005,0.0560309
5.12e-005,0.056522
5.1204e-005,0.0559366
5.1208e-005,0.0562491
5.1212e-005,0.0563335
5.1216e-005,0.0566609
5.122e-005,0.056512
5.1224e-005,0.0566113
5.1228e-005,0.0569883
5.1232e-005,0.0558176
5.1236e-005,0.0564476
5.124e-005,0.0562789
5.1244e-005,0.0563285
5.1248e-005,0.0571718
5.1252e-005,0.0565567
5.1256e-005,0.0558225
5.126e-005,0.0564773
