+------------------------------------------------------------------------------------------------------------------------------------------------------------------------------------------------------------------+
; Legal Partition Candidates                                                                                                                                                                                       ;
+-------------+-------+----------------+--------------+----------------+--------+-----------------+---------------+-----------------+-------+----------------+--------------+------------------+-------------------+
; Hierarchy   ; Input ; Constant Input ; Unused Input ; Floating Input ; Output ; Constant Output ; Unused Output ; Floating Output ; Bidir ; Constant Bidir ; Unused Bidir ; Input only Bidir ; Output only Bidir ;
+-------------+-------+----------------+--------------+----------------+--------+-----------------+---------------+-----------------+-------+----------------+--------------+------------------+-------------------+
; inst5       ; 35    ; 4              ; 0            ; 4              ; 15     ; 4               ; 4             ; 4               ; 0     ; 0              ; 0            ; 0                ; 0                 ;
; inst4       ; 17    ; 0              ; 0            ; 0              ; 14     ; 0               ; 0             ; 0               ; 0     ; 0              ; 0            ; 0                ; 0                 ;
; inst6       ; 2     ; 0              ; 0            ; 0              ; 1      ; 0               ; 0             ; 0               ; 0     ; 0              ; 0            ; 0                ; 0                 ;
; inst9       ; 2     ; 0              ; 0            ; 0              ; 1      ; 0               ; 0             ; 0               ; 0     ; 0              ; 0            ; 0                ; 0                 ;
; inst10      ; 132   ; 112            ; 0            ; 112            ; 152    ; 112             ; 112           ; 112             ; 0     ; 0              ; 0            ; 0                ; 0                 ;
; inst14      ; 2     ; 0              ; 0            ; 0              ; 1      ; 0               ; 0             ; 0               ; 0     ; 0              ; 0            ; 0                ; 0                 ;
; inst1|inst  ; 3     ; 0              ; 0            ; 0              ; 1      ; 0               ; 0             ; 0               ; 0     ; 0              ; 0            ; 0                ; 0                 ;
; inst1|inst2 ; 3     ; 0              ; 0            ; 0              ; 1      ; 0               ; 0             ; 0               ; 0     ; 0              ; 0            ; 0                ; 0                 ;
; inst1|inst3 ; 3     ; 0              ; 0            ; 0              ; 1      ; 0               ; 0             ; 0               ; 0     ; 0              ; 0            ; 0                ; 0                 ;
; inst1|inst4 ; 3     ; 0              ; 0            ; 0              ; 1      ; 0               ; 0             ; 0               ; 0     ; 0              ; 0            ; 0                ; 0                 ;
; inst1|inst5 ; 3     ; 0              ; 0            ; 0              ; 1      ; 0               ; 0             ; 0               ; 0     ; 0              ; 0            ; 0                ; 0                 ;
; inst1|inst6 ; 3     ; 0              ; 0            ; 0              ; 1      ; 0               ; 0             ; 0               ; 0     ; 0              ; 0            ; 0                ; 0                 ;
; inst1|inst7 ; 3     ; 0              ; 0            ; 0              ; 1      ; 0               ; 0             ; 0               ; 0     ; 0              ; 0            ; 0                ; 0                 ;
; inst1|inst8 ; 3     ; 0              ; 0            ; 0              ; 1      ; 0               ; 0             ; 0               ; 0     ; 0              ; 0            ; 0                ; 0                 ;
; inst1       ; 10    ; 0              ; 0            ; 0              ; 1      ; 0               ; 0             ; 0               ; 0     ; 0              ; 0            ; 0                ; 0                 ;
; inst2       ; 18    ; 71             ; 0            ; 71             ; 79     ; 71              ; 71            ; 71              ; 0     ; 0              ; 0            ; 0                ; 0                 ;
+-------------+-------+----------------+--------------+----------------+--------+-----------------+---------------+-----------------+-------+----------------+--------------+------------------+-------------------+
