LECROYWR104MXi,20621,Waveform
Segments,1,SegmentSize,2501
Segment,TrigTime,TimeSinceSegment1
#1,21-May-2015 13:59:34,0                 
Time,Ampl
4.126e-005,0.0564922
4.1264e-005,0.0564624
4.1268e-005,0.0565666
4.1272e-005,0.0566509
4.1276e-005,0.0563533
4.128e-005,0.0566708
4.1284e-005,0.0567353
4.1288e-005,0.0559217
4.1292e-005,0.0567402
4.1296e-005,0.0564029
4.13e-005,0.0564029
4.1304e-005,0.0559614
4.1308e-005,0.0568246
4.1312e-005,0.0568593
4.1316e-005,0.0557828
4.132e-005,0.0564872
4.1324e-005,0.0565021
4.1328e-005,0.0566757
4.1332e-005,0.056264
4.1336e-005,0.0565964
4.134e-005,0.0568494
4.1344e-005,0.0567055
4.1348e-005,0.0565269
4.1352e-005,0.0574099
4.1356e-005,0.0567849
4.136e-005,0.0569287
4.1364e-005,0.0562293
4.1368e-005,0.0561797
4.1372e-005,0.0566658
4.1376e-005,0.0571172
4.138e-005,0.0568742
4.1384e-005,0.0565666
4.1388e-005,0.05614
4.1392e-005,0.0569684
4.1396e-005,0.0565021
4.14e-005,0.0566311
4.1404e-005,0.0565617
4.1408e-005,0.056765
4.1412e-005,0.0574446
4.1416e-005,0.0567204
4.142e-005,0.0565369
4.1424e-005,0.0565468
4.1428e-005,0.0574694
4.1432e-005,0.0562293
4.1436e-005,0.0561152
4.144e-005,0.0568047
4.1444e-005,0.0568891
4.1448e-005,0.0569139
4.1452e-005,0.0568345
4.1456e-005,0.0571768
4.146e-005,0.0566857
4.1464e-005,0.057276
4.1468e-005,0.0562392
4.1472e-005,0.0561698
4.1476e-005,0.0559515
4.148e-005,0.0565517
4.1484e-005,0.0568891
4.1488e-005,0.0568047
4.1492e-005,0.0567601
4.1496e-005,0.0567006
4.15e-005,0.0568891
4.1504e-005,0.056398
4.1508e-005,0.057018
4.1512e-005,0.0570428
4.1516e-005,0.0570577
4.152e-005,0.0562194
4.1524e-005,0.0569188
4.1528e-005,0.0567254
4.1532e-005,0.0567204
4.1536e-005,0.0570379
4.154e-005,0.0565369
4.1544e-005,0.0574595
4.1548e-005,0.0571123
4.1552e-005,0.0569635
4.1556e-005,0.0570428
4.156e-005,0.0574099
4.1564e-005,0.0567898
4.1568e-005,0.0565567
4.1572e-005,0.0564376
4.1576e-005,0.0564872
4.158e-005,0.056269
4.1584e-005,0.0566956
4.1588e-005,0.0565964
4.1592e-005,0.0569535
4.1596e-005,0.0568891
4.16e-005,0.0563087
4.1604e-005,0.0563831
4.1608e-005,0.057524
4.1612e-005,0.0566162
4.1616e-005,0.0566212
4.162e-005,0.0565021
4.1624e-005,0.0562144
4.1628e-005,0.0565765
4.1632e-005,0.0566807
4.1636e-005,0.0564525
4.164e-005,0.0565617
4.1644e-005,0.0569982
4.1648e-005,0.0567154
4.1652e-005,0.0571569
4.1656e-005,0.0570776
4.166e-005,0.0567353
4.1664e-005,0.0562442
4.1668e-005,0.0563632
4.1672e-005,0.0563186
4.1676e-005,0.0564327
4.168e-005,0.0573008
4.1684e-005,0.0565517
4.1688e-005,0.0566013
4.1692e-005,0.0569387
4.1696e-005,0.0569188
4.17e-005,0.0565716
4.1704e-005,0.0545278
4.1708e-005,0.046571
4.1712e-005,0.0420172
4.1716e-005,0.039398
4.172e-005,0.0372253
4.1724e-005,0.0369375
4.1728e-005,0.0345565
4.1732e-005,0.024417
4.1736e-005,0.0204733
4.174e-005,0.0190596
4.1744e-005,0.0193969
4.1748e-005,0.0189951
4.1752e-005,0.01837
4.1756e-005,0.00818594
4.176e-005,0.00180166
4.1764e-005,0.00134032
4.1768e-005,8.52922e-005
4.1772e-005,0.0004871
4.1776e-005,0.000958357
4.178e-005,0.00104269
4.1784e-005,0.000462297
4.1788e-005,0.000214268
4.1792e-005,-0.000301634
4.1796e-005,0.0110631
4.18e-005,0.0201013
4.1804e-005,0.0254637
4.1808e-005,0.0301911
4.1812e-005,0.0351071
4.1816e-005,0.037761
4.182e-005,0.039646
4.1824e-005,0.0416402
4.1828e-005,0.0436046
4.1832e-005,0.0450382
4.1836e-005,0.0464222
4.184e-005,0.047449
4.1844e-005,0.0482477
4.1848e-005,0.0485255
4.1852e-005,0.0498698
4.1856e-005,0.0498351
4.186e-005,0.0504998
4.1864e-005,0.0512637
4.1868e-005,0.0515217
4.1872e-005,0.0521269
4.1876e-005,0.0527569
4.188e-005,0.0535605
4.1884e-005,0.0541607
4.1888e-005,0.0540069
4.1892e-005,0.0546915
4.1896e-005,0.0547659
4.19e-005,0.0553364
4.1904e-005,0.0552769
4.1908e-005,0.0553562
4.1912e-005,0.0555695
4.1916e-005,0.0560854
4.192e-005,0.0562541
4.1924e-005,0.0567502
4.1928e-005,0.0566013
4.1932e-005,0.057142
4.1936e-005,0.0569932
4.194e-005,0.0569932
4.1944e-005,0.0572958
4.1948e-005,0.0572065
4.1952e-005,0.0573702
4.1956e-005,0.057271
4.196e-005,0.0575984
4.1964e-005,0.0582086
4.1968e-005,0.058407
4.1972e-005,0.0573851
4.1976e-005,0.0580945
4.198e-005,0.058536
4.1984e-005,0.0578365
4.1988e-005,0.0581738
4.1992e-005,0.0586501
4.1996e-005,0.0583127
4.2e-005,0.0586401
4.2004e-005,0.0588485
4.2008e-005,0.0584864
4.2012e-005,0.0585161
4.2016e-005,0.0583276
4.202e-005,0.0585558
4.2024e-005,0.0581292
4.2028e-005,0.0583772
4.2032e-005,0.0586699
4.2036e-005,0.0590072
4.204e-005,0.0585657
4.2044e-005,0.0584516
4.2048e-005,0.0584963
4.2052e-005,0.0589725
4.2056e-005,0.0582879
4.206e-005,0.058779
4.2064e-005,0.0585608
4.2068e-005,0.0587195
4.2072e-005,0.0588931
4.2076e-005,0.0588187
4.208e-005,0.0588138
4.2084e-005,0.0586848
4.2088e-005,0.0585112
4.2092e-005,0.0591858
4.2096e-005,0.0583723
4.21e-005,0.0589031
4.2104e-005,0.0585856
4.2108e-005,0.0585608
4.2112e-005,0.0587542
4.2116e-005,0.058789
4.212e-005,0.0585161
4.2124e-005,0.058789
4.2128e-005,0.0582383
4.2132e-005,0.0587096
4.2136e-005,0.0590122
4.214e-005,0.059032
4.2144e-005,0.0586203
4.2148e-005,0.0584368
4.2152e-005,0.0588634
4.2156e-005,0.0590767
4.216e-005,0.0589427
4.2164e-005,0.0587046
4.2168e-005,0.0587642
4.2172e-005,0.058531
4.2176e-005,0.0587344
4.218e-005,0.0587741
4.2184e-005,0.0586104
4.2188e-005,0.0591263
4.2192e-005,0.0587741
4.2196e-005,0.058407
4.22e-005,0.0587493
4.2204e-005,0.059032
4.2208e-005,0.0585558
4.2212e-005,0.0585707
4.2216e-005,0.058531
4.222e-005,0.0589725
4.2224e-005,0.0589031
4.2228e-005,0.0588981
4.2232e-005,0.0587195
4.2236e-005,0.0585806
4.224e-005,0.0589775
4.2244e-005,0.058913
4.2248e-005,0.0586401
4.2252e-005,0.0587542
4.2256e-005,0.0592999
4.226e-005,0.0586302
4.2264e-005,0.0584715
4.2268e-005,0.0581738
4.2272e-005,0.0586699
4.2276e-005,0.0590271
4.228e-005,0.0584665
4.2284e-005,0.0591164
4.2288e-005,0.0587741
4.2292e-005,0.0591064
4.2296e-005,0.0586501
4.23e-005,0.0587691
4.2304e-005,0.0589923
4.2308e-005,0.058784
4.2312e-005,0.0589725
4.2316e-005,0.0592057
4.232e-005,0.0591213
4.2324e-005,0.0587691
4.2328e-005,0.0592255
4.2332e-005,0.0593545
4.2336e-005,0.0583921
4.234e-005,0.0590171
4.2344e-005,0.0590072
4.2348e-005,0.0591263
4.2352e-005,0.0588683
4.2356e-005,0.0587642
4.236e-005,0.0588237
4.2364e-005,0.0588237
4.2368e-005,0.0587394
4.2372e-005,0.0589477
4.2376e-005,0.0590816
4.238e-005,0.0589229
4.2384e-005,0.0586302
4.2388e-005,0.0588435
4.2392e-005,0.058784
4.2396e-005,0.05866
4.24e-005,0.0586798
4.2404e-005,0.0591064
4.2408e-005,0.0591312
4.2412e-005,0.058789
4.2416e-005,0.0588336
4.242e-005,0.0590271
4.2424e-005,0.0590171
4.2428e-005,0.0585856
4.2432e-005,0.0586302
4.2436e-005,0.0590816
4.244e-005,0.0587245
4.2444e-005,0.0587245
4.2448e-005,0.0587294
4.2452e-005,0.0588038
4.2456e-005,0.0587195
4.246e-005,0.059037
4.2464e-005,0.0592751
4.2468e-005,0.0587493
4.2472e-005,0.0567105
4.2476e-005,0.0482576
4.248e-005,0.0424339
4.2484e-005,0.0396014
4.2488e-005,0.0379942
4.2492e-005,0.0375973
4.2496e-005,0.0350724
4.25e-005,0.0243575
4.2504e-005,0.0207462
4.2508e-005,0.0196648
4.2512e-005,0.0194663
4.2516e-005,0.0187669
4.252e-005,0.0184792
4.2524e-005,0.00648942
4.2528e-005,0.00128576
4.2532e-005,0.00122127
4.2536e-005,0.000159701
4.254e-005,0.000844263
4.2544e-005,0.000373007
4.2548e-005,0.000268834
4.2552e-005,0.000338282
4.2556e-005,0.000640879
4.256e-005,6.54498e-005
4.2564e-005,0.0119014
4.2568e-005,0.020265
4.2572e-005,0.0222939
4.2576e-005,0.0251065
4.258e-005,0.0282069
4.2584e-005,0.029452
4.2588e-005,0.0310692
4.2592e-005,0.0339314
4.2596e-005,0.0345515
4.26e-005,0.0357718
4.2604e-005,0.0368185
4.2608e-005,0.0374634
4.2612e-005,0.0383216
4.2616e-005,0.0389813
4.262e-005,0.0400528
4.2624e-005,0.0400578
4.2628e-005,0.0401967
4.2632e-005,0.0415707
4.2636e-005,0.0420618
4.264e-005,0.0417493
4.2644e-005,0.0417295
4.2648e-005,0.0418088
4.2652e-005,0.0424438
4.2656e-005,0.0423496
4.266e-005,0.0427811
4.2664e-005,0.042672
4.2668e-005,0.0428109
4.2672e-005,0.0426571
4.2676e-005,0.0429746
4.268e-005,0.0428952
4.2684e-005,0.042791
4.2688e-005,0.0430837
4.2692e-005,0.0429795
4.2696e-005,0.0429944
4.27e-005,0.0433863
4.2704e-005,0.0427712
4.2708e-005,0.0432425
4.2712e-005,0.0431581
4.2716e-005,0.0420618
4.272e-005,0.0431929
4.2724e-005,0.0426621
4.2728e-005,0.0424884
4.2732e-005,0.0428853
4.2736e-005,0.0432077
4.274e-005,0.043044
4.2744e-005,0.0428208
4.2748e-005,0.0430788
4.2752e-005,0.0429349
4.2756e-005,0.0432772
4.276e-005,0.0430192
4.2764e-005,0.042667
4.2768e-005,0.0430044
4.2772e-005,0.0430292
4.2776e-005,0.0428605
4.278e-005,0.0430192
4.2784e-005,0.0425976
4.2788e-005,0.042166
4.2792e-005,0.0427662
4.2796e-005,0.0428258
4.28e-005,0.0425877
4.2804e-005,0.0427563
4.2808e-005,0.0430044
4.2812e-005,0.0427266
4.2816e-005,0.0427464
4.282e-005,0.0433714
4.2824e-005,0.0428754
4.2828e-005,0.0428555
4.2832e-005,0.0430936
4.2836e-005,0.0428952
4.284e-005,0.0429795
4.2844e-005,0.0427514
4.2848e-005,0.042677
4.2852e-005,0.0424537
4.2856e-005,0.0426918
4.286e-005,0.0422503
4.2864e-005,0.0427861
4.2868e-005,0.0428853
4.2872e-005,0.042672
4.2876e-005,0.0429151
4.288e-005,0.0433466
4.2884e-005,0.0430738
4.2888e-005,0.0429101
4.2892e-005,0.0431978
4.2896e-005,0.0423793
4.29e-005,0.0424537
4.2904e-005,0.0433665
4.2908e-005,0.042424
4.2912e-005,0.0425728
4.2916e-005,0.0430788
4.292e-005,0.0432921
4.2924e-005,0.0427365
4.2928e-005,0.0424041
4.2932e-005,0.0437435
4.2936e-005,0.0433962
4.294e-005,0.0431284
4.2944e-005,0.0427166
4.2948e-005,0.0429547
4.2952e-005,0.0432028
4.2956e-005,0.0430242
4.296e-005,0.0427067
4.2964e-005,0.0428853
4.2968e-005,0.0425777
4.2972e-005,0.0427563
4.2976e-005,0.0432623
4.298e-005,0.0429299
4.2984e-005,0.0425827
4.2988e-005,0.0433764
4.2992e-005,0.0428903
4.2996e-005,0.0430044
4.3e-005,0.0429002
4.3004e-005,0.0425133
4.3008e-005,0.0425827
4.3012e-005,0.0425033
4.3016e-005,0.0425777
4.302e-005,0.0422801
4.3024e-005,0.043044
4.3028e-005,0.0424438
4.3032e-005,0.0427514
4.3036e-005,0.0426174
4.304e-005,0.0422999
4.3044e-005,0.0429051
4.3048e-005,0.0429895
4.3052e-005,0.0421611
4.3056e-005,0.0430044
4.306e-005,0.0422702
4.3064e-005,0.0428059
4.3068e-005,0.0427861
4.3072e-005,0.0426869
4.3076e-005,0.042796
4.308e-005,0.042424
4.3084e-005,0.0416898
4.3088e-005,0.0426968
4.3092e-005,0.043049
4.3096e-005,0.0427166
4.31e-005,0.0426621
4.3104e-005,0.0428605
4.3108e-005,0.0430391
4.3112e-005,0.0428655
4.3116e-005,0.0430688
4.312e-005,0.0429795
4.3124e-005,0.042796
4.3128e-005,0.0424537
4.3132e-005,0.0421263
4.3136e-005,0.0428407
4.314e-005,0.0428456
4.3144e-005,0.0428555
4.3148e-005,0.0430341
4.3152e-005,0.0424388
4.3156e-005,0.0429696
4.316e-005,0.0419874
4.3164e-005,0.0419428
4.3168e-005,0.0429299
4.3172e-005,0.0422702
4.3176e-005,0.0424736
4.318e-005,0.0428952
4.3184e-005,0.04292
4.3188e-005,0.042667
4.3192e-005,0.0426025
4.3196e-005,0.0428357
4.32e-005,0.042925
4.3204e-005,0.0433714
4.3208e-005,0.0426075
4.3212e-005,0.0428208
4.3216e-005,0.0430887
4.322e-005,0.0425728
4.3224e-005,0.0429299
4.3228e-005,0.0429448
4.3232e-005,0.0431879
4.3236e-005,0.0420618
4.324e-005,0.0418188
4.3244e-005,0.0387432
4.3248e-005,0.0373294
4.3252e-005,0.0361587
4.3256e-005,0.0358462
4.326e-005,0.0349682
4.3264e-005,0.0344473
4.3268e-005,0.0244567
4.3272e-005,0.0199525
4.3276e-005,0.0194118
4.328e-005,0.0183552
4.3284e-005,0.019134
4.3288e-005,0.0186974
4.3292e-005,0.00769484
4.3296e-005,0.000759933
4.33e-005,0.00090379
4.3304e-005,0.000258913
4.3308e-005,0.000387888
4.3312e-005,0.000625997
4.3316e-005,0.000948436
4.332e-005,0.000601194
4.3324e-005,0.000288677
4.3328e-005,4.56074e-005
4.3332e-005,0.0110829
4.3336e-005,0.0191836
4.334e-005,0.0233009
4.3344e-005,0.0266741
4.3348e-005,0.030836
4.3352e-005,0.0333709
4.3356e-005,0.0348491
4.336e-005,0.0372649
4.3364e-005,0.0391797
4.3368e-005,0.0395518
4.3372e-005,0.0409457
4.3376e-005,0.0424785
4.338e-005,0.0431929
4.3384e-005,0.0445471
4.3388e-005,0.0439915
4.3392e-005,0.0452465
4.3396e-005,0.0459757
4.34e-005,0.0467992
4.3404e-005,0.0467496
4.3408e-005,0.0468687
4.3412e-005,0.0481386
4.3416e-005,0.0482279
4.342e-005,0.048089
4.3424e-005,0.0488182
4.3428e-005,0.0493192
4.3432e-005,0.0493341
4.3436e-005,0.0495474
4.344e-005,0.0496863
4.3444e-005,0.0500881
4.3448e-005,0.0494531
4.3452e-005,0.0497855
4.3456e-005,0.0498152
4.346e-005,0.0503163
4.3464e-005,0.0500385
4.3468e-005,0.0506734
4.3472e-005,0.0497954
4.3476e-005,0.050093
4.348e-005,0.0507082
4.3484e-005,0.0502319
4.3488e-005,0.0505048
4.3492e-005,0.0507429
4.3496e-005,0.0504552
4.35e-005,0.0507131
4.3504e-005,0.0506982
4.3508e-005,0.0506337
4.3512e-005,0.0503907
4.3516e-005,0.0515465
4.352e-005,0.0501674
4.3524e-005,0.0513233
4.3528e-005,0.0510604
4.3532e-005,0.0509909
4.3536e-005,0.0509413
4.354e-005,0.05111
4.3544e-005,0.0505593
4.3548e-005,0.0512389
4.3552e-005,0.0515564
4.3556e-005,0.0506933
4.356e-005,0.0504849
4.3564e-005,0.0513381
4.3568e-005,0.0504403
4.3572e-005,0.0517747
4.3576e-005,0.0516507
4.358e-005,0.0515911
4.3584e-005,0.050852
4.3588e-005,0.0512538
4.3592e-005,0.0513431
4.3596e-005,0.0511546
4.36e-005,0.0511397
4.3604e-005,0.0504204
4.3608e-005,0.0515068
4.3612e-005,0.0508123
4.3616e-005,0.0513679
4.362e-005,0.0509115
4.3624e-005,0.0508967
4.3628e-005,0.0508272
4.3632e-005,0.0511943
4.3636e-005,0.0516159
4.364e-005,0.0513034
4.3644e-005,0.0507826
4.3648e-005,0.0515167
4.3652e-005,0.0506933
4.3656e-005,0.0512092
4.366e-005,0.0519235
4.3664e-005,0.051611
4.3668e-005,0.0515961
4.3672e-005,0.0518193
4.3676e-005,0.0506437
4.368e-005,0.0510802
4.3684e-005,0.051105
4.3688e-005,0.0506387
4.3692e-005,0.0509413
4.3696e-005,0.0513481
4.37e-005,0.0511645
4.3704e-005,0.0510554
4.3708e-005,0.0507974
4.3712e-005,0.0510901
4.3716e-005,0.0512389
4.372e-005,0.0509115
4.3724e-005,0.0507181
4.3728e-005,0.0512737
4.3732e-005,0.0513679
4.3736e-005,0.0510504
4.374e-005,0.0505544
4.3744e-005,0.05048
4.3748e-005,0.0506784
4.3752e-005,0.0509066
4.3756e-005,0.0511993
4.376e-005,0.0508768
4.3764e-005,0.0506238
4.3768e-005,0.0515267
4.3772e-005,0.0509711
4.3776e-005,0.0507627
4.378e-005,0.0510802
4.3784e-005,0.0503758
4.3788e-005,0.0512439
4.3792e-005,0.0510703
4.3796e-005,0.0516904
4.38e-005,0.0514969
4.3804e-005,0.050981
4.3808e-005,0.0510356
4.3812e-005,0.0508619
4.3816e-005,0.0510207
4.382e-005,0.0511596
4.3824e-005,0.0515465
4.3828e-005,0.0512885
4.3832e-005,0.0510703
4.3836e-005,0.0513679
4.384e-005,0.0510604
4.3844e-005,0.051105
4.3848e-005,0.0512241
4.3852e-005,0.0518243
4.3856e-005,0.0517449
4.386e-005,0.0508074
4.3864e-005,0.0513977
4.3868e-005,0.0503113
4.3872e-005,0.0512687
4.3876e-005,0.0511496
4.388e-005,0.0511496
4.3884e-005,0.0504502
4.3888e-005,0.0509711
4.3892e-005,0.050346
4.3896e-005,0.050723
4.39e-005,0.0516407
4.3904e-005,0.0515564
4.3908e-005,0.0512985
4.3912e-005,0.0507032
4.3916e-005,0.0510653
4.392e-005,0.0509909
4.3924e-005,0.0513084
4.3928e-005,0.050723
4.3932e-005,0.0508867
4.3936e-005,0.0511348
4.394e-005,0.0510058
4.3944e-005,0.0508669
4.3948e-005,0.0511744
4.3952e-005,0.0509463
4.3956e-005,0.0508024
4.396e-005,0.051487
4.3964e-005,0.0518243
4.3968e-005,0.0512141
4.3972e-005,0.0516358
4.3976e-005,0.0514522
4.398e-005,0.0509066
4.3984e-005,0.0511794
4.3988e-005,0.0511298
4.3992e-005,0.0512489
4.3996e-005,0.0513183
4.4e-005,0.0510504
4.4004e-005,0.0511397
4.4008e-005,0.0494482
4.4012e-005,0.0436393
4.4016e-005,0.0396857
4.402e-005,0.0377908
4.4024e-005,0.0363026
4.4028e-005,0.0364861
4.4032e-005,0.0341249
4.4036e-005,0.0247891
4.404e-005,0.0209545
4.4044e-005,0.0194068
4.4048e-005,0.0185337
4.4052e-005,0.0185238
4.4056e-005,0.0178194
4.406e-005,0.0078635
4.4064e-005,0.0016578
4.4068e-005,0.00117662
4.4072e-005,0.000526785
4.4076e-005,-0.000137935
4.408e-005,0.00100796
4.4084e-005,0.000869066
4.4088e-005,0.000412691
4.4092e-005,0.000467258
4.4096e-005,-2.38409e-005
4.41e-005,0.0118766
4.4104e-005,0.0204733
4.4108e-005,0.0248635
4.4112e-005,0.0292883
4.4116e-005,0.033485
4.412e-005,0.0350228
4.4124e-005,0.0379098
4.4128e-005,0.0401619
4.4132e-005,0.0417146
4.4136e-005,0.0421611
4.414e-005,0.0438179
4.4144e-005,0.0452069
4.4148e-005,0.0455987
4.4152e-005,0.0468587
4.4156e-005,0.047206
4.416e-005,0.0478112
4.4164e-005,0.0484957
4.4168e-005,0.0493241
4.4172e-005,0.0493837
4.4176e-005,0.0508669
4.418e-005,0.0505742
4.4184e-005,0.0515465
4.4188e-005,0.0518193
4.4192e-005,0.0521418
4.4196e-005,0.0528214
4.42e-005,0.0526229
4.4204e-005,0.0536349
4.4208e-005,0.0532777
4.4212e-005,0.0541558
4.4216e-005,0.0536944
4.422e-005,0.0544435
4.4224e-005,0.0546915
4.4228e-005,0.0542599
4.4232e-005,0.0540764
4.4236e-005,0.0548552
4.424e-005,0.0547014
4.4244e-005,0.0547709
4.4248e-005,0.0551181
4.4252e-005,0.0548502
4.4256e-005,0.0550933
4.426e-005,0.0552719
4.4264e-005,0.0550388
4.4268e-005,0.0553116
4.4272e-005,0.0549743
4.4276e-005,0.0559416
4.428e-005,0.055505
4.4284e-005,0.0561003
4.4288e-005,0.0552124
4.4292e-005,0.0561251
4.4296e-005,0.0560904
4.43e-005,0.0562442
4.4304e-005,0.055768
4.4308e-005,0.0559416
4.4312e-005,0.055887
4.4316e-005,0.0561301
4.432e-005,0.0554951
4.4324e-005,0.0558523
4.4328e-005,0.0560755
4.4332e-005,0.0564674
4.4336e-005,0.0563632
4.434e-005,0.0564972
4.4344e-005,0.0571321
4.4348e-005,0.0561648
4.4352e-005,0.0571272
4.4356e-005,0.0568047
4.436e-005,0.0563037
4.4364e-005,0.0562491
4.4368e-005,0.0566311
4.4372e-005,0.0566559
4.4376e-005,0.0564674
4.438e-005,0.0562095
4.4384e-005,0.0563384
4.4388e-005,0.0570528
4.4392e-005,0.0565914
4.4396e-005,0.0567998
4.44e-005,0.0564327
4.4404e-005,0.057028
4.4408e-005,0.0564426
4.4412e-005,0.0565964
4.4416e-005,0.0568444
4.442e-005,0.0564376
4.4424e-005,0.0568543
4.4428e-005,0.0567998
4.4432e-005,0.0563384
4.4436e-005,0.0568643
4.444e-005,0.0567898
4.4444e-005,0.0559317
4.4448e-005,0.0567006
4.4452e-005,0.0570031
4.4456e-005,0.0564029
4.446e-005,0.0566261
4.4464e-005,0.0564724
4.4468e-005,0.0567452
4.4472e-005,0.057023
4.4476e-005,0.0571172
4.448e-005,0.0564624
4.4484e-005,0.0566757
4.4488e-005,0.0570924
4.4492e-005,0.056517
4.4496e-005,0.0564823
4.45e-005,0.0568196
4.4504e-005,0.0560706
4.4508e-005,0.056641
4.4512e-005,0.0566609
4.4516e-005,0.0566311
4.452e-005,0.0565021
4.4524e-005,0.0560706
4.4528e-005,0.0560557
4.4532e-005,0.0563037
4.4536e-005,0.0568444
4.454e-005,0.0562987
4.4544e-005,0.0563632
4.4548e-005,0.0565617
4.4552e-005,0.0568593
4.4556e-005,0.0568692
4.456e-005,0.0570428
4.4564e-005,0.0567204
4.4568e-005,0.057018
4.4572e-005,0.0567502
4.4576e-005,0.0567849
4.458e-005,0.0564773
4.4584e-005,0.0567551
4.4588e-005,0.0565418
4.4592e-005,0.0563384
4.4596e-005,0.0565369
4.46e-005,0.0564277
4.4604e-005,0.0563136
4.4608e-005,0.0564872
4.4612e-005,0.0564376
4.4616e-005,0.0560259
4.462e-005,0.0559168
4.4624e-005,0.0565716
4.4628e-005,0.056512
4.4632e-005,0.0570131
4.4636e-005,0.0564376
4.464e-005,0.0566361
4.4644e-005,0.0571966
4.4648e-005,0.0568891
4.4652e-005,0.056641
4.4656e-005,0.0565021
4.466e-005,0.056398
4.4664e-005,0.0564476
4.4668e-005,0.0565517
4.4672e-005,0.0563285
4.4676e-005,0.0567998
4.468e-005,0.0573653
4.4684e-005,0.0572065
4.4688e-005,0.0566807
4.4692e-005,0.0569287
4.4696e-005,0.0563136
4.47e-005,0.0562243
4.4704e-005,0.056775
4.4708e-005,0.0566906
4.4712e-005,0.0562739
4.4716e-005,0.0571371
4.472e-005,0.0563235
4.4724e-005,0.0569783
4.4728e-005,0.0571718
4.4732e-005,0.0569089
4.4736e-005,0.0572115
4.474e-005,0.0572462
4.4744e-005,0.0571172
4.4748e-005,0.0563285
4.4752e-005,0.0565765
4.4756e-005,0.0571966
4.476e-005,0.0573851
4.4764e-005,0.0570924
4.4768e-005,0.0569684
4.4772e-005,0.0566311
4.4776e-005,0.0540764
4.478e-005,0.0463924
4.4784e-005,0.041283
4.4788e-005,0.0388672
4.4792e-005,0.0372203
4.4796e-005,0.0362927
4.48e-005,0.0345961
4.4804e-005,0.0241343
4.4808e-005,0.0197987
4.4812e-005,0.019635
4.4816e-005,0.0189405
4.482e-005,0.0181468
4.4824e-005,0.0184196
4.4828e-005,0.007298
4.4832e-005,0.00114686
4.4836e-005,0.00146434
4.484e-005,5.55286e-005
4.4844e-005,0.000645839
4.4848e-005,0.000789697
4.4852e-005,0.000596233
4.4856e-005,0.00057143
4.486e-005,0.000452376
4.4864e-005,-0.000782812
4.4868e-005,0.011703
4.4872e-005,0.0211777
4.4876e-005,0.0254835
4.488e-005,0.0298042
4.4884e-005,0.0354295
4.4888e-005,0.0378205
4.4892e-005,0.0395865
4.4896e-005,0.0420222
4.49e-005,0.0430639
4.4904e-005,0.045068
4.4908e-005,0.0465313
4.4912e-005,0.0465363
4.4916e-005,0.0479798
4.492e-005,0.0484858
4.4924e-005,0.0491853
4.4928e-005,0.0492646
4.4932e-005,0.0505593
4.4936e-005,0.0509661
4.494e-005,0.0521368
4.4944e-005,0.0518987
4.4948e-005,0.0522162
4.4952e-005,0.053377
4.4956e-005,0.0529652
4.496e-005,0.0542401
4.4964e-005,0.0537639
4.4968e-005,0.054885
4.4972e-005,0.0549197
4.4976e-005,0.054632
4.498e-005,0.0553761
4.4984e-005,0.0559465
4.4988e-005,0.0555943
4.4992e-005,0.0563583
4.4996e-005,0.0560656
4.5e-005,0.0570627
4.5004e-005,0.0565319
4.5008e-005,0.0568345
4.5012e-005,0.0563682
4.5016e-005,0.0569486
4.502e-005,0.0568047
4.5024e-005,0.0564376
4.5028e-005,0.0567353
4.5032e-005,0.0575786
4.5036e-005,0.057653
4.504e-005,0.0578167
4.5044e-005,0.0575587
4.5048e-005,0.0576778
4.5052e-005,0.0578663
4.5056e-005,0.0576083
4.506e-005,0.0582731
4.5064e-005,0.0580201
4.5068e-005,0.0578216
4.5072e-005,0.0580598
4.5076e-005,0.058159
4.508e-005,0.0582036
4.5084e-005,0.0577125
4.5088e-005,0.0579159
4.5092e-005,0.0581143
4.5096e-005,0.0579258
4.51e-005,0.0582731
4.5104e-005,0.0579556
4.5108e-005,0.0585409
4.5112e-005,0.0583425
4.5116e-005,0.0586005
4.512e-005,0.0583375
4.5124e-005,0.0585211
4.5128e-005,0.0584715
4.5132e-005,0.0586947
4.5136e-005,0.058789
4.514e-005,0.0587741
4.5144e-005,0.0583028
4.5148e-005,0.0587394
4.5152e-005,0.0586451
4.5156e-005,0.0584913
4.516e-005,0.0583574
4.5164e-005,0.0585558
4.5168e-005,0.058412
4.5172e-005,0.0589031
4.5176e-005,0.0587939
4.518e-005,0.0585459
4.5184e-005,0.0584169
4.5188e-005,0.0585905
4.5192e-005,0.0586897
4.5196e-005,0.0589378
4.52e-005,0.0591461
4.5204e-005,0.0585509
4.5208e-005,0.058913
4.5212e-005,0.0584913
4.5216e-005,0.0586649
4.522e-005,0.0585955
4.5224e-005,0.0588683
4.5228e-005,0.0585955
4.5232e-005,0.0583971
4.5236e-005,0.0583772
4.524e-005,0.0583921
4.5244e-005,0.0583524
4.5248e-005,0.0591461
4.5252e-005,0.0587642
4.5256e-005,0.0588733
4.526e-005,0.0585657
4.5264e-005,0.0585608
4.5268e-005,0.0580399
4.5272e-005,0.0585955
4.5276e-005,0.0587691
4.528e-005,0.0587096
4.5284e-005,0.0584963
4.5288e-005,0.0588237
4.5292e-005,0.059032
4.5296e-005,0.0587344
4.53e-005,0.0585657
4.5304e-005,0.0591312
4.5308e-005,0.0583524
4.5312e-005,0.0586501
4.5316e-005,0.0585161
4.532e-005,0.0588832
4.5324e-005,0.0590271
4.5328e-005,0.0586104
4.5332e-005,0.0587989
4.5336e-005,0.0590816
4.534e-005,0.0587146
4.5344e-005,0.0585856
4.5348e-005,0.0589824
4.5352e-005,0.05929
4.5356e-005,0.0588386
4.536e-005,0.0591709
4.5364e-005,0.0587493
4.5368e-005,0.0586253
4.5372e-005,0.0589923
4.5376e-005,0.058789
4.538e-005,0.0588237
4.5384e-005,0.0585211
4.5388e-005,0.0584764
4.5392e-005,0.0586649
4.5396e-005,0.0587046
4.54e-005,0.0588386
4.5404e-005,0.0592156
4.5408e-005,0.0585905
4.5412e-005,0.0589824
4.5416e-005,0.0587939
4.542e-005,0.0590023
4.5424e-005,0.0589427
4.5428e-005,0.0589527
4.5432e-005,0.0590668
4.5436e-005,0.059032
4.544e-005,0.058531
4.5444e-005,0.0589328
4.5448e-005,0.0591263
4.5452e-005,0.0588038
4.5456e-005,0.0586897
4.546e-005,0.0586649
4.5464e-005,0.0585856
4.5468e-005,0.058789
4.5472e-005,0.0588882
4.5476e-005,0.0584715
4.548e-005,0.0588138
4.5484e-005,0.0587741
4.5488e-005,0.0588683
4.5492e-005,0.0584566
4.5496e-005,0.0591213
4.55e-005,0.0581887
4.5504e-005,0.0587146
4.5508e-005,0.0585757
4.5512e-005,0.0584715
4.5516e-005,0.0588386
4.552e-005,0.0588038
4.5524e-005,0.0586947
4.5528e-005,0.0588683
4.5532e-005,0.0588485
4.5536e-005,0.0588237
4.554e-005,0.0585509
4.5544e-005,0.0561301
4.5548e-005,0.0484461
4.5552e-005,0.0422007
4.5556e-005,0.0397353
4.556e-005,0.0379495
4.5564e-005,0.0367143
4.5568e-005,0.0343481
4.5572e-005,0.0237771
4.5576e-005,0.0210488
4.558e-005,0.0197937
4.5584e-005,0.0197441
4.5588e-005,0.0188909
4.5592e-005,0.0182808
4.5596e-005,0.008305
4.56e-005,0.00167764
4.5604e-005,0.00164788
4.5608e-005,-3.99852e-006
4.5612e-005,0.00105757
4.5616e-005,0.000576391
4.562e-005,0.000412691
4.5624e-005,0.000268834
4.5628e-005,0.000640879
4.5632e-005,0.000144819
4.5636e-005,0.0118369
4.564e-005,0.0200318
4.5644e-005,0.0223286
4.5648e-005,0.0253546
4.5652e-005,0.0279043
4.5656e-005,0.0299381
4.566e-005,0.0315007
4.5664e-005,0.0332865
4.5668e-005,0.0358363
4.5672e-005,0.0355932
4.5676e-005,0.0360694
4.568e-005,0.0374931
4.5684e-005,0.0385845
4.5688e-005,0.0391797
4.5692e-005,0.039899
4.5696e-005,0.0397651
4.57e-005,0.0412136
4.5704e-005,0.041164
4.5708e-005,0.0415807
4.5712e-005,0.0419031
4.5716e-005,0.0418585
4.572e-005,0.0420271
4.5724e-005,0.0422454
4.5728e-005,0.0426571
4.5732e-005,0.0427216
4.5736e-005,0.0418783
4.574e-005,0.0425381
4.5744e-005,0.04292
4.5748e-005,0.0432673
4.5752e-005,0.0426819
4.5756e-005,0.042796
4.576e-005,0.0428357
4.5764e-005,0.0429944
4.5768e-005,0.0423595
4.5772e-005,0.0432772
4.5776e-005,0.0429349
4.578e-005,0.042796
4.5784e-005,0.0431036
4.5788e-005,0.0436145
4.5792e-005,0.0427861
4.5796e-005,0.0430837
4.58e-005,0.0425281
4.5804e-005,0.0431829
4.5808e-005,0.043426
4.5812e-005,0.0436095
4.5816e-005,0.0432673
4.582e-005,0.0435599
4.5824e-005,0.042667
4.5828e-005,0.0435054
4.5832e-005,0.0428803
4.5836e-005,0.0428506
4.584e-005,0.0422801
4.5844e-005,0.0432871
4.5848e-005,0.0428655
4.5852e-005,0.04229
4.5856e-005,0.0427712
4.586e-005,0.0424884
4.5864e-005,0.0429696
4.5868e-005,0.0420817
4.5872e-005,0.0429349
4.5876e-005,0.0423496
4.588e-005,0.0428158
4.5884e-005,0.0423496
4.5888e-005,0.0429101
4.5892e-005,0.042801
4.5896e-005,0.0422404
4.59e-005,0.0428754
4.5904e-005,0.0428803
4.5908e-005,0.0421958
4.5912e-005,0.042424
4.5916e-005,0.0425678
4.592e-005,0.0425926
4.5924e-005,0.0422801
4.5928e-005,0.042548
4.5932e-005,0.0427613
4.5936e-005,0.0425877
4.594e-005,0.0427811
4.5944e-005,0.0428307
4.5948e-005,0.0431681
4.5952e-005,0.0429746
4.5956e-005,0.0429547
4.596e-005,0.0423099
4.5964e-005,0.0425728
4.5968e-005,0.0423099
4.5972e-005,0.0428803
4.5976e-005,0.0425579
4.598e-005,0.0426075
4.5984e-005,0.0423099
4.5988e-005,0.0424984
4.5992e-005,0.0427811
4.5996e-005,0.0423198
4.6e-005,0.0423446
4.6004e-005,0.0421511
4.6008e-005,0.0422553
4.6012e-005,0.0429795
4.6016e-005,0.0422999
4.602e-005,0.042667
4.6024e-005,0.0428704
4.6028e-005,0.0428704
4.6032e-005,0.0424835
4.6036e-005,0.0434161
4.604e-005,0.0426521
4.6044e-005,0.0431383
4.6048e-005,0.0428754
4.6052e-005,0.0418535
4.6056e-005,0.0424488
4.606e-005,0.043421
4.6064e-005,0.0429101
4.6068e-005,0.0427166
4.6072e-005,0.0429845
4.6076e-005,0.0427464
4.608e-005,0.0424537
4.6084e-005,0.0427365
4.6088e-005,0.0424388
4.6092e-005,0.0423545
4.6096e-005,0.0427414
4.61e-005,0.0423694
4.6104e-005,0.0430044
4.6108e-005,0.0431234
4.6112e-005,0.042424
4.6116e-005,0.0425331
4.612e-005,0.0427563
4.6124e-005,0.0417493
4.6128e-005,0.0427018
4.6132e-005,0.0428357
4.6136e-005,0.0432573
4.614e-005,0.0421809
4.6144e-005,0.0425529
4.6148e-005,0.0423247
4.6152e-005,0.0425976
4.6156e-005,0.0433962
4.616e-005,0.0428208
4.6164e-005,0.0429051
4.6168e-005,0.0426819
4.6172e-005,0.0426125
4.6176e-005,0.042791
4.618e-005,0.0421859
4.6184e-005,0.0422156
4.6188e-005,0.0427811
4.6192e-005,0.0434558
4.6196e-005,0.0424537
4.62e-005,0.042925
4.6204e-005,0.0431482
4.6208e-005,0.0427563
4.6212e-005,0.0425777
4.6216e-005,0.0427514
4.622e-005,0.0421561
4.6224e-005,0.0424388
4.6228e-005,0.0427365
4.6232e-005,0.0425827
4.6236e-005,0.0428605
4.624e-005,0.0421908
4.6244e-005,0.0432821
4.6248e-005,0.0429647
4.6252e-005,0.0424785
4.6256e-005,0.0426819
4.626e-005,0.0428506
4.6264e-005,0.0432127
4.6268e-005,0.0426968
4.6272e-005,0.042796
4.6276e-005,0.0434409
4.628e-005,0.0427266
4.6284e-005,0.0429051
4.6288e-005,0.0422503
4.6292e-005,0.0421263
4.6296e-005,0.0431036
4.63e-005,0.0431036
4.6304e-005,0.0422156
4.6308e-005,0.0421015
4.6312e-005,0.0418783
4.6316e-005,0.0381033
4.632e-005,0.0370566
4.6324e-005,0.0360645
4.6328e-005,0.035122
4.6332e-005,0.0344821
4.6336e-005,0.0338173
4.634e-005,0.0239457
4.6344e-005,0.0200021
4.6348e-005,0.0191489
4.6352e-005,0.0192679
4.6356e-005,0.0185139
4.636e-005,0.0175317
4.6364e-005,0.00741705
4.6368e-005,0.00117662
4.6372e-005,0.000888908
4.6376e-005,0.000373007
4.638e-005,0.00023411
4.6384e-005,0.000447416
4.6388e-005,0.00113198
4.6392e-005,0.000427573
4.6396e-005,0.00014978
4.64e-005,-3.99852e-006
4.6404e-005,0.011827
4.6408e-005,0.0196449
4.6412e-005,0.0229735
4.6416e-005,0.0265005
4.642e-005,0.0303796
4.6424e-005,0.0323143
4.6428e-005,0.0338818
4.6432e-005,0.0365308
4.6436e-005,0.0379842
4.644e-005,0.039021
4.6444e-005,0.0408713
4.6448e-005,0.0423992
4.6452e-005,0.0428903
4.6456e-005,0.0437385
4.646e-005,0.0438675
4.6464e-005,0.0447852
4.6468e-005,0.0454053
4.6472e-005,0.0458815
4.6476e-005,0.0470522
4.648e-005,0.0472159
4.6484e-005,0.0473052
4.6488e-005,0.0478707
4.6492e-005,0.048208
4.6496e-005,0.0481138
4.65e-005,0.0487934
4.6504e-005,0.0496863
4.6508e-005,0.0490612
4.6512e-005,0.04985
4.6516e-005,0.0497954
4.652e-005,0.0496962
4.6524e-005,0.0498847
4.6528e-005,0.0497706
4.6532e-005,0.0498897
4.6536e-005,0.0501972
4.654e-005,0.0499393
4.6544e-005,0.0498351
4.6548e-005,0.0498847
4.6552e-005,0.0504651
4.6556e-005,0.0508471
4.656e-005,0.0507677
4.6564e-005,0.0513729
4.6568e-005,0.0508272
4.6572e-005,0.0505841
4.6576e-005,0.0511298
4.658e-005,0.050723
4.6584e-005,0.050852
4.6588e-005,0.0512489
4.6592e-005,0.0508669
4.6596e-005,0.0506437
4.66e-005,0.0510058
4.6604e-005,0.0513381
4.6608e-005,0.0511397
4.6612e-005,0.0515316
4.6616e-005,0.0507826
4.662e-005,0.0510157
4.6624e-005,0.0513332
4.6628e-005,0.0515068
4.6632e-005,0.0512042
4.6636e-005,0.0508123
4.664e-005,0.0507726
4.6644e-005,0.0507528
4.6648e-005,0.0510058
4.6652e-005,0.0505643
4.6656e-005,0.0511794
4.666e-005,0.0509264
4.6664e-005,0.0503758
4.6668e-005,0.0508768
4.6672e-005,0.0514969
4.6676e-005,0.0509066
4.668e-005,0.0518292
4.6684e-005,0.0510058
4.6688e-005,0.0511
4.6692e-005,0.0508471
4.6696e-005,0.0507478
4.67e-005,0.050599
4.6704e-005,0.0508967
4.6708e-005,0.0512538
4.6712e-005,0.0509363
4.6716e-005,0.0511298
4.672e-005,0.0517052
4.6724e-005,0.0509711
4.6728e-005,0.0510008
4.6732e-005,0.0518342
4.6736e-005,0.0510008
4.674e-005,0.0509463
4.6744e-005,0.0513729
4.6748e-005,0.0513431
4.6752e-005,0.0505345
4.6756e-005,0.0518888
4.676e-005,0.0509463
4.6764e-005,0.0508173
4.6768e-005,0.051735
4.6772e-005,0.0513778
4.6776e-005,0.0509463
4.678e-005,0.0517499
4.6784e-005,0.0511695
4.6788e-005,0.0519086
4.6792e-005,0.0516755
4.6796e-005,0.0513133
4.68e-005,0.0512241
4.6804e-005,0.0510604
4.6808e-005,0.0514225
4.6812e-005,0.0516011
4.6816e-005,0.0509562
4.682e-005,0.0513381
4.6824e-005,0.0512538
4.6828e-005,0.0513828
4.6832e-005,0.0509314
4.6836e-005,0.0510455
4.684e-005,0.0516308
4.6844e-005,0.0515465
4.6848e-005,0.0511248
4.6852e-005,0.0512042
4.6856e-005,0.0517648
4.686e-005,0.0508719
4.6864e-005,0.0512985
4.6868e-005,0.0512885
4.6872e-005,0.0516804
4.6876e-005,0.0518789
4.688e-005,0.0504998
4.6884e-005,0.0510951
4.6888e-005,0.0515812
4.6892e-005,0.0517251
4.6896e-005,0.051477
4.69e-005,0.0509215
4.6904e-005,0.0503758
4.6908e-005,0.0511397
4.6912e-005,0.0511397
4.6916e-005,0.05173
4.692e-005,0.0518491
4.6924e-005,0.0519533
4.6928e-005,0.0504056
4.6932e-005,0.0507181
4.6936e-005,0.0511596
4.694e-005,0.0517697
4.6944e-005,0.0507776
4.6948e-005,0.0508074
4.6952e-005,0.0510653
4.6956e-005,0.0506337
4.696e-005,0.0506238
4.6964e-005,0.0508768
4.6968e-005,0.0511844
4.6972e-005,0.050981
4.6976e-005,0.0506288
4.698e-005,0.0510306
4.6984e-005,0.0509215
4.6988e-005,0.0506734
4.6992e-005,0.0510455
4.6996e-005,0.0511248
4.7e-005,0.0510455
4.7004e-005,0.0516159
4.7008e-005,0.0511248
4.7012e-005,0.0511744
4.7016e-005,0.0506486
4.702e-005,0.0512737
4.7024e-005,0.0510802
4.7028e-005,0.0506139
4.7032e-005,0.0516705
4.7036e-005,0.0507726
4.704e-005,0.0507578
4.7044e-005,0.0513133
4.7048e-005,0.0505296
4.7052e-005,0.0507032
4.7056e-005,0.0509859
4.706e-005,0.0514721
4.7064e-005,0.0514225
4.7068e-005,0.0516904
4.7072e-005,0.0509562
4.7076e-005,0.0506288
4.708e-005,0.0499541
4.7084e-005,0.0434508
4.7088e-005,0.0396907
4.7092e-005,0.038014
4.7096e-005,0.0368185
4.71e-005,0.0359702
4.7104e-005,0.0347499
4.7108e-005,0.0253347
4.7112e-005,0.0204485
4.7116e-005,0.0198235
4.712e-005,0.019382
4.7124e-005,0.0184296
4.7128e-005,0.0187967
4.7132e-005,0.00757083
4.7136e-005,0.00142465
4.714e-005,0.00124111
4.7144e-005,0.00031844
4.7148e-005,0.000139859
4.7152e-005,0.000680563
4.7156e-005,0.0004871
4.716e-005,0.000392849
4.7164e-005,0.00057143
4.7168e-005,-0.000539743
4.7172e-005,0.0106762
4.7176e-005,0.0195159
4.718e-005,0.024045
4.7184e-005,0.0286583
4.7188e-005,0.0335891
4.7192e-005,0.0353551
4.7196e-005,0.0376668
4.72e-005,0.0391649
4.7204e-005,0.0419229
4.7208e-005,0.0428803
4.7212e-005,0.0446265
4.7216e-005,0.0451523
4.722e-005,0.0467843
4.7224e-005,0.0470076
4.7228e-005,0.0481733
4.7232e-005,0.048337
4.7236e-005,0.0491009
4.724e-005,0.0497756
4.7244e-005,0.0500434
4.7248e-005,0.0507677
4.7252e-005,0.0518441
4.7256e-005,0.0518937
4.726e-005,0.0519979
4.7264e-005,0.0515465
4.7268e-005,0.0526081
4.7272e-005,0.0525088
4.7276e-005,0.0538432
4.728e-005,0.0540516
4.7284e-005,0.053491
4.7288e-005,0.0540615
4.7292e-005,0.0544931
4.7296e-005,0.0546617
4.73e-005,0.0544683
4.7304e-005,0.0553265
4.7308e-005,0.0551479
4.7312e-005,0.054885
4.7316e-005,0.0552025
4.732e-005,0.0553761
4.7324e-005,0.0558523
4.7328e-005,0.0557134
4.7332e-005,0.055634
4.7336e-005,0.0555745
4.734e-005,0.0558523
4.7344e-005,0.0559118
4.7348e-005,0.0562789
4.7352e-005,0.0567154
4.7356e-005,0.0565319
4.736e-005,0.0562194
4.7364e-005,0.0562541
4.7368e-005,0.0567452
4.7372e-005,0.0560458
4.7376e-005,0.0567254
4.738e-005,0.0564029
4.7384e-005,0.0562343
4.7388e-005,0.056393
4.7392e-005,0.0564476
4.7396e-005,0.056011
4.74e-005,0.0565269
4.7404e-005,0.0566361
4.7408e-005,0.0568494
4.7412e-005,0.057028
4.7416e-005,0.0565517
4.742e-005,0.0565567
4.7424e-005,0.0560706
4.7428e-005,0.0566609
4.7432e-005,0.0569734
4.7436e-005,0.056899
4.744e-005,0.0564525
4.7444e-005,0.0566609
4.7448e-005,0.0562541
4.7452e-005,0.0563136
4.7456e-005,0.0566261
4.746e-005,0.056393
4.7464e-005,0.0565269
4.7468e-005,0.057018
4.7472e-005,0.0568246
4.7476e-005,0.0568494
4.748e-005,0.0566807
4.7484e-005,0.05677
4.7488e-005,0.0561797
4.7492e-005,0.0572512
4.7496e-005,0.0569684
4.75e-005,0.0573504
4.7504e-005,0.0568643
4.7508e-005,0.0570081
4.7512e-005,0.0567402
4.7516e-005,0.0567948
4.752e-005,0.0569287
4.7524e-005,0.057276
4.7528e-005,0.0570379
4.7532e-005,0.0575389
4.7536e-005,0.0566807
4.754e-005,0.0569535
4.7544e-005,0.0566906
4.7548e-005,0.0568345
4.7552e-005,0.0565071
4.7556e-005,0.0574843
4.756e-005,0.0569139
4.7564e-005,0.0572313
4.7568e-005,0.0575984
4.7572e-005,0.057395
4.7576e-005,0.0569287
4.758e-005,0.056894
4.7584e-005,0.0573008
4.7588e-005,0.0566658
4.7592e-005,0.0576976
4.7596e-005,0.0567898
4.76e-005,0.0571569
4.7604e-005,0.0569337
4.7608e-005,0.0571916
4.7612e-005,0.0569982
4.7616e-005,0.0567551
4.762e-005,0.0572065
4.7624e-005,0.05677
4.7628e-005,0.0570031
4.7632e-005,0.0571272
4.7636e-005,0.0573504
4.764e-005,0.0569783
4.7644e-005,0.0568394
4.7648e-005,0.0574397
4.7652e-005,0.0569039
4.7656e-005,0.0570329
4.766e-005,0.0564476
4.7664e-005,0.0569486
4.7668e-005,0.0570627
4.7672e-005,0.0565815
4.7676e-005,0.0569783
4.768e-005,0.0574
4.7684e-005,0.0573603
4.7688e-005,0.0573901
4.7692e-005,0.0573901
4.7696e-005,0.0575786
4.77e-005,0.057772
4.7704e-005,0.0571321
4.7708e-005,0.0570577
4.7712e-005,0.0569684
4.7716e-005,0.0574992
4.772e-005,0.0571867
4.7724e-005,0.0570825
4.7728e-005,0.0576381
4.7732e-005,0.0570577
4.7736e-005,0.0567998
4.774e-005,0.0571916
4.7744e-005,0.0569932
4.7748e-005,0.0569139
4.7752e-005,0.0572165
4.7756e-005,0.0565567
4.776e-005,0.0569833
4.7764e-005,0.0570428
4.7768e-005,0.0570428
4.7772e-005,0.0571123
4.7776e-005,0.0571569
4.778e-005,0.0571073
4.7784e-005,0.05677
4.7788e-005,0.0576381
4.7792e-005,0.0568246
4.7796e-005,0.0574347
4.78e-005,0.0577522
4.7804e-005,0.0566212
4.7808e-005,0.0574446
4.7812e-005,0.0574893
4.7816e-005,0.0573157
4.782e-005,0.0568791
4.7824e-005,0.0572065
4.7828e-005,0.0562789
4.7832e-005,0.0567948
4.7836e-005,0.0577423
4.784e-005,0.0572661
4.7844e-005,0.0566757
4.7848e-005,0.0550884
4.7852e-005,0.0473399
4.7856e-005,0.0421263
4.786e-005,0.0393682
4.7864e-005,0.0375229
4.7868e-005,0.0366994
4.7872e-005,0.0351964
4.7876e-005,0.0248833
4.788e-005,0.0207511
4.7884e-005,0.0196052
4.7888e-005,0.0195953
4.7892e-005,0.018504
4.7896e-005,0.0178988
4.79e-005,0.00779902
4.7904e-005,0.00159331
4.7908e-005,0.000715288
4.7912e-005,0.000447416
4.7916e-005,0.00031844
4.792e-005,0.000824421
4.7924e-005,0.000794657
4.7928e-005,0.000784736
4.7932e-005,0.000829381
4.7936e-005,-0.000252028
4.794e-005,0.0120552
4.7944e-005,0.0205973
4.7948e-005,0.0249924
4.7952e-005,0.0303796
4.7956e-005,0.0351716
4.796e-005,0.0379396
4.7964e-005,0.0390656
4.7968e-005,0.0415509
4.7972e-005,0.0426819
4.7976e-005,0.0441949
4.798e-005,0.0453408
4.7984e-005,0.0470919
4.7988e-005,0.047201
4.7992e-005,0.0479104
4.7996e-005,0.0492448
4.8e-005,0.0497309
4.8004e-005,0.0507726
4.8008e-005,0.0507974
4.8012e-005,0.0517003
4.8016e-005,0.0513183
4.802e-005,0.0525436
4.8024e-005,0.0530148
4.8028e-005,0.0532728
4.8032e-005,0.0533918
4.8036e-005,0.0543244
4.804e-005,0.0548651
4.8044e-005,0.0540367
4.8048e-005,0.0557481
4.8052e-005,0.0556985
4.8056e-005,0.0554009
4.806e-005,0.056269
4.8064e-005,0.056016
4.8068e-005,0.0564128
4.8072e-005,0.0568444
4.8076e-005,0.056775
4.808e-005,0.0568345
4.8084e-005,0.0567402
4.8088e-005,0.0572363
4.8092e-005,0.0567402
4.8096e-005,0.0582879
4.81e-005,0.0572611
4.8104e-005,0.0573107
4.8108e-005,0.0568494
4.8112e-005,0.0571619
4.8116e-005,0.0573256
4.812e-005,0.0574347
4.8124e-005,0.0572016
4.8128e-005,0.0578117
4.8132e-005,0.057906
4.8136e-005,0.0577175
4.814e-005,0.0574794
4.8144e-005,0.0579506
4.8148e-005,0.0580201
4.8152e-005,0.0584219
4.8156e-005,0.0583872
4.816e-005,0.0580945
4.8164e-005,0.0578812
4.8168e-005,0.0580895
4.8172e-005,0.0581738
4.8176e-005,0.0581441
4.818e-005,0.0582532
4.8184e-005,0.0588336
4.8188e-005,0.0580647
4.8192e-005,0.0582879
4.8196e-005,0.0582532
4.82e-005,0.0586451
4.8204e-005,0.0581044
4.8208e-005,0.0584169
4.8212e-005,0.0581044
4.8216e-005,0.0582681
4.822e-005,0.0580598
4.8224e-005,0.0581242
4.8228e-005,0.0583227
4.8232e-005,0.0581391
4.8236e-005,0.0585211
4.824e-005,0.0583375
4.8244e-005,0.0583822
4.8248e-005,0.0583822
4.8252e-005,0.0584864
4.8256e-005,0.0587344
4.826e-005,0.0585806
4.8264e-005,0.0588088
4.8268e-005,0.0588733
4.8272e-005,0.0585905
4.8276e-005,0.0584467
4.828e-005,0.0585211
4.8284e-005,0.0583177
4.8288e-005,0.0586253
4.8292e-005,0.0582483
4.8296e-005,0.0584169
4.83e-005,0.0585112
4.8304e-005,0.0585558
4.8308e-005,0.0585409
4.8312e-005,0.0584715
4.8316e-005,0.0586203
4.832e-005,0.0589973
4.8324e-005,0.0585112
4.8328e-005,0.0587046
4.8332e-005,0.0585608
4.8336e-005,0.0587939
4.834e-005,0.0586352
4.8344e-005,0.0589427
4.8348e-005,0.0586501
4.8352e-005,0.0588237
4.8356e-005,0.0589427
4.836e-005,0.0586897
4.8364e-005,0.0590469
4.8368e-005,0.0587493
4.8372e-005,0.0587493
4.8376e-005,0.0587046
4.838e-005,0.0583425
4.8384e-005,0.0589279
4.8388e-005,0.0589576
4.8392e-005,0.058913
4.8396e-005,0.0585707
4.84e-005,0.0583921
4.8404e-005,0.0589824
4.8408e-005,0.0587642
4.8412e-005,0.0583772
4.8416e-005,0.0587344
4.842e-005,0.0587691
4.8424e-005,0.0585459
4.8428e-005,0.0587294
4.8432e-005,0.05866
4.8436e-005,0.0580945
4.844e-005,0.0589179
4.8444e-005,0.0589576
4.8448e-005,0.058908
4.8452e-005,0.0585757
4.8456e-005,0.0587741
4.846e-005,0.05866
4.8464e-005,0.0589576
4.8468e-005,0.0587245
4.8472e-005,0.0582731
4.8476e-005,0.0587642
4.848e-005,0.0588733
4.8484e-005,0.0588038
4.8488e-005,0.0585905
4.8492e-005,0.0587691
4.8496e-005,0.0585012
4.85e-005,0.0587493
4.8504e-005,0.0586848
4.8508e-005,0.0589923
4.8512e-005,0.0584963
4.8516e-005,0.0584516
4.852e-005,0.0585459
4.8524e-005,0.0583524
4.8528e-005,0.0588088
4.8532e-005,0.0584665
4.8536e-005,0.0588534
4.854e-005,0.0582929
4.8544e-005,0.0582879
4.8548e-005,0.0588485
4.8552e-005,0.0589328
4.8556e-005,0.0586749
4.856e-005,0.058531
4.8564e-005,0.058779
4.8568e-005,0.0586798
4.8572e-005,0.0586302
4.8576e-005,0.0587741
4.858e-005,0.0585459
4.8584e-005,0.0585112
4.8588e-005,0.0589675
4.8592e-005,0.0590767
4.8596e-005,0.0584963
4.86e-005,0.0589874
4.8604e-005,0.058913
4.8608e-005,0.0590717
4.8612e-005,0.0589179
4.8616e-005,0.0564476
4.862e-005,0.0480195
4.8624e-005,0.0428853
4.8628e-005,0.0392244
4.8632e-005,0.03726
4.8636e-005,0.0367143
4.864e-005,0.0345317
4.8644e-005,0.0242483
4.8648e-005,0.0214158
4.8652e-005,0.0197392
4.8656e-005,0.01964
4.866e-005,0.0192729
4.8664e-005,0.0178095
4.8668e-005,0.00757083
4.8672e-005,0.00141473
4.8676e-005,0.00118654
4.868e-005,-0.000132974
4.8684e-005,0.000184504
4.8688e-005,0.000606155
4.8692e-005,0.000784736
4.8696e-005,-0.000217304
4.87e-005,0.000511903
4.8704e-005,-0.000524861
4.8708e-005,0.0116236
4.8712e-005,0.019511
4.8716e-005,0.0218375
4.872e-005,0.024923
4.8724e-005,0.0279341
4.8728e-005,0.0298489
4.8732e-005,0.0307914
4.8736e-005,0.0331377
4.874e-005,0.0343035
4.8744e-005,0.0359405
4.8748e-005,0.0363274
4.8752e-005,0.0380735
4.8756e-005,0.0383513
4.876e-005,0.0387779
4.8764e-005,0.0395964
4.8768e-005,0.0406927
4.8772e-005,0.0411392
4.8776e-005,0.0417096
4.878e-005,0.0417047
4.8784e-005,0.0416898
4.8788e-005,0.0419924
4.8792e-005,0.0422751
4.8796e-005,0.041918
4.88e-005,0.0418436
4.8804e-005,0.0425232
4.8808e-005,0.0428258
4.8812e-005,0.0428407
4.8816e-005,0.0429349
4.882e-005,0.042543
4.8824e-005,0.0425728
4.8828e-005,0.0429547
4.8832e-005,0.0429746
4.8836e-005,0.0425976
4.884e-005,0.0428803
4.8844e-005,0.0430044
4.8848e-005,0.042672
4.8852e-005,0.0432722
4.8856e-005,0.0428158
4.886e-005,0.0431234
4.8864e-005,0.0435103
4.8868e-005,0.0434409
4.8872e-005,0.0433218
4.8876e-005,0.0438526
4.888e-005,0.0427762
4.8884e-005,0.0425629
4.8888e-005,0.0432077
4.8892e-005,0.0429448
4.8896e-005,0.0435649
4.89e-005,0.0435451
4.8904e-005,0.0437187
4.8908e-005,0.0431036
4.8912e-005,0.0431681
4.8916e-005,0.0433615
4.892e-005,0.0427117
4.8924e-005,0.0434012
4.8928e-005,0.0428952
4.8932e-005,0.0427613
4.8936e-005,0.0424091
4.894e-005,0.0431631
4.8944e-005,0.0433318
4.8948e-005,0.043684
4.8952e-005,0.0435798
4.8956e-005,0.0428059
4.896e-005,0.0427067
4.8964e-005,0.0429795
4.8968e-005,0.0428059
4.8972e-005,0.0425083
4.8976e-005,0.0429498
4.898e-005,0.0427166
4.8984e-005,0.0426621
4.8988e-005,0.0428605
4.8992e-005,0.0432772
4.8996e-005,0.042672
4.9e-005,0.0426224
4.9004e-005,0.0432375
4.9008e-005,0.0430341
4.9012e-005,0.0432177
4.9016e-005,0.0427514
4.902e-005,0.0428258
4.9024e-005,0.0429498
4.9028e-005,0.0429746
4.9032e-005,0.0423595
4.9036e-005,0.0430044
4.904e-005,0.0428208
4.9044e-005,0.042414
4.9048e-005,0.0430044
4.9052e-005,0.0429349
4.9056e-005,0.0428655
4.906e-005,0.0433764
4.9064e-005,0.0425033
4.9068e-005,0.042796
4.9072e-005,0.0437782
4.9076e-005,0.0431581
4.908e-005,0.0435401
4.9084e-005,0.0433417
4.9088e-005,0.0429696
4.9092e-005,0.0428605
4.9096e-005,0.0434905
4.91e-005,0.0428208
4.9104e-005,0.0433665
4.9108e-005,0.0426472
4.9112e-005,0.0428754
4.9116e-005,0.0431581
4.912e-005,0.0427166
4.9124e-005,0.0437683
4.9128e-005,0.0430887
4.9132e-005,0.0433714
4.9136e-005,0.0440262
4.914e-005,0.0429349
4.9144e-005,0.0438477
4.9148e-005,0.0432722
4.9152e-005,0.0433069
4.9156e-005,0.0432871
4.916e-005,0.0430292
4.9164e-005,0.0430044
4.9168e-005,0.0426472
4.9172e-005,0.0426621
4.9176e-005,0.0428952
4.918e-005,0.0430341
4.9184e-005,0.0429696
4.9188e-005,0.0424984
4.9192e-005,0.0429696
4.9196e-005,0.0429448
4.92e-005,0.0433367
4.9204e-005,0.0433218
4.9208e-005,0.0427613
4.9212e-005,0.0431631
4.9216e-005,0.0434905
4.922e-005,0.0430788
4.9224e-005,0.0431234
4.9228e-005,0.0425827
4.9232e-005,0.0426621
4.9236e-005,0.0436691
4.924e-005,0.0431482
4.9244e-005,0.0421859
4.9248e-005,0.0432177
4.9252e-005,0.0435203
4.9256e-005,0.0435649
4.926e-005,0.0434359
4.9264e-005,0.0429944
4.9268e-005,0.042667
4.9272e-005,0.0435996
4.9276e-005,0.0425331
4.928e-005,0.0427811
4.9284e-005,0.0426621
4.9288e-005,0.042672
4.9292e-005,0.0429349
4.9296e-005,0.0421313
4.93e-005,0.0432524
4.9304e-005,0.0426472
4.9308e-005,0.0426373
4.9312e-005,0.04292
4.9316e-005,0.0425926
4.932e-005,0.0429051
4.9324e-005,0.0431482
4.9328e-005,0.0429299
4.9332e-005,0.0423496
4.9336e-005,0.0430589
4.934e-005,0.0430589
4.9344e-005,0.0427712
4.9348e-005,0.043173
4.9352e-005,0.0427117
4.9356e-005,0.0432276
4.936e-005,0.0428059
4.9364e-005,0.0422107
4.9368e-005,0.0432474
4.9372e-005,0.0430044
4.9376e-005,0.0431482
4.938e-005,0.0430936
4.9384e-005,0.0422156
4.9388e-005,0.0384356
4.9392e-005,0.0364266
4.9396e-005,0.0358462
4.94e-005,0.0355089
4.9404e-005,0.0350724
4.9408e-005,0.0337479
4.9412e-005,0.0241541
4.9416e-005,0.0207859
4.942e-005,0.0201013
4.9424e-005,0.0197292
4.9428e-005,0.0185536
4.9432e-005,0.0185238
4.9436e-005,0.00651422
4.944e-005,0.00150898
4.9444e-005,0.00114686
4.9448e-005,0.000338282
4.9452e-005,0.00073513
4.9456e-005,0.000779775
4.946e-005,0.00107245
4.9464e-005,0.000412691
4.9468e-005,0.000705366
4.9472e-005,-0.000162738
4.9476e-005,0.0118369
4.948e-005,0.0196598
4.9484e-005,0.0230181
4.9488e-005,0.0262723
4.9492e-005,0.0304789
4.9496e-005,0.033098
4.95e-005,0.0344572
4.9504e-005,0.0373294
4.9508e-005,0.0384059
4.9512e-005,0.0390458
4.9516e-005,0.0408167
4.952e-005,0.0418932
4.9524e-005,0.0432772
4.9528e-005,0.0438328
4.9532e-005,0.0450779
4.9536e-005,0.0455938
4.954e-005,0.0459708
4.9544e-005,0.0463726
4.9548e-005,0.0475731
4.9552e-005,0.0477467
4.9556e-005,0.0480294
4.956e-005,0.0486098
4.9564e-005,0.0494035
4.9568e-005,0.048967
4.9572e-005,0.0489868
4.9576e-005,0.0496416
4.958e-005,0.0497557
4.9584e-005,0.0496218
4.9588e-005,0.0500186
4.9592e-005,0.0498946
4.9596e-005,0.0507677
4.96e-005,0.0512439
4.9604e-005,0.0504452
4.9608e-005,0.0503609
4.9612e-005,0.0507032
4.9616e-005,0.050103
4.962e-005,0.0503361
4.9624e-005,0.0511893
4.9628e-005,0.0511298
4.9632e-005,0.0505097
4.9636e-005,0.0509661
4.964e-005,0.0504502
4.9644e-005,0.0510306
4.9648e-005,0.0517251
4.9652e-005,0.0508074
4.9656e-005,0.0511993
4.966e-005,0.0513729
4.9664e-005,0.051234
4.9668e-005,0.0516407
4.9672e-005,0.0513233
4.9676e-005,0.0513183
4.968e-005,0.0516159
4.9684e-005,0.0517995
4.9688e-005,0.0520227
4.9692e-005,0.0502369
4.9696e-005,0.0516358
4.97e-005,0.0515018
4.9704e-005,0.0515713
4.9708e-005,0.051229
4.9712e-005,0.0514324
4.9716e-005,0.0506784
4.972e-005,0.0516755
4.9724e-005,0.0507429
4.9728e-005,0.0506982
4.9732e-005,0.0510157
4.9736e-005,0.0512637
4.974e-005,0.0514572
4.9744e-005,0.0513084
4.9748e-005,0.0508421
4.9752e-005,0.051983
4.9756e-005,0.0516953
4.976e-005,0.0514274
4.9764e-005,0.0511199
4.9768e-005,0.0516705
4.9772e-005,0.0514671
4.9776e-005,0.0516556
4.978e-005,0.0512389
4.9784e-005,0.0513828
4.9788e-005,0.051735
4.9792e-005,0.0518193
4.9796e-005,0.050981
4.98e-005,0.0505841
4.9804e-005,0.0523997
4.9808e-005,0.0516804
4.9812e-005,0.0515564
4.9816e-005,0.0519285
4.982e-005,0.0514622
4.9824e-005,0.0519533
4.9828e-005,0.0517747
4.9832e-005,0.0515911
4.9836e-005,0.0515564
4.984e-005,0.0516457
4.9844e-005,0.0511
4.9848e-005,0.0508471
4.9852e-005,0.0508272
4.9856e-005,0.0516457
4.986e-005,0.0519533
4.9864e-005,0.0510405
4.9868e-005,0.0513481
4.9872e-005,0.0515267
4.9876e-005,0.051358
4.988e-005,0.0511546
4.9884e-005,0.0516358
4.9888e-005,0.0519979
4.9892e-005,0.051363
4.9896e-005,0.0514473
4.99e-005,0.0514076
4.9904e-005,0.0515862
4.9908e-005,0.0514473
4.9912e-005,0.0523203
4.9916e-005,0.0514225
4.992e-005,0.0515018
4.9924e-005,0.0520128
4.9928e-005,0.051358
4.9932e-005,0.0520277
4.9936e-005,0.0513878
4.994e-005,0.0512538
4.9944e-005,0.0513927
4.9948e-005,0.0512439
4.9952e-005,0.0514671
4.9956e-005,0.0514374
4.996e-005,0.0511447
4.9964e-005,0.0508024
4.9968e-005,0.0510951
4.9972e-005,0.0510802
4.9976e-005,0.0507528
4.998e-005,0.0511596
4.9984e-005,0.0515068
4.9988e-005,0.0516159
4.9992e-005,0.0518789
4.9996e-005,0.0526229
5e-005,0.0511298
5.0004e-005,0.0513034
5.0008e-005,0.0518342
5.0012e-005,0.0520128
5.0016e-005,0.0512786
5.002e-005,0.0517995
5.0024e-005,0.0514175
5.0028e-005,0.0514919
5.0032e-005,0.0519185
5.0036e-005,0.0508768
5.004e-005,0.0518144
5.0044e-005,0.0517796
5.0048e-005,0.0515267
5.0052e-005,0.0513133
5.0056e-005,0.0517995
5.006e-005,0.0517598
5.0064e-005,0.0511149
5.0068e-005,0.0511149
5.0072e-005,0.0510306
5.0076e-005,0.0509512
5.008e-005,0.0512538
5.0084e-005,0.0517152
5.0088e-005,0.0515366
5.0092e-005,0.0506734
5.0096e-005,0.051482
5.01e-005,0.051229
5.0104e-005,0.051358
5.0108e-005,0.0513927
5.0112e-005,0.0509363
5.0116e-005,0.0517648
5.012e-005,0.0510504
5.0124e-005,0.050976
5.0128e-005,0.0513084
5.0132e-005,0.0513133
5.0136e-005,0.0520227
5.014e-005,0.0518094
5.0144e-005,0.051611
5.0148e-005,0.0510554
5.0152e-005,0.0494581
5.0156e-005,0.0436294
5.016e-005,0.0400429
5.0164e-005,0.038262
5.0168e-005,0.0371806
5.0172e-005,0.0362927
5.0176e-005,0.0344225
5.018e-005,0.0251909
5.0184e-005,0.0204386
5.0188e-005,0.0198781
5.0192e-005,0.0194515
5.0196e-005,0.0184544
5.02e-005,0.0184196
5.0204e-005,0.00786846
5.0208e-005,0.00128576
5.0212e-005,0.00110221
5.0216e-005,0.000477179
5.022e-005,0.000521824
5.0224e-005,0.000769854
5.0228e-005,0.00056647
5.0232e-005,0.00031844
5.0236e-005,0.00073513
5.024e-005,-0.000554624
5.0244e-005,0.0107803
5.0248e-005,0.0206767
5.0252e-005,0.0240747
5.0256e-005,0.0287575
5.026e-005,0.0328351
5.0264e-005,0.0362331
5.0268e-005,0.0370814
5.0272e-005,0.0391202
5.0276e-005,0.0412929
5.028e-005,0.0424289
5.0284e-005,0.0437931
5.0288e-005,0.0451821
5.0292e-005,0.0467645
5.0296e-005,0.0476078
5.03e-005,0.0477318
5.0304e-005,0.0489174
5.0308e-005,0.0495077
5.0312e-005,0.049339
5.0316e-005,0.0502121
5.032e-005,0.0509314
5.0324e-005,0.0516655
5.0328e-005,0.0523253
5.0332e-005,0.05299
5.0336e-005,0.0529553
5.034e-005,0.0526974
5.0344e-005,0.0529057
5.0348e-005,0.0536002
5.0352e-005,0.0535754
5.0356e-005,0.0544584
5.036e-005,0.054384
5.0364e-005,0.0545278
5.0368e-005,0.0547262
5.0372e-005,0.0543492
5.0376e-005,0.0551479
5.038e-005,0.0545576
5.0384e-005,0.0549792
5.0388e-005,0.0547808
5.0392e-005,0.0551032
5.0396e-005,0.0554207
5.04e-005,0.05614
5.0404e-005,0.0558126
5.0408e-005,0.055515
5.0412e-005,0.0559862
5.0416e-005,0.0558027
5.042e-005,0.0557134
5.0424e-005,0.0557184
5.0428e-005,0.0561698
5.0432e-005,0.0558473
5.0436e-005,0.055758
5.044e-005,0.056388
5.0444e-005,0.0561995
5.0448e-005,0.0555596
5.0452e-005,0.0568097
5.0456e-005,0.0566757
5.046e-005,0.056775
5.0464e-005,0.056398
5.0468e-005,0.0566361
5.0472e-005,0.0562442
5.0476e-005,0.0574397
5.048e-005,0.0568246
5.0484e-005,0.0564277
5.0488e-005,0.0571668
5.0492e-005,0.0568345
5.0496e-005,0.0568841
5.05e-005,0.0568841
5.0504e-005,0.056512
5.0508e-005,0.0562293
5.0512e-005,0.0567254
5.0516e-005,0.0563632
5.052e-005,0.0564773
5.0524e-005,0.057028
5.0528e-005,0.0565319
5.0532e-005,0.0563235
5.0536e-005,0.056512
5.054e-005,0.0565418
5.0544e-005,0.0562095
5.0548e-005,0.057023
5.0552e-005,0.056517
5.0556e-005,0.0568097
5.056e-005,0.0571817
5.0564e-005,0.0570627
5.0568e-005,0.0572859
5.0572e-005,0.0571123
5.0576e-005,0.0568097
5.058e-005,0.0572661
5.0584e-005,0.057519
5.0588e-005,0.0569486
5.0592e-005,0.0567502
5.0596e-005,0.0567948
5.06e-005,0.0565567
5.0604e-005,0.0567204
5.0608e-005,0.0570726
5.0612e-005,0.0566261
5.0616e-005,0.0569436
5.062e-005,0.0565071
5.0624e-005,0.0568841
5.0628e-005,0.0566807
5.0632e-005,0.0568543
5.0636e-005,0.056765
5.064e-005,0.0567601
5.0644e-005,0.057152
5.0648e-005,0.0569585
5.0652e-005,0.0569833
5.0656e-005,0.0568047
5.066e-005,0.0567204
5.0664e-005,0.0569734
5.0668e-005,0.0566708
5.0672e-005,0.0562938
5.0676e-005,0.0563384
5.068e-005,0.0563434
5.0684e-005,0.0567948
5.0688e-005,0.0563136
5.0692e-005,0.0565865
5.0696e-005,0.057147
5.07e-005,0.0561202
5.0704e-005,0.0572065
5.0708e-005,0.0565765
5.0712e-005,0.0560805
5.0716e-005,0.0570081
5.072e-005,0.0567402
5.0724e-005,0.0566708
5.0728e-005,0.056011
5.0732e-005,0.0566261
5.0736e-005,0.0565765
5.074e-005,0.0566559
5.0744e-005,0.0568146
5.0748e-005,0.0570528
5.0752e-005,0.0561846
5.0756e-005,0.0571916
5.076e-005,0.0566013
5.0764e-005,0.0569287
5.0768e-005,0.0563384
5.0772e-005,0.0563483
5.0776e-005,0.0564724
5.078e-005,0.056894
5.0784e-005,0.0572611
5.0788e-005,0.0565021
5.0792e-005,0.0566559
5.0796e-005,0.0565666
5.08e-005,0.0571123
5.0804e-005,0.0566857
5.0808e-005,0.0565666
5.0812e-005,0.0564426
5.0816e-005,0.0570924
5.082e-005,0.0572363
5.0824e-005,0.0566857
5.0828e-005,0.0568246
5.0832e-005,0.0569734
5.0836e-005,0.0567502
5.084e-005,0.0566013
5.0844e-005,0.0568643
5.0848e-005,0.0567154
5.0852e-005,0.0568593
5.0856e-005,0.0569833
5.086e-005,0.0572363
5.0864e-005,0.0567601
5.0868e-005,0.0564624
5.0872e-005,0.057028
5.0876e-005,0.0568394
5.088e-005,0.056765
5.0884e-005,0.0571966
5.0888e-005,0.0566063
5.0892e-005,0.057023
5.0896e-005,0.0566311
5.09e-005,0.0567601
5.0904e-005,0.0566113
5.0908e-005,0.0572065
5.0912e-005,0.0569783
5.0916e-005,0.0564228
5.092e-005,0.0540516
5.0924e-005,0.0466901
5.0928e-005,0.0416898
5.0932e-005,0.0388573
5.0936e-005,0.0372649
5.094e-005,0.0373642
5.0944e-005,0.0344721
5.0948e-005,0.0248337
5.0952e-005,0.0207214
5.0956e-005,0.0195606
5.096e-005,0.0195308
5.0964e-005,0.0193374
5.0968e-005,0.018375
5.0972e-005,0.00789823
5.0976e-005,0.00105757
5.098e-005,0.00081946
5.0984e-005,5.0568e-005
5.0988e-005,0.000680563
5.0992e-005,0.000616076
5.0996e-005,0.000635918
5.1e-005,0.0006508
5.1004e-005,0.000328361
5.1008e-005,-0.00035124
5.1012e-005,0.0117476
5.1016e-005,0.0212125
5.102e-005,0.0256125
5.1024e-005,0.0309451
5.1028e-005,0.0353204
5.1032e-005,0.037885
5.1036e-005,0.0398544
5.104e-005,0.0421462
5.1044e-005,0.0426422
5.1048e-005,0.0443239
5.1052e-005,0.0456335
5.1056e-005,0.0469927
5.106e-005,0.0475631
5.1064e-005,0.0483271
5.1068e-005,0.0483668
5.1072e-005,0.0499045
5.1076e-005,0.050976
5.108e-005,0.0511744
5.1084e-005,0.0522013
5.1088e-005,0.0520326
5.1092e-005,0.0525485
5.1096e-005,0.0539375
5.11e-005,0.0538929
5.1104e-005,0.0543443
5.1108e-005,0.054384
5.1112e-005,0.0542252
5.1116e-005,0.0548403
5.112e-005,0.0546667
5.1124e-005,0.0549594
5.1128e-005,0.0559465
5.1132e-005,0.0556043
5.1136e-005,0.0566063
5.114e-005,0.0560408
5.1144e-005,0.057023
5.1148e-005,0.0568494
5.1152e-005,0.0570379
5.1156e-005,0.0571222
5.116e-005,0.0576728
5.1164e-005,0.0568643
5.1168e-005,0.0571619
5.1172e-005,0.0574149
5.1176e-005,0.0571668
5.118e-005,0.0580548
5.1184e-005,0.0578663
5.1188e-005,0.0574744
5.1192e-005,0.0575984
5.1196e-005,0.058149
5.12e-005,0.0575935
5.1204e-005,0.0578266
5.1208e-005,0.0580598
5.1212e-005,0.0578812
5.1216e-005,0.0578762
5.122e-005,0.0579705
5.1224e-005,0.0579159
5.1228e-005,0.0576976
5.1232e-005,0.0578663
5.1236e-005,0.0577522
5.124e-005,0.0580449
5.1244e-005,0.0586203
5.1248e-005,0.0580498
5.1252e-005,0.0579556
5.1256e-005,0.0584417
5.126e-005,0.0585409
