LECROYWR104MXi,20621,Waveform
Segments,1,SegmentSize,2501
Segment,TrigTime,TimeSinceSegment1
#1,21-May-2015 13:59:34,0                 
Time,Ampl
4.126e-005,0.046819
4.1264e-005,0.0471713
4.1268e-005,0.0473498
4.1272e-005,0.0466851
4.1276e-005,0.0466355
4.128e-005,0.0473598
4.1284e-005,0.0473697
4.1288e-005,0.0473895
4.1292e-005,0.0477368
4.1296e-005,0.0471961
4.13e-005,0.0478955
4.1304e-005,0.0476971
4.1308e-005,0.0472258
4.1312e-005,0.0478806
4.1316e-005,0.0472953
4.132e-005,0.0474986
4.1324e-005,0.0477715
4.1328e-005,0.0478608
4.1332e-005,0.0474441
4.1336e-005,0.0478112
4.134e-005,0.0477963
4.1344e-005,0.0473796
4.1348e-005,0.0472853
4.1352e-005,0.045822
4.1356e-005,0.0410796
4.136e-005,0.0381926
4.1364e-005,0.037131
4.1368e-005,0.0353204
4.1372e-005,0.0358413
4.1376e-005,0.0347152
4.138e-005,0.0246254
4.1384e-005,0.0206718
4.1388e-005,0.0198533
4.1392e-005,0.0198731
4.1396e-005,0.0196102
4.14e-005,0.0189504
4.1404e-005,0.00688131
4.1408e-005,0.00148914
4.1412e-005,0.000869066
4.1416e-005,0.000541667
4.142e-005,0.000244031
4.1424e-005,0.000700406
4.1428e-005,0.00048214
4.1432e-005,0.00104765
4.1436e-005,0.000844263
4.144e-005,-0.000539743
4.1444e-005,0.0129729
4.1448e-005,0.0189802
4.1452e-005,0.0187669
4.1456e-005,0.0188215
4.146e-005,0.019129
4.1464e-005,0.0192332
4.1468e-005,0.0183948
4.1472e-005,0.0184395
4.1476e-005,0.0187421
4.148e-005,0.0184693
4.1484e-005,0.0180575
4.1488e-005,0.0176904
4.1492e-005,0.0172489
4.1496e-005,0.0182559
4.15e-005,0.0182559
4.1504e-005,0.0181667
4.1508e-005,0.0182758
4.1512e-005,0.0176805
4.1516e-005,0.0187222
4.152e-005,0.0181071
4.1524e-005,0.0184941
4.1528e-005,0.0176904
4.1532e-005,0.0175813
4.1536e-005,0.0175763
4.154e-005,0.0181171
4.1544e-005,0.0173333
4.1548e-005,0.0177301
4.1552e-005,0.0170604
4.1556e-005,0.0179236
4.156e-005,0.0175466
4.1564e-005,0.0178591
4.1568e-005,0.017244
4.1572e-005,0.018003
4.1576e-005,0.0176557
4.158e-005,0.0184048
4.1584e-005,0.0180774
4.1588e-005,0.0179087
4.1592e-005,0.0176011
4.1596e-005,0.0177301
4.16e-005,0.0181319
4.1604e-005,0.0181419
4.1608e-005,0.0177847
4.1612e-005,0.018003
4.1616e-005,0.0184742
4.162e-005,0.0176458
4.1624e-005,0.0177897
4.1628e-005,0.0177648
4.1632e-005,0.0178591
4.1636e-005,0.0181766
4.164e-005,0.0173333
4.1644e-005,0.0179335
4.1648e-005,0.0174771
4.1652e-005,0.0179534
4.1656e-005,0.0180079
4.166e-005,0.0182063
4.1664e-005,0.0183353
4.1668e-005,0.0179682
4.1672e-005,0.0181121
4.1676e-005,0.0174077
4.168e-005,0.0179583
4.1684e-005,0.0176508
4.1688e-005,0.0184841
4.1692e-005,0.0178393
4.1696e-005,0.0175863
4.17e-005,0.0183998
4.1704e-005,0.0180674
4.1708e-005,0.0178641
4.1712e-005,0.0175912
4.1716e-005,0.01774
4.172e-005,0.0178393
4.1724e-005,0.0181419
4.1728e-005,0.0178293
4.1732e-005,0.0177897
4.1736e-005,0.0181022
4.174e-005,0.0188264
4.1744e-005,0.0177549
4.1748e-005,0.0185784
4.1752e-005,0.018003
4.1756e-005,0.0180625
4.176e-005,0.0181567
4.1764e-005,0.0177748
4.1768e-005,0.01712
4.1772e-005,0.0177698
4.1776e-005,0.0174871
4.178e-005,0.0178194
4.1784e-005,0.017626
4.1788e-005,0.0175615
4.1792e-005,0.0176756
4.1796e-005,0.0174771
4.18e-005,0.0179137
4.1804e-005,0.0177549
4.1808e-005,0.0180079
4.1812e-005,0.0179583
4.1816e-005,0.0181468
4.182e-005,0.018504
4.1824e-005,0.018122
4.1828e-005,0.0177599
4.1832e-005,0.0173779
4.1836e-005,0.0183452
4.184e-005,0.0176656
4.1844e-005,0.0179285
4.1848e-005,0.0182808
4.1852e-005,0.0187074
4.1856e-005,0.0182411
4.186e-005,0.0177797
4.1864e-005,0.0181964
4.1868e-005,0.0176607
4.1872e-005,0.0179137
4.1876e-005,0.0185933
4.188e-005,0.0181319
4.1884e-005,0.0178988
4.1888e-005,0.0181022
4.1892e-005,0.017492
4.1896e-005,0.0178343
4.19e-005,0.0177599
4.1904e-005,0.0177549
4.1908e-005,0.0182311
4.1912e-005,0.0176111
4.1916e-005,0.0176359
4.192e-005,0.0176508
4.1924e-005,0.0179881
4.1928e-005,0.018003
4.1932e-005,0.0181022
4.1936e-005,0.0178095
4.194e-005,0.0181865
4.1944e-005,0.017998
4.1948e-005,0.0170307
4.1952e-005,0.0177897
4.1956e-005,0.0175615
4.196e-005,0.0176805
4.1964e-005,0.0182758
4.1968e-005,0.0180228
4.1972e-005,0.0176359
4.1976e-005,0.0176408
4.198e-005,0.0175763
4.1984e-005,0.0183998
4.1988e-005,0.0179881
4.1992e-005,0.0174226
4.1996e-005,0.0180178
4.2e-005,0.0173978
4.2004e-005,0.018127
4.2008e-005,0.0177648
4.2012e-005,0.0180327
4.2016e-005,0.0177996
4.202e-005,0.0184742
4.2024e-005,0.0181865
4.2028e-005,0.0171944
4.2032e-005,0.0179335
4.2036e-005,0.016862
4.204e-005,0.017993
4.2044e-005,0.0176111
4.2048e-005,0.0181915
4.2052e-005,0.0178492
4.2056e-005,0.0184643
4.206e-005,0.018122
4.2064e-005,0.0177698
4.2068e-005,0.0182907
4.2072e-005,0.0180476
4.2076e-005,0.0176756
4.208e-005,0.017363
4.2084e-005,0.0176458
4.2088e-005,0.0179385
4.2092e-005,0.0179037
4.2096e-005,0.01775
4.21e-005,0.0181121
4.2104e-005,0.0183155
4.2108e-005,0.0172539
4.2112e-005,0.0179434
4.2116e-005,0.0170704
4.212e-005,0.0177103
4.2124e-005,0.019005
4.2128e-005,0.0190844
4.2132e-005,0.0193671
4.2136e-005,0.0199624
4.214e-005,0.0199425
4.2144e-005,0.0202005
4.2148e-005,0.0184941
4.2152e-005,0.0193522
4.2156e-005,0.0189703
4.216e-005,0.0191042
4.2164e-005,0.0180278
4.2168e-005,0.018628
4.2172e-005,0.0058247
4.2176e-005,0.00125103
4.218e-005,0.00125103
4.2184e-005,0.000348204
4.2188e-005,0.000368046
4.2192e-005,0.000963317
4.2196e-005,0.000591273
4.22e-005,0.000799618
4.2204e-005,0.000536706
4.2208e-005,-0.000549664
4.2212e-005,0.0125017
4.2216e-005,0.0182063
4.222e-005,0.0185536
4.2224e-005,0.01963
4.2228e-005,0.0210289
4.2232e-005,0.0214853
4.2236e-005,0.0218821
4.224e-005,0.0232711
4.2244e-005,0.0238019
4.2248e-005,0.024293
4.2252e-005,0.0242583
4.2256e-005,0.0250272
4.226e-005,0.024293
4.2264e-005,0.0258804
4.2268e-005,0.0259945
4.2272e-005,0.02593
4.2276e-005,0.0261731
4.228e-005,0.0269668
4.2284e-005,0.025925
4.2288e-005,0.02656
4.2292e-005,0.0268179
4.2296e-005,0.0270461
4.23e-005,0.0271205
4.2304e-005,0.0258705
4.2308e-005,0.0263913
4.2312e-005,0.0268874
4.2316e-005,0.0267634
4.232e-005,0.0267286
4.2324e-005,0.0264657
4.2328e-005,0.0271453
4.2332e-005,0.0265153
4.2336e-005,0.0272644
4.234e-005,0.0266741
4.2344e-005,0.0265649
4.2348e-005,0.0266642
4.2352e-005,0.0267237
4.2356e-005,0.0265005
4.236e-005,0.0257316
4.2364e-005,0.0259746
4.2368e-005,0.0257167
4.2372e-005,0.0262177
4.2376e-005,0.0267832
4.238e-005,0.0265649
4.2384e-005,0.0261879
4.2388e-005,0.026679
4.2392e-005,0.0265203
4.2396e-005,0.0263467
4.24e-005,0.0263219
4.2404e-005,0.0268179
4.2408e-005,0.0256175
4.2412e-005,0.0264657
4.2416e-005,0.0266741
4.242e-005,0.0270064
4.2424e-005,0.0265302
4.2428e-005,0.0259796
4.2432e-005,0.0265203
4.2436e-005,0.0265005
4.244e-005,0.0268031
4.2444e-005,0.0268576
4.2448e-005,0.0262623
4.2452e-005,0.0262127
4.2456e-005,0.0265253
4.246e-005,0.0264757
4.2464e-005,0.0269221
4.2468e-005,0.0264955
4.2472e-005,0.0272495
4.2476e-005,0.0260689
4.248e-005,0.0270858
4.2484e-005,0.0260639
4.2488e-005,0.0262078
4.2492e-005,0.0263963
4.2496e-005,0.0264558
4.25e-005,0.0268626
4.2504e-005,0.0259002
4.2508e-005,0.025801
4.2512e-005,0.025925
4.2516e-005,0.026684
4.252e-005,0.0259895
4.2524e-005,0.0262623
4.2528e-005,0.0260094
4.2532e-005,0.0262127
4.2536e-005,0.0262921
4.254e-005,0.0265203
4.2544e-005,0.0260044
4.2548e-005,0.0268923
4.2552e-005,0.0264905
4.2556e-005,0.0257117
4.256e-005,0.0259052
4.2564e-005,0.0261284
4.2568e-005,0.0263963
4.2572e-005,0.0262971
4.2576e-005,0.0266939
4.258e-005,0.0265699
4.2584e-005,0.0262772
4.2588e-005,0.0259151
4.2592e-005,0.0265352
4.2596e-005,0.0259647
4.26e-005,0.0261979
4.2604e-005,0.0265897
4.2608e-005,0.0260391
4.2612e-005,0.0262574
4.2616e-005,0.0258655
4.262e-005,0.0266294
4.2624e-005,0.026302
4.2628e-005,0.0263467
4.2632e-005,0.0260838
4.2636e-005,0.0263963
4.264e-005,0.0260193
4.2644e-005,0.0263715
4.2648e-005,0.0263169
4.2652e-005,0.0265897
4.2656e-005,0.0267683
4.266e-005,0.0261185
4.2664e-005,0.0263665
4.2668e-005,0.0266096
4.2672e-005,0.0268775
4.2676e-005,0.025806
4.268e-005,0.0257018
4.2684e-005,0.0262425
4.2688e-005,0.026312
4.2692e-005,0.0264508
4.2696e-005,0.0260044
4.27e-005,0.0266989
4.2704e-005,0.0261433
4.2708e-005,0.0265897
4.2712e-005,0.0263467
4.2716e-005,0.0266691
4.272e-005,0.0269171
4.2724e-005,0.0266443
4.2728e-005,0.0266741
4.2732e-005,0.0265401
4.2736e-005,0.0267286
4.274e-005,0.0261036
4.2744e-005,0.0266741
4.2748e-005,0.0265749
4.2752e-005,0.0264161
4.2756e-005,0.026808
4.276e-005,0.0260838
4.2764e-005,0.026183
4.2768e-005,0.0268527
4.2772e-005,0.0261433
4.2776e-005,0.0267286
4.278e-005,0.026431
4.2784e-005,0.0263169
4.2788e-005,0.0262871
4.2792e-005,0.0261532
4.2796e-005,0.0263715
4.28e-005,0.0262971
4.2804e-005,0.0262425
4.2808e-005,0.0259895
4.2812e-005,0.0259151
4.2816e-005,0.0268279
4.282e-005,0.0258605
4.2824e-005,0.026059
4.2828e-005,0.0265798
4.2832e-005,0.0263616
4.2836e-005,0.0261185
4.284e-005,0.0257812
4.2844e-005,0.0259697
4.2848e-005,0.026431
4.2852e-005,0.0266294
4.2856e-005,0.026183
4.286e-005,0.026302
4.2864e-005,0.0263417
4.2868e-005,0.0264955
4.2872e-005,0.0262673
4.2876e-005,0.026431
4.288e-005,0.0269072
4.2884e-005,0.0255034
4.2888e-005,0.0254438
4.2892e-005,0.0258953
4.2896e-005,0.0264657
4.29e-005,0.026183
4.2904e-005,0.0263616
4.2908e-005,0.0265947
4.2912e-005,0.0262971
4.2916e-005,0.0205229
4.292e-005,0.0193969
4.2924e-005,0.0197193
4.2928e-005,0.0199624
4.2932e-005,0.0183849
4.2936e-005,0.0188264
4.294e-005,0.0059884
4.2944e-005,0.0014693
4.2948e-005,0.0011419
4.2952e-005,-3.87227e-005
4.2956e-005,0.000740091
4.296e-005,0.000874027
4.2964e-005,0.000968278
4.2968e-005,0.000973238
4.2972e-005,0.000437494
4.2976e-005,-0.000410767
4.298e-005,0.0126207
4.2984e-005,0.0184593
4.2988e-005,0.0208999
4.2992e-005,0.0225469
4.2996e-005,0.0253496
4.3e-005,0.0275967
4.3004e-005,0.0276116
4.3008e-005,0.0297893
4.3012e-005,0.0308906
4.3016e-005,0.0313172
4.302e-005,0.0325524
4.3024e-005,0.0337826
4.3028e-005,0.0340306
4.3032e-005,0.0345713
4.3036e-005,0.0356676
4.304e-005,0.0353353
4.3044e-005,0.0356776
4.3048e-005,0.0355635
4.3052e-005,0.0356627
4.3056e-005,0.0361141
4.306e-005,0.0361885
4.3064e-005,0.0365556
4.3068e-005,0.0365705
4.3072e-005,0.0367986
4.3076e-005,0.0365903
4.308e-005,0.0374038
4.3084e-005,0.0367738
4.3088e-005,0.0368383
4.3092e-005,0.0365159
4.3096e-005,0.0363968
4.31e-005,0.0369673
4.3104e-005,0.037389
4.3108e-005,0.0368532
4.3112e-005,0.037508
4.3116e-005,0.0366101
4.312e-005,0.0367242
4.3124e-005,0.037012
4.3128e-005,0.0362877
4.3132e-005,0.0362381
4.3136e-005,0.0366697
4.314e-005,0.0370169
4.3144e-005,0.0363125
4.3148e-005,0.0362282
4.3152e-005,0.0365209
4.3156e-005,0.0358313
4.316e-005,0.0362927
4.3164e-005,0.0360496
4.3168e-005,0.036377
4.3172e-005,0.0364564
4.3176e-005,0.0367986
4.318e-005,0.0365705
4.3184e-005,0.0368532
4.3188e-005,0.0365903
4.3192e-005,0.0366151
4.3196e-005,0.037126
4.32e-005,0.0360496
4.3204e-005,0.0368433
4.3208e-005,0.0368284
4.3212e-005,0.036506
4.3216e-005,0.0367242
4.322e-005,0.0362827
4.3224e-005,0.0358958
4.3228e-005,0.0370516
4.3232e-005,0.0358313
4.3236e-005,0.036119
4.324e-005,0.0360992
4.3244e-005,0.0367441
4.3248e-005,0.0359851
4.3252e-005,0.0367887
4.3256e-005,0.0358165
4.326e-005,0.0364961
4.3264e-005,0.0355139
4.3268e-005,0.0367838
4.3272e-005,0.0360446
4.3276e-005,0.036
4.328e-005,0.036382
4.3284e-005,0.0360298
4.3288e-005,0.0362034
4.3292e-005,0.0362083
4.3296e-005,0.035876
4.33e-005,0.0360248
4.3304e-005,0.0357569
4.3308e-005,0.0361736
4.3312e-005,0.0358958
4.3316e-005,0.0362133
4.332e-005,0.0362827
4.3324e-005,0.0359504
4.3328e-005,0.0361637
4.3332e-005,0.0366846
4.3336e-005,0.035871
4.334e-005,0.0367887
4.3344e-005,0.0365209
4.3348e-005,0.0361885
4.3352e-005,0.0364514
4.3356e-005,0.0366796
4.336e-005,0.0362034
4.3364e-005,0.0362579
4.3368e-005,0.0364712
4.3372e-005,0.0365605
4.3376e-005,0.0368185
4.338e-005,0.0361091
4.3384e-005,0.0364464
4.3388e-005,0.0364464
4.3392e-005,0.0365357
4.3396e-005,0.0361141
4.34e-005,0.0370368
4.3404e-005,0.0366399
4.3408e-005,0.037007
4.3412e-005,0.0368433
4.3416e-005,0.0366101
4.342e-005,0.036878
4.3424e-005,0.0373195
4.3428e-005,0.0364316
4.3432e-005,0.0366052
4.3436e-005,0.0369475
4.344e-005,0.0364415
4.3444e-005,0.0366548
4.3448e-005,0.037002
4.3452e-005,0.0369574
4.3456e-005,0.0364961
4.346e-005,0.0368185
4.3464e-005,0.0369574
4.3468e-005,0.0363373
4.3472e-005,0.0368334
4.3476e-005,0.0368086
4.348e-005,0.0369375
4.3484e-005,0.0372253
4.3488e-005,0.0370566
4.3492e-005,0.0367342
4.3496e-005,0.0368532
4.35e-005,0.0366746
4.3504e-005,0.0364613
4.3508e-005,0.0367342
4.3512e-005,0.0367639
4.3516e-005,0.0366151
4.352e-005,0.0364415
4.3524e-005,0.0370616
4.3528e-005,0.0371409
4.3532e-005,0.0368929
4.3536e-005,0.0362976
4.354e-005,0.0365109
4.3544e-005,0.0372401
4.3548e-005,0.0363224
4.3552e-005,0.0366598
4.3556e-005,0.036759
4.356e-005,0.0364663
4.3564e-005,0.0363324
4.3568e-005,0.0364712
4.3572e-005,0.0360546
4.3576e-005,0.0363423
4.358e-005,0.0361687
4.3584e-005,0.0364365
4.3588e-005,0.0362679
4.3592e-005,0.0370417
4.3596e-005,0.0366201
4.36e-005,0.0364613
4.3604e-005,0.0368135
4.3608e-005,0.0368383
4.3612e-005,0.0368086
4.3616e-005,0.0364117
4.362e-005,0.0362133
4.3624e-005,0.0362778
4.3628e-005,0.0366151
4.3632e-005,0.0372848
4.3636e-005,0.0366598
4.364e-005,0.0369227
4.3644e-005,0.0375179
4.3648e-005,0.037012
4.3652e-005,0.0361042
4.3656e-005,0.0359305
4.366e-005,0.0344275
4.3664e-005,0.0336288
4.3668e-005,0.0318827
4.3672e-005,0.032225
4.3676e-005,0.0320762
4.368e-005,0.0319125
4.3684e-005,0.0231173
4.3688e-005,0.0195854
4.3692e-005,0.0201707
4.3696e-005,0.0199029
4.37e-005,0.0185337
4.3704e-005,0.0194564
4.3708e-005,0.00613722
4.3712e-005,0.00135024
4.3716e-005,0.00187111
4.372e-005,-0.000445491
4.3724e-005,0.00104269
4.3728e-005,0.00132544
4.3732e-005,0.000263874
4.3736e-005,6.54498e-005
4.374e-005,0.000224189
4.3744e-005,-0.000723285
4.3748e-005,0.0114798
4.3752e-005,0.0200021
4.3756e-005,0.022785
4.376e-005,0.0259796
4.3764e-005,0.0290403
4.3768e-005,0.0305929
4.3772e-005,0.0318182
4.3776e-005,0.0345465
4.378e-005,0.0359008
4.3784e-005,0.0368185
4.3788e-005,0.037756
4.3792e-005,0.0399089
4.3796e-005,0.0402314
4.38e-005,0.0412285
4.3804e-005,0.0410648
4.3808e-005,0.0422206
4.3812e-005,0.042419
4.3816e-005,0.0432127
4.382e-005,0.043927
4.3824e-005,0.0432722
4.3828e-005,0.0439816
4.3832e-005,0.0446364
4.3836e-005,0.0445372
4.384e-005,0.0451721
4.3844e-005,0.0457575
4.3848e-005,0.045817
4.3852e-005,0.0449588
4.3856e-005,0.0463478
4.386e-005,0.0453011
4.3864e-005,0.0463329
4.3868e-005,0.0463528
4.3872e-005,0.0467298
4.3876e-005,0.0465165
4.388e-005,0.0465611
4.3884e-005,0.0462883
4.3888e-005,0.0466355
4.3892e-005,0.0468736
4.3896e-005,0.0464768
4.39e-005,0.0466057
4.3904e-005,0.0463379
4.3908e-005,0.046323
4.3912e-005,0.0466057
4.3916e-005,0.046819
4.392e-005,0.0471861
4.3924e-005,0.0471464
4.3928e-005,0.0470324
4.3932e-005,0.0468439
4.3936e-005,0.0473994
4.394e-005,0.0468885
4.3944e-005,0.0471018
4.3948e-005,0.0468141
4.3952e-005,0.0466702
4.3956e-005,0.0474738
4.396e-005,0.0472605
4.3964e-005,0.0463528
4.3968e-005,0.0475483
4.3972e-005,0.0464867
4.3976e-005,0.0470175
4.398e-005,0.046824
4.3984e-005,0.0468439
4.3988e-005,0.0466802
4.3992e-005,0.0464817
4.3996e-005,0.0466256
4.4e-005,0.0470869
4.4004e-005,0.0467645
4.4008e-005,0.0476028
4.4012e-005,0.0468389
4.4016e-005,0.046948
4.402e-005,0.0469927
4.4024e-005,0.0469927
4.4028e-005,0.0469034
4.4032e-005,0.0466057
4.4036e-005,0.0473449
4.404e-005,0.0468538
4.4044e-005,0.0463627
4.4048e-005,0.0467496
4.4052e-005,0.0471415
4.4056e-005,0.0470522
4.406e-005,0.047583
4.4064e-005,0.0471762
4.4068e-005,0.0473895
4.4072e-005,0.0471613
4.4076e-005,0.0468984
4.408e-005,0.0469232
4.4084e-005,0.0472903
4.4088e-005,0.0470869
4.4092e-005,0.0466702
4.4096e-005,0.0469431
4.41e-005,0.0469331
4.4104e-005,0.0470572
4.4108e-005,0.0475235
4.4112e-005,0.0470522
4.4116e-005,0.047206
4.412e-005,0.0471961
4.4124e-005,0.0474788
4.4128e-005,0.0465809
4.4132e-005,0.0475532
4.4136e-005,0.0466802
4.414e-005,0.0470175
4.4144e-005,0.0472159
4.4148e-005,0.0477566
4.4152e-005,0.0470125
4.4156e-005,0.0469679
4.416e-005,0.0469579
4.4164e-005,0.0464172
4.4168e-005,0.0472258
4.4172e-005,0.0471613
4.4176e-005,0.0466901
4.418e-005,0.0471018
4.4184e-005,0.047831
4.4188e-005,0.0467744
4.4192e-005,0.0468984
4.4196e-005,0.0471564
4.42e-005,0.046829
4.4204e-005,0.0477963
4.4208e-005,0.0477963
4.4212e-005,0.0476227
4.4216e-005,0.0467496
4.422e-005,0.0473697
4.4224e-005,0.046824
4.4228e-005,0.0473399
4.4232e-005,0.0474689
4.4236e-005,0.0470968
4.424e-005,0.0466653
4.4244e-005,0.0471663
4.4248e-005,0.0466603
4.4252e-005,0.0476822
4.4256e-005,0.047836
4.426e-005,0.0469728
4.4264e-005,0.0475631
4.4268e-005,0.0474044
4.4272e-005,0.0465065
4.4276e-005,0.0471216
4.428e-005,0.0476574
4.4284e-005,0.0471316
4.4288e-005,0.0473151
4.4292e-005,0.0470324
4.4296e-005,0.0465661
4.43e-005,0.0469728
4.4304e-005,0.0475383
4.4308e-005,0.0468389
4.4312e-005,0.0471663
4.4316e-005,0.047325
4.432e-005,0.0471762
4.4324e-005,0.0477764
4.4328e-005,0.047206
4.4332e-005,0.0466454
4.4336e-005,0.0473598
4.434e-005,0.047206
4.4344e-005,0.0465809
4.4348e-005,0.0474441
4.4352e-005,0.0473548
4.4356e-005,0.0473846
4.436e-005,0.0476078
4.4364e-005,0.0469728
4.4368e-005,0.0476276
4.4372e-005,0.0475135
4.4376e-005,0.0473994
4.438e-005,0.0468538
4.4384e-005,0.0466057
4.4388e-005,0.0476425
4.4392e-005,0.0471316
4.4396e-005,0.047454
4.44e-005,0.0474242
4.4404e-005,0.0472853
4.4408e-005,0.0473746
4.4412e-005,0.0473002
4.4416e-005,0.0478955
4.442e-005,0.0471911
4.4424e-005,0.0459311
4.4428e-005,0.0409903
4.4432e-005,0.038138
4.4436e-005,0.0374187
4.444e-005,0.0354246
4.4444e-005,0.0356924
4.4448e-005,0.0341398
4.4452e-005,0.0248089
4.4456e-005,0.0202501
4.446e-005,0.0195308
4.4464e-005,0.0193721
4.4468e-005,0.019129
4.4472e-005,0.0190199
4.4476e-005,0.00681186
4.448e-005,0.00121631
4.4484e-005,0.00130064
4.4488e-005,0.000204346
4.4492e-005,0.000754972
4.4496e-005,0.00098812
4.45e-005,0.000998041
4.4504e-005,0.00102284
4.4508e-005,0.000725209
4.4512e-005,-0.00043061
4.4516e-005,0.012839
4.452e-005,0.01901
4.4524e-005,0.0183899
4.4528e-005,0.0180972
4.4532e-005,0.0191786
4.4536e-005,0.0184544
4.454e-005,0.0181964
4.4544e-005,0.0182262
4.4548e-005,0.0186379
4.4552e-005,0.0181964
4.4556e-005,0.01774
4.456e-005,0.0182956
4.4564e-005,0.0178641
4.4568e-005,0.0182907
4.4572e-005,0.0181419
4.4576e-005,0.017993
4.458e-005,0.0177103
4.4584e-005,0.0182956
4.4588e-005,0.0180823
4.4592e-005,0.0178045
4.4596e-005,0.0180079
4.46e-005,0.0181171
4.4604e-005,0.0181319
4.4608e-005,0.0182758
4.4612e-005,0.0183006
4.4616e-005,0.0179534
4.462e-005,0.017626
4.4624e-005,0.0177797
4.4628e-005,0.0179534
4.4632e-005,0.0175565
4.4636e-005,0.0182014
4.464e-005,0.0187371
4.4644e-005,0.0177351
4.4648e-005,0.0175416
4.4652e-005,0.0177599
4.4656e-005,0.0178789
4.466e-005,0.0176607
4.4664e-005,0.0175466
4.4668e-005,0.0189107
4.4672e-005,0.0180674
4.4676e-005,0.0176061
4.468e-005,0.0180079
4.4684e-005,0.0171249
4.4688e-005,0.0180922
4.4692e-005,0.0179583
4.4696e-005,0.0183651
4.47e-005,0.0175019
4.4704e-005,0.0175466
4.4708e-005,0.0181617
4.4712e-005,0.0175416
4.4716e-005,0.0178641
4.472e-005,0.0180426
4.4724e-005,0.0176557
4.4728e-005,0.0181766
4.4732e-005,0.0178393
4.4736e-005,0.0181071
4.474e-005,0.0180178
4.4744e-005,0.0182063
4.4748e-005,0.0176557
4.4752e-005,0.0184395
4.4756e-005,0.0177301
4.476e-005,0.0179285
4.4764e-005,0.018003
4.4768e-005,0.0179831
4.4772e-005,0.0176011
4.4776e-005,0.0180426
4.478e-005,0.0183452
4.4784e-005,0.01775
4.4788e-005,0.0184544
4.4792e-005,0.0179087
4.4796e-005,0.0178988
4.48e-005,0.018633
4.4804e-005,0.0180674
4.4808e-005,0.0174325
4.4812e-005,0.0180625
4.4816e-005,0.0179484
4.482e-005,0.0180327
4.4824e-005,0.0177252
4.4828e-005,0.0179285
4.4832e-005,0.0180377
4.4836e-005,0.0183651
4.484e-005,0.0183403
4.4844e-005,0.0175119
4.4848e-005,0.0181865
4.4852e-005,0.0174176
4.4856e-005,0.018127
4.486e-005,0.01838
4.4864e-005,0.017616
4.4868e-005,0.0183452
4.4872e-005,0.0176359
4.4876e-005,0.0180327
4.488e-005,0.0178095
4.4884e-005,0.0184296
4.4888e-005,0.0173978
4.4892e-005,0.0185833
4.4896e-005,0.0183601
4.49e-005,0.0181468
4.4904e-005,0.0176954
4.4908e-005,0.0171101
4.4912e-005,0.0182163
4.4916e-005,0.0179633
4.492e-005,0.0173184
4.4924e-005,0.0173779
4.4928e-005,0.017626
4.4932e-005,0.0177748
4.4936e-005,0.0180774
4.494e-005,0.0177946
4.4944e-005,0.0172093
4.4948e-005,0.0177897
4.4952e-005,0.018246
4.4956e-005,0.0182063
4.496e-005,0.0177797
4.4964e-005,0.0177053
4.4968e-005,0.0183948
4.4972e-005,0.0178045
4.4976e-005,0.0184296
4.498e-005,0.0177004
4.4984e-005,0.0176061
4.4988e-005,0.0182212
4.4992e-005,0.0176855
4.4996e-005,0.0186826
4.5e-005,0.0175912
4.5004e-005,0.017874
4.5008e-005,0.017492
4.5012e-005,0.0177053
4.5016e-005,0.0179831
4.502e-005,0.0177004
4.5024e-005,0.0179335
4.5028e-005,0.0185883
4.5032e-005,0.0182212
4.5036e-005,0.0176111
4.504e-005,0.017621
4.5044e-005,0.0181667
4.5048e-005,0.0176111
4.5052e-005,0.0188066
4.5056e-005,0.01838
4.506e-005,0.017993
4.5064e-005,0.0184544
4.5068e-005,0.0183105
4.5072e-005,0.0176607
4.5076e-005,0.0176904
4.508e-005,0.0181319
4.5084e-005,0.018628
4.5088e-005,0.017998
4.5092e-005,0.0181022
4.5096e-005,0.0177004
4.51e-005,0.0184246
4.5104e-005,0.0181716
4.5108e-005,0.0183998
4.5112e-005,0.0179037
4.5116e-005,0.0176458
4.512e-005,0.0175763
4.5124e-005,0.0177549
4.5128e-005,0.0177103
4.5132e-005,0.0176359
4.5136e-005,0.017745
4.514e-005,0.0176756
4.5144e-005,0.0177152
4.5148e-005,0.0177996
4.5152e-005,0.0181617
4.5156e-005,0.0182063
4.516e-005,0.0179682
4.5164e-005,0.0179385
4.5168e-005,0.0178789
4.5172e-005,0.0180823
4.5176e-005,0.0178343
4.518e-005,0.0182063
4.5184e-005,0.0181419
4.5188e-005,0.0170654
4.5192e-005,0.0179732
4.5196e-005,0.0181716
4.52e-005,0.0190496
4.5204e-005,0.0199574
4.5208e-005,0.0198929
4.5212e-005,0.0203989
4.5216e-005,0.0202898
4.522e-005,0.0194217
4.5224e-005,0.0188909
4.5228e-005,0.0189802
4.5232e-005,0.0197094
4.5236e-005,0.0181071
4.524e-005,0.0183403
4.5244e-005,0.00560643
4.5248e-005,0.00165284
4.5252e-005,0.00140481
4.5256e-005,0.0004871
4.526e-005,-8.83286e-005
4.5264e-005,0.00110221
4.5268e-005,0.000457337
4.5272e-005,0.000343243
4.5276e-005,0.000978199
4.528e-005,-0.000311555
4.5284e-005,0.0116732
4.5288e-005,0.0177946
4.5292e-005,0.0189653
4.5296e-005,0.0198483
4.53e-005,0.0220359
4.5304e-005,0.0219863
4.5308e-005,0.0221054
4.5312e-005,0.0232513
4.5316e-005,0.0237027
4.532e-005,0.0234795
4.5324e-005,0.0244617
4.5328e-005,0.0256026
4.5332e-005,0.025806
4.5336e-005,0.0252801
4.534e-005,0.0266592
4.5344e-005,0.0260044
4.5348e-005,0.0265352
4.5352e-005,0.0268576
4.5356e-005,0.0265848
4.536e-005,0.0261681
4.5364e-005,0.0269122
4.5368e-005,0.0268973
4.5372e-005,0.0264757
4.5376e-005,0.0258804
4.538e-005,0.0266145
4.5384e-005,0.0262127
4.5388e-005,0.0258953
4.5392e-005,0.025305
4.5396e-005,0.0259796
4.54e-005,0.026049
4.5404e-005,0.0269221
4.5408e-005,0.0269618
4.5412e-005,0.026307
4.5416e-005,0.026054
4.542e-005,0.0270412
4.5424e-005,0.0263814
4.5428e-005,0.0262276
4.5432e-005,0.026183
4.5436e-005,0.0262276
4.544e-005,0.0257316
4.5444e-005,0.0258804
4.5448e-005,0.0257167
4.5452e-005,0.0265848
4.5456e-005,0.0260143
4.546e-005,0.0265203
4.5464e-005,0.0258556
4.5468e-005,0.0262375
4.5472e-005,0.0260292
4.5476e-005,0.0261681
4.548e-005,0.0258258
4.5484e-005,0.0261433
4.5488e-005,0.0261681
4.5492e-005,0.0262127
4.5496e-005,0.0262822
4.55e-005,0.0260937
4.5504e-005,0.0262772
4.5508e-005,0.026054
4.5512e-005,0.026431
4.5516e-005,0.0260044
4.552e-005,0.0266394
4.5524e-005,0.0265302
4.5528e-005,0.0266394
4.5532e-005,0.0262871
4.5536e-005,0.0259846
4.554e-005,0.0264955
4.5544e-005,0.026813
4.5548e-005,0.0263268
4.5552e-005,0.0259052
4.5556e-005,0.0270064
4.556e-005,0.0265054
4.5564e-005,0.0264558
4.5568e-005,0.026183
4.5572e-005,0.0265302
4.5576e-005,0.026689
4.558e-005,0.0260441
4.5584e-005,0.0268031
4.5588e-005,0.0265848
4.5592e-005,0.0261334
4.5596e-005,0.0257663
4.56e-005,0.026059
4.5604e-005,0.0260639
4.5608e-005,0.0262375
4.5612e-005,0.026679
4.5616e-005,0.02656
4.562e-005,0.0262971
4.5624e-005,0.026183
4.5628e-005,0.0266989
4.5632e-005,0.0259598
4.5636e-005,0.0262971
4.564e-005,0.0258209
4.5644e-005,0.02656
4.5648e-005,0.0263913
4.5652e-005,0.0261979
4.5656e-005,0.0262475
4.566e-005,0.0260094
4.5664e-005,0.0259101
4.5668e-005,0.0260986
4.5672e-005,0.0265749
4.5676e-005,0.0256175
4.568e-005,0.0259101
4.5684e-005,0.0261433
4.5688e-005,0.0257167
4.5692e-005,0.0256869
4.5696e-005,0.0268179
4.57e-005,0.0258308
4.5704e-005,0.0263665
4.5708e-005,0.0260639
4.5712e-005,0.0265054
4.5716e-005,0.0258754
4.572e-005,0.0259052
4.5724e-005,0.026436
4.5728e-005,0.026312
4.5732e-005,0.0259796
4.5736e-005,0.0259101
4.574e-005,0.0262375
4.5744e-005,0.0266096
4.5748e-005,0.0262028
4.5752e-005,0.0260838
4.5756e-005,0.026307
4.576e-005,0.0262177
4.5764e-005,0.0265153
4.5768e-005,0.0258308
4.5772e-005,0.0261433
4.5776e-005,0.0263864
4.578e-005,0.0264459
4.5784e-005,0.0262425
4.5788e-005,0.0262971
4.5792e-005,0.0261731
4.5796e-005,0.0259548
4.58e-005,0.0258109
4.5804e-005,0.0262227
4.5808e-005,0.0260143
4.5812e-005,0.0254786
4.5816e-005,0.0263516
4.582e-005,0.0259598
4.5824e-005,0.0260242
4.5828e-005,0.0255381
4.5832e-005,0.0266294
4.5836e-005,0.0269072
4.584e-005,0.0267237
4.5844e-005,0.0261036
4.5848e-005,0.0264062
4.5852e-005,0.0271056
4.5856e-005,0.0258705
4.586e-005,0.0267435
4.5864e-005,0.0264856
4.5868e-005,0.0264062
4.5872e-005,0.0264062
4.5876e-005,0.0262078
4.588e-005,0.0261284
4.5884e-005,0.0266691
4.5888e-005,0.0261879
4.5892e-005,0.026302
4.5896e-005,0.0264608
4.59e-005,0.0268031
4.5904e-005,0.0263665
4.5908e-005,0.0267882
4.5912e-005,0.0261681
4.5916e-005,0.0264161
4.592e-005,0.0268626
4.5924e-005,0.0261929
4.5928e-005,0.0267584
4.5932e-005,0.0264062
4.5936e-005,0.0263764
4.594e-005,0.0263516
4.5944e-005,0.0265352
4.5948e-005,0.0268725
4.5952e-005,0.0261979
4.5956e-005,0.0256919
4.596e-005,0.0263715
4.5964e-005,0.0263368
4.5968e-005,0.0258754
4.5972e-005,0.0262127
4.5976e-005,0.0269916
4.598e-005,0.0266195
4.5984e-005,0.0265401
4.5988e-005,0.0216043
4.5992e-005,0.0197689
4.5996e-005,0.0198483
4.6e-005,0.0191191
4.6004e-005,0.0184246
4.6008e-005,0.0187024
4.6012e-005,0.00653902
4.6016e-005,0.00117166
4.602e-005,0.00134032
4.6024e-005,1.58439e-005
4.6028e-005,0.000283716
4.6032e-005,0.000859145
4.6036e-005,0.000506943
4.604e-005,0.000497021
4.6044e-005,0.000849224
4.6048e-005,-0.000242107
4.6052e-005,0.0128539
4.6056e-005,0.0187371
4.606e-005,0.020513
4.6064e-005,0.0228147
4.6068e-005,0.0257564
4.6072e-005,0.027314
4.6076e-005,0.0276563
4.608e-005,0.0296058
4.6084e-005,0.0304739
4.6088e-005,0.0312973
4.6092e-005,0.0322944
4.6096e-005,0.0331873
4.61e-005,0.0344424
4.6104e-005,0.0337925
4.6108e-005,0.0346309
4.6112e-005,0.0345862
4.6116e-005,0.0356379
4.612e-005,0.0355982
4.6124e-005,0.036248
4.6128e-005,0.0364812
4.6132e-005,0.0364961
4.6136e-005,0.0373046
4.614e-005,0.0373294
4.6144e-005,0.0374336
4.6148e-005,0.0376271
4.6152e-005,0.0373989
4.6156e-005,0.0374088
4.616e-005,0.0367143
4.6164e-005,0.0372997
4.6168e-005,0.0367788
4.6172e-005,0.0369227
4.6176e-005,0.0375725
4.618e-005,0.0376469
4.6184e-005,0.0371657
4.6188e-005,0.0376717
4.6192e-005,0.0373542
4.6196e-005,0.0376717
4.62e-005,0.0377114
4.6204e-005,0.0375675
4.6208e-005,0.0372253
4.6212e-005,0.0377511
4.6216e-005,0.0369822
4.622e-005,0.0366846
4.6224e-005,0.0373145
4.6228e-005,0.0374435
4.6232e-005,0.0369524
4.6236e-005,0.038267
4.624e-005,0.0373096
4.6244e-005,0.0376469
4.6248e-005,0.03726
4.6252e-005,0.0371211
4.6256e-005,0.0370467
4.626e-005,0.0377263
4.6264e-005,0.0371062
4.6268e-005,0.0372798
4.6272e-005,0.0373741
4.6276e-005,0.0369623
4.628e-005,0.037136
4.6284e-005,0.0372401
4.6288e-005,0.037007
4.6292e-005,0.0374237
4.6296e-005,0.0372104
4.63e-005,0.0377064
4.6304e-005,0.0369971
4.6308e-005,0.0372153
4.6312e-005,0.0373989
4.6316e-005,0.0375031
4.632e-005,0.0371211
4.6324e-005,0.0368334
4.6328e-005,0.0372203
4.6332e-005,0.0376171
4.6336e-005,0.0372501
4.634e-005,0.0379545
4.6344e-005,0.038143
4.6348e-005,0.0379793
4.6352e-005,0.0378354
4.6356e-005,0.0373294
4.636e-005,0.037126
4.6364e-005,0.0381628
4.6368e-005,0.0374187
4.6372e-005,0.0374733
4.6376e-005,0.0374435
4.638e-005,0.0381827
4.6384e-005,0.0376171
4.6388e-005,0.0378801
4.6392e-005,0.0379098
4.6396e-005,0.0374386
4.64e-005,0.0372699
4.6404e-005,0.0366548
4.6408e-005,0.0373493
4.6412e-005,0.0376072
4.6416e-005,0.0371509
4.642e-005,0.0374634
4.6424e-005,0.0373542
4.6428e-005,0.037632
4.6432e-005,0.0371211
4.6436e-005,0.0372997
4.644e-005,0.0370566
4.6444e-005,0.0367937
4.6448e-005,0.0375527
4.6452e-005,0.0372352
4.6456e-005,0.0370516
4.646e-005,0.0373443
4.6464e-005,0.0374534
4.6468e-005,0.0376171
4.6472e-005,0.0371707
4.6476e-005,0.0371112
4.648e-005,0.0374683
4.6484e-005,0.0371856
4.6488e-005,0.0375427
4.6492e-005,0.0369127
4.6496e-005,0.0375031
4.65e-005,0.0377213
4.6504e-005,0.0375527
4.6508e-005,0.0372005
4.6512e-005,0.0378453
4.6516e-005,0.0374336
4.652e-005,0.0374634
4.6524e-005,0.0370665
4.6528e-005,0.0375378
4.6532e-005,0.0371806
4.6536e-005,0.0372104
4.654e-005,0.0371955
4.6544e-005,0.0371409
4.6548e-005,0.0374088
4.6552e-005,0.0367986
4.6556e-005,0.0374187
4.656e-005,0.0374138
4.6564e-005,0.0376221
4.6568e-005,0.0377312
4.6572e-005,0.0382075
4.6576e-005,0.0375179
4.658e-005,0.0372798
4.6584e-005,0.0378999
4.6588e-005,0.0373493
4.6592e-005,0.0375031
4.6596e-005,0.0369822
4.66e-005,0.0370963
4.6604e-005,0.0377064
4.6608e-005,0.0381628
4.6612e-005,0.0379346
4.6616e-005,0.0378701
4.662e-005,0.0376866
4.6624e-005,0.0374981
4.6628e-005,0.0376568
4.6632e-005,0.0379346
4.6636e-005,0.0379545
4.664e-005,0.0376816
4.6644e-005,0.0380239
4.6648e-005,0.0376023
4.6652e-005,0.0378949
4.6656e-005,0.0378255
4.666e-005,0.0378701
4.6664e-005,0.0380735
4.6668e-005,0.0376717
4.6672e-005,0.0371806
4.6676e-005,0.0374534
4.668e-005,0.0382323
4.6684e-005,0.0372501
4.6688e-005,0.0371707
4.6692e-005,0.0375725
4.6696e-005,0.0374534
4.67e-005,0.0373394
4.6704e-005,0.0376122
4.6708e-005,0.0371905
4.6712e-005,0.0375031
4.6716e-005,0.0378801
4.672e-005,0.037761
4.6724e-005,0.0363869
4.6728e-005,0.0366151
4.6732e-005,0.0349136
4.6736e-005,0.0331923
4.674e-005,0.0328351
4.6744e-005,0.0317488
4.6748e-005,0.0322795
4.6752e-005,0.0325028
4.6756e-005,0.0233902
4.676e-005,0.0192133
4.6764e-005,0.0196945
4.6768e-005,0.0197838
4.6772e-005,0.0191439
4.6776e-005,0.0187669
4.678e-005,0.0061521
4.6784e-005,0.00185622
4.6788e-005,0.00102284
4.6792e-005,0.000110095
4.6796e-005,0.000913711
4.68e-005,0.000769854
4.6804e-005,7.04104e-005
4.6808e-005,0.000501982
4.6812e-005,0.000998041
4.6816e-005,-0.000455413
4.682e-005,0.0120254
4.6824e-005,0.0195358
4.6828e-005,0.0220558
4.6832e-005,0.0258258
4.6836e-005,0.029457
4.684e-005,0.031466
4.6844e-005,0.0324581
4.6848e-005,0.0344721
4.6852e-005,0.0359454
4.6856e-005,0.0377511
4.686e-005,0.0395567
4.6864e-005,0.0399536
4.6868e-005,0.0403256
4.6872e-005,0.0409259
4.6876e-005,0.0416253
4.688e-005,0.0426521
4.6884e-005,0.0428605
4.6888e-005,0.0437484
4.6892e-005,0.0439667
4.6896e-005,0.044934
4.69e-005,0.0453408
4.6904e-005,0.0453904
4.6908e-005,0.045435
4.6912e-005,0.04607
4.6916e-005,0.0462932
4.692e-005,0.0458865
4.6924e-005,0.0460452
4.6928e-005,0.0460402
4.6932e-005,0.046819
4.6936e-005,0.0466206
4.694e-005,0.0470076
4.6944e-005,0.0457476
4.6948e-005,0.0461494
4.6952e-005,0.0466256
4.6956e-005,0.0469728
4.696e-005,0.0472258
4.6964e-005,0.0463676
4.6968e-005,0.0474639
4.6972e-005,0.0463924
4.6976e-005,0.0472506
4.698e-005,0.0466802
4.6984e-005,0.04733
4.6988e-005,0.0470274
4.6992e-005,0.0465363
4.6996e-005,0.0473697
4.7e-005,0.0475185
4.7004e-005,0.0474986
4.7008e-005,0.0474738
4.7012e-005,0.0477715
4.7016e-005,0.0475681
4.702e-005,0.0472258
4.7024e-005,0.0471713
4.7028e-005,0.0472605
4.7032e-005,0.0473895
4.7036e-005,0.046953
4.704e-005,0.0469778
4.7044e-005,0.0467645
4.7048e-005,0.0471514
4.7052e-005,0.0465214
4.7056e-005,0.046695
4.706e-005,0.0463528
4.7064e-005,0.0470572
4.7068e-005,0.0469827
4.7072e-005,0.0473349
4.7076e-005,0.0474143
4.708e-005,0.0464916
4.7084e-005,0.0469927
4.7088e-005,0.0475532
4.7092e-005,0.0471068
4.7096e-005,0.0469679
4.71e-005,0.046695
4.7104e-005,0.0471713
4.7108e-005,0.0476475
4.7112e-005,0.0473846
4.7116e-005,0.046948
4.712e-005,0.0475383
4.7124e-005,0.0471514
4.7128e-005,0.0472159
4.7132e-005,0.0472804
4.7136e-005,0.0476673
4.714e-005,0.0467645
4.7144e-005,0.0475284
4.7148e-005,0.0466702
4.7152e-005,0.0468389
4.7156e-005,0.0474391
4.716e-005,0.0469331
4.7164e-005,0.047082
4.7168e-005,0.0473697
4.7172e-005,0.0475681
4.7176e-005,0.0467446
4.718e-005,0.0473895
4.7184e-005,0.0472159
4.7188e-005,0.0479054
4.7192e-005,0.0474342
4.7196e-005,0.0477864
4.72e-005,0.0468687
4.7204e-005,0.0471911
4.7208e-005,0.0473201
4.7212e-005,0.0470621
4.7216e-005,0.0482328
4.722e-005,0.0475284
4.7224e-005,0.0473994
4.7228e-005,0.0473895
4.7232e-005,0.047077
4.7236e-005,0.0471713
4.724e-005,0.0470968
4.7244e-005,0.0475681
4.7248e-005,0.0471216
4.7252e-005,0.0476772
4.7256e-005,0.0472804
4.726e-005,0.0474937
4.7264e-005,0.0475135
4.7268e-005,0.0475086
4.7272e-005,0.047454
4.7276e-005,0.047201
4.728e-005,0.0478409
4.7284e-005,0.0477814
4.7288e-005,0.0474441
4.7292e-005,0.0473052
4.7296e-005,0.0472556
4.73e-005,0.0476524
4.7304e-005,0.0479054
4.7308e-005,0.0466653
4.7312e-005,0.047449
4.7316e-005,0.0480394
4.732e-005,0.0471861
4.7324e-005,0.0473498
4.7328e-005,0.0476822
4.7332e-005,0.0478062
4.7336e-005,0.0478459
4.734e-005,0.0473201
4.7344e-005,0.0468389
4.7348e-005,0.0474143
4.7352e-005,0.0479203
4.7356e-005,0.0470572
4.736e-005,0.0475086
4.7364e-005,0.0474342
4.7368e-005,0.0475483
4.7372e-005,0.0467645
4.7376e-005,0.0474937
4.738e-005,0.0468042
4.7384e-005,0.0470423
4.7388e-005,0.0476921
4.7392e-005,0.0476028
4.7396e-005,0.0479848
4.74e-005,0.0473697
4.7404e-005,0.0475582
4.7408e-005,0.0473449
4.7412e-005,0.0470125
4.7416e-005,0.0475086
4.742e-005,0.0477467
4.7424e-005,0.0479005
4.7428e-005,0.0470671
4.7432e-005,0.0478707
4.7436e-005,0.0478608
4.744e-005,0.0474292
4.7444e-005,0.0479054
4.7448e-005,0.0466851
4.7452e-005,0.0473101
4.7456e-005,0.047826
4.746e-005,0.0482179
4.7464e-005,0.0474986
4.7468e-005,0.0472556
4.7472e-005,0.0479104
4.7476e-005,0.0476574
4.748e-005,0.0475135
4.7484e-005,0.048089
4.7488e-005,0.0481931
4.7492e-005,0.0474441
4.7496e-005,0.0463676
4.75e-005,0.0414269
4.7504e-005,0.039026
4.7508e-005,0.0370318
4.7512e-005,0.0359454
4.7516e-005,0.034988
4.752e-005,0.0346557
4.7524e-005,0.0244368
4.7528e-005,0.0207015
4.7532e-005,0.0203493
4.7536e-005,0.0195159
4.754e-005,0.0190447
4.7544e-005,0.0196152
4.7548e-005,0.00736248
4.7552e-005,0.00139985
4.7556e-005,0.0012808
4.756e-005,0.000561509
4.7564e-005,0.000720248
4.7568e-005,0.00153875
4.7572e-005,0.000536706
4.7576e-005,0.000625997
4.758e-005,0.00065576
4.7584e-005,4.06468e-005
4.7588e-005,0.0130523
4.7592e-005,0.0193969
4.7596e-005,0.0184445
4.76e-005,0.0183998
4.7604e-005,0.0188314
4.7608e-005,0.0187123
4.7612e-005,0.0184544
4.7616e-005,0.0182808
4.762e-005,0.0183601
4.7624e-005,0.0173035
4.7628e-005,0.0179534
4.7632e-005,0.0185238
4.7636e-005,0.0180476
4.764e-005,0.0175019
4.7644e-005,0.0174821
4.7648e-005,0.0176656
4.7652e-005,0.0171993
4.7656e-005,0.01712
4.766e-005,0.0173382
4.7664e-005,0.0170852
4.7668e-005,0.017492
4.7672e-005,0.0173333
4.7676e-005,0.0170356
4.768e-005,0.0173878
4.7684e-005,0.0175515
4.7688e-005,0.0169364
4.7692e-005,0.0170158
4.7696e-005,0.0175267
4.77e-005,0.0173878
4.7704e-005,0.0168819
4.7708e-005,0.016991
4.7712e-005,0.0166537
4.7716e-005,0.0165743
4.772e-005,0.0181716
4.7724e-005,0.0172341
4.7728e-005,0.0172589
4.7732e-005,0.0178343
4.7736e-005,0.0172241
4.774e-005,0.0181468
4.7744e-005,0.0177004
4.7748e-005,0.0177103
4.7752e-005,0.0177252
4.7756e-005,0.0173184
4.776e-005,0.0177847
4.7764e-005,0.0174275
4.7768e-005,0.0172787
4.7772e-005,0.017616
4.7776e-005,0.0179534
4.778e-005,0.0172241
4.7784e-005,0.0175813
4.7788e-005,0.017993
4.7792e-005,0.0173928
4.7796e-005,0.0174176
4.78e-005,0.0175912
4.7804e-005,0.0177847
4.7808e-005,0.0177549
4.7812e-005,0.0180625
4.7816e-005,0.0172539
4.782e-005,0.0176458
4.7824e-005,0.0180823
4.7828e-005,0.0180327
4.7832e-005,0.0187024
4.7836e-005,0.0171547
4.784e-005,0.0175813
4.7844e-005,0.0171845
4.7848e-005,0.017373
4.7852e-005,0.01712
4.7856e-005,0.0176805
4.786e-005,0.0178541
4.7864e-005,0.0176408
4.7868e-005,0.0174474
4.7872e-005,0.0179186
4.7876e-005,0.0178393
4.788e-005,0.0175466
4.7884e-005,0.0182262
4.7888e-005,0.0174226
4.7892e-005,0.0171349
4.7896e-005,0.0180426
4.79e-005,0.0182758
4.7904e-005,0.0174374
4.7908e-005,0.0171795
4.7912e-005,0.0174027
4.7916e-005,0.0176706
4.792e-005,0.0180327
4.7924e-005,0.0176359
4.7928e-005,0.0176557
4.7932e-005,0.0172539
4.7936e-005,0.0177599
4.794e-005,0.0176756
4.7944e-005,0.0175615
4.7948e-005,0.0179434
4.7952e-005,0.0179534
4.7956e-005,0.0180823
4.796e-005,0.0183204
4.7964e-005,0.0177152
4.7968e-005,0.0175962
4.7972e-005,0.0176656
4.7976e-005,0.0182857
4.798e-005,0.0181865
4.7984e-005,0.0177053
4.7988e-005,0.017621
4.7992e-005,0.0172886
4.7996e-005,0.0176805
4.8e-005,0.017239
4.8004e-005,0.0177648
4.8008e-005,0.0184246
4.8012e-005,0.0172738
4.8016e-005,0.0175912
4.802e-005,0.0175912
4.8024e-005,0.017993
4.8028e-005,0.0172936
4.8032e-005,0.0170505
4.8036e-005,0.0178789
4.804e-005,0.0171894
4.8044e-005,0.0177202
4.8048e-005,0.0174623
4.8052e-005,0.0176756
4.8056e-005,0.0175416
4.806e-005,0.0176656
4.8064e-005,0.0182956
4.8068e-005,0.0175912
4.8072e-005,0.0176954
4.8076e-005,0.0180178
4.808e-005,0.0175615
4.8084e-005,0.01775
4.8088e-005,0.0172986
4.8092e-005,0.0178789
4.8096e-005,0.0173829
4.81e-005,0.017497
4.8104e-005,0.0176508
4.8108e-005,0.0178293
4.8112e-005,0.0176309
4.8116e-005,0.0177004
4.812e-005,0.0177946
4.8124e-005,0.017874
4.8128e-005,0.0176359
4.8132e-005,0.0176111
4.8136e-005,0.0178244
4.814e-005,0.0177252
4.8144e-005,0.0174325
4.8148e-005,0.0167975
4.8152e-005,0.0176706
4.8156e-005,0.0170803
4.816e-005,0.0182758
4.8164e-005,0.0175019
4.8168e-005,0.0172489
4.8172e-005,0.0171795
4.8176e-005,0.0172936
4.818e-005,0.0169612
4.8184e-005,0.0174821
4.8188e-005,0.0172341
4.8192e-005,0.0170704
4.8196e-005,0.017492
4.82e-005,0.0172489
4.8204e-005,0.0171249
4.8208e-005,0.0171795
4.8212e-005,0.0175664
4.8216e-005,0.0168769
4.822e-005,0.0175466
4.8224e-005,0.0170158
4.8228e-005,0.0168422
4.8232e-005,0.0172688
4.8236e-005,0.0176557
4.824e-005,0.0173978
4.8244e-005,0.0172291
4.8248e-005,0.0173184
4.8252e-005,0.017368
4.8256e-005,0.017239
4.826e-005,0.0163064
4.8264e-005,0.0174027
4.8268e-005,0.0185734
4.8272e-005,0.0193919
4.8276e-005,0.019883
4.828e-005,0.0196102
4.8284e-005,0.0192381
4.8288e-005,0.0199078
4.8292e-005,0.0188611
4.8296e-005,0.0194862
4.83e-005,0.0199674
4.8304e-005,0.0188611
4.8308e-005,0.0186776
4.8312e-005,0.0188215
4.8316e-005,0.00646462
4.832e-005,0.00089883
4.8324e-005,0.00142465
4.8328e-005,9.52134e-005
4.8332e-005,0.000169622
4.8336e-005,0.00136016
4.834e-005,0.000179543
4.8344e-005,0.000387888
4.8348e-005,0.000799618
4.8352e-005,-0.000296674
4.8356e-005,0.0116435
4.836e-005,0.0187619
4.8364e-005,0.0192133
4.8368e-005,0.0203592
4.8372e-005,0.0217284
4.8376e-005,0.0217631
4.838e-005,0.022155
4.8384e-005,0.0238019
4.8388e-005,0.0241739
4.8392e-005,0.0239209
4.8396e-005,0.0245013
4.84e-005,0.0255183
4.8404e-005,0.0259201
4.8408e-005,0.0255183
4.8412e-005,0.0255877
4.8416e-005,0.0259846
4.842e-005,0.0257712
4.8424e-005,0.0259895
4.8428e-005,0.0261036
4.8432e-005,0.0257316
4.8436e-005,0.0264856
4.844e-005,0.0270461
4.8444e-005,0.0270461
4.8448e-005,0.0261681
4.8452e-005,0.0271007
4.8456e-005,0.0263715
4.846e-005,0.0267386
4.8464e-005,0.0267237
4.8468e-005,0.0265501
4.8472e-005,0.026178
4.8476e-005,0.026932
4.848e-005,0.0261383
4.8484e-005,0.026307
4.8488e-005,0.026813
4.8492e-005,0.0262276
4.8496e-005,0.0267435
4.85e-005,0.0268824
4.8504e-005,0.0265699
4.8508e-005,0.0261731
4.8512e-005,0.0257812
4.8516e-005,0.0267634
4.852e-005,0.0258853
4.8524e-005,0.0261433
4.8528e-005,0.0261631
4.8532e-005,0.0267435
4.8536e-005,0.02656
4.854e-005,0.026436
4.8544e-005,0.0262078
4.8548e-005,0.0263169
4.8552e-005,0.0264905
4.8556e-005,0.0259945
4.856e-005,0.0263368
4.8564e-005,0.0266642
4.8568e-005,0.0264112
4.8572e-005,0.0260689
4.8576e-005,0.026555
4.858e-005,0.026431
4.8584e-005,0.0269717
4.8588e-005,0.0266294
4.8592e-005,0.0265897
4.8596e-005,0.0265501
4.86e-005,0.0261582
4.8604e-005,0.0266493
4.8608e-005,0.0266096
4.8612e-005,0.0267336
4.8616e-005,0.0263268
4.862e-005,0.0270114
4.8624e-005,0.0264608
4.8628e-005,0.0263814
4.8632e-005,0.0258754
4.8636e-005,0.0265451
4.864e-005,0.0264161
4.8644e-005,0.0262723
4.8648e-005,0.0261979
4.8652e-005,0.0261731
4.8656e-005,0.0262673
4.866e-005,0.0266245
4.8664e-005,0.025801
4.8668e-005,0.0266046
4.8672e-005,0.0264955
4.8676e-005,0.0269568
4.868e-005,0.0264657
4.8684e-005,0.0265203
4.8688e-005,0.0265897
4.8692e-005,0.0270511
4.8696e-005,0.0267088
4.87e-005,0.0265352
4.8704e-005,0.0264707
4.8708e-005,0.0271652
4.8712e-005,0.0264211
4.8716e-005,0.0264856
4.872e-005,0.0268378
4.8724e-005,0.0262326
4.8728e-005,0.0267782
4.8732e-005,0.0269419
4.8736e-005,0.0263268
4.874e-005,0.0263764
4.8744e-005,0.0265352
4.8748e-005,0.0266344
4.8752e-005,0.0260292
4.8756e-005,0.0264062
4.876e-005,0.0261879
4.8764e-005,0.0261929
4.8768e-005,0.0261979
4.8772e-005,0.0266195
4.8776e-005,0.0264608
4.878e-005,0.0262524
4.8784e-005,0.0258209
4.8788e-005,0.0268973
4.8792e-005,0.0265798
4.8796e-005,0.0263268
4.88e-005,0.0258109
4.8804e-005,0.0270461
4.8808e-005,0.0257117
4.8812e-005,0.0267386
4.8816e-005,0.026937
4.882e-005,0.0266046
4.8824e-005,0.0262227
4.8828e-005,0.0264856
4.8832e-005,0.025806
4.8836e-005,0.0268725
4.884e-005,0.0271602
4.8844e-005,0.0266741
4.8848e-005,0.0262822
4.8852e-005,0.0268527
4.8856e-005,0.0260788
4.886e-005,0.0266096
4.8864e-005,0.0265749
4.8868e-005,0.026431
4.8872e-005,0.025672
4.8876e-005,0.0267832
4.888e-005,0.0262623
4.8884e-005,0.0265005
4.8888e-005,0.0270015
4.8892e-005,0.0264608
4.8896e-005,0.0258705
4.89e-005,0.0267138
4.8904e-005,0.0263814
4.8908e-005,0.0257762
4.8912e-005,0.026302
4.8916e-005,0.0259002
4.892e-005,0.0266145
4.8924e-005,0.0263963
4.8928e-005,0.0262623
4.8932e-005,0.0262227
4.8936e-005,0.0265005
4.894e-005,0.0261284
4.8944e-005,0.0263467
4.8948e-005,0.026684
4.8952e-005,0.0264409
4.8956e-005,0.0259151
4.896e-005,0.0261234
4.8964e-005,0.0259052
4.8968e-005,0.0264112
4.8972e-005,0.0263169
4.8976e-005,0.0257068
4.898e-005,0.0262772
4.8984e-005,0.0267634
4.8988e-005,0.0258258
4.8992e-005,0.0263963
4.8996e-005,0.0260342
4.9e-005,0.026679
4.9004e-005,0.0266294
4.9008e-005,0.0263864
4.9012e-005,0.0259697
4.9016e-005,0.0261879
4.902e-005,0.0259498
4.9024e-005,0.026312
4.9028e-005,0.0261483
4.9032e-005,0.025925
4.9036e-005,0.0255431
4.904e-005,0.0260342
4.9044e-005,0.0258804
4.9048e-005,0.0264558
4.9052e-005,0.0259052
4.9056e-005,0.0263814
4.906e-005,0.0207958
4.9064e-005,0.0191786
4.9068e-005,0.0199624
4.9072e-005,0.0195556
4.9076e-005,0.0189306
4.908e-005,0.0183998
4.9084e-005,0.00646462
4.9088e-005,0.00139985
4.9092e-005,0.00113198
4.9096e-005,0.00015474
4.91e-005,0.00056647
4.9104e-005,0.000913711
4.9108e-005,0.000278755
4.9112e-005,0.000387888
4.9116e-005,0.000745051
4.912e-005,-0.000574467
4.9124e-005,0.0123876
4.9128e-005,0.0188413
4.9132e-005,0.0209247
4.9136e-005,0.0230479
4.914e-005,0.0259945
4.9144e-005,0.0268179
4.9148e-005,0.0275769
4.9152e-005,0.0296207
4.9156e-005,0.0308112
4.916e-005,0.0314362
4.9164e-005,0.0321208
4.9168e-005,0.0334254
4.9172e-005,0.0340257
4.9176e-005,0.0346259
4.918e-005,0.0350029
4.9184e-005,0.0353353
4.9188e-005,0.0353452
4.9192e-005,0.0359256
4.9196e-005,0.0364911
4.92e-005,0.0361587
4.9204e-005,0.0358859
4.9208e-005,0.0373939
4.9212e-005,0.0362034
4.9216e-005,0.0370219
4.922e-005,0.037766
4.9224e-005,0.0370219
4.9228e-005,0.0368631
4.9232e-005,0.0374435
4.9236e-005,0.0372153
4.924e-005,0.0365209
4.9244e-005,0.0366449
4.9248e-005,0.0369872
4.9252e-005,0.0370516
4.9256e-005,0.037131
4.926e-005,0.0368731
4.9264e-005,0.0367441
4.9268e-005,0.0370467
4.9272e-005,0.037126
4.9276e-005,0.0367391
4.928e-005,0.0368681
4.9284e-005,0.0373096
4.9288e-005,0.0372451
4.9292e-005,0.0375031
4.9296e-005,0.0371409
4.93e-005,0.0368681
4.9304e-005,0.0371657
4.9308e-005,0.0379495
4.9312e-005,0.037007
4.9316e-005,0.0373344
4.932e-005,0.037761
4.9324e-005,0.0369375
4.9328e-005,0.0369623
4.9332e-005,0.0374832
4.9336e-005,0.0371955
4.934e-005,0.0376816
4.9344e-005,0.0369971
4.9348e-005,0.0369574
4.9352e-005,0.0372005
4.9356e-005,0.0373741
4.936e-005,0.0372749
4.9364e-005,0.0371012
4.9368e-005,0.0371459
4.9372e-005,0.036878
4.9376e-005,0.0368383
4.938e-005,0.0376271
4.9384e-005,0.037126
4.9388e-005,0.0369673
4.9392e-005,0.0374187
4.9396e-005,0.0370913
4.94e-005,0.0370169
4.9404e-005,0.0372054
4.9408e-005,0.0370715
4.9412e-005,0.0368036
4.9416e-005,0.0371558
4.942e-005,0.0374038
4.9424e-005,0.0373245
4.9428e-005,0.0368383
4.9432e-005,0.0375675
4.9436e-005,0.037012
4.944e-005,0.0371608
4.9444e-005,0.0371509
4.9448e-005,0.0375824
4.9452e-005,0.0377461
4.9456e-005,0.03726
4.946e-005,0.0373145
4.9464e-005,0.0378056
4.9468e-005,0.0373344
4.9472e-005,0.0374981
4.9476e-005,0.0367937
4.948e-005,0.0373542
4.9484e-005,0.0376419
4.9488e-005,0.0370864
4.9492e-005,0.0378354
4.9496e-005,0.0375576
4.95e-005,0.0371409
4.9504e-005,0.0374931
4.9508e-005,0.0372253
4.9512e-005,0.0377312
4.9516e-005,0.0376469
4.952e-005,0.0377759
4.9524e-005,0.0373741
4.9528e-005,0.0370219
4.9532e-005,0.0376271
4.9536e-005,0.0368284
4.954e-005,0.0373046
4.9544e-005,0.0374683
4.9548e-005,0.0376072
4.9552e-005,0.0377114
4.9556e-005,0.0369276
4.956e-005,0.0379445
4.9564e-005,0.0373691
4.9568e-005,0.0374038
4.9572e-005,0.0374683
4.9576e-005,0.0371558
4.958e-005,0.0372501
4.9584e-005,0.0373195
4.9588e-005,0.0368582
4.9592e-005,0.037126
4.9596e-005,0.0379644
4.96e-005,0.037007
4.9604e-005,0.0370169
4.9608e-005,0.0373939
4.9612e-005,0.037007
4.9616e-005,0.0367986
4.962e-005,0.0378007
4.9624e-005,0.0370913
4.9628e-005,0.0369623
4.9632e-005,0.0372749
4.9636e-005,0.0371211
4.964e-005,0.038019
4.9644e-005,0.0363919
4.9648e-005,0.0372153
4.9652e-005,0.0377362
4.9656e-005,0.0376668
4.966e-005,0.0374782
4.9664e-005,0.037136
4.9668e-005,0.0373989
4.9672e-005,0.038009
4.9676e-005,0.0377015
4.968e-005,0.0369772
4.9684e-005,0.037002
4.9688e-005,0.0369723
4.9692e-005,0.036754
4.9696e-005,0.0372054
4.97e-005,0.0377362
4.9704e-005,0.0371509
4.9708e-005,0.0371856
4.9712e-005,0.0372054
4.9716e-005,0.0373245
4.972e-005,0.0366101
4.9724e-005,0.037131
4.9728e-005,0.037131
4.9732e-005,0.0368284
4.9736e-005,0.0378999
4.974e-005,0.0372848
4.9744e-005,0.0369078
4.9748e-005,0.0371409
4.9752e-005,0.037131
4.9756e-005,0.0368383
4.976e-005,0.0368929
4.9764e-005,0.0374286
4.9768e-005,0.0378999
4.9772e-005,0.0377957
4.9776e-005,0.0372848
4.978e-005,0.0373493
4.9784e-005,0.0366746
4.9788e-005,0.0379793
4.9792e-005,0.0376767
4.9796e-005,0.0372005
4.98e-005,0.0365357
4.9804e-005,0.0349781
4.9808e-005,0.033232
4.9812e-005,0.032344
4.9816e-005,0.0322349
4.982e-005,0.0316992
4.9824e-005,0.0322002
4.9828e-005,0.0235489
4.9832e-005,0.0199574
4.9836e-005,0.0193919
4.984e-005,0.0191885
4.9844e-005,0.0188562
4.9848e-005,0.0191737
4.9852e-005,0.00644973
4.9856e-005,0.00150402
4.986e-005,0.00123615
4.9864e-005,9.02528e-005
4.9868e-005,0.0006508
4.9872e-005,0.000933554
4.9876e-005,0.000541667
4.988e-005,0.000804578
4.9884e-005,0.000457337
4.9888e-005,-0.000291713
4.9892e-005,0.0120205
4.9896e-005,0.0203592
4.99e-005,0.0225469
4.9904e-005,0.0254687
4.9908e-005,0.0289857
4.9912e-005,0.0315206
4.9916e-005,0.032602
4.992e-005,0.034735
4.9924e-005,0.0364564
4.9928e-005,0.037632
4.9932e-005,0.0384406
4.9936e-005,0.0401917
4.994e-005,0.0412483
4.9944e-005,0.0416749
4.9948e-005,0.0417741
4.9952e-005,0.042796
4.9956e-005,0.043555
4.996e-005,0.0437038
4.9964e-005,0.0445669
4.9968e-005,0.0446215
4.9972e-005,0.0441602
4.9976e-005,0.0448646
4.998e-005,0.045192
4.9984e-005,0.046065
4.9988e-005,0.0461146
4.9992e-005,0.0461295
4.9996e-005,0.0453358
5e-005,0.0468637
5.0004e-005,0.0466553
5.0008e-005,0.0461642
5.0012e-005,0.0469431
5.0016e-005,0.0475433
5.002e-005,0.0462783
5.0024e-005,0.0466206
5.0028e-005,0.0472308
5.0032e-005,0.0464916
5.0036e-005,0.0472357
5.004e-005,0.0471266
5.0044e-005,0.0468339
5.0048e-005,0.0470522
5.0052e-005,0.0475185
5.0056e-005,0.046705
5.006e-005,0.0474292
5.0064e-005,0.047325
5.0068e-005,0.0471663
5.0072e-005,0.0475185
5.0076e-005,0.0475185
5.008e-005,0.0473399
5.0084e-005,0.0471564
5.0088e-005,0.0476227
5.0092e-005,0.0469183
5.0096e-005,0.0468637
5.01e-005,0.0476028
5.0104e-005,0.0471365
5.0108e-005,0.0473449
5.0112e-005,0.0468786
5.0116e-005,0.0465561
5.012e-005,0.0471415
5.0124e-005,0.0471564
5.0128e-005,0.0472159
5.0132e-005,0.047583
5.0136e-005,0.0469679
5.014e-005,0.0465661
5.0144e-005,0.0475334
5.0148e-005,0.0475235
5.0152e-005,0.0465165
5.0156e-005,0.0471663
5.016e-005,0.0475185
5.0164e-005,0.0471216
5.0168e-005,0.0468637
5.0172e-005,0.0473945
5.0176e-005,0.0465561
5.018e-005,0.046819
5.0184e-005,0.0473994
5.0188e-005,0.0470026
5.0192e-005,0.0473647
5.0196e-005,0.0479699
5.02e-005,0.0470224
5.0204e-005,0.0478757
5.0208e-005,0.0473846
5.0212e-005,0.0465561
5.0216e-005,0.0471216
5.022e-005,0.0468687
5.0224e-005,0.0468687
5.0228e-005,0.0476276
5.0232e-005,0.0470869
5.0236e-005,0.0472407
5.024e-005,0.0474143
5.0244e-005,0.0472506
5.0248e-005,0.046452
5.0252e-005,0.0468141
5.0256e-005,0.0471961
5.026e-005,0.0471117
5.0264e-005,0.0473002
5.0268e-005,0.0468637
5.0272e-005,0.0474391
5.0276e-005,0.0473349
5.028e-005,0.0473945
5.0284e-005,0.0471316
5.0288e-005,0.0469679
5.0292e-005,0.0473101
5.0296e-005,0.0471961
5.03e-005,0.0463627
5.0304e-005,0.046819
5.0308e-005,0.0475185
5.0312e-005,0.0468389
5.0316e-005,0.0470621
5.032e-005,0.0476524
5.0324e-005,0.0468637
5.0328e-005,0.0469282
5.0332e-005,0.0474292
5.0336e-005,0.0470324
5.034e-005,0.047077
5.0344e-005,0.0472506
5.0348e-005,0.0476723
5.0352e-005,0.0471167
5.0356e-005,0.0475731
5.036e-005,0.0472605
5.0364e-005,0.0478062
5.0368e-005,0.047325
5.0372e-005,0.0471216
5.0376e-005,0.0477864
5.038e-005,0.0469679
5.0384e-005,0.0470522
5.0388e-005,0.0475879
5.0392e-005,0.0469282
5.0396e-005,0.0476971
5.04e-005,0.0473101
5.0404e-005,0.0471266
5.0408e-005,0.0476623
5.0412e-005,0.0472258
5.0416e-005,0.0472407
5.042e-005,0.0472605
5.0424e-005,0.0469927
5.0428e-005,0.0470968
5.0432e-005,0.047454
5.0436e-005,0.046953
5.044e-005,0.046576
5.0444e-005,0.0472506
5.0448e-005,0.0473101
5.0452e-005,0.0471911
5.0456e-005,0.0473647
5.046e-005,0.0476475
5.0464e-005,0.0467347
5.0468e-005,0.0470671
5.0472e-005,0.0471663
5.0476e-005,0.0467595
5.048e-005,0.0473201
5.0484e-005,0.047454
5.0488e-005,0.0470125
5.0492e-005,0.0476127
5.0496e-005,0.0473052
5.05e-005,0.0468439
5.0504e-005,0.0471663
5.0508e-005,0.047449
5.0512e-005,0.0475631
5.0516e-005,0.0472953
5.052e-005,0.0474689
5.0524e-005,0.0473002
5.0528e-005,0.0470324
5.0532e-005,0.0472407
5.0536e-005,0.0476971
5.054e-005,0.0475086
5.0544e-005,0.0477566
5.0548e-005,0.0472308
5.0552e-005,0.0471911
5.0556e-005,0.0480542
5.056e-005,0.0474242
5.0564e-005,0.0471663
5.0568e-005,0.045817
5.0572e-005,0.0416898
5.0576e-005,0.039398
5.058e-005,0.0371657
5.0584e-005,0.0361587
5.0588e-005,0.0355734
5.0592e-005,0.0347846
5.0596e-005,0.0246452
5.06e-005,0.0204336
5.0604e-005,0.0200318
5.0608e-005,0.0198681
5.0612e-005,0.0190744
5.0616e-005,0.0187421
5.062e-005,0.00746666
5.0624e-005,0.00152883
5.0628e-005,0.00144449
5.0632e-005,1.08833e-005
5.0636e-005,0.000938514
5.064e-005,0.000472218
5.0644e-005,0.000888908
5.0648e-005,0.00119647
5.0652e-005,0.000789697
5.0656e-005,0.000258913
5.066e-005,0.0131069
5.0664e-005,0.0195507
5.0668e-005,0.0184742
5.0672e-005,0.0182411
5.0676e-005,0.0190397
5.068e-005,0.0186925
5.0684e-005,0.0175813
5.0688e-005,0.0185635
5.0692e-005,0.0186875
5.0696e-005,0.0178938
5.07e-005,0.0176954
5.0704e-005,0.0188909
5.0708e-005,0.0177202
5.0712e-005,0.0175367
5.0716e-005,0.0175664
5.072e-005,0.0180129
5.0724e-005,0.0180228
5.0728e-005,0.0178442
5.0732e-005,0.0177946
5.0736e-005,0.0180526
5.074e-005,0.0178244
5.0744e-005,0.0180625
5.0748e-005,0.0177847
5.0752e-005,0.017998
5.0756e-005,0.0187272
5.076e-005,0.0173779
5.0764e-005,0.0177897
5.0768e-005,0.0188661
5.0772e-005,0.0180575
5.0776e-005,0.017621
5.078e-005,0.0179583
5.0784e-005,0.0185139
5.0788e-005,0.0183204
5.0792e-005,0.0179087
5.0796e-005,0.0175317
5.08e-005,0.0178045
5.0804e-005,0.0181617
5.0808e-005,0.0181964
5.0812e-005,0.0179732
5.0816e-005,0.0181022
5.082e-005,0.0179534
5.0824e-005,0.0182411
5.0828e-005,0.018251
5.0832e-005,0.0184395
5.0836e-005,0.0182708
5.084e-005,0.0180228
5.0844e-005,0.0180079
5.0848e-005,0.0181815
5.0852e-005,0.0184345
5.0856e-005,0.0182559
5.086e-005,0.0182708
5.0864e-005,0.018122
5.0868e-005,0.0180823
5.0872e-005,0.0182212
5.0876e-005,0.0184941
5.088e-005,0.0192977
5.0884e-005,0.0186726
5.0888e-005,0.0180377
5.0892e-005,0.0176458
5.0896e-005,0.017497
5.09e-005,0.0185139
5.0904e-005,0.0179335
5.0908e-005,0.0177252
5.0912e-005,0.017874
5.0916e-005,0.0180476
5.092e-005,0.0177152
5.0924e-005,0.01775
5.0928e-005,0.0179831
5.0932e-005,0.018375
5.0936e-005,0.0180774
5.094e-005,0.0184494
5.0944e-005,0.0183353
5.0948e-005,0.018127
5.0952e-005,0.0181716
5.0956e-005,0.0175119
5.096e-005,0.0180625
5.0964e-005,0.0184941
5.0968e-005,0.0185982
5.0972e-005,0.0184196
5.0976e-005,0.0183105
5.098e-005,0.0181964
5.0984e-005,0.0182907
5.0988e-005,0.0178789
5.0992e-005,0.018623
5.0996e-005,0.0177748
5.1e-005,0.0182659
5.1004e-005,0.0183254
5.1008e-005,0.0180575
5.1012e-005,0.0183353
5.1016e-005,0.0178938
5.102e-005,0.0178492
5.1024e-005,0.0180873
5.1028e-005,0.0183105
5.1032e-005,0.0180327
5.1036e-005,0.0183849
5.104e-005,0.0180526
5.1044e-005,0.0178045
5.1048e-005,0.0178889
5.1052e-005,0.0179186
5.1056e-005,0.0183105
5.106e-005,0.0175416
5.1064e-005,0.0175763
5.1068e-005,0.0178889
5.1072e-005,0.0178194
5.1076e-005,0.0183105
5.108e-005,0.0176805
5.1084e-005,0.0182262
5.1088e-005,0.0180774
5.1092e-005,0.0180377
5.1096e-005,0.0177301
5.11e-005,0.0179633
5.1104e-005,0.0177698
5.1108e-005,0.0182163
5.1112e-005,0.0181567
5.1116e-005,0.0178889
5.112e-005,0.0183204
5.1124e-005,0.0183105
5.1128e-005,0.0181667
5.1132e-005,0.0183502
5.1136e-005,0.0177847
5.114e-005,0.0177053
5.1144e-005,0.017869
5.1148e-005,0.0176706
5.1152e-005,0.0179087
5.1156e-005,0.0183849
5.116e-005,0.0181121
5.1164e-005,0.018127
5.1168e-005,0.0181319
5.1172e-005,0.0180873
5.1176e-005,0.0175218
5.118e-005,0.0177698
5.1184e-005,0.01774
5.1188e-005,0.017869
5.1192e-005,0.0176954
5.1196e-005,0.0182659
5.12e-005,0.0183353
5.1204e-005,0.0177004
5.1208e-005,0.0179285
5.1212e-005,0.0178641
5.1216e-005,0.0172688
5.122e-005,0.0177847
5.1224e-005,0.0174573
5.1228e-005,0.0176607
5.1232e-005,0.0174623
5.1236e-005,0.0177004
5.124e-005,0.0180922
5.1244e-005,0.0180426
5.1248e-005,0.0175019
5.1252e-005,0.0176855
5.1256e-005,0.0178938
5.126e-005,0.0181865
