LECROYWR104MXi,20621,Waveform
Segments,1,SegmentSize,2501
Segment,TrigTime,TimeSinceSegment1
#1,21-May-2015 13:59:34,0                 
Time,Ampl
4.126e-005,0.0398593
4.1264e-005,0.039026
4.1268e-005,0.0388275
4.1272e-005,0.0386192
4.1276e-005,0.0395171
4.128e-005,0.0397452
4.1284e-005,0.0385944
4.1288e-005,0.0387333
4.1292e-005,0.0360248
4.1296e-005,0.0354394
4.13e-005,0.0346656
4.1304e-005,0.0340406
4.1308e-005,0.0342588
4.1312e-005,0.0345217
4.1316e-005,0.0247146
4.132e-005,0.0199128
4.1324e-005,0.0200021
4.1328e-005,0.01963
4.1332e-005,0.0186925
4.1336e-005,0.0191836
4.134e-005,0.00779902
4.1344e-005,0.00132048
4.1348e-005,0.00157843
4.1352e-005,0.000437494
4.1356e-005,0.000814499
4.136e-005,0.000958357
4.1364e-005,0.000839302
4.1368e-005,0.000338282
4.1372e-005,-6.84862e-005
4.1376e-005,-0.000658797
4.138e-005,0.009689
4.1384e-005,0.0189008
4.1388e-005,0.0224873
4.1392e-005,0.0251214
4.1396e-005,0.0294272
4.14e-005,0.0324234
4.1404e-005,0.0339661
4.1408e-005,0.0360645
4.1412e-005,0.0369772
4.1416e-005,0.0385299
4.142e-005,0.0393682
4.1424e-005,0.0411789
4.1428e-005,0.0422107
4.1432e-005,0.0428704
4.1436e-005,0.0436492
4.144e-005,0.0441949
4.1444e-005,0.0446413
4.1448e-005,0.0449935
4.1452e-005,0.0455045
4.1456e-005,0.045812
4.146e-005,0.0461295
4.1464e-005,0.0461494
4.1468e-005,0.0464321
4.1472e-005,0.0462387
4.1476e-005,0.047082
4.148e-005,0.0471316
4.1484e-005,0.0467149
4.1488e-005,0.0478608
4.1492e-005,0.0476574
4.1496e-005,0.047454
4.15e-005,0.0478211
4.1504e-005,0.0481634
4.1508e-005,0.0481931
4.1512e-005,0.0478806
4.1516e-005,0.048337
4.152e-005,0.0485106
4.1524e-005,0.0486991
4.1528e-005,0.0486991
4.1532e-005,0.0488975
4.1536e-005,0.0487388
4.154e-005,0.0486396
4.1544e-005,0.0484908
4.1548e-005,0.0486991
4.1552e-005,0.0486197
4.1556e-005,0.0487834
4.156e-005,0.0486842
4.1564e-005,0.0489422
4.1568e-005,0.0481882
4.1572e-005,0.0492497
4.1576e-005,0.0486594
4.158e-005,0.048337
4.1584e-005,0.0488975
4.1588e-005,0.048838
4.1592e-005,0.0491356
4.1596e-005,0.0487785
4.16e-005,0.0492051
4.1604e-005,0.0488479
4.1608e-005,0.0489819
4.1612e-005,0.0483221
4.1616e-005,0.0487041
4.162e-005,0.0487785
4.1624e-005,0.0485354
4.1628e-005,0.0483171
4.1632e-005,0.0489422
4.1636e-005,0.0493341
4.164e-005,0.0490364
4.1644e-005,0.0485999
4.1648e-005,0.0486892
4.1652e-005,0.0486197
4.1656e-005,0.0491555
4.166e-005,0.0489521
4.1664e-005,0.0495623
4.1668e-005,0.0494035
4.1672e-005,0.0490364
4.1676e-005,0.0496863
4.168e-005,0.0484461
4.1684e-005,0.049592
4.1688e-005,0.0491456
4.1692e-005,0.0493291
4.1696e-005,0.0494382
4.17e-005,0.0498053
4.1704e-005,0.049091
4.1708e-005,0.0497309
4.1712e-005,0.0492845
4.1716e-005,0.0489819
4.172e-005,0.0488082
4.1724e-005,0.0492497
4.1728e-005,0.0488628
4.1732e-005,0.0490563
4.1736e-005,0.0495027
4.174e-005,0.0491952
4.1744e-005,0.0492497
4.1748e-005,0.048466
4.1752e-005,0.0485305
4.1756e-005,0.0490712
4.176e-005,0.0489571
4.1764e-005,0.048843
4.1768e-005,0.0487934
4.1772e-005,0.0491654
4.1776e-005,0.0488082
4.178e-005,0.0496416
4.1784e-005,0.0484312
4.1788e-005,0.0492795
4.1792e-005,0.0489422
4.1796e-005,0.0486148
4.18e-005,0.0491356
4.1804e-005,0.0486197
4.1808e-005,0.0488281
4.1812e-005,0.049344
4.1816e-005,0.0492497
4.182e-005,0.0491158
4.1824e-005,0.0492448
4.1828e-005,0.0486594
4.1832e-005,0.048709
4.1836e-005,0.0489223
4.184e-005,0.0490811
4.1844e-005,0.0482824
4.1848e-005,0.0482874
4.1852e-005,0.0486197
4.1856e-005,0.0487785
4.186e-005,0.0492745
4.1864e-005,0.0488975
4.1868e-005,0.0488132
4.1872e-005,0.0488132
4.1876e-005,0.0488579
4.188e-005,0.0491952
4.1884e-005,0.0493986
4.1888e-005,0.0486098
4.1892e-005,0.0488132
4.1896e-005,0.048585
4.19e-005,0.0485354
4.1904e-005,0.0490067
4.1908e-005,0.0488579
4.1912e-005,0.04922
4.1916e-005,0.0494333
4.192e-005,0.0492299
4.1924e-005,0.048843
4.1928e-005,0.0493142
4.1932e-005,0.0486842
4.1936e-005,0.0489967
4.194e-005,0.0493093
4.1944e-005,0.048967
4.1948e-005,0.0494581
4.1952e-005,0.0485751
4.1956e-005,0.0492696
4.196e-005,0.0489075
4.1964e-005,0.0486346
4.1968e-005,0.0489025
4.1972e-005,0.0489471
4.1976e-005,0.049215
4.198e-005,0.049086
4.1984e-005,0.0496069
4.1988e-005,0.049349
4.1992e-005,0.0489273
4.1996e-005,0.0491853
4.2e-005,0.0495226
4.2004e-005,0.0495027
4.2008e-005,0.0491257
4.2012e-005,0.0493539
4.2016e-005,0.0496714
4.202e-005,0.0497706
4.2024e-005,0.0493539
4.2028e-005,0.0492101
4.2032e-005,0.0494978
4.2036e-005,0.0490563
4.204e-005,0.0493787
4.2044e-005,0.0483568
4.2048e-005,0.0491456
4.2052e-005,0.04922
4.2056e-005,0.0479501
4.206e-005,0.0430192
4.2064e-005,0.0396311
4.2068e-005,0.0375626
4.2072e-005,0.0363869
4.2076e-005,0.0359157
4.208e-005,0.0350872
4.2084e-005,0.0245559
4.2088e-005,0.0201509
4.2092e-005,0.0199674
4.2096e-005,0.0193026
4.21e-005,0.0179335
4.2104e-005,0.0189703
4.2108e-005,0.00798256
4.2112e-005,0.000968278
4.2116e-005,0.00105757
4.212e-005,6.54498e-005
4.2124e-005,-5.85651e-005
4.2128e-005,0.00127087
4.2132e-005,0.000506943
4.2136e-005,0.000670642
4.214e-005,0.000720248
4.2144e-005,-0.000361161
4.2148e-005,0.0095253
4.2152e-005,0.0197392
4.2156e-005,0.0231273
4.216e-005,0.0274578
4.2164e-005,0.0309352
4.2168e-005,0.0339116
4.2172e-005,0.0359256
4.2176e-005,0.0389267
4.218e-005,0.0399189
4.2184e-005,0.0413822
4.2188e-005,0.0426422
4.2192e-005,0.0438725
4.2196e-005,0.0446761
4.22e-005,0.0454152
4.2204e-005,0.0467099
4.2208e-005,0.047449
4.2212e-005,0.0477219
4.2216e-005,0.0486049
4.222e-005,0.0494134
4.2224e-005,0.0493986
4.2228e-005,0.0500434
4.2232e-005,0.0504155
4.2236e-005,0.0510653
4.224e-005,0.0510455
4.2244e-005,0.0516259
4.2248e-005,0.0513679
4.2252e-005,0.0516507
4.2256e-005,0.0527023
4.226e-005,0.0519533
4.2264e-005,0.0526626
4.2268e-005,0.0524493
4.2272e-005,0.0532033
4.2276e-005,0.0534266
4.228e-005,0.052871
4.2284e-005,0.0531686
4.2288e-005,0.0534762
4.2292e-005,0.0530198
4.2296e-005,0.0538036
4.23e-005,0.053243
4.2304e-005,0.0537688
4.2308e-005,0.054761
4.2312e-005,0.0544584
4.2316e-005,0.0538234
4.232e-005,0.0547957
4.2324e-005,0.05425
4.2328e-005,0.0540714
4.2332e-005,0.0546121
4.2336e-005,0.0545973
4.234e-005,0.0542649
4.2344e-005,0.0540814
4.2348e-005,0.0551975
4.2352e-005,0.0545923
4.2356e-005,0.0549643
4.236e-005,0.0547014
4.2364e-005,0.0548056
4.2368e-005,0.0549495
4.2372e-005,0.0540962
4.2376e-005,0.0544137
4.238e-005,0.0549792
4.2384e-005,0.0549594
4.2388e-005,0.0547213
4.2392e-005,0.0550933
4.2396e-005,0.0548899
4.24e-005,0.0552967
4.2404e-005,0.0550239
4.2408e-005,0.055262
4.2412e-005,0.0552173
4.2416e-005,0.0551727
4.242e-005,0.0553513
4.2424e-005,0.0558126
4.2428e-005,0.0549643
4.2432e-005,0.0546617
4.2436e-005,0.0548254
4.244e-005,0.0554852
4.2444e-005,0.0551925
4.2448e-005,0.0547858
4.2452e-005,0.0549693
4.2456e-005,0.0550487
4.246e-005,0.0551776
4.2464e-005,0.0552173
4.2468e-005,0.0550437
4.2472e-005,0.0550983
4.2476e-005,0.0554852
4.248e-005,0.0553612
4.2484e-005,0.0555199
4.2488e-005,0.0554654
4.2492e-005,0.0548106
4.2496e-005,0.0545278
4.25e-005,0.0551776
4.2504e-005,0.0552769
4.2508e-005,0.0556539
4.2512e-005,0.0559217
4.2516e-005,0.0556588
4.252e-005,0.0549247
4.2524e-005,0.0545427
4.2528e-005,0.0547262
4.2532e-005,0.0548155
4.2536e-005,0.0564327
4.254e-005,0.0552818
4.2544e-005,0.0553413
4.2548e-005,0.0552669
4.2552e-005,0.0557233
4.2556e-005,0.0547659
4.256e-005,0.0550586
4.2564e-005,0.0555943
4.2568e-005,0.0552521
4.2572e-005,0.055887
4.2576e-005,0.0551132
4.258e-005,0.0553215
4.2584e-005,0.0555745
4.2588e-005,0.0556737
4.2592e-005,0.0554158
4.2596e-005,0.0552868
4.26e-005,0.0552124
4.2604e-005,0.0551231
4.2608e-005,0.0559416
4.2612e-005,0.0557332
4.2616e-005,0.0554604
4.262e-005,0.0557531
4.2624e-005,0.0549743
4.2628e-005,0.0557233
4.2632e-005,0.0547659
4.2636e-005,0.0551975
4.264e-005,0.0559565
4.2644e-005,0.0561698
4.2648e-005,0.0550338
4.2652e-005,0.0552025
4.2656e-005,0.055009
4.266e-005,0.055634
4.2664e-005,0.0553513
4.2668e-005,0.0555943
4.2672e-005,0.0552868
4.2676e-005,0.0551826
4.268e-005,0.055505
4.2684e-005,0.0554058
4.2688e-005,0.0552669
4.2692e-005,0.0552917
4.2696e-005,0.0552521
4.27e-005,0.05488
4.2704e-005,0.0555348
4.2708e-005,0.0557382
4.2712e-005,0.055381
4.2716e-005,0.0558126
4.272e-005,0.0551181
4.2724e-005,0.0553314
4.2728e-005,0.055515
4.2732e-005,0.055381
4.2736e-005,0.0553215
4.274e-005,0.0552421
4.2744e-005,0.0553513
4.2748e-005,0.0555695
4.2752e-005,0.055128
4.2756e-005,0.054885
4.276e-005,0.0545824
4.2764e-005,0.0552719
4.2768e-005,0.0549048
4.2772e-005,0.0547758
4.2776e-005,0.0547014
4.278e-005,0.0550834
4.2784e-005,0.055386
4.2788e-005,0.0552521
4.2792e-005,0.0552917
4.2796e-005,0.0554654
4.28e-005,0.0552074
4.2804e-005,0.0553265
4.2808e-005,0.0550636
4.2812e-005,0.0550834
4.2816e-005,0.0563186
4.282e-005,0.0553711
4.2824e-005,0.0539524
4.2828e-005,0.0466008
4.2832e-005,0.0411838
4.2836e-005,0.0386489
4.284e-005,0.0374832
4.2844e-005,0.0365556
4.2848e-005,0.0351269
4.2852e-005,0.0252801
4.2856e-005,0.0205428
4.286e-005,0.0201062
4.2864e-005,0.0195755
4.2868e-005,0.0184246
4.2872e-005,0.0192381
4.2876e-005,0.00811153
4.288e-005,0.00169252
4.2884e-005,0.00144449
4.2888e-005,0.000492061
4.2892e-005,0.000467258
4.2896e-005,0.000680563
4.29e-005,0.000531746
4.2904e-005,0.000625997
4.2908e-005,0.000839302
4.2912e-005,-0.000465334
4.2916e-005,0.00955011
4.292e-005,0.0199624
4.2924e-005,0.0243376
4.2928e-005,0.0290155
4.2932e-005,0.0338421
4.2936e-005,0.0374733
4.294e-005,0.0380041
4.2944e-005,0.0408267
4.2948e-005,0.0425926
4.2952e-005,0.0434657
4.2956e-005,0.045311
4.296e-005,0.0456483
4.2964e-005,0.0475235
4.2968e-005,0.0476475
4.2972e-005,0.0488132
4.2976e-005,0.049726
4.298e-005,0.0500534
4.2984e-005,0.0509611
4.2988e-005,0.051363
4.2992e-005,0.0519037
4.2996e-005,0.0520773
4.3e-005,0.0528809
4.3004e-005,0.0526229
4.3008e-005,0.0531785
4.3012e-005,0.0532926
4.3016e-005,0.0545873
4.302e-005,0.0548155
4.3024e-005,0.0545873
4.3028e-005,0.0547163
4.3032e-005,0.0553314
4.3036e-005,0.0558969
4.304e-005,0.0556191
4.3044e-005,0.0563335
4.3048e-005,0.0560954
4.3052e-005,0.0564228
4.3056e-005,0.056522
4.306e-005,0.0564575
4.3064e-005,0.0565517
4.3068e-005,0.0574397
4.3072e-005,0.0565418
4.3076e-005,0.0570379
4.308e-005,0.0569287
4.3084e-005,0.0570974
4.3088e-005,0.0571916
4.3092e-005,0.057395
4.3096e-005,0.0572958
4.31e-005,0.0576133
4.3104e-005,0.0572561
4.3108e-005,0.0573107
4.3112e-005,0.0575885
4.3116e-005,0.0580598
4.312e-005,0.0578861
4.3124e-005,0.0576232
4.3128e-005,0.0578564
4.3132e-005,0.0583425
4.3136e-005,0.0578812
4.314e-005,0.0571321
4.3144e-005,0.057519
4.3148e-005,0.0584814
4.3152e-005,0.0580647
4.3156e-005,0.0576232
4.316e-005,0.0582731
4.3164e-005,0.05803
4.3168e-005,0.0576133
4.3172e-005,0.0582929
4.3176e-005,0.0582284
4.318e-005,0.0577968
4.3184e-005,0.0583078
4.3188e-005,0.0583276
4.3192e-005,0.0581193
4.3196e-005,0.0582433
4.32e-005,0.0584764
4.3204e-005,0.0580598
4.3208e-005,0.0585062
4.3212e-005,0.0585459
4.3216e-005,0.0584864
4.322e-005,0.0586253
4.3224e-005,0.0581937
4.3228e-005,0.0580746
4.3232e-005,0.0582929
4.3236e-005,0.0584268
4.324e-005,0.0580449
4.3244e-005,0.0580598
4.3248e-005,0.0585558
4.3252e-005,0.0583921
4.3256e-005,0.0583276
4.326e-005,0.0581788
4.3264e-005,0.058149
4.3268e-005,0.0586451
4.3272e-005,0.0583623
4.3276e-005,0.0585657
4.328e-005,0.0583177
4.3284e-005,0.0585558
4.3288e-005,0.0579903
4.3292e-005,0.0583723
4.3296e-005,0.0583078
4.33e-005,0.0583723
4.3304e-005,0.0588187
4.3308e-005,0.058402
4.3312e-005,0.0580697
4.3316e-005,0.0589576
4.332e-005,0.0586302
4.3324e-005,0.0584566
4.3328e-005,0.0582731
4.3332e-005,0.0584913
4.3336e-005,0.0585955
4.334e-005,0.0586947
4.3344e-005,0.058283
4.3348e-005,0.0587294
4.3352e-005,0.0584219
4.3356e-005,0.0585409
4.336e-005,0.0585509
4.3364e-005,0.0581838
4.3368e-005,0.0584467
4.3372e-005,0.0583723
4.3376e-005,0.0587493
4.338e-005,0.0581937
4.3384e-005,0.0586005
4.3388e-005,0.0582681
4.3392e-005,0.0583673
4.3396e-005,0.0580697
4.34e-005,0.0585905
4.3404e-005,0.0584169
4.3408e-005,0.0581887
4.3412e-005,0.0587195
4.3416e-005,0.0583772
4.342e-005,0.0580548
4.3424e-005,0.057901
4.3428e-005,0.0581689
4.3432e-005,0.058035
4.3436e-005,0.0581987
4.344e-005,0.0582433
4.3444e-005,0.0580002
4.3448e-005,0.0582979
4.3452e-005,0.0577919
4.3456e-005,0.0578365
4.346e-005,0.0579258
4.3464e-005,0.0581738
4.3468e-005,0.0582086
4.3472e-005,0.0583127
4.3476e-005,0.058531
4.348e-005,0.0584268
4.3484e-005,0.0583872
4.3488e-005,0.0582383
4.3492e-005,0.057782
4.3496e-005,0.0587046
4.35e-005,0.0582731
4.3504e-005,0.0584616
4.3508e-005,0.0583276
4.3512e-005,0.0583723
4.3516e-005,0.0583921
4.352e-005,0.0577522
4.3524e-005,0.0583276
4.3528e-005,0.0583673
4.3532e-005,0.058154
4.3536e-005,0.0580796
4.354e-005,0.0581838
4.3544e-005,0.058149
4.3548e-005,0.0579357
4.3552e-005,0.0580548
4.3556e-005,0.0578167
4.356e-005,0.0577373
4.3564e-005,0.0582334
4.3568e-005,0.0579457
4.3572e-005,0.0580746
4.3576e-005,0.0579853
4.358e-005,0.0581143
4.3584e-005,0.058531
4.3588e-005,0.0579209
4.3592e-005,0.0571569
4.3596e-005,0.048709
4.36e-005,0.0429448
4.3604e-005,0.0395121
4.3608e-005,0.0378453
4.3612e-005,0.0360942
4.3616e-005,0.0349731
4.362e-005,0.0250867
4.3624e-005,0.021396
4.3628e-005,0.0196945
4.3632e-005,0.0189455
4.3636e-005,0.0187421
4.364e-005,0.0184097
4.3644e-005,0.00913838
4.3648e-005,0.00156355
4.3652e-005,0.00134032
4.3656e-005,-0.00010321
4.366e-005,0.000298598
4.3664e-005,0.000417652
4.3668e-005,0.00081946
4.3672e-005,0.000422613
4.3676e-005,9.62069e-007
4.368e-005,-0.000787772
4.3684e-005,0.0101255
4.3688e-005,0.019258
4.3692e-005,0.0209892
4.3696e-005,0.0233852
4.37e-005,0.0263814
4.3704e-005,0.0273537
4.3708e-005,0.028693
4.3712e-005,0.0302854
4.3716e-005,0.0319472
4.372e-005,0.0337876
4.3724e-005,0.0337876
4.3728e-005,0.0352063
4.3732e-005,0.0359603
4.3736e-005,0.0355585
4.374e-005,0.0361637
4.3744e-005,0.0372848
4.3748e-005,0.0378305
4.3752e-005,0.038133
4.3756e-005,0.0388176
4.376e-005,0.0391351
4.3764e-005,0.0387333
4.3768e-005,0.0388523
4.3772e-005,0.0394526
4.3776e-005,0.0393087
4.378e-005,0.0397552
4.3784e-005,0.0397601
4.3788e-005,0.0398841
4.3792e-005,0.0399238
4.3796e-005,0.0399685
4.38e-005,0.0398445
4.3804e-005,0.0397452
4.3808e-005,0.0397998
4.3812e-005,0.0396212
4.3816e-005,0.0392442
4.382e-005,0.0401074
4.3824e-005,0.0394774
4.3828e-005,0.0394079
4.3832e-005,0.0406133
4.3836e-005,0.0397403
4.384e-005,0.0398097
4.3844e-005,0.0396907
4.3848e-005,0.0397353
4.3852e-005,0.0396113
4.3856e-005,0.0391748
4.386e-005,0.0397502
4.3864e-005,0.0392442
4.3868e-005,0.0396163
4.3872e-005,0.0393682
4.3876e-005,0.0390954
4.388e-005,0.0390458
4.3884e-005,0.0391847
4.3888e-005,0.0395171
4.3892e-005,0.0394575
4.3896e-005,0.0389962
4.39e-005,0.038763
4.3904e-005,0.0390607
4.3908e-005,0.0390656
4.3912e-005,0.0391549
4.3916e-005,0.0392789
4.392e-005,0.0389565
4.3924e-005,0.03915
4.3928e-005,0.0395567
4.3932e-005,0.0382521
4.3936e-005,0.0389714
4.394e-005,0.0388126
4.3944e-005,0.038892
4.3948e-005,0.0389267
4.3952e-005,0.0384257
4.3956e-005,0.0385398
4.396e-005,0.039274
4.3964e-005,0.0392293
4.3968e-005,0.0392641
4.3972e-005,0.0392938
4.3976e-005,0.0392541
4.398e-005,0.0390408
4.3984e-005,0.039269
4.3988e-005,0.0390061
4.3992e-005,0.0393385
4.3996e-005,0.0393037
4.4e-005,0.0386589
4.4004e-005,0.0390061
4.4008e-005,0.038768
4.4012e-005,0.0396262
4.4016e-005,0.0390309
4.402e-005,0.0391946
4.4024e-005,0.0387184
4.4028e-005,0.0392045
4.4032e-005,0.0390656
4.4036e-005,0.0390904
4.404e-005,0.0393484
4.4044e-005,0.0389218
4.4048e-005,0.0390855
4.4052e-005,0.0392343
4.4056e-005,0.0390805
4.406e-005,0.039016
4.4064e-005,0.0391549
4.4068e-005,0.0390805
4.4072e-005,0.0393434
4.4076e-005,0.0385547
4.408e-005,0.0394228
4.4084e-005,0.0392988
4.4088e-005,0.0395121
4.4092e-005,0.0391996
4.4096e-005,0.0395617
4.41e-005,0.039775
4.4104e-005,0.0389615
4.4108e-005,0.0394079
4.4112e-005,0.0390805
4.4116e-005,0.0392938
4.412e-005,0.0391202
4.4124e-005,0.0389863
4.4128e-005,0.0396659
4.4132e-005,0.0396063
4.4136e-005,0.0392442
4.414e-005,0.0393583
4.4144e-005,0.0390656
4.4148e-005,0.0391748
4.4152e-005,0.0390111
4.4156e-005,0.0393831
4.416e-005,0.0390408
4.4164e-005,0.0397998
4.4168e-005,0.0392244
4.4172e-005,0.0388771
4.4176e-005,0.0391897
4.418e-005,0.0393037
4.4184e-005,0.0389367
4.4188e-005,0.0387035
4.4192e-005,0.0390954
4.4196e-005,0.0392145
4.42e-005,0.038768
4.4204e-005,0.0386589
4.4208e-005,0.0391103
4.4212e-005,0.0393236
4.4216e-005,0.0389119
4.422e-005,0.0388821
4.4224e-005,0.0388623
4.4228e-005,0.0391004
4.4232e-005,0.0391053
4.4236e-005,0.0391599
4.424e-005,0.0389466
4.4244e-005,0.039026
4.4248e-005,0.0389267
4.4252e-005,0.0392938
4.4256e-005,0.0386093
4.426e-005,0.0387978
4.4264e-005,0.0389416
4.4268e-005,0.0384208
4.4272e-005,0.0384009
4.4276e-005,0.0391252
4.428e-005,0.0386986
4.4284e-005,0.0391599
4.4288e-005,0.0393335
4.4292e-005,0.0396361
4.4296e-005,0.0393087
4.43e-005,0.0391649
4.4304e-005,0.0389912
4.4308e-005,0.0390904
4.4312e-005,0.038773
4.4316e-005,0.0398643
4.432e-005,0.0398048
4.4324e-005,0.0393037
4.4328e-005,0.0386241
4.4332e-005,0.0394327
4.4336e-005,0.0390607
4.434e-005,0.0391748
4.4344e-005,0.0390408
4.4348e-005,0.0391847
4.4352e-005,0.0396361
4.4356e-005,0.0392095
4.436e-005,0.0380735
4.4364e-005,0.0366151
4.4368e-005,0.0345069
4.4372e-005,0.0345168
4.4376e-005,0.033485
4.438e-005,0.0335197
4.4384e-005,0.0326764
4.4388e-005,0.0246005
4.4392e-005,0.0200616
4.4396e-005,0.0192629
4.44e-005,0.0190348
4.4404e-005,0.0188711
4.4408e-005,0.0185189
4.4412e-005,0.00878617
4.4416e-005,0.00152386
4.442e-005,0.00114686
4.4424e-005,-0.000207383
4.4428e-005,0.000447416
4.4432e-005,0.000511903
4.4436e-005,0.000358125
4.444e-005,0.000174583
4.4444e-005,0.000497021
4.4448e-005,0.000105135
4.4452e-005,0.010448
4.4456e-005,0.0191141
4.446e-005,0.0226659
4.4464e-005,0.0250024
4.4468e-005,0.0292883
4.4472e-005,0.0310493
4.4476e-005,0.0333858
4.448e-005,0.0354692
4.4484e-005,0.0368879
4.4488e-005,0.0379247
4.4492e-005,0.0389912
4.4496e-005,0.0402066
4.45e-005,0.0408614
4.4504e-005,0.0417592
4.4508e-005,0.0429895
4.4512e-005,0.0430788
4.4516e-005,0.0440014
4.452e-005,0.0450382
4.4524e-005,0.0459509
4.4528e-005,0.0452862
4.4532e-005,0.04544
4.4536e-005,0.0459361
4.454e-005,0.046819
4.4544e-005,0.0460105
4.4548e-005,0.0468439
4.4552e-005,0.0467992
4.4556e-005,0.0474094
4.456e-005,0.0466752
4.4564e-005,0.0471266
4.4568e-005,0.0480096
4.4572e-005,0.0476078
4.4576e-005,0.0480493
4.458e-005,0.0478757
4.4584e-005,0.0481584
4.4588e-005,0.047955
4.4592e-005,0.0480939
4.4596e-005,0.0480195
4.46e-005,0.047826
4.4604e-005,0.0480592
4.4608e-005,0.0483271
4.4612e-005,0.0490612
4.4616e-005,0.0482179
4.462e-005,0.0486098
4.4624e-005,0.0487537
4.4628e-005,0.0484064
4.4632e-005,0.0483271
4.4636e-005,0.0485305
4.464e-005,0.0481187
4.4644e-005,0.04922
4.4648e-005,0.0486495
4.4652e-005,0.0483866
4.4656e-005,0.0484114
4.466e-005,0.0488876
4.4664e-005,0.0485305
4.4668e-005,0.0484263
4.4672e-005,0.0483469
4.4676e-005,0.0489025
4.468e-005,0.0482179
4.4684e-005,0.0495027
4.4688e-005,0.0487785
4.4692e-005,0.0489323
4.4696e-005,0.0486445
4.47e-005,0.0488082
4.4704e-005,0.0489124
4.4708e-005,0.0483568
4.4712e-005,0.049086
4.4716e-005,0.0479649
4.472e-005,0.0482626
4.4724e-005,0.0486594
4.4728e-005,0.0482973
4.4732e-005,0.0489174
4.4736e-005,0.0486743
4.474e-005,0.0484164
4.4744e-005,0.048213
4.4748e-005,0.0485354
4.4752e-005,0.0490662
4.4756e-005,0.0486098
4.476e-005,0.0481981
4.4764e-005,0.0484213
4.4768e-005,0.048213
4.4772e-005,0.0487537
4.4776e-005,0.0484114
4.478e-005,0.0485453
4.4784e-005,0.0488876
4.4788e-005,0.0481386
4.4792e-005,0.0491009
4.4796e-005,0.0488628
4.48e-005,0.0485652
4.4804e-005,0.048337
4.4808e-005,0.0486743
4.4812e-005,0.0482874
4.4816e-005,0.0479997
4.482e-005,0.0484908
4.4824e-005,0.0486098
4.4828e-005,0.0486942
4.4832e-005,0.0483568
4.4836e-005,0.0485056
4.484e-005,0.0487834
4.4844e-005,0.0490761
4.4848e-005,0.0480344
4.4852e-005,0.0488827
4.4856e-005,0.0491803
4.486e-005,0.0486991
4.4864e-005,0.0486991
4.4868e-005,0.0488231
4.4872e-005,0.0487983
4.4876e-005,0.0484461
4.488e-005,0.0482279
4.4884e-005,0.0483618
4.4888e-005,0.048714
4.4892e-005,0.0485801
4.4896e-005,0.0483221
4.49e-005,0.0489967
4.4904e-005,0.0487934
4.4908e-005,0.0487586
4.4912e-005,0.048843
4.4916e-005,0.0480394
4.492e-005,0.048342
4.4924e-005,0.0486743
4.4928e-005,0.0494085
4.4932e-005,0.0485602
4.4936e-005,0.0487983
4.494e-005,0.0487041
4.4944e-005,0.0486545
4.4948e-005,0.0492547
4.4952e-005,0.0485453
4.4956e-005,0.0483668
4.496e-005,0.0486495
4.4964e-005,0.0488727
4.4968e-005,0.0484015
4.4972e-005,0.0488529
4.4976e-005,0.0486297
4.498e-005,0.0488876
4.4984e-005,0.0484263
4.4988e-005,0.0490364
4.4992e-005,0.0488033
4.4996e-005,0.0482229
4.5e-005,0.048456
4.5004e-005,0.0486644
4.5008e-005,0.0481336
4.5012e-005,0.0485007
4.5016e-005,0.0481882
4.502e-005,0.0484511
4.5024e-005,0.0490166
4.5028e-005,0.0486594
4.5032e-005,0.0485106
4.5036e-005,0.048084
4.504e-005,0.0492845
4.5044e-005,0.0492795
4.5048e-005,0.0486545
4.5052e-005,0.0492249
4.5056e-005,0.0485801
4.506e-005,0.0485701
4.5064e-005,0.048466
4.5068e-005,0.0483866
4.5072e-005,0.0484461
4.5076e-005,0.0485701
4.508e-005,0.0486793
4.5084e-005,0.0490811
4.5088e-005,0.049091
4.5092e-005,0.0486346
4.5096e-005,0.0488132
4.51e-005,0.0485949
4.5104e-005,0.049086
4.5108e-005,0.0487735
4.5112e-005,0.0486049
4.5116e-005,0.0486495
4.512e-005,0.0488926
4.5124e-005,0.0483965
4.5128e-005,0.0478856
4.5132e-005,0.0425033
4.5136e-005,0.0386589
4.514e-005,0.0372997
4.5144e-005,0.0354295
4.5148e-005,0.0348045
4.5152e-005,0.0340306
4.5156e-005,0.0248535
4.516e-005,0.0202501
4.5164e-005,0.0195606
4.5168e-005,0.0188959
4.5172e-005,0.0190546
4.5176e-005,0.0188562
4.518e-005,0.00962451
4.5184e-005,0.00153875
4.5188e-005,0.00098316
4.5192e-005,-0.000256989
4.5196e-005,0.000878987
4.52e-005,0.00100796
4.5204e-005,0.000353164
4.5208e-005,0.000427573
4.5212e-005,0.00107245
4.5216e-005,-0.000495097
4.522e-005,0.0100313
4.5224e-005,0.0196449
4.5228e-005,0.0231719
4.5232e-005,0.0275124
4.5236e-005,0.0314908
4.524e-005,0.0342291
4.5244e-005,0.0363522
4.5248e-005,0.038897
4.5252e-005,0.0402711
4.5256e-005,0.0413773
4.526e-005,0.0433318
4.5264e-005,0.0450035
4.5268e-005,0.0450432
4.5272e-005,0.0454698
4.5276e-005,0.0462932
4.528e-005,0.0474044
4.5284e-005,0.0478955
4.5288e-005,0.0490811
4.5292e-005,0.0489471
4.5296e-005,0.0496912
4.53e-005,0.0499641
4.5304e-005,0.0511397
4.5308e-005,0.0509611
4.5312e-005,0.0511348
4.5316e-005,0.0516358
4.532e-005,0.0519632
4.5324e-005,0.0528908
4.5328e-005,0.0524444
4.5332e-005,0.0528362
4.5336e-005,0.0525981
4.534e-005,0.0524096
4.5344e-005,0.0530793
4.5348e-005,0.0533373
4.5352e-005,0.0540417
4.5356e-005,0.0537143
4.536e-005,0.0538681
4.5364e-005,0.0537837
4.5368e-005,0.0543542
4.5372e-005,0.0543492
4.5376e-005,0.0543095
4.538e-005,0.0545725
4.5384e-005,0.0544782
4.5388e-005,0.0544683
4.5392e-005,0.0544683
4.5396e-005,0.0547907
4.54e-005,0.0544881
4.5404e-005,0.054627
4.5408e-005,0.0547411
4.5412e-005,0.0552669
4.5416e-005,0.0557779
4.542e-005,0.0548602
4.5424e-005,0.0550983
4.5428e-005,0.0551578
4.5432e-005,0.0548155
4.5436e-005,0.0548155
4.544e-005,0.0549941
4.5444e-005,0.0553314
4.5448e-005,0.055634
4.5452e-005,0.0552818
4.5456e-005,0.0554306
4.546e-005,0.0548502
4.5464e-005,0.0555894
4.5468e-005,0.0553017
4.5472e-005,0.0555795
4.5476e-005,0.0551181
4.548e-005,0.0557084
4.5484e-005,0.0556291
4.5488e-005,0.0553413
4.5492e-005,0.0554902
4.5496e-005,0.0551429
4.55e-005,0.0553463
4.5504e-005,0.0548751
4.5508e-005,0.0555695
4.5512e-005,0.0560706
4.5516e-005,0.0556886
4.552e-005,0.0553662
4.5524e-005,0.0560755
4.5528e-005,0.0551826
4.5532e-005,0.0555249
4.5536e-005,0.0553612
4.554e-005,0.0553364
4.5544e-005,0.0555001
4.5548e-005,0.0562392
4.5552e-005,0.0560755
4.5556e-005,0.0549346
4.556e-005,0.055133
4.5564e-005,0.0552669
4.5568e-005,0.0553562
4.5572e-005,0.0558969
4.5576e-005,0.0558771
4.558e-005,0.0558672
4.5584e-005,0.0554753
4.5588e-005,0.055634
4.5592e-005,0.055128
4.5596e-005,0.0557283
4.56e-005,0.0555695
4.5604e-005,0.0558622
4.5608e-005,0.0560358
4.5612e-005,0.0557233
4.5616e-005,0.0550933
4.562e-005,0.055634
4.5624e-005,0.0560706
4.5628e-005,0.0557928
4.5632e-005,0.0562144
4.5636e-005,0.0555695
4.564e-005,0.0552521
4.5644e-005,0.0557729
4.5648e-005,0.0555547
4.5652e-005,0.0552769
4.5656e-005,0.0549842
4.566e-005,0.0554951
4.5664e-005,0.0554753
4.5668e-005,0.0559366
4.5672e-005,0.0558176
4.5676e-005,0.0558969
4.568e-005,0.0551231
4.5684e-005,0.0559267
4.5688e-005,0.0553364
4.5692e-005,0.0561202
4.5696e-005,0.055262
4.57e-005,0.055763
4.5704e-005,0.0557283
4.5708e-005,0.0555745
4.5712e-005,0.0552719
4.5716e-005,0.0554108
4.572e-005,0.0549197
4.5724e-005,0.0555497
4.5728e-005,0.0558126
4.5732e-005,0.0554058
4.5736e-005,0.0556737
4.574e-005,0.0553017
4.5744e-005,0.0555795
4.5748e-005,0.0549346
4.5752e-005,0.0556787
4.5756e-005,0.0553612
4.576e-005,0.0554356
4.5764e-005,0.0555596
4.5768e-005,0.0561549
4.5772e-005,0.0555249
4.5776e-005,0.0560458
4.578e-005,0.0560061
4.5784e-005,0.0556092
4.5788e-005,0.0558324
4.5792e-005,0.055634
4.5796e-005,0.0554406
4.58e-005,0.0558721
4.5804e-005,0.0556043
4.5808e-005,0.0549346
4.5812e-005,0.0562987
4.5816e-005,0.0559912
4.582e-005,0.0553463
4.5824e-005,0.0556439
4.5828e-005,0.0554951
4.5832e-005,0.0554306
4.5836e-005,0.0556291
4.584e-005,0.0557432
4.5844e-005,0.0556439
4.5848e-005,0.055758
4.5852e-005,0.0557035
4.5856e-005,0.0555993
4.586e-005,0.0556241
4.5864e-005,0.0548999
4.5868e-005,0.0556539
4.5872e-005,0.0558126
4.5876e-005,0.0559664
4.588e-005,0.0552273
4.5884e-005,0.0557233
4.5888e-005,0.0557283
4.5892e-005,0.0548899
4.5896e-005,0.0544484
4.59e-005,0.0478509
4.5904e-005,0.0415311
4.5908e-005,0.0391748
4.5912e-005,0.0377808
4.5916e-005,0.0359901
4.592e-005,0.0355635
4.5924e-005,0.0252653
4.5928e-005,0.0205279
4.5932e-005,0.0196152
4.5936e-005,0.0189355
4.594e-005,0.0189107
4.5944e-005,0.018628
4.5948e-005,0.00882586
4.5952e-005,0.00209929
4.5956e-005,0.00132048
4.596e-005,0.000348204
4.5964e-005,0.000442455
4.5968e-005,0.00115678
4.5972e-005,0.000179543
4.5976e-005,0.000224189
4.598e-005,0.000968278
4.5984e-005,-0.000485176
4.5988e-005,0.0099916
4.5992e-005,0.0202551
4.5996e-005,0.0239904
4.6e-005,0.0290403
4.6004e-005,0.0338868
4.6008e-005,0.0363472
4.6012e-005,0.0380983
4.6016e-005,0.0402859
4.602e-005,0.0423694
4.6024e-005,0.0432375
4.6028e-005,0.0443239
4.6032e-005,0.0464718
4.6036e-005,0.046442
4.604e-005,0.0481038
4.6044e-005,0.0485999
4.6048e-005,0.0486297
4.6052e-005,0.0493638
4.6056e-005,0.0509314
4.606e-005,0.0510207
4.6064e-005,0.0512786
4.6068e-005,0.0518937
4.6072e-005,0.0522211
4.6076e-005,0.0525287
4.608e-005,0.0532877
4.6084e-005,0.0533075
4.6088e-005,0.0543889
4.6092e-005,0.0535655
4.6096e-005,0.0535307
4.61e-005,0.0546717
4.6104e-005,0.0541955
4.6108e-005,0.0547858
4.6112e-005,0.0545229
4.6116e-005,0.0553711
4.612e-005,0.0555795
4.6124e-005,0.0560557
4.6128e-005,0.0552074
4.6132e-005,0.055758
4.6136e-005,0.0558969
4.614e-005,0.0558076
4.6144e-005,0.0561995
4.6148e-005,0.0565666
4.6152e-005,0.0562888
4.6156e-005,0.0560755
4.616e-005,0.0565369
4.6164e-005,0.0567006
4.6168e-005,0.0570726
4.6172e-005,0.0566956
4.6176e-005,0.0567849
4.618e-005,0.0574
4.6184e-005,0.0577224
4.6188e-005,0.0568394
4.6192e-005,0.0570478
4.6196e-005,0.0575637
4.62e-005,0.0568345
4.6204e-005,0.0567898
4.6208e-005,0.0570627
4.6212e-005,0.0571867
4.6216e-005,0.0573107
4.622e-005,0.0576579
4.6224e-005,0.0573702
4.6228e-005,0.0580697
4.6232e-005,0.0580647
4.6236e-005,0.0577522
4.624e-005,0.0573702
4.6244e-005,0.057405
4.6248e-005,0.0575488
4.6252e-005,0.057395
4.6256e-005,0.0574893
4.626e-005,0.0574347
4.6264e-005,0.0574446
4.6268e-005,0.0577224
4.6272e-005,0.0579209
4.6276e-005,0.0579457
4.628e-005,0.0576629
4.6284e-005,0.0571768
4.6288e-005,0.0579605
4.6292e-005,0.0579804
4.6296e-005,0.057782
4.63e-005,0.0574446
4.6304e-005,0.0578068
4.6308e-005,0.0575835
4.6312e-005,0.0576282
4.6316e-005,0.0578514
4.632e-005,0.0572661
4.6324e-005,0.0582532
4.6328e-005,0.0579109
4.6332e-005,0.0577869
4.6336e-005,0.0577572
4.634e-005,0.0579407
4.6344e-005,0.0577869
4.6348e-005,0.0573405
4.6352e-005,0.0578266
4.6356e-005,0.0580101
4.636e-005,0.0580994
4.6364e-005,0.0580846
4.6368e-005,0.0578068
4.6372e-005,0.0581143
4.6376e-005,0.0578068
4.638e-005,0.0577472
4.6384e-005,0.0578216
4.6388e-005,0.0581441
4.6392e-005,0.0578514
4.6396e-005,0.0578911
4.64e-005,0.0575736
4.6404e-005,0.0572462
4.6408e-005,0.0578564
4.6412e-005,0.0574694
4.6416e-005,0.0576579
4.642e-005,0.0576877
4.6424e-005,0.0583574
4.6428e-005,0.0581738
4.6432e-005,0.0572809
4.6436e-005,0.0579705
4.644e-005,0.0579506
4.6444e-005,0.0576778
4.6448e-005,0.0573653
4.6452e-005,0.0578613
4.6456e-005,0.0579853
4.646e-005,0.057906
4.6464e-005,0.0574099
4.6468e-005,0.0576629
4.6472e-005,0.0576083
4.6476e-005,0.0573405
4.648e-005,0.0576728
4.6484e-005,0.0580598
4.6488e-005,0.0578018
4.6492e-005,0.0578316
4.6496e-005,0.0576927
4.65e-005,0.0582334
4.6504e-005,0.0574496
4.6508e-005,0.0576431
4.6512e-005,0.0576927
4.6516e-005,0.0576579
4.652e-005,0.0578812
4.6524e-005,0.0584368
4.6528e-005,0.0576232
4.6532e-005,0.0582929
4.6536e-005,0.0579109
4.654e-005,0.0581738
4.6544e-005,0.058035
4.6548e-005,0.0574843
4.6552e-005,0.0577621
4.6556e-005,0.0580449
4.656e-005,0.0571371
4.6564e-005,0.0579903
4.6568e-005,0.0579506
4.6572e-005,0.0580994
4.6576e-005,0.0575141
4.658e-005,0.0581788
4.6584e-005,0.057648
4.6588e-005,0.0576629
4.6592e-005,0.0579407
4.6596e-005,0.0586253
4.66e-005,0.057906
4.6604e-005,0.0583822
4.6608e-005,0.0582235
4.6612e-005,0.0572909
4.6616e-005,0.0583524
4.662e-005,0.058159
4.6624e-005,0.0581937
4.6628e-005,0.0578316
4.6632e-005,0.0576579
4.6636e-005,0.0574149
4.664e-005,0.058154
4.6644e-005,0.0578911
4.6648e-005,0.0575835
4.6652e-005,0.0585608
4.6656e-005,0.0580945
4.666e-005,0.0576331
4.6664e-005,0.056641
4.6668e-005,0.0492101
4.6672e-005,0.0429051
4.6676e-005,0.0397899
4.668e-005,0.0373741
4.6684e-005,0.0362629
4.6688e-005,0.0356279
4.6692e-005,0.0248585
4.6696e-005,0.0207561
4.67e-005,0.0199376
4.6704e-005,0.0195209
4.6708e-005,0.0186974
4.6712e-005,0.0184445
4.6716e-005,0.00918798
4.672e-005,0.00170741
4.6724e-005,0.00171237
4.6728e-005,0.000338282
4.6732e-005,5.0568e-005
4.6736e-005,0.000799618
4.674e-005,0.000864105
4.6744e-005,0.00100796
4.6748e-005,0.000338282
4.6752e-005,-0.000480216
4.6756e-005,0.010319
4.676e-005,0.018633
4.6764e-005,0.0215895
4.6768e-005,0.0239259
4.6772e-005,0.0266542
4.6776e-005,0.0289311
4.678e-005,0.0292883
4.6784e-005,0.0317686
4.6788e-005,0.0324383
4.6792e-005,0.0334602
4.6796e-005,0.034998
4.68e-005,0.0355833
4.6804e-005,0.0361984
4.6808e-005,0.0369673
4.6812e-005,0.0373394
4.6816e-005,0.0378007
4.682e-005,0.0381727
4.6824e-005,0.0385497
4.6828e-005,0.0390557
4.6832e-005,0.0392442
4.6836e-005,0.039656
4.684e-005,0.0393087
4.6844e-005,0.0397502
4.6848e-005,0.0398345
4.6852e-005,0.0399635
4.6856e-005,0.0400578
4.686e-005,0.0398593
4.6864e-005,0.039646
4.6868e-005,0.0406332
4.6872e-005,0.0399883
4.6876e-005,0.0404149
4.688e-005,0.0393186
4.6884e-005,0.0405836
4.6888e-005,0.0398941
4.6892e-005,0.0401917
4.6896e-005,0.0397998
4.69e-005,0.0403802
4.6904e-005,0.0401123
4.6908e-005,0.0402363
4.6912e-005,0.040405
4.6916e-005,0.0404397
4.692e-005,0.0395121
4.6924e-005,0.0408118
4.6928e-005,0.0397849
4.6932e-005,0.0396262
4.6936e-005,0.039522
4.694e-005,0.0394873
4.6944e-005,0.0398643
4.6948e-005,0.0400131
4.6952e-005,0.0397056
4.6956e-005,0.0397651
4.696e-005,0.0398643
4.6964e-005,0.0398693
4.6968e-005,0.0387432
4.6972e-005,0.0396163
4.6976e-005,0.0400131
4.698e-005,0.0397452
4.6984e-005,0.039527
4.6988e-005,0.0396708
4.6992e-005,0.0394228
4.6996e-005,0.040534
4.7e-005,0.0400082
4.7004e-005,0.0394774
4.7008e-005,0.0398593
4.7012e-005,0.0402711
4.7016e-005,0.0399833
4.702e-005,0.0402611
4.7024e-005,0.0398941
4.7028e-005,0.0396113
4.7032e-005,0.0408862
4.7036e-005,0.0400875
4.704e-005,0.0393087
4.7044e-005,0.0398147
4.7048e-005,0.0399387
4.7052e-005,0.0401024
4.7056e-005,0.0397452
4.706e-005,0.040157
4.7064e-005,0.0402115
4.7068e-005,0.039899
4.7072e-005,0.0403107
4.7076e-005,0.0397155
4.708e-005,0.0396609
4.7084e-005,0.0391996
4.7088e-005,0.0395567
4.7092e-005,0.0399288
4.7096e-005,0.0394129
4.71e-005,0.0397204
4.7104e-005,0.0397006
4.7108e-005,0.0393137
4.7112e-005,0.0399883
4.7116e-005,0.0395071
4.712e-005,0.0400826
4.7124e-005,0.0402611
4.7128e-005,0.0399784
4.7132e-005,0.0398941
4.7136e-005,0.0400478
4.714e-005,0.0399833
4.7144e-005,0.0401669
4.7148e-005,0.0394774
4.7152e-005,0.039904
4.7156e-005,0.0403455
4.716e-005,0.0401123
4.7164e-005,0.0395468
4.7168e-005,0.04041
4.7172e-005,0.0394228
4.7176e-005,0.0396212
4.718e-005,0.0397056
4.7184e-005,0.0401371
4.7188e-005,0.0400082
4.7192e-005,0.0399833
4.7196e-005,0.0397601
4.72e-005,0.0395815
4.7204e-005,0.0396311
4.7208e-005,0.0392938
4.7212e-005,0.039651
4.7216e-005,0.0400578
4.722e-005,0.0398941
4.7224e-005,0.0396311
4.7228e-005,0.0393434
4.7232e-005,0.0399784
4.7236e-005,0.0391103
4.724e-005,0.0393236
4.7244e-005,0.0392293
4.7248e-005,0.0392789
4.7252e-005,0.0390756
4.7256e-005,0.0390061
4.726e-005,0.0391351
4.7264e-005,0.0399139
4.7268e-005,0.0399635
4.7272e-005,0.0398048
4.7276e-005,0.0403256
4.728e-005,0.0395319
4.7284e-005,0.040023
4.7288e-005,0.0394724
4.7292e-005,0.0392789
4.7296e-005,0.0397353
4.73e-005,0.0394278
4.7304e-005,0.0391698
4.7308e-005,0.0395617
4.7312e-005,0.0392641
4.7316e-005,0.0393037
4.732e-005,0.0391351
4.7324e-005,0.0396361
4.7328e-005,0.0399585
4.7332e-005,0.0396361
4.7336e-005,0.0394476
4.734e-005,0.0396708
4.7344e-005,0.0398097
4.7348e-005,0.0391748
4.7352e-005,0.0397204
4.7356e-005,0.0393236
4.736e-005,0.0394278
4.7364e-005,0.0395915
4.7368e-005,0.0401421
4.7372e-005,0.0398643
4.7376e-005,0.0394426
4.738e-005,0.0403306
4.7384e-005,0.0402959
4.7388e-005,0.0396063
4.7392e-005,0.0403107
4.7396e-005,0.0400181
4.74e-005,0.0399337
4.7404e-005,0.0395567
4.7408e-005,0.0394327
4.7412e-005,0.0392789
4.7416e-005,0.040028
4.742e-005,0.040147
4.7424e-005,0.0391946
4.7428e-005,0.0392045
4.7432e-005,0.0384505
4.7436e-005,0.036124
4.744e-005,0.0353055
4.7444e-005,0.034616
4.7448e-005,0.0338521
4.7452e-005,0.0340554
4.7456e-005,0.0329294
4.746e-005,0.0253
4.7464e-005,0.0205825
4.7468e-005,0.0192927
4.7472e-005,0.0186379
4.7476e-005,0.0186478
4.748e-005,0.0193274
4.7484e-005,0.00855303
4.7488e-005,0.000973238
4.7492e-005,0.000804578
4.7496e-005,-6.84862e-005
4.75e-005,-0.000222265
4.7504e-005,0.000750012
4.7508e-005,0.00124111
4.7512e-005,0.000239071
4.7516e-005,0.000422613
4.752e-005,-0.000400846
4.7524e-005,0.00942113
4.7528e-005,0.0195755
4.7532e-005,0.0215349
4.7536e-005,0.0252305
4.754e-005,0.0296356
4.7544e-005,0.0316148
4.7548e-005,0.0330782
4.7552e-005,0.0351914
4.7556e-005,0.0366994
4.756e-005,0.0378156
4.7564e-005,0.0391152
4.7568e-005,0.0406332
4.7572e-005,0.0411094
4.7576e-005,0.041407
4.758e-005,0.0430192
4.7584e-005,0.0432524
4.7588e-005,0.0440411
4.7592e-005,0.0442842
4.7596e-005,0.0454549
4.76e-005,0.0452813
4.7604e-005,0.046065
4.7608e-005,0.0462436
4.7612e-005,0.047077
4.7616e-005,0.0465363
4.762e-005,0.046323
4.7624e-005,0.0467298
4.7628e-005,0.046829
4.7632e-005,0.0471316
4.7636e-005,0.0477814
4.764e-005,0.0473548
4.7644e-005,0.0479997
4.7648e-005,0.0479005
4.7652e-005,0.047583
4.7656e-005,0.0483618
4.766e-005,0.0482576
4.7664e-005,0.0477566
4.7668e-005,0.048079
4.7672e-005,0.0481981
4.7676e-005,0.0480443
4.768e-005,0.0473548
4.7684e-005,0.0486842
4.7688e-005,0.0482626
4.7692e-005,0.0490563
4.7696e-005,0.0487239
4.77e-005,0.048342
4.7704e-005,0.048461
4.7708e-005,0.048585
4.7712e-005,0.0482576
4.7716e-005,0.048843
4.772e-005,0.0492795
4.7724e-005,0.0480195
4.7728e-005,0.0486297
4.7732e-005,0.0485404
4.7736e-005,0.0481832
4.774e-005,0.0481634
4.7744e-005,0.0480989
4.7748e-005,0.0485453
4.7752e-005,0.0480642
4.7756e-005,0.0489719
4.776e-005,0.0482328
4.7764e-005,0.0490712
4.7768e-005,0.0478707
4.7772e-005,0.0478459
4.7776e-005,0.0484709
4.778e-005,0.048838
4.7784e-005,0.0490216
4.7788e-005,0.0491406
4.7792e-005,0.0483866
4.7796e-005,0.0483618
4.78e-005,0.0489273
4.7804e-005,0.04859
4.7808e-005,0.0484064
4.7812e-005,0.0482179
4.7816e-005,0.0487934
4.782e-005,0.0485255
4.7824e-005,0.048456
4.7828e-005,0.0490216
4.7832e-005,0.0488876
4.7836e-005,0.0486396
4.784e-005,0.0491108
4.7844e-005,0.0487239
4.7848e-005,0.0492944
4.7852e-005,0.0492398
4.7856e-005,0.0489323
4.786e-005,0.0494333
4.7864e-005,0.0488727
4.7868e-005,0.0484957
4.7872e-005,0.0478856
4.7876e-005,0.0487983
4.788e-005,0.0483271
4.7884e-005,0.0479947
4.7888e-005,0.0488827
4.7892e-005,0.0490364
4.7896e-005,0.0485404
4.79e-005,0.0490216
4.7904e-005,0.0484114
4.7908e-005,0.048843
4.7912e-005,0.048461
4.7916e-005,0.0488975
4.792e-005,0.0484759
4.7924e-005,0.0493043
4.7928e-005,0.048461
4.7932e-005,0.0489471
4.7936e-005,0.0486842
4.794e-005,0.0493539
4.7944e-005,0.0483668
4.7948e-005,0.0485701
4.7952e-005,0.0494531
4.7956e-005,0.049215
4.796e-005,0.0490265
4.7964e-005,0.0492299
4.7968e-005,0.0491059
4.7972e-005,0.0485801
4.7976e-005,0.0481138
4.798e-005,0.0489075
4.7984e-005,0.0488033
4.7988e-005,0.0492845
4.7992e-005,0.0492646
4.7996e-005,0.048456
4.8e-005,0.0491307
4.8004e-005,0.0489571
4.8008e-005,0.0489471
4.8012e-005,0.0486445
4.8016e-005,0.0489223
4.802e-005,0.0486644
4.8024e-005,0.0489769
4.8028e-005,0.0474143
4.8032e-005,0.0484908
4.8036e-005,0.0486396
4.804e-005,0.0488182
4.8044e-005,0.0491654
4.8048e-005,0.0490612
4.8052e-005,0.0489174
4.8056e-005,0.0485801
4.806e-005,0.0488082
4.8064e-005,0.0487686
4.8068e-005,0.0494482
4.8072e-005,0.0482229
4.8076e-005,0.0489521
4.808e-005,0.0487388
4.8084e-005,0.0484908
4.8088e-005,0.0486793
4.8092e-005,0.0488479
4.8096e-005,0.04922
4.81e-005,0.0482675
4.8104e-005,0.0492944
4.8108e-005,0.0490513
4.8112e-005,0.0489174
4.8116e-005,0.0490017
4.812e-005,0.0488777
4.8124e-005,0.0491555
4.8128e-005,0.0490166
4.8132e-005,0.0490116
4.8136e-005,0.0493638
4.814e-005,0.0495474
4.8144e-005,0.0486545
4.8148e-005,0.0488281
4.8152e-005,0.0485354
4.8156e-005,0.0491456
4.816e-005,0.04859
4.8164e-005,0.0490712
4.8168e-005,0.0475135
4.8172e-005,0.0488182
4.8176e-005,0.0490662
4.818e-005,0.048967
4.8184e-005,0.0490364
4.8188e-005,0.0494432
4.8192e-005,0.0492497
4.8196e-005,0.0487884
4.82e-005,0.0475979
4.8204e-005,0.0423694
4.8208e-005,0.0392293
4.8212e-005,0.0373592
4.8216e-005,0.0362877
4.822e-005,0.0353601
4.8224e-005,0.0351765
4.8228e-005,0.0252206
4.8232e-005,0.0205477
4.8236e-005,0.0199277
4.824e-005,0.0193225
4.8244e-005,0.0187322
4.8248e-005,0.0187222
4.8252e-005,0.00907885
4.8256e-005,0.00118654
4.826e-005,0.00129072
4.8264e-005,0.000422613
4.8268e-005,-0.000286752
4.8272e-005,0.000551588
4.8276e-005,0.000958357
4.828e-005,0.000194425
4.8284e-005,0.000497021
4.8288e-005,-0.000569506
4.8292e-005,0.00916814
4.8296e-005,0.0203196
4.83e-005,0.0237622
4.8304e-005,0.027314
4.8308e-005,0.0319373
4.8312e-005,0.0344424
4.8316e-005,0.0367838
4.832e-005,0.0379445
4.8324e-005,0.0400776
4.8328e-005,0.0414864
4.8332e-005,0.0423644
4.8336e-005,0.0442395
4.834e-005,0.0447753
4.8344e-005,0.0467446
4.8348e-005,0.0466107
4.8352e-005,0.0475582
4.8356e-005,0.0486594
4.836e-005,0.0486495
4.8364e-005,0.0488628
4.8368e-005,0.0501575
4.8372e-005,0.0497359
4.8376e-005,0.0504651
4.838e-005,0.0508421
4.8384e-005,0.0511695
4.8388e-005,0.0519582
4.8392e-005,0.0520475
4.8396e-005,0.05237
4.84e-005,0.0528561
4.8404e-005,0.0526229
4.8408e-005,0.0529702
4.8412e-005,0.0531636
4.8416e-005,0.0530892
4.842e-005,0.0525585
4.8424e-005,0.0534315
4.8428e-005,0.0539524
4.8432e-005,0.0529355
4.8436e-005,0.0540516
4.844e-005,0.0539623
4.8444e-005,0.0541161
4.8448e-005,0.0544435
4.8452e-005,0.0540516
4.8456e-005,0.0549643
4.846e-005,0.0542748
4.8464e-005,0.0546717
4.8468e-005,0.0541607
4.8472e-005,0.0546617
4.8476e-005,0.055262
4.848e-005,0.055262
4.8484e-005,0.0549842
4.8488e-005,0.0548651
4.8492e-005,0.0552818
4.8496e-005,0.0551727
4.85e-005,0.0552471
4.8504e-005,0.0553711
4.8508e-005,0.0540169
4.8512e-005,0.0554604
4.8516e-005,0.0550834
4.852e-005,0.055138
4.8524e-005,0.0548899
4.8528e-005,0.0554951
4.8532e-005,0.0548205
4.8536e-005,0.0548403
4.854e-005,0.0548403
4.8544e-005,0.0547758
4.8548e-005,0.056016
4.8552e-005,0.05551
4.8556e-005,0.0552719
4.856e-005,0.0552074
4.8564e-005,0.0558324
4.8568e-005,0.0557184
4.8572e-005,0.0551528
4.8576e-005,0.0552719
4.858e-005,0.055257
4.8584e-005,0.0554455
4.8588e-005,0.0555844
4.8592e-005,0.0559267
4.8596e-005,0.0557184
4.86e-005,0.0553761
4.8604e-005,0.0552372
4.8608e-005,0.0551528
4.8612e-005,0.0553463
4.8616e-005,0.0551826
4.862e-005,0.0553562
4.8624e-005,0.05551
4.8628e-005,0.0554108
4.8632e-005,0.0548949
4.8636e-005,0.055009
4.864e-005,0.0553066
4.8644e-005,0.0561003
4.8648e-005,0.0557332
4.8652e-005,0.0552074
4.8656e-005,0.0554902
4.866e-005,0.0558225
4.8664e-005,0.0555844
4.8668e-005,0.0560954
4.8672e-005,0.0556886
4.8676e-005,0.0556836
4.868e-005,0.0553265
4.8684e-005,0.0551727
4.8688e-005,0.0552868
4.8692e-005,0.0558721
4.8696e-005,0.0556439
4.87e-005,0.0553017
4.8704e-005,0.0554753
4.8708e-005,0.0558126
4.8712e-005,0.055639
4.8716e-005,0.0560259
4.872e-005,0.0555993
4.8724e-005,0.0562392
4.8728e-005,0.0558721
4.8732e-005,0.0555348
4.8736e-005,0.0556886
4.874e-005,0.0557035
4.8744e-005,0.0564178
4.8748e-005,0.0557084
4.8752e-005,0.0556985
4.8756e-005,0.055768
4.876e-005,0.0560507
4.8764e-005,0.0556539
4.8768e-005,0.0558821
4.8772e-005,0.0559267
4.8776e-005,0.0561251
4.878e-005,0.0555447
4.8784e-005,0.0557729
4.8788e-005,0.0559317
4.8792e-005,0.0558225
4.8796e-005,0.0558374
4.88e-005,0.0556092
4.8804e-005,0.0558821
4.8808e-005,0.0556588
4.8812e-005,0.0559168
4.8816e-005,0.0554406
4.882e-005,0.0563583
4.8824e-005,0.0559961
4.8828e-005,0.0561896
4.8832e-005,0.0555646
4.8836e-005,0.0557084
4.884e-005,0.0555249
4.8844e-005,0.0553761
4.8848e-005,0.0555001
4.8852e-005,0.0557084
4.8856e-005,0.056264
4.886e-005,0.055639
4.8864e-005,0.0559961
4.8868e-005,0.0559267
4.8872e-005,0.0557481
4.8876e-005,0.0558821
4.888e-005,0.0555894
4.8884e-005,0.0560358
4.8888e-005,0.0553413
4.8892e-005,0.0563583
4.8896e-005,0.0565021
4.89e-005,0.0561251
4.8904e-005,0.0557184
4.8908e-005,0.0557977
4.8912e-005,0.0558324
4.8916e-005,0.0559168
4.892e-005,0.0562442
4.8924e-005,0.0555299
4.8928e-005,0.0557779
4.8932e-005,0.0563037
4.8936e-005,0.0556291
4.894e-005,0.0552917
4.8944e-005,0.0561747
4.8948e-005,0.0558821
4.8952e-005,0.0558374
4.8956e-005,0.0560904
4.896e-005,0.0559515
4.8964e-005,0.0557928
4.8968e-005,0.0543542
4.8972e-005,0.0473796
4.8976e-005,0.04229
4.898e-005,0.0391748
4.8984e-005,0.0376419
4.8988e-005,0.0361488
4.8992e-005,0.0361736
4.8996e-005,0.0258853
4.9e-005,0.0211728
4.9004e-005,0.0196201
4.9008e-005,0.018881
4.9012e-005,0.0185089
4.9016e-005,0.01837
4.902e-005,0.00834468
4.9024e-005,0.00157843
4.9028e-005,0.00145938
4.9032e-005,0.000204346
4.9036e-005,0.000750012
4.904e-005,0.000799618
4.9044e-005,0.000536706
4.9048e-005,0.000432534
4.9052e-005,0.000561509
4.9056e-005,-0.00035124
4.906e-005,0.00904412
4.9064e-005,0.0202253
4.9068e-005,0.024422
4.9072e-005,0.0287377
4.9076e-005,0.0331278
4.908e-005,0.0365953
4.9084e-005,0.0384406
4.9088e-005,0.0403058
4.9092e-005,0.0431284
4.9096e-005,0.0437435
4.91e-005,0.0445967
4.9104e-005,0.0465165
4.9108e-005,0.0465859
4.9112e-005,0.0477715
4.9116e-005,0.0487487
4.912e-005,0.0493093
4.9124e-005,0.0499988
4.9128e-005,0.0504849
4.9132e-005,0.0514026
4.9136e-005,0.0519334
4.914e-005,0.0523997
4.9144e-005,0.0529057
4.9148e-005,0.0533323
4.9152e-005,0.0536547
4.9156e-005,0.0537292
4.916e-005,0.0541012
4.9164e-005,0.0545923
4.9168e-005,0.055004
4.9172e-005,0.0555745
4.9176e-005,0.0555795
4.918e-005,0.0557779
4.9184e-005,0.0558969
4.9188e-005,0.056011
4.9192e-005,0.0562392
4.9196e-005,0.0559416
4.92e-005,0.0557481
4.9204e-005,0.0562987
4.9208e-005,0.0566212
4.9212e-005,0.0563533
4.9216e-005,0.056899
4.922e-005,0.057028
4.9224e-005,0.0571371
4.9228e-005,0.0573157
4.9232e-005,0.0577274
4.9236e-005,0.0571073
4.924e-005,0.0573504
4.9244e-005,0.0574099
4.9248e-005,0.0578564
4.9252e-005,0.0571867
4.9256e-005,0.0577274
4.926e-005,0.0574694
4.9264e-005,0.0571619
4.9268e-005,0.058025
4.9272e-005,0.0577472
4.9276e-005,0.057906
4.928e-005,0.0575091
4.9284e-005,0.057906
4.9288e-005,0.0582681
4.9292e-005,0.0578216
4.9296e-005,0.0573256
4.93e-005,0.0582582
4.9304e-005,0.0581242
4.9308e-005,0.0580201
4.9312e-005,0.0579804
4.9316e-005,0.0582681
4.932e-005,0.0579357
4.9324e-005,0.0579853
4.9328e-005,0.0586005
4.9332e-005,0.0586302
4.9336e-005,0.0578068
4.934e-005,0.0578266
4.9344e-005,0.0583227
4.9348e-005,0.0580151
4.9352e-005,0.0581094
4.9356e-005,0.0581441
4.936e-005,0.0582582
4.9364e-005,0.0584169
4.9368e-005,0.058407
4.9372e-005,0.0578961
4.9376e-005,0.0585905
4.938e-005,0.0582433
4.9384e-005,0.0586054
4.9388e-005,0.0587046
4.9392e-005,0.0589328
4.9396e-005,0.0583822
4.94e-005,0.0586848
4.9404e-005,0.0580399
4.9408e-005,0.0581391
4.9412e-005,0.0583425
4.9416e-005,0.0587195
4.942e-005,0.0584368
4.9424e-005,0.0585558
4.9428e-005,0.0579705
4.9432e-005,0.0582731
4.9436e-005,0.0587096
4.944e-005,0.0583574
4.9444e-005,0.0584318
4.9448e-005,0.0585062
4.9452e-005,0.0587146
4.9456e-005,0.0586005
4.946e-005,0.0581292
4.9464e-005,0.0581193
4.9468e-005,0.0585657
4.9472e-005,0.0579953
4.9476e-005,0.0588138
4.948e-005,0.0582483
4.9484e-005,0.0583078
4.9488e-005,0.0582135
4.9492e-005,0.0583822
4.9496e-005,0.0584864
4.95e-005,0.0583276
4.9504e-005,0.0584913
4.9508e-005,0.0584368
4.9512e-005,0.0587195
4.9516e-005,0.0588534
4.952e-005,0.0582036
4.9524e-005,0.059042
4.9528e-005,0.0579506
4.9532e-005,0.05866
4.9536e-005,0.0582731
4.954e-005,0.0586005
4.9544e-005,0.0582383
4.9548e-005,0.0585707
4.9552e-005,0.0586848
4.9556e-005,0.0587741
4.956e-005,0.0586203
4.9564e-005,0.0579705
4.9568e-005,0.0582334
4.9572e-005,0.0584516
4.9576e-005,0.0586897
4.958e-005,0.0588237
4.9584e-005,0.0581044
4.9588e-005,0.0585509
4.9592e-005,0.0581937
4.9596e-005,0.0584814
4.96e-005,0.0583227
4.9604e-005,0.0584219
4.9608e-005,0.0588187
4.9612e-005,0.0581689
4.9616e-005,0.0584864
4.962e-005,0.0586997
4.9624e-005,0.058278
4.9628e-005,0.0584963
4.9632e-005,0.0582135
4.9636e-005,0.0587245
4.964e-005,0.0584616
4.9644e-005,0.0587294
4.9648e-005,0.0584913
4.9652e-005,0.0585955
4.9656e-005,0.0584318
4.966e-005,0.0587691
4.9664e-005,0.058278
4.9668e-005,0.0589527
4.9672e-005,0.0589279
4.9676e-005,0.0585509
4.968e-005,0.0584318
4.9684e-005,0.0584814
4.9688e-005,0.0582185
4.9692e-005,0.0581987
4.9696e-005,0.0587046
4.97e-005,0.0584566
4.9704e-005,0.058531
4.9708e-005,0.0586203
4.9712e-005,0.0584616
4.9716e-005,0.0582135
4.972e-005,0.0583227
4.9724e-005,0.058407
4.9728e-005,0.0590568
4.9732e-005,0.0583177
4.9736e-005,0.0569139
4.974e-005,0.0487586
4.9744e-005,0.0429448
4.9748e-005,0.0395716
4.9752e-005,0.0379991
4.9756e-005,0.0369723
4.976e-005,0.035876
4.9764e-005,0.0248039
4.9768e-005,0.0208553
4.9772e-005,0.0201707
4.9776e-005,0.0194366
4.978e-005,0.0189703
4.9784e-005,0.0189355
4.9788e-005,0.00859767
4.9792e-005,0.00139985
4.9796e-005,0.00186615
4.98e-005,0.00023411
4.9804e-005,0.000546627
4.9808e-005,0.000521824
4.9812e-005,0.000640879
4.9816e-005,0.00115182
4.982e-005,0.000883948
4.9824e-005,5.0568e-005
4.9828e-005,0.0103488
4.9832e-005,0.0189752
4.9836e-005,0.0218325
4.984e-005,0.0230876
4.9844e-005,0.0272346
4.9848e-005,0.0282367
4.9852e-005,0.0295611
4.9856e-005,0.0313767
4.986e-005,0.0328004
4.9864e-005,0.0333163
4.9868e-005,0.0343382
4.9872e-005,0.0363224
4.9876e-005,0.0363522
4.988e-005,0.0369177
4.9884e-005,0.0379644
4.9888e-005,0.0381529
4.9892e-005,0.0383166
4.9896e-005,0.0387531
4.99e-005,0.039016
4.9904e-005,0.0393633
4.9908e-005,0.0388027
4.9912e-005,0.0390458
4.9916e-005,0.0399933
4.992e-005,0.0389714
4.9924e-005,0.0399982
4.9928e-005,0.0395865
4.9932e-005,0.0395915
4.9936e-005,0.039656
4.994e-005,0.0396857
4.9944e-005,0.0394327
4.9948e-005,0.0397105
4.9952e-005,0.0398643
4.9956e-005,0.0396063
4.996e-005,0.0398296
4.9964e-005,0.0400925
4.9968e-005,0.0395319
4.9972e-005,0.0398494
4.9976e-005,0.0402115
4.998e-005,0.0399833
4.9984e-005,0.0399685
4.9988e-005,0.0400826
4.9992e-005,0.0394426
4.9996e-005,0.03978
5e-005,0.0398345
5.0004e-005,0.0397006
5.0008e-005,0.0399685
5.0012e-005,0.03978
5.0016e-005,0.0394278
5.002e-005,0.0397849
5.0024e-005,0.0397502
5.0028e-005,0.0398296
5.0032e-005,0.0397204
5.0036e-005,0.0397502
5.004e-005,0.0395815
5.0044e-005,0.0396262
5.0048e-005,0.0396262
5.0052e-005,0.0396956
5.0056e-005,0.0393186
5.006e-005,0.0401123
5.0064e-005,0.0399139
5.0068e-005,0.0400677
5.0072e-005,0.0400726
5.0076e-005,0.039775
5.008e-005,0.0395319
5.0084e-005,0.0397452
5.0088e-005,0.0397353
5.0092e-005,0.0390656
5.0096e-005,0.0397651
5.01e-005,0.0394724
5.0104e-005,0.0398147
5.0108e-005,0.0398445
5.0112e-005,0.0400726
5.0116e-005,0.0391649
5.012e-005,0.0396361
5.0124e-005,0.0398891
5.0128e-005,0.0390557
5.0132e-005,0.0399437
5.0136e-005,0.0394674
5.014e-005,0.0396956
5.0144e-005,0.039021
5.0148e-005,0.0394327
5.0152e-005,0.0389267
5.0156e-005,0.0397155
5.016e-005,0.0391897
5.0164e-005,0.0388623
5.0168e-005,0.0394674
5.0172e-005,0.0392492
5.0176e-005,0.039403
5.018e-005,0.0391897
5.0184e-005,0.038763
5.0188e-005,0.0389069
5.0192e-005,0.0399437
5.0196e-005,0.0398544
5.02e-005,0.0396758
5.0204e-005,0.0392492
5.0208e-005,0.0391698
5.0212e-005,0.0396758
5.0216e-005,0.0390111
5.022e-005,0.0388573
5.0224e-005,0.0390111
5.0228e-005,0.0394079
5.0232e-005,0.0392839
5.0236e-005,0.0392343
5.024e-005,0.0392393
5.0244e-005,0.0391946
5.0248e-005,0.0391946
5.0252e-005,0.0395071
5.0256e-005,0.0399238
5.026e-005,0.0392442
5.0264e-005,0.0397452
5.0268e-005,0.0392145
5.0272e-005,0.0390359
5.0276e-005,0.0394873
5.028e-005,0.0399189
5.0284e-005,0.0393385
5.0288e-005,0.0393087
5.0292e-005,0.0391202
5.0296e-005,0.0392591
5.03e-005,0.039651
5.0304e-005,0.0390706
5.0308e-005,0.0391351
5.0312e-005,0.0405538
5.0316e-005,0.0389615
5.032e-005,0.0392442
5.0324e-005,0.0391351
5.0328e-005,0.0389664
5.0332e-005,0.0391599
5.0336e-005,0.0389416
5.034e-005,0.0389168
5.0344e-005,0.038639
5.0348e-005,0.0395766
5.0352e-005,0.0396163
5.0356e-005,0.0385051
5.036e-005,0.0386589
5.0364e-005,0.0384902
5.0368e-005,0.0389367
5.0372e-005,0.0397948
5.0376e-005,0.0390855
5.038e-005,0.039145
5.0384e-005,0.0390756
5.0388e-005,0.0390756
5.0392e-005,0.0392145
5.0396e-005,0.0396659
5.04e-005,0.0397006
5.0404e-005,0.0392393
5.0408e-005,0.0394674
5.0412e-005,0.0388821
5.0416e-005,0.0397452
5.042e-005,0.0391152
5.0424e-005,0.0397155
5.0428e-005,0.0395617
5.0432e-005,0.0391549
5.0436e-005,0.0399189
5.044e-005,0.0393682
5.0444e-005,0.0388771
5.0448e-005,0.0395419
5.0452e-005,0.0393434
5.0456e-005,0.0397601
5.046e-005,0.0394327
5.0464e-005,0.0394476
5.0468e-005,0.039274
5.0472e-005,0.0388771
5.0476e-005,0.0391897
5.048e-005,0.0389069
5.0484e-005,0.0393732
5.0488e-005,0.0397204
5.0492e-005,0.0392293
5.0496e-005,0.0393583
5.05e-005,0.039393
5.0504e-005,0.0382918
5.0508e-005,0.0366201
5.0512e-005,0.0349483
5.0516e-005,0.0344424
5.052e-005,0.0339413
5.0524e-005,0.0341497
5.0528e-005,0.0330931
5.0532e-005,0.0246303
5.0536e-005,0.0202005
5.054e-005,0.0199326
5.0544e-005,0.0195606
5.0548e-005,0.0194167
5.0552e-005,0.0188611
5.0556e-005,0.00833476
5.056e-005,0.00140977
5.0564e-005,0.00149906
5.0568e-005,0.000159701
5.0572e-005,0.000561509
5.0576e-005,0.00073513
5.058e-005,0.000452376
5.0584e-005,0.000546627
5.0588e-005,0.000625997
5.0592e-005,-0.000376043
5.0596e-005,0.0106018
5.06e-005,0.0196747
5.0604e-005,0.0222294
5.0608e-005,0.0251661
5.0612e-005,0.0292734
5.0616e-005,0.0319075
5.062e-005,0.0331179
5.0624e-005,0.0359504
5.0628e-005,0.0368334
5.0632e-005,0.0386688
5.0636e-005,0.0392194
5.064e-005,0.0405489
5.0644e-005,0.0410648
5.0648e-005,0.041541
5.0652e-005,0.0433268
5.0656e-005,0.0438278
5.066e-005,0.0442743
5.0664e-005,0.0446513
5.0668e-005,0.0452565
5.0672e-005,0.0456583
5.0676e-005,0.046075
5.068e-005,0.0461394
5.0684e-005,0.0464768
5.0688e-005,0.0467992
5.0692e-005,0.0469976
5.0696e-005,0.0471861
5.07e-005,0.047082
5.0704e-005,0.0476872
5.0708e-005,0.048456
5.0712e-005,0.0471068
5.0716e-005,0.0480146
5.072e-005,0.0483122
5.0724e-005,0.0482874
5.0728e-005,0.0476623
5.0732e-005,0.0479897
5.0736e-005,0.0478608
5.074e-005,0.0481931
5.0744e-005,0.0476425
5.0748e-005,0.0486247
5.0752e-005,0.0480195
5.0756e-005,0.0479005
5.076e-005,0.0479401
5.0764e-005,0.0484908
5.0768e-005,0.0481584
5.0772e-005,0.0489967
5.0776e-005,0.0482626
5.078e-005,0.0489868
5.0784e-005,0.0486396
5.0788e-005,0.0483519
5.0792e-005,0.0490761
5.0796e-005,0.0485999
5.08e-005,0.048461
5.0804e-005,0.0489719
5.0808e-005,0.0479997
5.0812e-005,0.0485305
5.0816e-005,0.0488827
5.082e-005,0.0487834
5.0824e-005,0.0492944
5.0828e-005,0.049086
5.0832e-005,0.0483171
5.0836e-005,0.0482874
5.084e-005,0.0483916
5.0844e-005,0.0493886
5.0848e-005,0.0490216
5.0852e-005,0.0488132
5.0856e-005,0.0488975
5.086e-005,0.0487686
5.0864e-005,0.0483717
5.0868e-005,0.048342
5.0872e-005,0.0488529
5.0876e-005,0.0490712
5.088e-005,0.0494184
5.0884e-005,0.0490315
5.0888e-005,0.0490166
5.0892e-005,0.0490166
5.0896e-005,0.0492051
5.09e-005,0.0491456
5.0904e-005,0.048962
5.0908e-005,0.0495623
5.0912e-005,0.0491307
5.0916e-005,0.0487735
5.092e-005,0.048843
5.0924e-005,0.0489323
5.0928e-005,0.0489868
5.0932e-005,0.0489769
5.0936e-005,0.0494035
5.094e-005,0.0495573
5.0944e-005,0.0491406
5.0948e-005,0.0494184
5.0952e-005,0.0483965
5.0956e-005,0.048962
5.096e-005,0.0488678
5.0964e-005,0.0494928
5.0968e-005,0.048714
5.0972e-005,0.0484213
5.0976e-005,0.0488033
5.098e-005,0.0489719
5.0984e-005,0.0489521
5.0988e-005,0.0488033
5.0992e-005,0.0489025
5.0996e-005,0.0487636
5.1e-005,0.0489571
5.1004e-005,0.048461
5.1008e-005,0.0488926
5.1012e-005,0.0483866
5.1016e-005,0.0483816
5.102e-005,0.0485553
5.1024e-005,0.0488628
5.1028e-005,0.0485949
5.1032e-005,0.0486693
5.1036e-005,0.0486297
5.104e-005,0.0485701
5.1044e-005,0.0487041
5.1048e-005,0.0492398
5.1052e-005,0.0492051
5.1056e-005,0.0489273
5.106e-005,0.0494482
5.1064e-005,0.0489769
5.1068e-005,0.0484412
5.1072e-005,0.0490116
5.1076e-005,0.0486297
5.108e-005,0.0487438
5.1084e-005,0.0485503
5.1088e-005,0.0484759
5.1092e-005,0.048461
5.1096e-005,0.0494581
5.11e-005,0.0486842
5.1104e-005,0.0490265
5.1108e-005,0.0488182
5.1112e-005,0.0486297
5.1116e-005,0.0484461
5.112e-005,0.0484213
5.1124e-005,0.0486495
5.1128e-005,0.0485156
5.1132e-005,0.0493886
5.1136e-005,0.0481336
5.114e-005,0.0489719
5.1144e-005,0.048342
5.1148e-005,0.0487884
5.1152e-005,0.0492696
5.1156e-005,0.0489471
5.116e-005,0.0486297
5.1164e-005,0.0489769
5.1168e-005,0.0488479
5.1172e-005,0.0483072
5.1176e-005,0.0485007
5.118e-005,0.0483916
5.1184e-005,0.0488678
5.1188e-005,0.0487884
5.1192e-005,0.048838
5.1196e-005,0.0492299
5.12e-005,0.0490513
5.1204e-005,0.0493142
5.1208e-005,0.0488628
5.1212e-005,0.0489372
5.1216e-005,0.0496664
5.122e-005,0.049349
5.1224e-005,0.0492249
5.1228e-005,0.0489372
5.1232e-005,0.0487537
5.1236e-005,0.0495424
5.124e-005,0.0490364
5.1244e-005,0.0493142
5.1248e-005,0.0487586
5.1252e-005,0.0492249
5.1256e-005,0.0488628
5.126e-005,0.0493192
