LECROYWR104MXi,20621,Waveform
Segments,1,SegmentSize,2501
Segment,TrigTime,TimeSinceSegment1
#1,21-May-2015 13:59:34,0                 
Time,Ampl
4.126e-005,0.0570726
4.1264e-005,0.0571768
4.1268e-005,0.0574595
4.1272e-005,0.0568494
4.1276e-005,0.0571966
4.128e-005,0.0567254
4.1284e-005,0.0574794
4.1288e-005,0.0569635
4.1292e-005,0.0568146
4.1296e-005,0.0568543
4.13e-005,0.0576877
4.1304e-005,0.0573355
4.1308e-005,0.0569436
4.1312e-005,0.057018
4.1316e-005,0.0573802
4.132e-005,0.0574794
4.1324e-005,0.0570329
4.1328e-005,0.0567055
4.1332e-005,0.0567502
4.1336e-005,0.0566013
4.134e-005,0.0577224
4.1344e-005,0.0577919
4.1348e-005,0.0572909
4.1352e-005,0.0556638
4.1356e-005,0.0486049
4.136e-005,0.0426174
4.1364e-005,0.0402661
4.1368e-005,0.0384009
4.1372e-005,0.036501
4.1376e-005,0.0366399
4.138e-005,0.0270114
4.1384e-005,0.0210041
4.1388e-005,0.0199971
4.1392e-005,0.0192233
4.1396e-005,0.0189951
4.14e-005,0.0180278
4.1404e-005,0.00875641
4.1408e-005,0.00142465
4.1412e-005,0.00138993
4.1416e-005,0.000680563
4.142e-005,0.000675603
4.1424e-005,0.000799618
4.1428e-005,0.000417652
4.1432e-005,9.02528e-005
4.1436e-005,0.000725209
4.144e-005,-0.000753048
4.1444e-005,0.0078387
4.1448e-005,0.0190695
4.1452e-005,0.024293
4.1456e-005,0.0294421
4.146e-005,0.0345019
4.1464e-005,0.0378503
4.1468e-005,0.0396311
4.1472e-005,0.0422057
4.1476e-005,0.0432425
4.148e-005,0.0444628
4.1484e-005,0.0455243
4.1488e-005,0.0474937
4.1492e-005,0.0477566
4.1496e-005,0.0491208
4.15e-005,0.0499045
4.1504e-005,0.0497904
4.1508e-005,0.0509363
4.1512e-005,0.0516011
4.1516e-005,0.0518987
4.152e-005,0.0524592
4.1524e-005,0.0527866
4.1528e-005,0.0540962
4.1532e-005,0.0547808
4.1536e-005,0.0547659
4.154e-005,0.0554158
4.1544e-005,0.0554158
4.1548e-005,0.0555398
4.1552e-005,0.056398
4.1556e-005,0.056011
4.156e-005,0.0561102
4.1564e-005,0.0559069
4.1568e-005,0.056641
4.1572e-005,0.0572512
4.1576e-005,0.0570577
4.158e-005,0.0572561
4.1584e-005,0.0565815
4.1588e-005,0.0574149
4.1592e-005,0.0578613
4.1596e-005,0.057028
4.16e-005,0.0572065
4.1604e-005,0.0576827
4.1608e-005,0.0579258
4.1612e-005,0.0579357
4.1616e-005,0.0579159
4.162e-005,0.0583127
4.1624e-005,0.0581391
4.1628e-005,0.0575786
4.1632e-005,0.0583921
4.1636e-005,0.0583623
4.164e-005,0.0580201
4.1644e-005,0.0586203
4.1648e-005,0.0583971
4.1652e-005,0.0584963
4.1656e-005,0.0583623
4.166e-005,0.0583177
4.1664e-005,0.0589576
4.1668e-005,0.0586848
4.1672e-005,0.0579903
4.1676e-005,0.058402
4.168e-005,0.058784
4.1684e-005,0.0583673
4.1688e-005,0.0586798
4.1692e-005,0.0585012
4.1696e-005,0.0585757
4.17e-005,0.0588485
4.1704e-005,0.0589725
4.1708e-005,0.0586451
4.1712e-005,0.0587691
4.1716e-005,0.0589626
4.172e-005,0.0586005
4.1724e-005,0.0586153
4.1728e-005,0.0587294
4.1732e-005,0.0586699
4.1736e-005,0.0591312
4.174e-005,0.0588882
4.1744e-005,0.0589031
4.1748e-005,0.0585657
4.1752e-005,0.0592652
4.1756e-005,0.0592602
4.176e-005,0.0593644
4.1764e-005,0.0590469
4.1768e-005,0.0590469
4.1772e-005,0.0590271
4.1776e-005,0.0590717
4.178e-005,0.0592106
4.1784e-005,0.05866
4.1788e-005,0.0596174
4.1792e-005,0.0590717
4.1796e-005,0.0595231
4.18e-005,0.0589179
4.1804e-005,0.0589874
4.1808e-005,0.0589874
4.1812e-005,0.0587939
4.1816e-005,0.059032
4.182e-005,0.0590519
4.1824e-005,0.0590916
4.1828e-005,0.0590122
4.1832e-005,0.0593942
4.1836e-005,0.0593346
4.184e-005,0.0597216
4.1844e-005,0.0591114
4.1848e-005,0.0588187
4.1852e-005,0.058784
4.1856e-005,0.058913
4.186e-005,0.0593594
4.1864e-005,0.0587195
4.1868e-005,0.0587344
4.1872e-005,0.0590221
4.1876e-005,0.0590221
4.188e-005,0.0590023
4.1884e-005,0.0587245
4.1888e-005,0.0593247
4.1892e-005,0.0589626
4.1896e-005,0.0589378
4.19e-005,0.0589031
4.1904e-005,0.0589328
4.1908e-005,0.059037
4.1912e-005,0.0588237
4.1916e-005,0.0587741
4.192e-005,0.0587592
4.1924e-005,0.0586699
4.1928e-005,0.058655
4.1932e-005,0.0591808
4.1936e-005,0.0591015
4.194e-005,0.0593197
4.1944e-005,0.0588733
4.1948e-005,0.0590122
4.1952e-005,0.0592751
4.1956e-005,0.0588783
4.196e-005,0.0591808
4.1964e-005,0.059161
4.1968e-005,0.0591164
4.1972e-005,0.0589824
4.1976e-005,0.0588783
4.198e-005,0.0589576
4.1984e-005,0.0589031
4.1988e-005,0.0590122
4.1992e-005,0.0592652
4.1996e-005,0.0590072
4.2e-005,0.0589328
4.2004e-005,0.0592602
4.2008e-005,0.0590519
4.2012e-005,0.0585955
4.2016e-005,0.0586153
4.202e-005,0.0590816
4.2024e-005,0.0592057
4.2028e-005,0.0590965
4.2032e-005,0.0587691
4.2036e-005,0.058908
4.204e-005,0.0589527
4.2044e-005,0.0591908
4.2048e-005,0.0594636
4.2052e-005,0.0592503
4.2056e-005,0.0587939
4.206e-005,0.0593098
4.2064e-005,0.0596273
4.2068e-005,0.0591015
4.2072e-005,0.0589031
4.2076e-005,0.0590469
4.208e-005,0.0591412
4.2084e-005,0.0591957
4.2088e-005,0.059042
4.2092e-005,0.0592751
4.2096e-005,0.0588733
4.21e-005,0.0595579
4.2104e-005,0.0589527
4.2108e-005,0.05929
4.2112e-005,0.0594636
4.2116e-005,0.0590965
4.212e-005,0.0582086
4.2124e-005,0.0510504
4.2128e-005,0.0443983
4.2132e-005,0.0409407
4.2136e-005,0.0387928
4.214e-005,0.038009
4.2144e-005,0.0367887
4.2148e-005,0.0264608
4.2152e-005,0.0211182
4.2156e-005,0.0206271
4.216e-005,0.019129
4.2164e-005,0.0190943
4.2168e-005,0.0181022
4.2172e-005,0.00895483
4.2176e-005,0.00164788
4.218e-005,0.00147426
4.2184e-005,0.000308519
4.2188e-005,0.000680563
4.2192e-005,0.00114686
4.2196e-005,0.000105135
4.22e-005,0.000392849
4.2204e-005,0.000968278
4.2208e-005,-0.00100108
4.2212e-005,0.00785358
4.2216e-005,0.0189852
4.222e-005,0.0215399
4.2224e-005,0.023916
4.2228e-005,0.0278795
4.2232e-005,0.0303747
4.2236e-005,0.0308559
4.224e-005,0.0336288
4.2244e-005,0.0347102
4.2248e-005,0.0358214
4.2252e-005,0.0371657
4.2256e-005,0.037637
4.226e-005,0.0383116
4.2264e-005,0.0385646
4.2268e-005,0.039145
4.2272e-005,0.0407126
4.2276e-005,0.0405637
4.228e-005,0.0413525
4.2284e-005,0.042042
4.2288e-005,0.0416203
4.2292e-005,0.0419725
4.2296e-005,0.0424388
4.23e-005,0.0425976
4.2304e-005,0.0411937
4.2308e-005,0.0426323
4.2312e-005,0.0427662
4.2316e-005,0.0425976
4.232e-005,0.0424686
4.2324e-005,0.0434657
4.2328e-005,0.0429547
4.2332e-005,0.0428655
4.2336e-005,0.0430788
4.234e-005,0.0431184
4.2344e-005,0.0424289
4.2348e-005,0.0429895
4.2352e-005,0.0425381
4.2356e-005,0.0417741
4.236e-005,0.0428307
4.2364e-005,0.0422454
4.2368e-005,0.0431532
4.2372e-005,0.0428655
4.2376e-005,0.0425232
4.238e-005,0.0427563
4.2384e-005,0.0426323
4.2388e-005,0.0425331
4.2392e-005,0.0422355
4.2396e-005,0.0429399
4.24e-005,0.0424636
4.2404e-005,0.0427414
4.2408e-005,0.0424587
4.2412e-005,0.0422355
4.2416e-005,0.0429349
4.242e-005,0.0429647
4.2424e-005,0.0423892
4.2428e-005,0.0427414
4.2432e-005,0.0425926
4.2436e-005,0.0426918
4.244e-005,0.042672
4.2444e-005,0.0427712
4.2448e-005,0.0432871
4.2452e-005,0.0423496
4.2456e-005,0.0431482
4.246e-005,0.0422503
4.2464e-005,0.0425579
4.2468e-005,0.042801
4.2472e-005,0.0427861
4.2476e-005,0.04166
4.248e-005,0.0423496
4.2484e-005,0.0427117
4.2488e-005,0.0423049
4.2492e-005,0.0428555
4.2496e-005,0.0423644
4.25e-005,0.0424488
4.2504e-005,0.0423942
4.2508e-005,0.0425083
4.2512e-005,0.042042
4.2516e-005,0.0421611
4.252e-005,0.0420718
4.2524e-005,0.0430391
4.2528e-005,0.0422057
4.2532e-005,0.0433714
4.2536e-005,0.0426373
4.254e-005,0.0428456
4.2544e-005,0.0426918
4.2548e-005,0.0418981
4.2552e-005,0.0425331
4.2556e-005,0.0428903
4.256e-005,0.0422107
4.2564e-005,0.0424537
4.2568e-005,0.042414
4.2572e-005,0.0419577
4.2576e-005,0.0421114
4.258e-005,0.0423247
4.2584e-005,0.0420519
4.2588e-005,0.0426174
4.2592e-005,0.0417989
4.2596e-005,0.0421958
4.26e-005,0.0422999
4.2604e-005,0.041789
4.2608e-005,0.0427563
4.2612e-005,0.0427662
4.2616e-005,0.0423297
4.262e-005,0.0420321
4.2624e-005,0.0424388
4.2628e-005,0.0425182
4.2632e-005,0.0423793
4.2636e-005,0.0425877
4.264e-005,0.0416848
4.2644e-005,0.0426373
4.2648e-005,0.0427464
4.2652e-005,0.0430242
4.2656e-005,0.0418287
4.266e-005,0.0421313
4.2664e-005,0.0426621
4.2668e-005,0.0429746
4.2672e-005,0.0424884
4.2676e-005,0.0424537
4.268e-005,0.0419477
4.2684e-005,0.0424884
4.2688e-005,0.0424884
4.2692e-005,0.0423595
4.2696e-005,0.0428357
4.27e-005,0.0418237
4.2704e-005,0.0419031
4.2708e-005,0.0421263
4.2712e-005,0.0419775
4.2716e-005,0.0417989
4.272e-005,0.0419229
4.2724e-005,0.0421759
4.2728e-005,0.0420767
4.2732e-005,0.0424041
4.2736e-005,0.042171
4.274e-005,0.0425083
4.2744e-005,0.0432921
4.2748e-005,0.0422751
4.2752e-005,0.0423744
4.2756e-005,0.0424736
4.276e-005,0.042037
4.2764e-005,0.042295
4.2768e-005,0.0423694
4.2772e-005,0.0423496
4.2776e-005,0.0419428
4.278e-005,0.0418833
4.2784e-005,0.0416501
4.2788e-005,0.0424091
4.2792e-005,0.0423644
4.2796e-005,0.0409209
4.28e-005,0.0422503
4.2804e-005,0.0424636
4.2808e-005,0.0420916
4.2812e-005,0.0422057
4.2816e-005,0.0425033
4.282e-005,0.0417295
4.2824e-005,0.042543
4.2828e-005,0.042796
4.2832e-005,0.0420569
4.2836e-005,0.0417741
4.284e-005,0.0416005
4.2844e-005,0.0421362
4.2848e-005,0.0421362
4.2852e-005,0.0427762
4.2856e-005,0.0422404
4.286e-005,0.0419577
4.2864e-005,0.0429498
4.2868e-005,0.0426621
4.2872e-005,0.0422851
4.2876e-005,0.0428407
4.288e-005,0.0426323
4.2884e-005,0.0421065
4.2888e-005,0.0411342
4.2892e-005,0.0393484
4.2896e-005,0.0371409
4.29e-005,0.0361091
4.2904e-005,0.0354345
4.2908e-005,0.0352013
4.2912e-005,0.0344572
4.2916e-005,0.0262971
4.292e-005,0.0202749
4.2924e-005,0.0197094
4.2928e-005,0.0194911
4.2932e-005,0.0184048
4.2936e-005,0.0179583
4.294e-005,0.00729304
4.2944e-005,0.00161316
4.2948e-005,0.00126095
4.2952e-005,-0.000356201
4.2956e-005,0.000635918
4.296e-005,0.000278755
4.2964e-005,0.0006508
4.2968e-005,6.54498e-005
4.2972e-005,0.000630958
4.2976e-005,-0.000331398
4.298e-005,0.0078139
4.2984e-005,0.0189058
4.2988e-005,0.0220756
4.2992e-005,0.0254339
4.2996e-005,0.0299679
4.3e-005,0.032721
4.3004e-005,0.0344176
4.3008e-005,0.0371806
4.3012e-005,0.0382571
4.3016e-005,0.0393682
4.302e-005,0.0411144
4.3024e-005,0.0423793
4.3028e-005,0.0428158
4.3032e-005,0.0444578
4.3036e-005,0.0442048
4.304e-005,0.0455987
4.3044e-005,0.0458021
4.3048e-005,0.046447
4.3052e-005,0.0474887
4.3056e-005,0.0472605
4.306e-005,0.0483717
4.3064e-005,0.0477913
4.3068e-005,0.0488182
4.3072e-005,0.0485354
4.3076e-005,0.0494035
4.308e-005,0.0489967
4.3084e-005,0.0487884
4.3088e-005,0.0490265
4.3092e-005,0.0496714
4.3096e-005,0.049339
4.31e-005,0.0502468
4.3104e-005,0.050098
4.3108e-005,0.0497904
4.3112e-005,0.0499393
4.3116e-005,0.0501625
4.312e-005,0.0499194
4.3124e-005,0.0507578
4.3128e-005,0.0498797
4.3132e-005,0.0507677
4.3136e-005,0.0507379
4.314e-005,0.0501526
4.3144e-005,0.0508322
4.3148e-005,0.0512389
4.3152e-005,0.0507677
4.3156e-005,0.0513233
4.316e-005,0.0505147
4.3164e-005,0.0507429
4.3168e-005,0.0512737
4.3172e-005,0.0512885
4.3176e-005,0.0508123
4.318e-005,0.0504204
4.3184e-005,0.051477
4.3188e-005,0.051864
4.3192e-005,0.0519185
4.3196e-005,0.0513729
4.32e-005,0.051606
4.3204e-005,0.051363
4.3208e-005,0.0517201
4.3212e-005,0.051229
4.3216e-005,0.0513233
4.322e-005,0.051864
4.3224e-005,0.0511695
4.3228e-005,0.0516011
4.3232e-005,0.0514423
4.3236e-005,0.0515614
4.324e-005,0.0510653
4.3244e-005,0.0519235
4.3248e-005,0.0511844
4.3252e-005,0.0518243
4.3256e-005,0.0514572
4.326e-005,0.0519979
4.3264e-005,0.0516209
4.3268e-005,0.0518392
4.3272e-005,0.052484
4.3276e-005,0.0513381
4.328e-005,0.0512637
4.3284e-005,0.0519285
4.3288e-005,0.0517648
4.3292e-005,0.051105
4.3296e-005,0.0521914
4.33e-005,0.0512241
4.3304e-005,0.0510554
4.3308e-005,0.0517945
4.3312e-005,0.0516407
4.3316e-005,0.0516358
4.332e-005,0.0518292
4.3324e-005,0.0512836
4.3328e-005,0.0516755
4.3332e-005,0.0513778
4.3336e-005,0.0519731
4.334e-005,0.0522955
4.3344e-005,0.0514721
4.3348e-005,0.0516308
4.3352e-005,0.0519979
4.3356e-005,0.0517945
4.336e-005,0.0517995
4.3364e-005,0.0513878
4.3368e-005,0.0511844
4.3372e-005,0.0508074
4.3376e-005,0.0514274
4.338e-005,0.0516705
4.3384e-005,0.0514572
4.3388e-005,0.0517201
4.3392e-005,0.0514374
4.3396e-005,0.0515366
4.34e-005,0.05111
4.3404e-005,0.0513233
4.3408e-005,0.0512885
4.3412e-005,0.0513778
4.3416e-005,0.0509611
4.342e-005,0.051611
4.3424e-005,0.0513034
4.3428e-005,0.0513927
4.3432e-005,0.0519086
4.3436e-005,0.0511397
4.344e-005,0.0514374
4.3444e-005,0.0512836
4.3448e-005,0.0507578
4.3452e-005,0.0518441
4.3456e-005,0.0510802
4.346e-005,0.0513133
4.3464e-005,0.0514622
4.3468e-005,0.0513679
4.3472e-005,0.0512489
4.3476e-005,0.0517449
4.348e-005,0.051363
4.3484e-005,0.0510703
4.3488e-005,0.052107
4.3492e-005,0.0516259
4.3496e-005,0.0515713
4.35e-005,0.0514721
4.3504e-005,0.0512737
4.3508e-005,0.0518342
4.3512e-005,0.0508867
4.3516e-005,0.0515812
4.352e-005,0.0513084
4.3524e-005,0.0513133
4.3528e-005,0.0518987
4.3532e-005,0.0518441
4.3536e-005,0.0515862
4.354e-005,0.0510653
4.3544e-005,0.0510008
4.3548e-005,0.051105
4.3552e-005,0.0509661
4.3556e-005,0.0513133
4.356e-005,0.0516556
4.3564e-005,0.0513183
4.3568e-005,0.0507429
4.3572e-005,0.0506189
4.3576e-005,0.0516953
4.358e-005,0.0507826
4.3584e-005,0.0514522
4.3588e-005,0.0504651
4.3592e-005,0.0513381
4.3596e-005,0.0517003
4.36e-005,0.0515366
4.3604e-005,0.0513381
4.3608e-005,0.0509215
4.3612e-005,0.0510604
4.3616e-005,0.0510455
4.362e-005,0.0514026
4.3624e-005,0.0512141
4.3628e-005,0.0510554
4.3632e-005,0.0513878
4.3636e-005,0.0517747
4.364e-005,0.051105
4.3644e-005,0.0519334
4.3648e-005,0.0518044
4.3652e-005,0.0513778
4.3656e-005,0.0504601
4.366e-005,0.0451672
4.3664e-005,0.0399536
4.3668e-005,0.0382323
4.3672e-005,0.0373096
4.3676e-005,0.0362877
4.368e-005,0.0351964
4.3684e-005,0.0255778
4.3688e-005,0.0205725
4.3692e-005,0.0196747
4.3696e-005,0.0190695
4.37e-005,0.0187222
4.3704e-005,0.0182609
4.3708e-005,0.00877625
4.3712e-005,0.00143953
4.3716e-005,0.00169252
4.372e-005,0.000258913
4.3724e-005,0.000258913
4.3728e-005,0.000526785
4.3732e-005,0.00039781
4.3736e-005,0.000923633
4.374e-005,0.000239071
4.3744e-005,-0.000584388
4.3748e-005,0.00857783
4.3752e-005,0.0193473
4.3756e-005,0.023539
4.376e-005,0.0282069
4.3764e-005,0.0318381
4.3768e-005,0.0355932
4.3772e-005,0.0369723
4.3776e-005,0.0390359
4.378e-005,0.0410449
4.3784e-005,0.0424587
4.3788e-005,0.0430391
4.3792e-005,0.0447356
4.3796e-005,0.0456781
4.38e-005,0.0466107
4.3804e-005,0.0474937
4.3808e-005,0.0486495
4.3812e-005,0.0492398
4.3816e-005,0.0501625
4.382e-005,0.0499045
4.3824e-005,0.0505296
4.3828e-005,0.0507379
4.3832e-005,0.0509264
4.3836e-005,0.0526031
4.384e-005,0.0520574
4.3844e-005,0.0526775
4.3848e-005,0.0523402
4.3852e-005,0.0527172
4.3856e-005,0.0535754
4.386e-005,0.0529355
4.3864e-005,0.0529206
4.3868e-005,0.053124
4.3872e-005,0.0540417
4.3876e-005,0.0538581
4.388e-005,0.0544336
4.3884e-005,0.0550834
4.3888e-005,0.0549346
4.3892e-005,0.0547362
4.3896e-005,0.0546369
4.39e-005,0.0546121
4.3904e-005,0.0546171
4.3908e-005,0.0556836
4.3912e-005,0.054885
4.3916e-005,0.0556836
4.392e-005,0.0555398
4.3924e-005,0.0558473
4.3928e-005,0.0557332
4.3932e-005,0.0558672
4.3936e-005,0.0556886
4.394e-005,0.0554753
4.3944e-005,0.0557729
4.3948e-005,0.0557184
4.3952e-005,0.05551
4.3956e-005,0.0565319
4.396e-005,0.0561995
4.3964e-005,0.0561797
4.3968e-005,0.0561846
4.3972e-005,0.0561648
4.3976e-005,0.056512
4.398e-005,0.0561003
4.3984e-005,0.056135
4.3988e-005,0.0564773
4.3992e-005,0.0562541
4.3996e-005,0.0567551
4.4e-005,0.0567105
4.4004e-005,0.0570478
4.4008e-005,0.056775
4.4012e-005,0.0567154
4.4016e-005,0.0565617
4.402e-005,0.0570329
4.4024e-005,0.0570379
4.4028e-005,0.0562293
4.4032e-005,0.056522
4.4036e-005,0.0567006
4.404e-005,0.0565666
4.4044e-005,0.0565617
4.4048e-005,0.0568692
4.4052e-005,0.0567948
4.4056e-005,0.0559961
4.406e-005,0.0562789
4.4064e-005,0.0566956
4.4068e-005,0.0565865
4.4072e-005,0.0567154
4.4076e-005,0.0567303
4.408e-005,0.0569684
4.4084e-005,0.0565914
4.4088e-005,0.0569486
4.4092e-005,0.0557233
4.4096e-005,0.0564327
4.41e-005,0.057028
4.4104e-005,0.0568543
4.4108e-005,0.0567006
4.4112e-005,0.0567055
4.4116e-005,0.0565666
4.412e-005,0.0560458
4.4124e-005,0.056393
4.4128e-005,0.0561053
4.4132e-005,0.0563682
4.4136e-005,0.057147
4.414e-005,0.056393
4.4144e-005,0.0569585
4.4148e-005,0.0567849
4.4152e-005,0.0562293
4.4156e-005,0.0570627
4.416e-005,0.0559713
4.4164e-005,0.0567799
4.4168e-005,0.0572115
4.4172e-005,0.0566113
4.4176e-005,0.0565765
4.418e-005,0.057147
4.4184e-005,0.0561251
4.4188e-005,0.0568841
4.4192e-005,0.0571718
4.4196e-005,0.0564972
4.42e-005,0.0570428
4.4204e-005,0.0563235
4.4208e-005,0.0571619
4.4212e-005,0.0563781
4.4216e-005,0.0563384
4.422e-005,0.05614
4.4224e-005,0.0570627
4.4228e-005,0.0561053
4.4232e-005,0.0570081
4.4236e-005,0.0569635
4.424e-005,0.0567601
4.4244e-005,0.0569139
4.4248e-005,0.0563235
4.4252e-005,0.057276
4.4256e-005,0.0571123
4.426e-005,0.0569387
4.4264e-005,0.0576331
4.4268e-005,0.056899
4.4272e-005,0.0566013
4.4276e-005,0.0572413
4.428e-005,0.0569039
4.4284e-005,0.0565865
4.4288e-005,0.057147
4.4292e-005,0.0568692
4.4296e-005,0.0564872
4.43e-005,0.0578564
4.4304e-005,0.0567551
4.4308e-005,0.056641
4.4312e-005,0.0563483
4.4316e-005,0.0569635
4.432e-005,0.0569039
4.4324e-005,0.0569783
4.4328e-005,0.0565765
4.4332e-005,0.0566311
4.4336e-005,0.0569387
4.434e-005,0.0567551
4.4344e-005,0.056145
4.4348e-005,0.0569287
4.4352e-005,0.0570031
4.4356e-005,0.0564624
4.436e-005,0.0575439
4.4364e-005,0.0575389
4.4368e-005,0.0564872
4.4372e-005,0.0561946
4.4376e-005,0.0563632
4.438e-005,0.0565369
4.4384e-005,0.0570627
4.4388e-005,0.0567502
4.4392e-005,0.0568246
4.4396e-005,0.056517
4.44e-005,0.0570726
4.4404e-005,0.0566906
4.4408e-005,0.0571222
4.4412e-005,0.0568047
4.4416e-005,0.057152
4.442e-005,0.056264
4.4424e-005,0.0550834
4.4428e-005,0.0478112
4.4432e-005,0.0428357
4.4436e-005,0.0396659
4.444e-005,0.0375675
4.4444e-005,0.0367044
4.4448e-005,0.0347152
4.4452e-005,0.0265997
4.4456e-005,0.0211033
4.446e-005,0.0199425
4.4464e-005,0.0197987
4.4468e-005,0.0193274
4.4472e-005,0.0185933
4.4476e-005,0.0101305
4.448e-005,0.00155363
4.4484e-005,0.00156851
4.4488e-005,0.000253952
4.4492e-005,0.000829381
4.4496e-005,0.000973238
4.45e-005,9.52134e-005
4.4504e-005,0.000343243
4.4508e-005,0.000561509
4.4512e-005,-0.000256989
4.4516e-005,0.00840917
4.452e-005,0.0194068
4.4524e-005,0.0248982
4.4528e-005,0.0291693
4.4532e-005,0.0342539
4.4536e-005,0.0377908
4.454e-005,0.0396907
4.4544e-005,0.0413128
4.4548e-005,0.0433962
4.4552e-005,0.0445669
4.4556e-005,0.0454946
4.456e-005,0.0469331
4.4564e-005,0.0478955
4.4568e-005,0.0486396
4.4572e-005,0.049215
4.4576e-005,0.0506387
4.458e-005,0.0506337
4.4584e-005,0.0516606
4.4588e-005,0.052494
4.4592e-005,0.052618
4.4596e-005,0.0533373
4.46e-005,0.0536498
4.4604e-005,0.0541558
4.4608e-005,0.0537986
4.4612e-005,0.0553413
4.4616e-005,0.0553413
4.462e-005,0.0546171
4.4624e-005,0.0552868
4.4628e-005,0.0557035
4.4632e-005,0.0561598
4.4636e-005,0.0559069
4.464e-005,0.0566559
4.4644e-005,0.056899
4.4648e-005,0.0565765
4.4652e-005,0.057147
4.4656e-005,0.0574942
4.466e-005,0.0564376
4.4664e-005,0.0571668
4.4668e-005,0.0571867
4.4672e-005,0.0572264
4.4676e-005,0.0573752
4.468e-005,0.0574446
4.4684e-005,0.0582532
4.4688e-005,0.0578762
4.4692e-005,0.0576629
4.4696e-005,0.0580399
4.47e-005,0.0578514
4.4704e-005,0.0581292
4.4708e-005,0.0582185
4.4712e-005,0.058159
4.4716e-005,0.0574595
4.472e-005,0.0580548
4.4724e-005,0.0587741
4.4728e-005,0.0585161
4.4732e-005,0.0584169
4.4736e-005,0.0586897
4.474e-005,0.058402
4.4744e-005,0.0582631
4.4748e-005,0.058655
4.4752e-005,0.0581788
4.4756e-005,0.0584368
4.476e-005,0.0583772
4.4764e-005,0.0583822
4.4768e-005,0.0580647
4.4772e-005,0.0583772
4.4776e-005,0.0585161
4.478e-005,0.0585558
4.4784e-005,0.0586401
4.4788e-005,0.058526
4.4792e-005,0.0585905
4.4796e-005,0.0585806
4.48e-005,0.0584963
4.4804e-005,0.0586005
4.4808e-005,0.0586798
4.4812e-005,0.0589477
4.4816e-005,0.0584616
4.482e-005,0.0586897
4.4824e-005,0.0585558
4.4828e-005,0.0585409
4.4832e-005,0.0586947
4.4836e-005,0.0587046
4.484e-005,0.0587691
4.4844e-005,0.058789
4.4848e-005,0.0588981
4.4852e-005,0.058655
4.4856e-005,0.0585409
4.486e-005,0.058536
4.4864e-005,0.0586005
4.4868e-005,0.0586253
4.4872e-005,0.0589427
4.4876e-005,0.0588634
4.488e-005,0.0585856
4.4884e-005,0.0587096
4.4888e-005,0.0588435
4.4892e-005,0.0583723
4.4896e-005,0.0586749
4.49e-005,0.0589775
4.4904e-005,0.0587443
4.4908e-005,0.0589427
4.4912e-005,0.0590519
4.4916e-005,0.0589626
4.492e-005,0.0584516
4.4924e-005,0.0593396
4.4928e-005,0.0586848
4.4932e-005,0.0586501
4.4936e-005,0.0589874
4.494e-005,0.0588485
4.4944e-005,0.0583921
4.4948e-005,0.0589229
4.4952e-005,0.0582532
4.4956e-005,0.0590072
4.496e-005,0.0585955
4.4964e-005,0.0588981
4.4968e-005,0.0589626
4.4972e-005,0.0586005
4.4976e-005,0.0586104
4.498e-005,0.0586501
4.4984e-005,0.0586203
4.4988e-005,0.059166
4.4992e-005,0.0590271
4.4996e-005,0.0588534
4.5e-005,0.0588783
4.5004e-005,0.0585657
4.5008e-005,0.0584715
4.5012e-005,0.0588138
4.5016e-005,0.058402
4.502e-005,0.0587344
4.5024e-005,0.0583971
4.5028e-005,0.0583475
4.5032e-005,0.0588187
4.5036e-005,0.0587394
4.504e-005,0.058655
4.5044e-005,0.0583127
4.5048e-005,0.0583921
4.5052e-005,0.0584368
4.5056e-005,0.0588981
4.506e-005,0.0586699
4.5064e-005,0.0586451
4.5068e-005,0.058789
4.5072e-005,0.0587741
4.5076e-005,0.058531
4.508e-005,0.0587294
4.5084e-005,0.0585558
4.5088e-005,0.0586352
4.5092e-005,0.0588088
4.5096e-005,0.0585608
4.51e-005,0.0588931
4.5104e-005,0.058407
4.5108e-005,0.0588485
4.5112e-005,0.0585707
4.5116e-005,0.0584368
4.512e-005,0.0588882
4.5124e-005,0.0586997
4.5128e-005,0.0584963
4.5132e-005,0.0588931
4.5136e-005,0.0586104
4.514e-005,0.0587344
4.5144e-005,0.0590023
4.5148e-005,0.0589378
4.5152e-005,0.0581738
4.5156e-005,0.0590767
4.516e-005,0.0584715
4.5164e-005,0.0586253
4.5168e-005,0.0583078
4.5172e-005,0.0586997
4.5176e-005,0.0585112
4.518e-005,0.05929
4.5184e-005,0.0589179
4.5188e-005,0.0584616
4.5192e-005,0.057524
4.5196e-005,0.0501575
4.52e-005,0.043302
4.5204e-005,0.040276
4.5208e-005,0.0384257
4.5212e-005,0.0365258
4.5216e-005,0.0360397
4.522e-005,0.0251462
4.5224e-005,0.0213018
4.5228e-005,0.0198632
4.5232e-005,0.0191241
4.5236e-005,0.0184643
4.524e-005,0.0187421
4.5244e-005,0.0107307
4.5248e-005,0.00195048
4.5252e-005,0.00205961
4.5256e-005,0.00040277
4.526e-005,0.000973238
4.5264e-005,0.000660721
4.5268e-005,0.0004871
4.5272e-005,0.000759933
4.5276e-005,0.000576391
4.528e-005,-0.000256989
4.5284e-005,0.00888043
4.5288e-005,0.019005
4.5292e-005,0.0210289
4.5296e-005,0.0233009
4.53e-005,0.0270064
4.5304e-005,0.0296752
4.5308e-005,0.0302259
4.5312e-005,0.0323341
4.5316e-005,0.0340009
4.532e-005,0.0347698
4.5324e-005,0.0359702
4.5328e-005,0.0375031
4.5332e-005,0.037637
4.5336e-005,0.0383265
4.534e-005,0.0388623
4.5344e-005,0.0394526
4.5348e-005,0.0407423
4.5352e-005,0.0403554
4.5356e-005,0.0410995
4.536e-005,0.0413822
4.5364e-005,0.0414418
4.5368e-005,0.041789
4.5372e-005,0.0421859
4.5376e-005,0.0415608
4.538e-005,0.0422603
4.5384e-005,0.0425232
4.5388e-005,0.0414517
4.5392e-005,0.0416799
4.5396e-005,0.0423595
4.54e-005,0.0420172
4.5404e-005,0.0427166
4.5408e-005,0.042543
4.5412e-005,0.0422503
4.5416e-005,0.042672
4.542e-005,0.0424041
4.5424e-005,0.0422007
4.5428e-005,0.042796
4.5432e-005,0.0428803
4.5436e-005,0.0420122
4.544e-005,0.0423247
4.5444e-005,0.0424636
4.5448e-005,0.042037
4.5452e-005,0.0427662
4.5456e-005,0.0429845
4.546e-005,0.0427712
4.5464e-005,0.0426273
4.5468e-005,0.0431681
4.5472e-005,0.0425579
4.5476e-005,0.0422107
4.548e-005,0.042796
4.5484e-005,0.0421015
4.5488e-005,0.0427117
4.5492e-005,0.0423347
4.5496e-005,0.0427266
4.55e-005,0.04229
4.5504e-005,0.0424835
4.5508e-005,0.0429101
4.5512e-005,0.0416997
4.5516e-005,0.0419874
4.552e-005,0.0424339
4.5524e-005,0.0427216
4.5528e-005,0.0418733
4.5532e-005,0.0423793
4.5536e-005,0.0420866
4.554e-005,0.042037
4.5544e-005,0.0416451
4.5548e-005,0.0420916
4.5552e-005,0.041918
4.5556e-005,0.0413277
4.556e-005,0.0425529
4.5564e-005,0.042171
4.5568e-005,0.0418733
4.5572e-005,0.0421809
4.5576e-005,0.0426869
4.558e-005,0.0421164
4.5584e-005,0.0425331
4.5588e-005,0.0418932
4.5592e-005,0.0422107
4.5596e-005,0.0422851
4.56e-005,0.042047
4.5604e-005,0.0422553
4.5608e-005,0.0418932
4.5612e-005,0.0422206
4.5616e-005,0.0425083
4.562e-005,0.0423347
4.5624e-005,0.0422007
4.5628e-005,0.0423247
4.5632e-005,0.0426869
4.5636e-005,0.0421164
4.564e-005,0.0422156
4.5644e-005,0.0418634
4.5648e-005,0.0422503
4.5652e-005,0.0420321
4.5656e-005,0.0426869
4.566e-005,0.0423942
4.5664e-005,0.0420966
4.5668e-005,0.0426819
4.5672e-005,0.0421164
4.5676e-005,0.0420321
4.568e-005,0.0422553
4.5684e-005,0.0424934
4.5688e-005,0.0422999
4.5692e-005,0.042419
4.5696e-005,0.0427662
4.57e-005,0.0421511
4.5704e-005,0.0422603
4.5708e-005,0.0425033
4.5712e-005,0.0419477
4.5716e-005,0.0424686
4.572e-005,0.0424091
4.5724e-005,0.0423496
4.5728e-005,0.0418882
4.5732e-005,0.042171
4.5736e-005,0.041789
4.574e-005,0.0421908
4.5744e-005,0.0418337
4.5748e-005,0.0424091
4.5752e-005,0.0424041
4.5756e-005,0.0423595
4.576e-005,0.0425827
4.5764e-005,0.0420023
4.5768e-005,0.0426075
4.5772e-005,0.0420073
4.5776e-005,0.0418932
4.578e-005,0.0428952
4.5784e-005,0.0423049
4.5788e-005,0.0425281
4.5792e-005,0.0426075
4.5796e-005,0.0421759
4.58e-005,0.0424785
4.5804e-005,0.0423099
4.5808e-005,0.0417592
4.5812e-005,0.0424339
4.5816e-005,0.0423892
4.582e-005,0.0418634
4.5824e-005,0.0415658
4.5828e-005,0.0422503
4.5832e-005,0.0418386
4.5836e-005,0.0422603
4.584e-005,0.0424686
4.5844e-005,0.0428952
4.5848e-005,0.0420618
4.5852e-005,0.0431829
4.5856e-005,0.04229
4.586e-005,0.042047
4.5864e-005,0.0426224
4.5868e-005,0.0427464
4.5872e-005,0.0423099
4.5876e-005,0.0422156
4.588e-005,0.0429746
4.5884e-005,0.0422255
4.5888e-005,0.0422107
4.5892e-005,0.0423545
4.5896e-005,0.0430093
4.59e-005,0.0425678
4.5904e-005,0.0423843
4.5908e-005,0.0421263
4.5912e-005,0.0422702
4.5916e-005,0.0413822
4.592e-005,0.0415757
4.5924e-005,0.0426472
4.5928e-005,0.0416055
4.5932e-005,0.0418039
4.5936e-005,0.041412
4.594e-005,0.0425381
4.5944e-005,0.0417146
4.5948e-005,0.0418138
4.5952e-005,0.042677
4.5956e-005,0.041794
4.596e-005,0.0412285
4.5964e-005,0.039403
4.5968e-005,0.0367094
4.5972e-005,0.0352361
4.5976e-005,0.0355139
4.598e-005,0.0342985
4.5984e-005,0.0339513
4.5988e-005,0.0266642
4.5992e-005,0.0200021
4.5996e-005,0.0194167
4.6e-005,0.0191092
4.6004e-005,0.0182907
4.6008e-005,0.018003
4.6012e-005,0.00962451
4.6016e-005,0.00157347
4.602e-005,0.00117662
4.6024e-005,5.92266e-006
4.6028e-005,0.000179543
4.6032e-005,0.000908751
4.6036e-005,9.02528e-005
4.604e-005,0.000204346
4.6044e-005,0.000412691
4.6048e-005,-0.000872102
4.6052e-005,0.00828019
4.6056e-005,0.0185685
4.606e-005,0.0223584
4.6064e-005,0.0251462
4.6068e-005,0.0300374
4.6072e-005,0.0321109
4.6076e-005,0.0338521
4.608e-005,0.0367788
4.6084e-005,0.0383563
4.6088e-005,0.0393881
4.6092e-005,0.0406729
4.6096e-005,0.0413674
4.61e-005,0.0423198
4.6104e-005,0.0430738
4.6108e-005,0.04418
4.6112e-005,0.0448497
4.6116e-005,0.0463726
4.612e-005,0.0465016
4.6124e-005,0.0470373
4.6128e-005,0.0471613
4.6132e-005,0.0473945
4.6136e-005,0.0479203
4.614e-005,0.0484709
4.6144e-005,0.0485354
4.6148e-005,0.048709
4.6152e-005,0.048962
4.6156e-005,0.0490315
4.616e-005,0.0492696
4.6164e-005,0.0494978
4.6168e-005,0.0492101
4.6172e-005,0.0494184
4.6176e-005,0.0501178
4.618e-005,0.0497607
4.6184e-005,0.0496863
4.6188e-005,0.0499492
4.6192e-005,0.0502617
4.6196e-005,0.0505742
4.62e-005,0.0503311
4.6204e-005,0.0507528
4.6208e-005,0.0508123
4.6212e-005,0.0505445
4.6216e-005,0.0503311
4.622e-005,0.049969
4.6224e-005,0.0506982
4.6228e-005,0.0508619
4.6232e-005,0.0503609
4.6236e-005,0.0507478
4.624e-005,0.0500434
4.6244e-005,0.0506685
4.6248e-005,0.0511645
4.6252e-005,0.050733
4.6256e-005,0.0508322
4.626e-005,0.0503063
4.6264e-005,0.0508173
4.6268e-005,0.0501873
4.6272e-005,0.0510455
4.6276e-005,0.0509363
4.628e-005,0.0509215
4.6284e-005,0.051482
4.6288e-005,0.0510356
4.6292e-005,0.0514026
4.6296e-005,0.0513332
4.63e-005,0.050475
4.6304e-005,0.0507032
4.6308e-005,0.0507578
4.6312e-005,0.0506933
4.6316e-005,0.0512637
4.632e-005,0.051363
4.6324e-005,0.050981
4.6328e-005,0.0507826
4.6332e-005,0.05111
4.6336e-005,0.0508967
4.634e-005,0.0508222
4.6344e-005,0.050981
4.6348e-005,0.0511447
4.6352e-005,0.0512836
4.6356e-005,0.0513332
4.636e-005,0.0507677
4.6364e-005,0.050346
4.6368e-005,0.0507429
4.6372e-005,0.0510802
4.6376e-005,0.0505792
4.638e-005,0.0510554
4.6384e-005,0.051105
4.6388e-005,0.0511149
4.6392e-005,0.0513878
4.6396e-005,0.0510008
4.64e-005,0.0499541
4.6404e-005,0.0510703
4.6408e-005,0.0509512
4.6412e-005,0.0513977
4.6416e-005,0.0509512
4.642e-005,0.0511496
4.6424e-005,0.0512588
4.6428e-005,0.0504304
4.6432e-005,0.0506635
4.6436e-005,0.0512389
4.644e-005,0.0512935
4.6444e-005,0.0512241
4.6448e-005,0.0511645
4.6452e-005,0.0517201
4.6456e-005,0.0510157
4.646e-005,0.0507974
4.6464e-005,0.0513233
4.6468e-005,0.0514969
4.6472e-005,0.0507826
4.6476e-005,0.050976
4.648e-005,0.0509363
4.6484e-005,0.0507925
4.6488e-005,0.0512141
4.6492e-005,0.051482
4.6496e-005,0.0505097
4.65e-005,0.0511496
4.6504e-005,0.0511794
4.6508e-005,0.0511348
4.6512e-005,0.0512489
4.6516e-005,0.0510554
4.652e-005,0.0504353
4.6524e-005,0.0511943
4.6528e-005,0.0502022
4.6532e-005,0.0510107
4.6536e-005,0.050976
4.654e-005,0.0509363
4.6544e-005,0.050976
4.6548e-005,0.0508867
4.6552e-005,0.0506437
4.6556e-005,0.0510455
4.656e-005,0.0511596
4.6564e-005,0.0506784
4.6568e-005,0.0510852
4.6572e-005,0.0509512
4.6576e-005,0.0510604
4.658e-005,0.0511893
4.6584e-005,0.0509066
4.6588e-005,0.050723
4.6592e-005,0.0510306
4.6596e-005,0.0509562
4.66e-005,0.0510405
4.6604e-005,0.0507131
4.6608e-005,0.0507677
4.6612e-005,0.0505593
4.6616e-005,0.0504304
4.662e-005,0.0508818
4.6624e-005,0.0505097
4.6628e-005,0.0503411
4.6632e-005,0.0515018
4.6636e-005,0.0501724
4.664e-005,0.0508421
4.6644e-005,0.0509959
4.6648e-005,0.0507528
4.6652e-005,0.0509463
4.6656e-005,0.0507429
4.666e-005,0.0509661
4.6664e-005,0.0511298
4.6668e-005,0.0513381
4.6672e-005,0.0513381
4.6676e-005,0.0513133
4.668e-005,0.0511596
4.6684e-005,0.0514374
4.6688e-005,0.0511893
4.6692e-005,0.051477
4.6696e-005,0.0505742
4.67e-005,0.0517548
4.6704e-005,0.0511
4.6708e-005,0.0502419
4.6712e-005,0.0505693
4.6716e-005,0.050857
4.672e-005,0.0517548
4.6724e-005,0.0504849
4.6728e-005,0.04985
4.6732e-005,0.0444479
4.6736e-005,0.0395964
4.674e-005,0.0376519
4.6744e-005,0.0360843
4.6748e-005,0.0357222
4.6752e-005,0.0350575
4.6756e-005,0.0264012
4.676e-005,0.0206718
4.6764e-005,0.0191637
4.6768e-005,0.0188413
4.6772e-005,0.0187024
4.6776e-005,0.0183155
4.678e-005,0.0100412
4.6784e-005,0.00154867
4.6788e-005,0.00164292
4.6792e-005,8.52922e-005
4.6796e-005,0.000472218
4.68e-005,0.00104269
4.6804e-005,0.000665682
4.6808e-005,0.000745051
4.6812e-005,0.000606155
4.6816e-005,-0.000311555
4.682e-005,0.00808177
4.6824e-005,0.0193969
4.6828e-005,0.0237275
4.6832e-005,0.0274777
4.6836e-005,0.031972
4.684e-005,0.0360397
4.6844e-005,0.0375279
4.6848e-005,0.0396411
4.6852e-005,0.0412185
4.6856e-005,0.0431184
4.686e-005,0.0435847
4.6864e-005,0.0452713
4.6868e-005,0.0464768
4.6872e-005,0.0471415
4.6876e-005,0.0479451
4.688e-005,0.0490811
4.6884e-005,0.049592
4.6888e-005,0.0504204
4.6892e-005,0.0504403
4.6896e-005,0.0511
4.69e-005,0.0513481
4.6904e-005,0.0520624
4.6908e-005,0.0525188
4.6912e-005,0.0525386
4.6916e-005,0.0533819
4.692e-005,0.0531438
4.6924e-005,0.0535655
4.6928e-005,0.0541012
4.6932e-005,0.0545973
4.6936e-005,0.0546419
4.694e-005,0.0544931
4.6944e-005,0.0547213
4.6948e-005,0.0543691
4.6952e-005,0.0545774
4.6956e-005,0.0546965
4.696e-005,0.0546766
4.6964e-005,0.0554306
4.6968e-005,0.0555844
4.6972e-005,0.055634
4.6976e-005,0.0554406
4.698e-005,0.0562045
4.6984e-005,0.0558027
4.6988e-005,0.0558424
4.6992e-005,0.0557977
4.6996e-005,0.0562591
4.7e-005,0.0559614
4.7004e-005,0.0562789
4.7008e-005,0.0561598
4.7012e-005,0.0561053
4.7016e-005,0.0563831
4.702e-005,0.0560656
4.7024e-005,0.0560408
4.7028e-005,0.056269
4.7032e-005,0.0561747
4.7036e-005,0.0560854
4.704e-005,0.0564525
4.7044e-005,0.0559019
4.7048e-005,0.056522
4.7052e-005,0.056388
4.7056e-005,0.0569337
4.706e-005,0.0564575
4.7064e-005,0.0565468
4.7068e-005,0.0565666
4.7072e-005,0.056388
4.7076e-005,0.0567055
4.708e-005,0.0569486
4.7084e-005,0.0562987
4.7088e-005,0.0564178
4.7092e-005,0.0565517
4.7096e-005,0.0563384
4.71e-005,0.0569089
4.7104e-005,0.0570031
4.7108e-005,0.0564773
4.7112e-005,0.0567799
4.7116e-005,0.0565914
4.712e-005,0.056512
4.7124e-005,0.0569238
4.7128e-005,0.0559912
4.7132e-005,0.0571619
4.7136e-005,0.0567898
4.714e-005,0.056894
4.7144e-005,0.057023
4.7148e-005,0.0567948
4.7152e-005,0.0568196
4.7156e-005,0.0568196
4.716e-005,0.0568444
4.7164e-005,0.0568097
4.7168e-005,0.0568146
4.7172e-005,0.0570428
4.7176e-005,0.0571619
4.718e-005,0.057023
4.7184e-005,0.0569039
4.7188e-005,0.0570131
4.7192e-005,0.0566063
4.7196e-005,0.0564178
4.72e-005,0.0568146
4.7204e-005,0.0567254
4.7208e-005,0.0570726
4.7212e-005,0.0566658
4.7216e-005,0.0566311
4.722e-005,0.0567303
4.7224e-005,0.0565269
4.7228e-005,0.0568643
4.7232e-005,0.0569188
4.7236e-005,0.0561251
4.724e-005,0.0570776
4.7244e-005,0.0574595
4.7248e-005,0.0570329
4.7252e-005,0.0573504
4.7256e-005,0.0569635
4.726e-005,0.0564575
4.7264e-005,0.056398
4.7268e-005,0.0573405
4.7272e-005,0.0569039
4.7276e-005,0.057276
4.728e-005,0.0569238
4.7284e-005,0.0570081
4.7288e-005,0.0566906
4.7292e-005,0.0569238
4.7296e-005,0.0570528
4.73e-005,0.0572561
4.7304e-005,0.0571073
4.7308e-005,0.0574694
4.7312e-005,0.0569585
4.7316e-005,0.0567006
4.732e-005,0.0567254
4.7324e-005,0.0568841
4.7328e-005,0.0568643
4.7332e-005,0.0578663
4.7336e-005,0.0570676
4.734e-005,0.0568047
4.7344e-005,0.0571817
4.7348e-005,0.0572561
4.7352e-005,0.0573008
4.7356e-005,0.0580697
4.736e-005,0.0572165
4.7364e-005,0.0579556
4.7368e-005,0.057405
4.7372e-005,0.0570478
4.7376e-005,0.0571272
4.738e-005,0.0574397
4.7384e-005,0.0573851
4.7388e-005,0.0575935
4.7392e-005,0.0576133
4.7396e-005,0.0576282
4.74e-005,0.0572313
4.7404e-005,0.0571966
4.7408e-005,0.057028
4.7412e-005,0.0574843
4.7416e-005,0.0571817
4.742e-005,0.0568841
4.7424e-005,0.0570379
4.7428e-005,0.0577076
4.7432e-005,0.0572264
4.7436e-005,0.0569833
4.744e-005,0.0566509
4.7444e-005,0.0569535
4.7448e-005,0.0573702
4.7452e-005,0.0575439
4.7456e-005,0.0570875
4.746e-005,0.0568643
4.7464e-005,0.0571817
4.7468e-005,0.0574694
4.7472e-005,0.0574149
4.7476e-005,0.056512
4.748e-005,0.0573305
4.7484e-005,0.0569089
4.7488e-005,0.0577076
4.7492e-005,0.0568196
4.7496e-005,0.055381
4.75e-005,0.0484957
4.7504e-005,0.0431581
4.7508e-005,0.0392938
4.7512e-005,0.0373245
4.7516e-005,0.0373394
4.752e-005,0.0354494
4.7524e-005,0.0259598
4.7528e-005,0.0206966
4.7532e-005,0.0197342
4.7536e-005,0.0195606
4.754e-005,0.0184643
4.7544e-005,0.018246
4.7548e-005,0.0102446
4.7552e-005,0.00158835
4.7556e-005,0.00144449
4.756e-005,0.000601194
4.7564e-005,9.02528e-005
4.7568e-005,0.000710327
4.7572e-005,0.000239071
4.7576e-005,-5.85651e-005
4.758e-005,0.000412691
4.7584e-005,-0.000385964
4.7588e-005,0.00792303
4.7592e-005,0.0193969
4.7596e-005,0.0244468
4.76e-005,0.0289163
4.7604e-005,0.0339562
4.7608e-005,0.0367143
4.7612e-005,0.0384456
4.7616e-005,0.0410201
4.762e-005,0.0430589
4.7624e-005,0.0443139
4.7628e-005,0.0452515
4.7632e-005,0.0466107
4.7636e-005,0.0469183
4.764e-005,0.0481634
4.7644e-005,0.0488182
4.7648e-005,0.0496267
4.7652e-005,0.0509562
4.7656e-005,0.0508074
4.766e-005,0.0513133
4.7664e-005,0.0519582
4.7668e-005,0.0527866
4.7672e-005,0.0531339
4.7676e-005,0.0529702
4.768e-005,0.0535307
4.7684e-005,0.0542847
4.7688e-005,0.0540417
4.7692e-005,0.0549743
4.7696e-005,0.0544236
4.77e-005,0.0555943
4.7704e-005,0.0555299
4.7708e-005,0.0554802
4.7712e-005,0.0561896
4.7716e-005,0.0559664
4.772e-005,0.0560706
4.7724e-005,0.0559366
4.7728e-005,0.0559614
4.7732e-005,0.0567055
4.7736e-005,0.0568146
4.774e-005,0.0573653
4.7744e-005,0.057147
4.7748e-005,0.0572661
4.7752e-005,0.0575587
4.7756e-005,0.0573206
4.776e-005,0.0576976
4.7764e-005,0.0572909
4.7768e-005,0.057395
4.7772e-005,0.0578316
4.7776e-005,0.0577324
4.778e-005,0.0579556
4.7784e-005,0.0579209
4.7788e-005,0.0581987
4.7792e-005,0.0575786
4.7796e-005,0.0582284
4.78e-005,0.0580101
4.7804e-005,0.0579655
4.7808e-005,0.0579308
4.7812e-005,0.0579903
4.7816e-005,0.0584814
4.782e-005,0.0581342
4.7824e-005,0.0587394
4.7828e-005,0.0580994
4.7832e-005,0.0584764
4.7836e-005,0.0579754
4.784e-005,0.0582731
4.7844e-005,0.0586253
4.7848e-005,0.0582731
4.7852e-005,0.0584566
4.7856e-005,0.0585806
4.786e-005,0.0585707
4.7864e-005,0.0587046
4.7868e-005,0.058278
4.7872e-005,0.0589477
4.7876e-005,0.0583971
4.788e-005,0.0583772
4.7884e-005,0.058407
4.7888e-005,0.0578613
4.7892e-005,0.0582979
4.7896e-005,0.0581242
4.79e-005,0.0583326
4.7904e-005,0.0585955
4.7908e-005,0.0583673
4.7912e-005,0.058789
4.7916e-005,0.0585558
4.792e-005,0.0586104
4.7924e-005,0.0584516
4.7928e-005,0.0580945
4.7932e-005,0.0584219
4.7936e-005,0.0583127
4.794e-005,0.0586947
4.7944e-005,0.059037
4.7948e-005,0.0586302
4.7952e-005,0.0586352
4.7956e-005,0.0584764
4.796e-005,0.0589179
4.7964e-005,0.058913
4.7968e-005,0.058149
4.7972e-005,0.0585459
4.7976e-005,0.0581987
4.798e-005,0.0586848
4.7984e-005,0.0587741
4.7988e-005,0.0584864
4.7992e-005,0.0586451
4.7996e-005,0.0581738
4.8e-005,0.0585211
4.8004e-005,0.058283
4.8008e-005,0.0587741
4.8012e-005,0.0586798
4.8016e-005,0.0585856
4.802e-005,0.0589279
4.8024e-005,0.0584516
4.8028e-005,0.0585211
4.8032e-005,0.0587592
4.8036e-005,0.0581342
4.804e-005,0.0585905
4.8044e-005,0.0584814
4.8048e-005,0.0585509
4.8052e-005,0.0582086
4.8056e-005,0.0583574
4.806e-005,0.0589378
4.8064e-005,0.0588733
4.8068e-005,0.0583971
4.8072e-005,0.058407
4.8076e-005,0.0587394
4.808e-005,0.0588187
4.8084e-005,0.0584368
4.8088e-005,0.0590271
4.8092e-005,0.0585211
4.8096e-005,0.0586897
4.81e-005,0.0586153
4.8104e-005,0.0584913
4.8108e-005,0.058789
4.8112e-005,0.0581342
4.8116e-005,0.058779
4.812e-005,0.0587394
4.8124e-005,0.0590668
4.8128e-005,0.058784
4.8132e-005,0.0584665
4.8136e-005,0.0585856
4.814e-005,0.0585657
4.8144e-005,0.0585905
4.8148e-005,0.0585757
4.8152e-005,0.0586501
4.8156e-005,0.0584715
4.816e-005,0.0585657
4.8164e-005,0.0580002
4.8168e-005,0.0585707
4.8172e-005,0.0589477
4.8176e-005,0.0586005
4.818e-005,0.0586848
4.8184e-005,0.0586997
4.8188e-005,0.058531
4.8192e-005,0.0587939
4.8196e-005,0.058789
4.82e-005,0.0585707
4.8204e-005,0.0586649
4.8208e-005,0.0593942
4.8212e-005,0.0587245
4.8216e-005,0.0587989
4.822e-005,0.0586699
4.8224e-005,0.0584864
4.8228e-005,0.0585112
4.8232e-005,0.0581193
4.8236e-005,0.0587146
4.824e-005,0.0585062
4.8244e-005,0.0586798
4.8248e-005,0.0589229
4.8252e-005,0.0587542
4.8256e-005,0.0594785
4.826e-005,0.0586649
4.8264e-005,0.0578018
4.8268e-005,0.050093
4.8272e-005,0.0438278
4.8276e-005,0.0406481
4.828e-005,0.0376122
4.8284e-005,0.0367838
4.8288e-005,0.0351269
4.8292e-005,0.0261532
4.8296e-005,0.021272
4.83e-005,0.0201509
4.8304e-005,0.0189157
4.8308e-005,0.0188215
4.8312e-005,0.0182907
4.8316e-005,0.0105224
4.832e-005,0.00156355
4.8324e-005,0.00186118
4.8328e-005,-0.000301634
4.8332e-005,0.000447416
4.8336e-005,0.000869066
4.834e-005,0.000799618
4.8344e-005,6.54498e-005
4.8348e-005,0.000308519
4.8352e-005,-0.000227225
4.8356e-005,0.00906893
4.836e-005,0.0188016
4.8364e-005,0.0219962
4.8368e-005,0.024293
4.8372e-005,0.0280928
4.8376e-005,0.0298836
4.838e-005,0.030464
4.8384e-005,0.0323242
4.8388e-005,0.0338967
4.8392e-005,0.0352658
4.8396e-005,0.0365357
4.84e-005,0.0374237
4.8404e-005,0.0381727
4.8408e-005,0.0391946
4.8412e-005,0.0397353
4.8416e-005,0.040023
4.842e-005,0.0409011
4.8424e-005,0.0409903
4.8428e-005,0.041407
4.8432e-005,0.0417295
4.8436e-005,0.0416303
4.844e-005,0.0420023
4.8444e-005,0.0423446
4.8448e-005,0.0414864
4.8452e-005,0.0422156
4.8456e-005,0.0422255
4.846e-005,0.042414
4.8464e-005,0.0418634
4.8468e-005,0.0424388
4.8472e-005,0.0427662
4.8476e-005,0.042548
4.848e-005,0.0427712
4.8484e-005,0.0422801
4.8488e-005,0.0424884
4.8492e-005,0.0423297
4.8496e-005,0.0421462
4.85e-005,0.0427464
4.8504e-005,0.0423396
4.8508e-005,0.0423396
4.8512e-005,0.0425331
4.8516e-005,0.0428555
4.852e-005,0.0423148
4.8524e-005,0.0425728
4.8528e-005,0.0429151
4.8532e-005,0.0421908
4.8536e-005,0.0433169
4.854e-005,0.0429101
4.8544e-005,0.0429845
4.8548e-005,0.0423198
4.8552e-005,0.0432028
4.8556e-005,0.0426968
4.856e-005,0.0421561
4.8564e-005,0.042925
4.8568e-005,0.0422999
4.8572e-005,0.0421561
4.8576e-005,0.042419
4.858e-005,0.0423644
4.8584e-005,0.0429746
4.8588e-005,0.0430192
4.8592e-005,0.0430738
4.8596e-005,0.04292
4.86e-005,0.0431284
4.8604e-005,0.0427811
4.8608e-005,0.0425281
4.8612e-005,0.0434161
4.8616e-005,0.042295
4.862e-005,0.0429994
4.8624e-005,0.0422355
4.8628e-005,0.0419626
4.8632e-005,0.0424587
4.8636e-005,0.0429597
4.864e-005,0.0423744
4.8644e-005,0.0428357
4.8648e-005,0.0430143
4.8652e-005,0.0433665
4.8656e-005,0.0421164
4.866e-005,0.0431879
4.8664e-005,0.0426472
4.8668e-005,0.0428903
4.8672e-005,0.0430292
4.8676e-005,0.0425133
4.868e-005,0.0429696
4.8684e-005,0.0425777
4.8688e-005,0.0429002
4.8692e-005,0.0427018
4.8696e-005,0.0426273
4.87e-005,0.0423446
4.8704e-005,0.042667
4.8708e-005,0.0429498
4.8712e-005,0.042925
4.8716e-005,0.0427018
4.872e-005,0.0425728
4.8724e-005,0.0429299
4.8728e-005,0.0425976
4.8732e-005,0.043054
4.8736e-005,0.0423049
4.874e-005,0.0434359
4.8744e-005,0.0427613
4.8748e-005,0.0428506
4.8752e-005,0.0422156
4.8756e-005,0.0419329
4.876e-005,0.0427018
4.8764e-005,0.0429151
4.8768e-005,0.042677
4.8772e-005,0.0424091
4.8776e-005,0.0424388
4.878e-005,0.043044
4.8784e-005,0.0422305
4.8788e-005,0.0427563
4.8792e-005,0.0425678
4.8796e-005,0.0421164
4.88e-005,0.0426869
4.8804e-005,0.04292
4.8808e-005,0.0424835
4.8812e-005,0.0427166
4.8816e-005,0.0435004
4.882e-005,0.0427365
4.8824e-005,0.0421908
4.8828e-005,0.0421859
4.8832e-005,0.042047
4.8836e-005,0.0424537
4.884e-005,0.0422404
4.8844e-005,0.0426422
4.8848e-005,0.0428754
4.8852e-005,0.0428704
4.8856e-005,0.0424587
4.886e-005,0.0422454
4.8864e-005,0.0420817
4.8868e-005,0.0428704
4.8872e-005,0.0427266
4.8876e-005,0.0427266
4.888e-005,0.0425678
4.8884e-005,0.0428506
4.8888e-005,0.0424587
4.8892e-005,0.0424686
4.8896e-005,0.0422751
4.89e-005,0.0423694
4.8904e-005,0.0427613
4.8908e-005,0.0424587
4.8912e-005,0.042925
4.8916e-005,0.0428059
4.892e-005,0.0425281
4.8924e-005,0.0424438
4.8928e-005,0.0424488
4.8932e-005,0.0424091
4.8936e-005,0.0429448
4.894e-005,0.0423545
4.8944e-005,0.0427514
4.8948e-005,0.043054
4.8952e-005,0.0428655
4.8956e-005,0.0423942
4.896e-005,0.0429994
4.8964e-005,0.0428258
4.8968e-005,0.0424091
4.8972e-005,0.0422007
4.8976e-005,0.0420618
4.898e-005,0.0423099
4.8984e-005,0.0429944
4.8988e-005,0.0424339
4.8992e-005,0.0422999
4.8996e-005,0.0431978
4.9e-005,0.0424636
4.9004e-005,0.0426174
4.9008e-005,0.0420222
4.9012e-005,0.0423347
4.9016e-005,0.0427464
4.902e-005,0.0428853
4.9024e-005,0.0425976
4.9028e-005,0.0416898
4.9032e-005,0.0418634
4.9036e-005,0.038639
4.904e-005,0.0376916
4.9044e-005,0.0357024
4.9048e-005,0.035995
4.9052e-005,0.0350575
4.9056e-005,0.0344622
4.906e-005,0.0263764
4.9064e-005,0.0200715
4.9068e-005,0.0198533
4.9072e-005,0.0186776
4.9076e-005,0.0188264
4.908e-005,0.0188512
4.9084e-005,0.00949058
4.9088e-005,0.000923633
4.9092e-005,0.00195544
4.9096e-005,0.00023411
4.91e-005,-0.000212343
4.9104e-005,0.000268834
4.9108e-005,0.000670642
4.9112e-005,0.000958357
4.9116e-005,0.000606155
4.912e-005,-0.000252028
4.9124e-005,0.00808673
4.9128e-005,0.0186677
4.9132e-005,0.0222492
4.9136e-005,0.0251413
4.914e-005,0.0303697
4.9144e-005,0.0326814
4.9148e-005,0.0346805
4.9152e-005,0.0364266
4.9156e-005,0.0382025
4.916e-005,0.0392938
4.9164e-005,0.0403356
4.9168e-005,0.0416948
4.9172e-005,0.0419924
4.9176e-005,0.0433962
4.918e-005,0.0440461
4.9184e-005,0.0454549
4.9188e-005,0.045817
4.9192e-005,0.0461494
4.9196e-005,0.0465065
4.92e-005,0.047201
4.9204e-005,0.0470324
4.9208e-005,0.0477268
4.9212e-005,0.0482378
4.9216e-005,0.0481088
4.922e-005,0.0488033
4.9224e-005,0.0488082
4.9228e-005,0.0490811
4.9232e-005,0.0498103
4.9236e-005,0.0498897
4.924e-005,0.0492349
4.9244e-005,0.049344
4.9248e-005,0.0497656
4.9252e-005,0.049721
4.9256e-005,0.0497855
4.926e-005,0.0503758
4.9264e-005,0.0502419
4.9268e-005,0.0503708
4.9272e-005,0.0510008
4.9276e-005,0.0498698
4.928e-005,0.0502419
4.9284e-005,0.0511397
4.9288e-005,0.050852
4.9292e-005,0.0502171
4.9296e-005,0.0503956
4.93e-005,0.050604
4.9304e-005,0.0500236
4.9308e-005,0.0509264
4.9312e-005,0.0502964
4.9316e-005,0.0509512
4.932e-005,0.0507578
4.9324e-005,0.0509463
4.9328e-005,0.0501625
4.9332e-005,0.0509215
4.9336e-005,0.0508272
4.934e-005,0.0509215
4.9344e-005,0.0513084
4.9348e-005,0.0508322
4.9352e-005,0.0504353
4.9356e-005,0.0509463
4.936e-005,0.0512885
4.9364e-005,0.0508917
4.9368e-005,0.0514026
4.9372e-005,0.0511546
4.9376e-005,0.0509959
4.938e-005,0.0507627
4.9384e-005,0.05047
4.9388e-005,0.0507677
4.9392e-005,0.0515961
4.9396e-005,0.0510207
4.94e-005,0.0511348
4.9404e-005,0.0511149
4.9408e-005,0.0505097
4.9412e-005,0.0501625
4.9416e-005,0.0508173
4.942e-005,0.0503609
4.9424e-005,0.0508669
4.9428e-005,0.0510405
4.9432e-005,0.0511893
4.9436e-005,0.0509115
4.944e-005,0.0506883
4.9444e-005,0.0508669
4.9448e-005,0.0514572
4.9452e-005,0.0511893
4.9456e-005,0.0508272
4.946e-005,0.0511893
4.9464e-005,0.0516209
4.9468e-005,0.0510951
4.9472e-005,0.0512737
4.9476e-005,0.050976
4.948e-005,0.0514175
4.9484e-005,0.0503907
4.9488e-005,0.0515316
4.9492e-005,0.0508619
4.9496e-005,0.0509264
4.95e-005,0.0514175
4.9504e-005,0.0516209
4.9508e-005,0.0512687
4.9512e-005,0.0513828
4.9516e-005,0.051105
4.952e-005,0.051358
4.9524e-005,0.0511893
4.9528e-005,0.0507826
4.9532e-005,0.0507726
4.9536e-005,0.0505544
4.954e-005,0.0513034
4.9544e-005,0.0512191
4.9548e-005,0.0512538
4.9552e-005,0.0511844
4.9556e-005,0.0514225
4.956e-005,0.0512985
4.9564e-005,0.0511596
4.9568e-005,0.0510752
4.9572e-005,0.051864
4.9576e-005,0.0516755
4.958e-005,0.0512836
4.9584e-005,0.0520078
4.9588e-005,0.0511546
4.9592e-005,0.051611
4.9596e-005,0.0525535
4.96e-005,0.0515167
4.9604e-005,0.0513133
4.9608e-005,0.0514126
4.9612e-005,0.0509066
4.9616e-005,0.0512737
4.962e-005,0.051606
4.9624e-005,0.0512092
4.9628e-005,0.0519334
4.9632e-005,0.0508818
4.9636e-005,0.0511348
4.964e-005,0.0509215
4.9644e-005,0.0511546
4.9648e-005,0.0512885
4.9652e-005,0.0514126
4.9656e-005,0.051358
4.966e-005,0.0508967
4.9664e-005,0.0512042
4.9668e-005,0.0510951
4.9672e-005,0.0509066
4.9676e-005,0.0508917
4.968e-005,0.0506437
4.9684e-005,0.0506982
4.9688e-005,0.0504155
4.9692e-005,0.0514126
4.9696e-005,0.0508272
4.97e-005,0.0506238
4.9704e-005,0.0510901
4.9708e-005,0.0513332
4.9712e-005,0.0509314
4.9716e-005,0.0512637
4.972e-005,0.050728
4.9724e-005,0.0510554
4.9728e-005,0.0514721
4.9732e-005,0.0506387
4.9736e-005,0.0511744
4.974e-005,0.0520723
4.9744e-005,0.0517152
4.9748e-005,0.0514969
4.9752e-005,0.0513233
4.9756e-005,0.0510207
4.976e-005,0.0508123
4.9764e-005,0.0517846
4.9768e-005,0.0512985
4.9772e-005,0.0516011
4.9776e-005,0.0516209
4.978e-005,0.0512786
4.9784e-005,0.0514671
4.9788e-005,0.0517846
4.9792e-005,0.0522906
4.9796e-005,0.0506536
4.98e-005,0.0510653
4.9804e-005,0.0449588
4.9808e-005,0.0401818
4.9812e-005,0.0385745
4.9816e-005,0.0367242
4.982e-005,0.0362927
4.9824e-005,0.0344473
4.9828e-005,0.0263814
4.9832e-005,0.0202154
4.9836e-005,0.0198483
4.984e-005,0.0190943
4.9844e-005,0.0190645
4.9848e-005,0.0188959
4.9852e-005,0.00951042
4.9856e-005,0.00130064
4.986e-005,0.00167764
4.9864e-005,0.000214268
4.9868e-005,-0.000311555
4.9872e-005,0.000754972
4.9876e-005,0.000477179
4.988e-005,0.000373007
4.9884e-005,0.000521824
4.9888e-005,-0.000331398
4.9892e-005,0.00844885
4.9896e-005,0.0189405
4.99e-005,0.023539
4.9904e-005,0.0272545
4.9908e-005,0.0329294
4.9912e-005,0.0352311
4.9916e-005,0.0367838
4.992e-005,0.0394079
4.9924e-005,0.041164
4.9928e-005,0.0426323
4.9932e-005,0.0437435
4.9936e-005,0.045063
4.994e-005,0.046199
4.9944e-005,0.0466752
4.9948e-005,0.0476872
4.9952e-005,0.0488777
4.9956e-005,0.0494531
4.996e-005,0.049974
4.9964e-005,0.0505643
4.9968e-005,0.0509562
4.9972e-005,0.0514423
4.9976e-005,0.0517152
4.998e-005,0.0519483
4.9984e-005,0.0525634
4.9988e-005,0.0534166
4.9992e-005,0.0534365
4.9996e-005,0.0527817
5e-005,0.0541508
5.0004e-005,0.0541161
5.0008e-005,0.0536547
5.0012e-005,0.0546221
5.0016e-005,0.0548999
5.002e-005,0.0547957
5.0024e-005,0.0543492
5.0028e-005,0.0550189
5.0032e-005,0.0549445
5.0036e-005,0.0548751
5.004e-005,0.0549643
5.0044e-005,0.0553662
5.0048e-005,0.0553612
5.0052e-005,0.0559961
5.0056e-005,0.0560309
5.006e-005,0.0558622
5.0064e-005,0.056145
5.0068e-005,0.0559763
5.0072e-005,0.0559118
5.0076e-005,0.0559813
5.008e-005,0.0560854
5.0084e-005,0.0563682
5.0088e-005,0.0560954
5.0092e-005,0.0557432
5.0096e-005,0.0566113
5.01e-005,0.0564823
5.0104e-005,0.0559317
5.0108e-005,0.0570031
5.0112e-005,0.0569387
5.0116e-005,0.0564476
5.012e-005,0.0564972
5.0124e-005,0.0561549
5.0128e-005,0.0566956
5.0132e-005,0.0570131
5.0136e-005,0.0570428
5.014e-005,0.0569783
5.0144e-005,0.0566212
5.0148e-005,0.0567303
5.0152e-005,0.056512
5.0156e-005,0.0570528
5.016e-005,0.0573256
5.0164e-005,0.0571272
5.0168e-005,0.0569585
5.0172e-005,0.056765
5.0176e-005,0.0567799
5.018e-005,0.0569535
5.0184e-005,0.056899
5.0188e-005,0.0564724
5.0192e-005,0.0571619
5.0196e-005,0.0572413
5.02e-005,0.0568643
5.0204e-005,0.0571172
5.0208e-005,0.0573504
5.0212e-005,0.0572859
5.0216e-005,0.0571966
5.022e-005,0.0568146
5.0224e-005,0.0567452
5.0228e-005,0.0572264
5.0232e-005,0.0571272
5.0236e-005,0.0572512
5.024e-005,0.0567353
5.0244e-005,0.0573454
5.0248e-005,0.0566857
5.0252e-005,0.057529
5.0256e-005,0.0571966
5.026e-005,0.0564476
5.0264e-005,0.0574942
5.0268e-005,0.0571916
5.0272e-005,0.0572512
5.0276e-005,0.0572661
5.028e-005,0.0571272
5.0284e-005,0.057028
5.0288e-005,0.0560854
5.0292e-005,0.0571272
5.0296e-005,0.0566509
5.03e-005,0.0573752
5.0304e-005,0.0573702
5.0308e-005,0.0573802
5.0312e-005,0.0570875
5.0316e-005,0.0573901
5.032e-005,0.0573305
5.0324e-005,0.057519
5.0328e-005,0.0573851
5.0332e-005,0.0569387
5.0336e-005,0.057028
5.034e-005,0.0572363
5.0344e-005,0.0575736
5.0348e-005,0.0566559
5.0352e-005,0.0565418
5.0356e-005,0.0573504
5.036e-005,0.0570825
5.0364e-005,0.0569387
5.0368e-005,0.0565865
5.0372e-005,0.0573603
5.0376e-005,0.0566509
5.038e-005,0.056899
5.0384e-005,0.0572214
5.0388e-005,0.0573206
5.0392e-005,0.0567254
5.0396e-005,0.0571619
5.04e-005,0.0571867
5.0404e-005,0.057276
5.0408e-005,0.0567055
5.0412e-005,0.0568643
5.0416e-005,0.0572016
5.042e-005,0.0574149
5.0424e-005,0.0570379
5.0428e-005,0.0568047
5.0432e-005,0.0569535
5.0436e-005,0.0567055
5.044e-005,0.056641
5.0444e-005,0.0577274
5.0448e-005,0.0571172
5.0452e-005,0.0573702
5.0456e-005,0.0570528
5.046e-005,0.0572512
5.0464e-005,0.0572214
5.0468e-005,0.057028
5.0472e-005,0.0570478
5.0476e-005,0.0566708
5.048e-005,0.0566261
5.0484e-005,0.0575141
5.0488e-005,0.0570825
5.0492e-005,0.0574942
5.0496e-005,0.0574843
5.05e-005,0.0566113
5.0504e-005,0.0571569
5.0508e-005,0.0570081
5.0512e-005,0.057648
5.0516e-005,0.0573752
5.052e-005,0.0573405
5.0524e-005,0.057152
5.0528e-005,0.0571123
5.0532e-005,0.0570478
5.0536e-005,0.0573802
5.054e-005,0.0569684
5.0544e-005,0.0573901
5.0548e-005,0.0569535
5.0552e-005,0.0570031
5.0556e-005,0.0570528
5.056e-005,0.0576877
5.0564e-005,0.0571172
5.0568e-005,0.0560259
5.0572e-005,0.0487338
5.0576e-005,0.0428655
5.058e-005,0.0398345
5.0584e-005,0.0375626
5.0588e-005,0.0370665
5.0592e-005,0.0361835
5.0596e-005,0.0265302
5.06e-005,0.0209744
5.0604e-005,0.0199425
5.0608e-005,0.0193572
5.0612e-005,0.0189504
5.0616e-005,0.0185635
5.062e-005,0.00913342
5.0624e-005,0.0014941
5.0628e-005,0.00162804
5.0632e-005,0.000115056
5.0636e-005,0.000263874
5.064e-005,0.00127583
5.0644e-005,9.02528e-005
5.0648e-005,0.000407731
5.0652e-005,0.000377967
5.0656e-005,-0.000356201
5.066e-005,0.0081909
5.0664e-005,0.0194564
5.0668e-005,0.0239904
5.0672e-005,0.0293677
5.0676e-005,0.0343283
5.068e-005,0.0372897
5.0684e-005,0.0391599
5.0688e-005,0.0411243
5.0692e-005,0.0422057
5.0696e-005,0.0441701
5.07e-005,0.0453755
5.0704e-005,0.0469877
5.0708e-005,0.0481187
5.0712e-005,0.0482229
5.0716e-005,0.0492101
5.072e-005,0.04984
5.0724e-005,0.050723
5.0728e-005,0.0510703
5.0732e-005,0.0517598
5.0736e-005,0.0520822
5.074e-005,0.052484
5.0744e-005,0.0537688
5.0748e-005,0.0530644
5.0752e-005,0.0540962
5.0756e-005,0.0544732
5.076e-005,0.0550933
5.0764e-005,0.0552669
5.0768e-005,0.0551628
5.0772e-005,0.0559813
5.0776e-005,0.0558424
5.078e-005,0.056398
5.0784e-005,0.0566609
5.0788e-005,0.0562888
5.0792e-005,0.0563384
5.0796e-005,0.0568097
5.08e-005,0.0580002
5.0804e-005,0.0573057
5.0808e-005,0.0577324
5.0812e-005,0.0572363
5.0816e-005,0.0572413
5.082e-005,0.0573702
5.0824e-005,0.0571569
5.0828e-005,0.057777
5.0832e-005,0.0576331
5.0836e-005,0.0574198
5.084e-005,0.0580945
5.0844e-005,0.0582135
5.0848e-005,0.0577621
5.0852e-005,0.0579754
5.0856e-005,0.0581689
5.086e-005,0.0582235
5.0864e-005,0.0579754
5.0868e-005,0.0579853
5.0872e-005,0.058283
5.0876e-005,0.0578762
5.088e-005,0.0583227
5.0884e-005,0.0581292
5.0888e-005,0.0584864
5.0892e-005,0.0582135
5.0896e-005,0.0583623
5.09e-005,0.0579754
5.0904e-005,0.0587146
5.0908e-005,0.0585707
5.0912e-005,0.0581838
5.0916e-005,0.0586104
5.092e-005,0.058159
5.0924e-005,0.0585112
5.0928e-005,0.0584268
5.0932e-005,0.0584616
5.0936e-005,0.058779
5.094e-005,0.058402
5.0944e-005,0.0586352
5.0948e-005,0.0585757
5.0952e-005,0.0586798
5.0956e-005,0.0590171
5.096e-005,0.0586649
5.0964e-005,0.0585905
5.0968e-005,0.0583623
5.0972e-005,0.0583574
5.0976e-005,0.0587592
5.098e-005,0.0587493
5.0984e-005,0.0589427
5.0988e-005,0.0593892
5.0992e-005,0.0585806
5.0996e-005,0.0589229
5.1e-005,0.0589725
5.1004e-005,0.0587989
5.1008e-005,0.0587542
5.1012e-005,0.0585012
5.1016e-005,0.0588584
5.102e-005,0.0590271
5.1024e-005,0.0589279
5.1028e-005,0.0588088
5.1032e-005,0.0590469
5.1036e-005,0.0587294
5.104e-005,0.059166
5.1044e-005,0.0586352
5.1048e-005,0.0587344
5.1052e-005,0.0588783
5.1056e-005,0.0588981
5.106e-005,0.058779
5.1064e-005,0.0586005
5.1068e-005,0.0593495
5.1072e-005,0.0583028
5.1076e-005,0.058789
5.108e-005,0.0582433
5.1084e-005,0.0589229
5.1088e-005,0.0589824
5.1092e-005,0.0590568
5.1096e-005,0.0587691
5.11e-005,0.0588138
5.1104e-005,0.0586104
5.1108e-005,0.0589824
5.1112e-005,0.0592404
5.1116e-005,0.0588981
5.112e-005,0.058913
5.1124e-005,0.0586947
5.1128e-005,0.0588286
5.1132e-005,0.0588038
5.1136e-005,0.0591312
5.114e-005,0.0588138
5.1144e-005,0.0588634
5.1148e-005,0.0585509
5.1152e-005,0.0589179
5.1156e-005,0.0587146
5.116e-005,0.0586897
5.1164e-005,0.0590717
5.1168e-005,0.0584665
5.1172e-005,0.0589031
5.1176e-005,0.058526
5.118e-005,0.058784
5.1184e-005,0.0590965
5.1188e-005,0.0588187
5.1192e-005,0.0589378
5.1196e-005,0.0591312
5.12e-005,0.0588683
5.1204e-005,0.0585955
5.1208e-005,0.0590916
5.1212e-005,0.0588187
5.1216e-005,0.0589229
5.122e-005,0.0587542
5.1224e-005,0.0588783
5.1228e-005,0.0590171
5.1232e-005,0.0592949
5.1236e-005,0.0588832
5.124e-005,0.0589179
5.1244e-005,0.0594438
5.1248e-005,0.0586798
5.1252e-005,0.0590469
5.1256e-005,0.0587939
5.126e-005,0.058913
