LECROYWR104MXi,20621,Waveform
Segments,1,SegmentSize,2501
Segment,TrigTime,TimeSinceSegment1
#1,21-May-2015 13:59:34,0                 
Time,Ampl
4.126e-005,0.050227
4.1264e-005,0.0499889
4.1268e-005,0.0497904
4.1272e-005,0.0501625
4.1276e-005,0.0504105
4.128e-005,0.0500732
4.1284e-005,0.0500286
4.1288e-005,0.0501178
4.1292e-005,0.0504651
4.1296e-005,0.0496565
4.13e-005,0.0498252
4.1304e-005,0.0501079
4.1308e-005,0.0503907
4.1312e-005,0.0503411
4.1316e-005,0.0503956
4.132e-005,0.0505445
4.1324e-005,0.0501426
4.1328e-005,0.0500583
4.1332e-005,0.0501129
4.1336e-005,0.0493093
4.134e-005,0.050475
4.1344e-005,0.0504254
4.1348e-005,0.0501426
4.1352e-005,0.0503212
4.1356e-005,0.0502468
4.136e-005,0.0505296
4.1364e-005,0.0502915
4.1368e-005,0.0508421
4.1372e-005,0.0494035
4.1376e-005,0.049349
4.138e-005,0.0498252
4.1384e-005,0.0500881
4.1388e-005,0.0501873
4.1392e-005,0.0497756
4.1396e-005,0.0503361
4.14e-005,0.0503609
4.1404e-005,0.050227
4.1408e-005,0.05047
4.1412e-005,0.0507528
4.1416e-005,0.0498103
4.142e-005,0.0496317
4.1424e-005,0.0506933
4.1428e-005,0.0503907
4.1432e-005,0.0503609
4.1436e-005,0.050356
4.144e-005,0.0502716
4.1444e-005,0.0509264
4.1448e-005,0.0504204
4.1452e-005,0.0507826
4.1456e-005,0.0507974
4.146e-005,0.0515167
4.1464e-005,0.0507677
4.1468e-005,0.0505544
4.1472e-005,0.050604
4.1476e-005,0.050857
4.148e-005,0.0505097
4.1484e-005,0.0507677
4.1488e-005,0.050222
4.1492e-005,0.0505345
4.1496e-005,0.0512588
4.15e-005,0.0509909
4.1504e-005,0.050852
4.1508e-005,0.0504502
4.1512e-005,0.0492051
4.1516e-005,0.0437038
4.152e-005,0.0400726
4.1524e-005,0.0372153
4.1528e-005,0.0363522
4.1532e-005,0.0355684
4.1536e-005,0.0339562
4.154e-005,0.0262425
4.1544e-005,0.0205874
4.1548e-005,0.0202749
4.1552e-005,0.0193076
4.1556e-005,0.0187371
4.156e-005,0.0189008
4.1564e-005,0.0108795
4.1568e-005,0.00237213
4.1572e-005,0.000968278
4.1576e-005,0.000467258
4.158e-005,0.000536706
4.1584e-005,0.00138001
4.1588e-005,0.0004871
4.1592e-005,0.000789697
4.1596e-005,0.000492061
4.16e-005,-1.88803e-005
4.1604e-005,0.0095005
4.1608e-005,0.0196548
4.1612e-005,0.0229387
4.1616e-005,0.0270908
4.162e-005,0.0319025
4.1624e-005,0.0352063
4.1628e-005,0.0371112
4.1632e-005,0.0391897
4.1636e-005,0.0407076
4.164e-005,0.0424537
4.1644e-005,0.0432325
4.1648e-005,0.0453408
4.1652e-005,0.0456434
4.1656e-005,0.0464123
4.166e-005,0.0476425
4.1664e-005,0.0481336
4.1668e-005,0.0484213
4.1672e-005,0.0492497
4.1676e-005,0.0492101
4.168e-005,0.0507379
4.1684e-005,0.0506288
4.1688e-005,0.0514423
4.1692e-005,0.0516705
4.1696e-005,0.0517796
4.17e-005,0.0521814
4.1704e-005,0.0521715
4.1708e-005,0.0524543
4.1712e-005,0.0527767
4.1716e-005,0.053119
4.172e-005,0.0531736
4.1724e-005,0.0537688
4.1728e-005,0.0538978
4.1732e-005,0.0538284
4.1736e-005,0.0550239
4.174e-005,0.0544137
4.1744e-005,0.0546617
4.1748e-005,0.0546171
4.1752e-005,0.0546072
4.1756e-005,0.0552521
4.176e-005,0.054632
4.1764e-005,0.055262
4.1768e-005,0.0550685
4.1772e-005,0.0549197
4.1776e-005,0.0544137
4.178e-005,0.0555745
4.1784e-005,0.0558027
4.1788e-005,0.0555199
4.1792e-005,0.0549743
4.1796e-005,0.056145
4.18e-005,0.0564079
4.1804e-005,0.0552967
4.1808e-005,0.0560011
4.1812e-005,0.0549743
4.1816e-005,0.0557878
4.182e-005,0.0560011
4.1824e-005,0.0551479
4.1828e-005,0.0562095
4.1832e-005,0.0558523
4.1836e-005,0.0563136
4.184e-005,0.0554654
4.1844e-005,0.0555398
4.1848e-005,0.0560309
4.1852e-005,0.0561598
4.1856e-005,0.0557084
4.186e-005,0.0559713
4.1864e-005,0.0551876
4.1868e-005,0.0563533
4.1872e-005,0.0558126
4.1876e-005,0.0560358
4.188e-005,0.0564823
4.1884e-005,0.0556489
4.1888e-005,0.0559267
4.1892e-005,0.0557432
4.1896e-005,0.056011
4.19e-005,0.055257
4.1904e-005,0.0567254
4.1908e-005,0.0560854
4.1912e-005,0.056398
4.1916e-005,0.0562194
4.192e-005,0.0558969
4.1924e-005,0.0559961
4.1928e-005,0.0561995
4.1932e-005,0.056135
4.1936e-005,0.0565666
4.194e-005,0.0564079
4.1944e-005,0.0560656
4.1948e-005,0.0561152
4.1952e-005,0.0564575
4.1956e-005,0.0558027
4.196e-005,0.0569684
4.1964e-005,0.0567006
4.1968e-005,0.0559416
4.1972e-005,0.0563533
4.1976e-005,0.0558126
4.198e-005,0.0563732
4.1984e-005,0.0562938
4.1988e-005,0.0561251
4.1992e-005,0.0559019
4.1996e-005,0.0559614
4.2e-005,0.0564178
4.2004e-005,0.0563335
4.2008e-005,0.0563831
4.2012e-005,0.0566708
4.2016e-005,0.0561549
4.202e-005,0.0563732
4.2024e-005,0.0564426
4.2028e-005,0.0562343
4.2032e-005,0.0560755
4.2036e-005,0.0563335
4.204e-005,0.0568543
4.2044e-005,0.0563533
4.2048e-005,0.0566509
4.2052e-005,0.0564029
4.2056e-005,0.0559614
4.206e-005,0.0559317
4.2064e-005,0.0561053
4.2068e-005,0.055763
4.2072e-005,0.056517
4.2076e-005,0.0560656
4.208e-005,0.0566956
4.2084e-005,0.0562095
4.2088e-005,0.0568742
4.2092e-005,0.0566956
4.2096e-005,0.0568246
4.21e-005,0.0559961
4.2104e-005,0.056646
4.2108e-005,0.0567353
4.2112e-005,0.0563632
4.2116e-005,0.056135
4.212e-005,0.0567502
4.2124e-005,0.0563583
4.2128e-005,0.0564376
4.2132e-005,0.05614
4.2136e-005,0.0567601
4.214e-005,0.0558076
4.2144e-005,0.0562243
4.2148e-005,0.0557283
4.2152e-005,0.0572016
4.2156e-005,0.0560706
4.216e-005,0.0567948
4.2164e-005,0.0561946
4.2168e-005,0.0566559
4.2172e-005,0.0567204
4.2176e-005,0.0559416
4.218e-005,0.0562491
4.2184e-005,0.0566807
4.2188e-005,0.0562491
4.2192e-005,0.0562144
4.2196e-005,0.0562789
4.22e-005,0.0562591
4.2204e-005,0.0564426
4.2208e-005,0.0561648
4.2212e-005,0.0563285
4.2216e-005,0.0562839
4.222e-005,0.0563434
4.2224e-005,0.0566063
4.2228e-005,0.0567601
4.2232e-005,0.0565021
4.2236e-005,0.0562789
4.224e-005,0.0561053
4.2244e-005,0.0563831
4.2248e-005,0.0566361
4.2252e-005,0.0557928
4.2256e-005,0.0564972
4.226e-005,0.0561102
4.2264e-005,0.0564872
4.2268e-005,0.056264
4.2272e-005,0.0566311
4.2276e-005,0.0559664
4.228e-005,0.0546865
4.2284e-005,0.0479054
4.2288e-005,0.0416451
4.2292e-005,0.0388176
4.2296e-005,0.0376717
4.23e-005,0.0361835
4.2304e-005,0.0355287
4.2308e-005,0.0255133
4.2312e-005,0.0204783
4.2316e-005,0.0191389
4.232e-005,0.0194515
4.2324e-005,0.0188264
4.2328e-005,0.0179732
4.2332e-005,0.0102843
4.2336e-005,0.00221835
4.234e-005,0.00119647
4.2344e-005,0.000417652
4.2348e-005,0.000611115
4.2352e-005,0.000591273
4.2356e-005,-3.37621e-005
4.236e-005,0.000764894
4.2364e-005,0.000591273
4.2368e-005,-0.000678639
4.2372e-005,0.0101255
4.2376e-005,0.0193572
4.238e-005,0.0203493
4.2384e-005,0.0212621
4.2388e-005,0.0245857
4.2392e-005,0.0255034
4.2396e-005,0.0262127
4.24e-005,0.0274033
4.2404e-005,0.0279093
4.2408e-005,0.0284252
4.2412e-005,0.0286087
4.2416e-005,0.0302556
4.242e-005,0.0296951
4.2424e-005,0.0305384
4.2428e-005,0.0313866
4.2432e-005,0.0309997
4.2436e-005,0.0314263
4.244e-005,0.0317438
4.2444e-005,0.0321506
4.2448e-005,0.0319174
4.2452e-005,0.0316942
4.2456e-005,0.0324234
4.246e-005,0.0323043
4.2464e-005,0.032602
4.2468e-005,0.0315454
4.2472e-005,0.0325127
4.2476e-005,0.0323639
4.248e-005,0.0316992
4.2484e-005,0.0323292
4.2488e-005,0.0326714
4.2492e-005,0.0324978
4.2496e-005,0.0320067
4.25e-005,0.0325127
4.2504e-005,0.0320315
4.2508e-005,0.03222
4.2512e-005,0.0322002
4.2516e-005,0.0320762
4.252e-005,0.0325325
4.2524e-005,0.0322448
4.2528e-005,0.0315355
4.2532e-005,0.0308013
4.2536e-005,0.0321952
4.254e-005,0.032091
4.2544e-005,0.0322299
4.2548e-005,0.0320861
4.2552e-005,0.0316694
4.2556e-005,0.0323292
4.256e-005,0.0322448
4.2564e-005,0.0315206
4.2568e-005,0.0319819
4.2572e-005,0.0315751
4.2576e-005,0.0313271
4.258e-005,0.0309799
4.2584e-005,0.0318877
4.2588e-005,0.0320762
4.2592e-005,0.0322597
4.2596e-005,0.0314462
4.26e-005,0.0315603
4.2604e-005,0.0323093
4.2608e-005,0.0313073
4.2612e-005,0.0317934
4.2616e-005,0.0318629
4.262e-005,0.0319174
4.2624e-005,0.0313172
4.2628e-005,0.0318381
4.2632e-005,0.0321158
4.2636e-005,0.0315553
4.264e-005,0.0311634
4.2644e-005,0.0311237
4.2648e-005,0.0310394
4.2652e-005,0.031094
4.2656e-005,0.0312031
4.266e-005,0.0309402
4.2664e-005,0.0319571
4.2668e-005,0.0313122
4.2672e-005,0.0315652
4.2676e-005,0.0316347
4.268e-005,0.031967
4.2684e-005,0.0319918
4.2688e-005,0.0312973
4.2692e-005,0.0318678
4.2696e-005,0.0316396
4.27e-005,0.0314263
4.2704e-005,0.0310989
4.2708e-005,0.0318083
4.2712e-005,0.0319323
4.2716e-005,0.0315007
4.272e-005,0.0318133
4.2724e-005,0.031724
4.2728e-005,0.0316843
4.2732e-005,0.0317289
4.2736e-005,0.0314412
4.274e-005,0.0319323
4.2744e-005,0.0312329
4.2748e-005,0.0312031
4.2752e-005,0.0310543
4.2756e-005,0.0309749
4.276e-005,0.0314412
4.2764e-005,0.0309799
4.2768e-005,0.0310344
4.2772e-005,0.0314809
4.2776e-005,0.0319472
4.278e-005,0.0312378
4.2784e-005,0.031089
4.2788e-005,0.031848
4.2792e-005,0.0312527
4.2796e-005,0.0314164
4.28e-005,0.0310344
4.2804e-005,0.0312229
4.2808e-005,0.0304392
4.2812e-005,0.031466
4.2816e-005,0.0306475
4.282e-005,0.0311485
4.2824e-005,0.031461
4.2828e-005,0.0312874
4.2832e-005,0.0315206
4.2836e-005,0.0309104
4.284e-005,0.0310394
4.2844e-005,0.031347
4.2848e-005,0.0310543
4.2852e-005,0.0311386
4.2856e-005,0.0313767
4.286e-005,0.0315206
4.2864e-005,0.0318728
4.2868e-005,0.0314908
4.2872e-005,0.0312081
4.2876e-005,0.0312924
4.288e-005,0.0313817
4.2884e-005,0.0310394
4.2888e-005,0.0312279
4.2892e-005,0.0315404
4.2896e-005,0.0316198
4.29e-005,0.0312428
4.2904e-005,0.0313172
4.2908e-005,0.0316942
4.2912e-005,0.0306128
4.2916e-005,0.0315107
4.292e-005,0.0318777
4.2924e-005,0.0313866
4.2928e-005,0.0314809
4.2932e-005,0.0311585
4.2936e-005,0.0314759
4.294e-005,0.0311287
4.2944e-005,0.0308658
4.2948e-005,0.0309303
4.2952e-005,0.0316099
4.2956e-005,0.0307765
4.296e-005,0.0311585
4.2964e-005,0.0314065
4.2968e-005,0.0320266
4.2972e-005,0.0319869
4.2976e-005,0.0321158
4.298e-005,0.0312081
4.2984e-005,0.0314114
4.2988e-005,0.0313866
4.2992e-005,0.0316396
4.2996e-005,0.0312924
4.3e-005,0.0310196
4.3004e-005,0.031347
4.3008e-005,0.0311684
4.3012e-005,0.031084
4.3016e-005,0.0311981
4.302e-005,0.0317289
4.3024e-005,0.031848
4.3028e-005,0.0309997
4.3032e-005,0.0315999
4.3036e-005,0.0314809
4.304e-005,0.0314114
4.3044e-005,0.0313222
4.3048e-005,0.030464
4.3052e-005,0.0306128
4.3056e-005,0.0303896
4.306e-005,0.0298191
4.3064e-005,0.030841
4.3068e-005,0.0296008
4.3072e-005,0.0297149
4.3076e-005,0.0240896
4.308e-005,0.0198681
4.3084e-005,0.0194812
4.3088e-005,0.0190992
4.3092e-005,0.0179285
4.3096e-005,0.0185833
4.31e-005,0.00929712
4.3104e-005,0.00195048
4.3108e-005,0.000754972
4.3112e-005,9.52134e-005
4.3116e-005,-0.000256989
4.312e-005,0.00090379
4.3124e-005,0.000477179
4.3128e-005,0.000864105
4.3132e-005,2.08044e-005
4.3136e-005,-0.000172659
4.314e-005,0.0090342
4.3144e-005,0.0187967
4.3148e-005,0.0209297
4.3152e-005,0.0237176
4.3156e-005,0.0261284
4.316e-005,0.0288369
4.3164e-005,0.0294917
4.3168e-005,0.0310394
4.3172e-005,0.0327706
4.3176e-005,0.0338868
4.318e-005,0.0346061
4.3184e-005,0.0360298
4.3188e-005,0.0366349
4.3192e-005,0.037126
4.3196e-005,0.0378999
4.32e-005,0.0388126
4.3204e-005,0.0384604
4.3208e-005,0.0391847
4.3212e-005,0.0395468
4.3216e-005,0.0395766
4.322e-005,0.0398345
4.3224e-005,0.040529
4.3228e-005,0.0401322
4.3232e-005,0.0403901
4.3236e-005,0.0410747
4.324e-005,0.0402661
4.3244e-005,0.0403504
4.3248e-005,0.0405588
4.3252e-005,0.0405885
4.3256e-005,0.0408911
4.326e-005,0.0409854
4.3264e-005,0.0413773
4.3268e-005,0.0403256
4.3272e-005,0.0410945
4.3276e-005,0.0415261
4.328e-005,0.0407126
4.3284e-005,0.0413822
4.3288e-005,0.040529
4.3292e-005,0.0412433
4.3296e-005,0.0416303
4.33e-005,0.04103
4.3304e-005,0.0411689
4.3308e-005,0.0409854
4.3312e-005,0.0416997
4.3316e-005,0.0417444
4.332e-005,0.0415559
4.3324e-005,0.0422156
4.3328e-005,0.0420023
4.3332e-005,0.0413326
4.3336e-005,0.0409159
4.334e-005,0.0409854
4.3344e-005,0.0414368
4.3348e-005,0.0415509
4.3352e-005,0.0416104
4.3356e-005,0.0415608
4.336e-005,0.0407374
4.3364e-005,0.0416154
4.3368e-005,0.0417642
4.3372e-005,0.0412334
4.3376e-005,0.0408267
4.338e-005,0.0407324
4.3384e-005,0.0416055
4.3388e-005,0.0415162
4.3392e-005,0.0412483
4.3396e-005,0.0421164
4.34e-005,0.0415856
4.3404e-005,0.0411789
4.3408e-005,0.0403951
4.3412e-005,0.0413674
4.3416e-005,0.041159
4.342e-005,0.0411838
4.3424e-005,0.0411789
4.3428e-005,0.0412384
4.3432e-005,0.0409159
4.3436e-005,0.0412582
4.344e-005,0.0408862
4.3444e-005,0.0413723
4.3448e-005,0.0412086
4.3452e-005,0.0418436
4.3456e-005,0.0411044
4.346e-005,0.0407423
4.3464e-005,0.0414666
4.3468e-005,0.0413277
4.3472e-005,0.04103
4.3476e-005,0.0408366
4.348e-005,0.041154
4.3484e-005,0.0410945
4.3488e-005,0.0415807
4.3492e-005,0.0411689
4.3496e-005,0.0408118
4.35e-005,0.0410995
4.3504e-005,0.0412086
4.3508e-005,0.0413723
4.3512e-005,0.0413922
4.3516e-005,0.0409159
4.352e-005,0.0410697
4.3524e-005,0.041035
4.3528e-005,0.0410598
4.3532e-005,0.0410003
4.3536e-005,0.0414616
4.354e-005,0.0409507
4.3544e-005,0.0406679
4.3548e-005,0.041417
4.3552e-005,0.0409755
4.3556e-005,0.0409854
4.356e-005,0.0414467
4.3564e-005,0.0407225
4.3568e-005,0.0412681
4.3572e-005,0.0412929
4.3576e-005,0.0409755
4.358e-005,0.0410995
4.3584e-005,0.0404645
4.3588e-005,0.0412235
4.3592e-005,0.0409854
4.3596e-005,0.0409556
4.36e-005,0.0414814
4.3604e-005,0.0410548
4.3608e-005,0.0410697
4.3612e-005,0.0408763
4.3616e-005,0.040906
4.362e-005,0.0409903
4.3624e-005,0.0411987
4.3628e-005,0.0406729
4.3632e-005,0.0413723
4.3636e-005,0.0413227
4.364e-005,0.0411937
4.3644e-005,0.0416253
4.3648e-005,0.0411491
4.3652e-005,0.0414864
4.3656e-005,0.0412433
4.366e-005,0.0407969
4.3664e-005,0.0410945
4.3668e-005,0.0416848
4.3672e-005,0.0418436
4.3676e-005,0.0416402
4.368e-005,0.0419428
4.3684e-005,0.0413326
4.3688e-005,0.0408465
4.3692e-005,0.0416848
4.3696e-005,0.0412136
4.37e-005,0.0415063
4.3704e-005,0.041283
4.3708e-005,0.0417791
4.3712e-005,0.0415311
4.3716e-005,0.0408167
4.372e-005,0.0415658
4.3724e-005,0.0411789
4.3728e-005,0.0416451
4.3732e-005,0.0411937
4.3736e-005,0.0407423
4.374e-005,0.0413723
4.3744e-005,0.0420519
4.3748e-005,0.0415162
4.3752e-005,0.041283
4.3756e-005,0.0413674
4.376e-005,0.0414021
4.3764e-005,0.0415261
4.3768e-005,0.0412285
4.3772e-005,0.0412037
4.3776e-005,0.0414219
4.378e-005,0.04166
4.3784e-005,0.0406084
4.3788e-005,0.0413773
4.3792e-005,0.0417741
4.3796e-005,0.0408663
4.38e-005,0.0413872
4.3804e-005,0.0411342
4.3808e-005,0.0418485
4.3812e-005,0.041407
4.3816e-005,0.0413723
4.382e-005,0.0376618
4.3824e-005,0.035752
4.3828e-005,0.034611
4.3832e-005,0.0340703
4.3836e-005,0.0340356
4.384e-005,0.033351
4.3844e-005,0.0249875
4.3848e-005,0.019883
4.3852e-005,0.0192431
4.3856e-005,0.0197094
4.386e-005,0.0183899
4.3864e-005,0.0182907
4.3868e-005,0.00911853
4.3872e-005,0.00123119
4.3876e-005,0.0014941
4.388e-005,0.000497021
4.3884e-005,0.000883948
4.3888e-005,0.000888908
4.3892e-005,0.000417652
4.3896e-005,0.000506943
4.39e-005,0.000303558
4.3904e-005,-0.000524861
4.3908e-005,0.00813634
4.3912e-005,0.0194663
4.3916e-005,0.0224328
4.392e-005,0.0256671
4.3924e-005,0.0296653
4.3928e-005,0.0320315
4.3932e-005,0.0329294
4.3936e-005,0.0365407
4.394e-005,0.0369425
4.3944e-005,0.0388523
4.3948e-005,0.0399883
4.3952e-005,0.0413574
4.3956e-005,0.0421859
4.396e-005,0.0428208
4.3964e-005,0.0436095
4.3968e-005,0.0445322
4.3972e-005,0.0453805
4.3976e-005,0.0464867
4.398e-005,0.0467198
4.3984e-005,0.0469083
4.3988e-005,0.0471117
4.3992e-005,0.0476326
4.3996e-005,0.0468488
4.4e-005,0.0475284
4.4004e-005,0.0475879
4.4008e-005,0.0479302
4.4012e-005,0.0482378
4.4016e-005,0.0489967
4.402e-005,0.0489025
4.4024e-005,0.0485453
4.4028e-005,0.0489819
4.4032e-005,0.0484015
4.4036e-005,0.0487041
4.404e-005,0.0489273
4.4044e-005,0.0493688
4.4048e-005,0.0493837
4.4052e-005,0.0500236
4.4056e-005,0.0494978
4.406e-005,0.0496416
4.4064e-005,0.049721
4.4068e-005,0.0493539
4.4072e-005,0.0501327
4.4076e-005,0.0492448
4.408e-005,0.0500137
4.4084e-005,0.0497359
4.4088e-005,0.0501178
4.4092e-005,0.0497954
4.4096e-005,0.0501774
4.41e-005,0.0496962
4.4104e-005,0.0499145
4.4108e-005,0.0505792
4.4112e-005,0.0501079
4.4116e-005,0.0500682
4.412e-005,0.0500335
4.4124e-005,0.0498004
4.4128e-005,0.0498301
4.4132e-005,0.0496019
4.4136e-005,0.0506933
4.414e-005,0.0500881
4.4144e-005,0.0497458
4.4148e-005,0.0499194
4.4152e-005,0.0501476
4.4156e-005,0.0496863
4.416e-005,0.049845
4.4164e-005,0.0493192
4.4168e-005,0.049091
4.4172e-005,0.0496813
4.4176e-005,0.0497904
4.418e-005,0.0495474
4.4184e-005,0.0498748
4.4188e-005,0.0500236
4.4192e-005,0.0497408
4.4196e-005,0.0502716
4.42e-005,0.050981
4.4204e-005,0.0501575
4.4208e-005,0.0501526
4.4212e-005,0.0506238
4.4216e-005,0.0501625
4.422e-005,0.0505941
4.4224e-005,0.0496813
4.4228e-005,0.0499938
4.4232e-005,0.0498698
4.4236e-005,0.0500782
4.424e-005,0.0498748
4.4244e-005,0.0503311
4.4248e-005,0.04985
4.4252e-005,0.0497408
4.4256e-005,0.0505941
4.426e-005,0.0501972
4.4264e-005,0.0502071
4.4268e-005,0.0492696
4.4272e-005,0.0502915
4.4276e-005,0.0500732
4.428e-005,0.0503361
4.4284e-005,0.0503311
4.4288e-005,0.05048
4.4292e-005,0.04984
4.4296e-005,0.0499194
4.43e-005,0.0500633
4.4304e-005,0.049845
4.4308e-005,0.0497904
4.4312e-005,0.0503411
4.4316e-005,0.0507478
4.432e-005,0.0503659
4.4324e-005,0.0506734
4.4328e-005,0.0501674
4.4332e-005,0.0494978
4.4336e-005,0.0505792
4.434e-005,0.0500087
4.4344e-005,0.0503708
4.4348e-005,0.0505445
4.4352e-005,0.0498202
4.4356e-005,0.0499045
4.436e-005,0.0501674
4.4364e-005,0.0500335
4.4368e-005,0.0504155
4.4372e-005,0.0504502
4.4376e-005,0.0503113
4.438e-005,0.0503014
4.4384e-005,0.0499889
4.4388e-005,0.0503708
4.4392e-005,0.050093
4.4396e-005,0.0510157
4.44e-005,0.0510852
4.4404e-005,0.050976
4.4408e-005,0.0504948
4.4412e-005,0.0507478
4.4416e-005,0.0503113
4.442e-005,0.0503857
4.4424e-005,0.0508222
4.4428e-005,0.0505048
4.4432e-005,0.0505147
4.4436e-005,0.0501575
4.444e-005,0.0507429
4.4444e-005,0.0502468
4.4448e-005,0.049974
4.4452e-005,0.0503609
4.4456e-005,0.0505891
4.446e-005,0.0502766
4.4464e-005,0.0509909
4.4468e-005,0.0502468
4.4472e-005,0.0500831
4.4476e-005,0.0513332
4.448e-005,0.0501278
4.4484e-005,0.0503758
4.4488e-005,0.0509314
4.4492e-005,0.0507429
4.4496e-005,0.0501178
4.45e-005,0.0505841
4.4504e-005,0.0501575
4.4508e-005,0.0508917
4.4512e-005,0.0505693
4.4516e-005,0.0501823
4.452e-005,0.05048
4.4524e-005,0.0505445
4.4528e-005,0.0507627
4.4532e-005,0.0507082
4.4536e-005,0.0506337
4.454e-005,0.0501774
4.4544e-005,0.05111
4.4548e-005,0.0501674
4.4552e-005,0.0505097
4.4556e-005,0.0508421
4.456e-005,0.0500434
4.4564e-005,0.0504403
4.4568e-005,0.0503956
4.4572e-005,0.0506685
4.4576e-005,0.0514721
4.458e-005,0.0500186
4.4584e-005,0.0491753
4.4588e-005,0.0438973
4.4592e-005,0.0404893
4.4596e-005,0.0380934
4.46e-005,0.0371757
4.4604e-005,0.0369227
4.4608e-005,0.0348491
4.4612e-005,0.0267187
4.4616e-005,0.0205229
4.462e-005,0.0202948
4.4624e-005,0.0192679
4.4628e-005,0.0186379
4.4632e-005,0.0187619
4.4636e-005,0.00938641
4.464e-005,0.00161316
4.4644e-005,0.00191079
4.4648e-005,0.000308519
4.4652e-005,0.000750012
4.4656e-005,0.000447416
4.466e-005,1.58439e-005
4.4664e-005,0.00118654
4.4668e-005,0.000363085
4.4672e-005,-0.000465334
4.4676e-005,0.00878121
4.468e-005,0.0191538
4.4684e-005,0.0234894
4.4688e-005,0.0270858
4.4692e-005,0.0318182
4.4696e-005,0.0350724
4.47e-005,0.0364216
4.4704e-005,0.0389813
4.4708e-005,0.040777
4.4712e-005,0.0424934
4.4716e-005,0.0428605
4.472e-005,0.0444925
4.4724e-005,0.0457426
4.4728e-005,0.0463428
4.4732e-005,0.0475681
4.4736e-005,0.0479501
4.474e-005,0.0483717
4.4744e-005,0.049091
4.4748e-005,0.0498797
4.4752e-005,0.049969
4.4756e-005,0.0502815
4.476e-005,0.0515018
4.4764e-005,0.0514721
4.4768e-005,0.0520773
4.4772e-005,0.0524047
4.4776e-005,0.0526428
4.478e-005,0.053367
4.4784e-005,0.0538978
4.4788e-005,0.0529305
4.4792e-005,0.0531388
4.4796e-005,0.0540913
4.48e-005,0.0535605
4.4804e-005,0.0543988
4.4808e-005,0.0542947
4.4812e-005,0.0544236
4.4816e-005,0.054756
4.482e-005,0.0547858
4.4824e-005,0.0550536
4.4828e-005,0.0552124
4.4832e-005,0.0555001
4.4836e-005,0.0550735
4.484e-005,0.0554604
4.4844e-005,0.0554554
4.4848e-005,0.0559515
4.4852e-005,0.0560011
4.4856e-005,0.0560954
4.486e-005,0.0553314
4.4864e-005,0.0560061
4.4868e-005,0.0559713
4.4872e-005,0.056011
4.4876e-005,0.0555695
4.488e-005,0.0556191
4.4884e-005,0.0557779
4.4888e-005,0.0559614
4.4892e-005,0.0559614
4.4896e-005,0.0550586
4.49e-005,0.0558573
4.4904e-005,0.0560259
4.4908e-005,0.0559961
4.4912e-005,0.0557828
4.4916e-005,0.0561846
4.492e-005,0.0560309
4.4924e-005,0.0563037
4.4928e-005,0.056016
4.4932e-005,0.056398
4.4936e-005,0.0557828
4.494e-005,0.0559961
4.4944e-005,0.0560805
4.4948e-005,0.0565617
4.4952e-005,0.0564575
4.4956e-005,0.056646
4.496e-005,0.0559912
4.4964e-005,0.0567353
4.4968e-005,0.0566807
4.4972e-005,0.0562194
4.4976e-005,0.0568643
4.498e-005,0.0567601
4.4984e-005,0.0561549
4.4988e-005,0.0564277
4.4992e-005,0.0560011
4.4996e-005,0.0564525
4.5e-005,0.0565071
4.5004e-005,0.057152
4.5008e-005,0.0569486
4.5012e-005,0.0562789
4.5016e-005,0.0569932
4.502e-005,0.0562888
4.5024e-005,0.056765
4.5028e-005,0.0566807
4.5032e-005,0.056398
4.5036e-005,0.0567006
4.504e-005,0.0558275
4.5044e-005,0.0563781
4.5048e-005,0.0568494
4.5052e-005,0.0564724
4.5056e-005,0.0565418
4.506e-005,0.0565914
4.5064e-005,0.0565914
4.5068e-005,0.056269
4.5072e-005,0.0563732
4.5076e-005,0.056145
4.508e-005,0.0562243
4.5084e-005,0.0567452
4.5088e-005,0.056264
4.5092e-005,0.0564773
4.5096e-005,0.0566708
4.51e-005,0.0560954
4.5104e-005,0.0566013
4.5108e-005,0.0568345
4.5112e-005,0.0567601
4.5116e-005,0.0567154
4.512e-005,0.0564773
4.5124e-005,0.0563831
4.5128e-005,0.0564972
4.5132e-005,0.05677
4.5136e-005,0.0570329
4.514e-005,0.0567204
4.5144e-005,0.0568494
4.5148e-005,0.0569287
4.5152e-005,0.0566162
4.5156e-005,0.056517
4.516e-005,0.0567105
4.5164e-005,0.0569436
4.5168e-005,0.0565319
4.5172e-005,0.0567402
4.5176e-005,0.0569139
4.518e-005,0.0567998
4.5184e-005,0.056011
4.5188e-005,0.0568593
4.5192e-005,0.0567849
4.5196e-005,0.0570776
4.52e-005,0.0565071
4.5204e-005,0.0567898
4.5208e-005,0.0567898
4.5212e-005,0.0562442
4.5216e-005,0.0568246
4.522e-005,0.0565071
4.5224e-005,0.0567353
4.5228e-005,0.056646
4.5232e-005,0.0566609
4.5236e-005,0.0568643
4.524e-005,0.056517
4.5244e-005,0.0563682
4.5248e-005,0.0565418
4.5252e-005,0.0560904
4.5256e-005,0.0560458
4.526e-005,0.0565468
4.5264e-005,0.0568444
4.5268e-005,0.0562144
4.5272e-005,0.056388
4.5276e-005,0.0568246
4.528e-005,0.0562144
4.5284e-005,0.0561549
4.5288e-005,0.0561846
4.5292e-005,0.0563682
4.5296e-005,0.0563285
4.53e-005,0.0567353
4.5304e-005,0.0564277
4.5308e-005,0.0571321
4.5312e-005,0.0567303
4.5316e-005,0.0561896
4.532e-005,0.0569635
4.5324e-005,0.0567303
4.5328e-005,0.0568246
4.5332e-005,0.0567948
4.5336e-005,0.05677
4.534e-005,0.0564922
4.5344e-005,0.056775
4.5348e-005,0.0562144
4.5352e-005,0.0552471
4.5356e-005,0.0480394
4.536e-005,0.0423595
4.5364e-005,0.0395468
4.5368e-005,0.0378701
4.5372e-005,0.0371062
4.5376e-005,0.0359305
4.538e-005,0.0263318
4.5384e-005,0.0209297
4.5388e-005,0.0199475
4.5392e-005,0.0188859
4.5396e-005,0.0190695
4.54e-005,0.0188314
4.5404e-005,0.00891515
4.5408e-005,0.00137505
4.5412e-005,0.00112702
4.5416e-005,9.02528e-005
4.542e-005,0.000516864
4.5424e-005,0.000576391
4.5428e-005,0.000462297
4.5432e-005,0.000953396
4.5436e-005,0.00104269
4.544e-005,-0.000311555
4.5444e-005,0.00952034
4.5448e-005,0.0188016
4.5452e-005,0.0197094
4.5456e-005,0.021014
4.546e-005,0.0234348
4.5464e-005,0.0252901
4.5468e-005,0.0251661
4.5472e-005,0.02719
4.5476e-005,0.0278795
4.548e-005,0.0286682
4.5484e-005,0.0290155
4.5488e-005,0.0299183
4.5492e-005,0.0298637
4.5496e-005,0.0305979
4.55e-005,0.0305929
4.5504e-005,0.0315355
4.5508e-005,0.0313916
4.5512e-005,0.0317289
4.5516e-005,0.0319273
4.552e-005,0.0317587
4.5524e-005,0.0316247
4.5528e-005,0.0317091
4.5532e-005,0.0318232
4.5536e-005,0.0320216
4.554e-005,0.0321109
4.5544e-005,0.0326268
4.5548e-005,0.0323292
4.5552e-005,0.0318728
4.5556e-005,0.0317537
4.556e-005,0.0319571
4.5564e-005,0.0322448
4.5568e-005,0.0318083
4.5572e-005,0.032101
4.5576e-005,0.0319968
4.558e-005,0.0312081
4.5584e-005,0.0318133
4.5588e-005,0.0322101
4.5592e-005,0.0318182
4.5596e-005,0.0322051
4.56e-005,0.0313122
4.5604e-005,0.0320464
4.5608e-005,0.0318281
4.5612e-005,0.032091
4.5616e-005,0.0314412
4.562e-005,0.0314809
4.5624e-005,0.0317984
4.5628e-005,0.0311138
4.5632e-005,0.0313569
4.5636e-005,0.0319571
4.564e-005,0.031466
4.5644e-005,0.0313916
4.5648e-005,0.0318033
4.5652e-005,0.0315751
4.5656e-005,0.0314859
4.566e-005,0.0309997
4.5664e-005,0.0318926
4.5668e-005,0.031466
4.5672e-005,0.0312973
4.5676e-005,0.0319125
4.568e-005,0.0313767
4.5684e-005,0.0319174
4.5688e-005,0.0308608
4.5692e-005,0.031719
4.5696e-005,0.0317934
4.57e-005,0.0316992
4.5704e-005,0.0315553
4.5708e-005,0.030841
4.5712e-005,0.0312973
4.5716e-005,0.0316099
4.572e-005,0.0313866
4.5724e-005,0.0315801
4.5728e-005,0.0317636
4.5732e-005,0.0316744
4.5736e-005,0.0316247
4.574e-005,0.0311684
4.5744e-005,0.0312031
4.5748e-005,0.0318083
4.5752e-005,0.0311138
4.5756e-005,0.0306326
4.576e-005,0.0312477
4.5764e-005,0.0317488
4.5768e-005,0.0316744
4.5772e-005,0.0311039
4.5776e-005,0.0312329
4.578e-005,0.0319075
4.5784e-005,0.0316496
4.5788e-005,0.031347
4.5792e-005,0.031094
4.5796e-005,0.0312081
4.58e-005,0.0313966
4.5804e-005,0.0312031
4.5808e-005,0.0310692
4.5812e-005,0.0307467
4.5816e-005,0.0313866
4.582e-005,0.031714
4.5824e-005,0.0312428
4.5828e-005,0.0311188
4.5832e-005,0.0310444
4.5836e-005,0.0309154
4.584e-005,0.0313569
4.5844e-005,0.0308757
4.5848e-005,0.0311932
4.5852e-005,0.0320067
4.5856e-005,0.0317388
4.586e-005,0.0320712
4.5864e-005,0.031714
4.5868e-005,0.0310543
4.5872e-005,0.0316446
4.5876e-005,0.0313668
4.588e-005,0.0317041
4.5884e-005,0.0312973
4.5888e-005,0.0312825
4.5892e-005,0.0312577
4.5896e-005,0.0319075
4.59e-005,0.0314462
4.5904e-005,0.0313172
4.5908e-005,0.0311833
4.5912e-005,0.0312279
4.5916e-005,0.0318529
4.592e-005,0.0319323
4.5924e-005,0.0312477
4.5928e-005,0.0317934
4.5932e-005,0.0312577
4.5936e-005,0.0307616
4.594e-005,0.0317984
4.5944e-005,0.0310344
4.5948e-005,0.0312725
4.5952e-005,0.0317785
4.5956e-005,0.0310543
4.596e-005,0.0309352
4.5964e-005,0.0309203
4.5968e-005,0.0309551
4.5972e-005,0.0311436
4.5976e-005,0.0308658
4.598e-005,0.0317686
4.5984e-005,0.030836
4.5988e-005,0.0316992
4.5992e-005,0.0313073
4.5996e-005,0.0314164
4.6e-005,0.0306971
4.6004e-005,0.0311336
4.6008e-005,0.031724
4.6012e-005,0.0315603
4.6016e-005,0.031337
4.602e-005,0.0309104
4.6024e-005,0.0312676
4.6028e-005,0.0315603
4.6032e-005,0.030459
4.6036e-005,0.0314114
4.604e-005,0.0313916
4.6044e-005,0.0315603
4.6048e-005,0.0312031
4.6052e-005,0.0314462
4.6056e-005,0.031466
4.606e-005,0.0310741
4.6064e-005,0.0304342
4.6068e-005,0.031719
4.6072e-005,0.0306128
4.6076e-005,0.0312577
4.608e-005,0.0311733
4.6084e-005,0.0309005
4.6088e-005,0.0307368
4.6092e-005,0.0316049
4.6096e-005,0.0312279
4.61e-005,0.0314462
4.6104e-005,0.031213
4.6108e-005,0.0317041
4.6112e-005,0.0318232
4.6116e-005,0.0312378
4.612e-005,0.0310989
4.6124e-005,0.0304193
4.6128e-005,0.0292585
4.6132e-005,0.030335
4.6136e-005,0.0294024
4.614e-005,0.0298885
4.6144e-005,0.0297
4.6148e-005,0.0237126
4.6152e-005,0.019764
4.6156e-005,0.0192481
4.616e-005,0.0196152
4.6164e-005,0.0191489
4.6168e-005,0.0189752
4.6172e-005,0.00785854
4.6176e-005,0.000745051
4.618e-005,0.000665682
4.6184e-005,4.56074e-005
4.6188e-005,0.000353164
4.6192e-005,0.00098812
4.6196e-005,0.000268834
4.62e-005,0.000124977
4.6204e-005,0.000229149
4.6208e-005,-0.000460373
4.6212e-005,0.00874649
4.6216e-005,0.0189604
4.622e-005,0.020513
4.6224e-005,0.0231372
4.6228e-005,0.0273239
4.6232e-005,0.0292288
4.6236e-005,0.0297794
4.624e-005,0.0321109
4.6244e-005,0.0327607
4.6248e-005,0.0343134
4.6252e-005,0.0345614
4.6256e-005,0.0362579
4.626e-005,0.0373294
4.6264e-005,0.0372649
4.6268e-005,0.0370913
4.6272e-005,0.0385299
4.6276e-005,0.038763
4.628e-005,0.0394674
4.6284e-005,0.0394923
4.6288e-005,0.0398643
4.6292e-005,0.0400875
4.6296e-005,0.0404695
4.63e-005,0.0405389
4.6304e-005,0.0410201
4.6308e-005,0.041159
4.6312e-005,0.0404149
4.6316e-005,0.041159
4.632e-005,0.0408614
4.6324e-005,0.0408316
4.6328e-005,0.0409655
4.6332e-005,0.0413723
4.6336e-005,0.0411987
4.634e-005,0.0408465
4.6344e-005,0.0417493
4.6348e-005,0.0410796
4.6352e-005,0.0409507
4.6356e-005,0.0411689
4.636e-005,0.0418039
4.6364e-005,0.0405737
4.6368e-005,0.0417543
4.6372e-005,0.0408961
4.6376e-005,0.0412185
4.638e-005,0.0418188
4.6384e-005,0.0410697
4.6388e-005,0.0416303
4.6392e-005,0.0416799
4.6396e-005,0.0418535
4.64e-005,0.0414914
4.6404e-005,0.041794
4.6408e-005,0.0416402
4.6412e-005,0.0416551
4.6416e-005,0.0418783
4.642e-005,0.0412632
4.6424e-005,0.0417047
4.6428e-005,0.0418386
4.6432e-005,0.0420222
4.6436e-005,0.0407671
4.644e-005,0.0420271
4.6444e-005,0.0408911
4.6448e-005,0.0415459
4.6452e-005,0.0414418
4.6456e-005,0.0420023
4.646e-005,0.0414269
4.6464e-005,0.0418733
4.6468e-005,0.0411789
4.6472e-005,0.0413773
4.6476e-005,0.0407522
4.648e-005,0.0410796
4.6484e-005,0.0409705
4.6488e-005,0.0417394
4.6492e-005,0.0405489
4.6496e-005,0.0412185
4.65e-005,0.0414864
4.6504e-005,0.0413872
4.6508e-005,0.0409308
4.6512e-005,0.0413773
4.6516e-005,0.0413624
4.652e-005,0.0410152
4.6524e-005,0.0408663
4.6528e-005,0.04167
4.6532e-005,0.040906
4.6536e-005,0.0414666
4.654e-005,0.041164
4.6544e-005,0.0411243
4.6548e-005,0.0407126
4.6552e-005,0.041665
4.6556e-005,0.0413574
4.656e-005,0.0411044
4.6564e-005,0.0408862
4.6568e-005,0.0414616
4.6572e-005,0.0414864
4.6576e-005,0.0408862
4.658e-005,0.0409407
4.6584e-005,0.0410846
4.6588e-005,0.0405588
4.6592e-005,0.0405191
4.6596e-005,0.040658
4.66e-005,0.040534
4.6604e-005,0.0409903
4.6608e-005,0.041164
4.6612e-005,0.0415013
4.6616e-005,0.0410449
4.662e-005,0.0416749
4.6624e-005,0.0407473
4.6628e-005,0.0411144
4.6632e-005,0.0407572
4.6636e-005,0.0416997
4.664e-005,0.0413277
4.6644e-005,0.0409358
4.6648e-005,0.0409953
4.6652e-005,0.0413029
4.6656e-005,0.0417344
4.666e-005,0.0416253
4.6664e-005,0.0413475
4.6668e-005,0.0415658
4.6672e-005,0.0412285
4.6676e-005,0.041541
4.668e-005,0.0409507
4.6684e-005,0.0409804
4.6688e-005,0.0410648
4.6692e-005,0.0415707
4.6696e-005,0.0409308
4.67e-005,0.0410598
4.6704e-005,0.0414566
4.6708e-005,0.0409854
4.6712e-005,0.0406878
4.6716e-005,0.0409854
4.672e-005,0.0408614
4.6724e-005,0.0408614
4.6728e-005,0.0420321
4.6732e-005,0.0412136
4.6736e-005,0.0407126
4.674e-005,0.041164
4.6744e-005,0.0415658
4.6748e-005,0.0414418
4.6752e-005,0.041536
4.6756e-005,0.0409556
4.676e-005,0.0413822
4.6764e-005,0.0413177
4.6768e-005,0.0414368
4.6772e-005,0.0414765
4.6776e-005,0.0414666
4.678e-005,0.0414269
4.6784e-005,0.0411491
4.6788e-005,0.0416898
4.6792e-005,0.0409209
4.6796e-005,0.0410747
4.68e-005,0.0414715
4.6804e-005,0.0409804
4.6808e-005,0.0406977
4.6812e-005,0.0412929
4.6816e-005,0.0417444
4.682e-005,0.0410747
4.6824e-005,0.0413723
4.6828e-005,0.0412433
4.6832e-005,0.0407919
4.6836e-005,0.0412929
4.684e-005,0.0409209
4.6844e-005,0.0409854
4.6848e-005,0.0414666
4.6852e-005,0.0413177
4.6856e-005,0.040663
4.686e-005,0.0412433
4.6864e-005,0.0412781
4.6868e-005,0.0411888
4.6872e-005,0.0411491
4.6876e-005,0.041164
4.688e-005,0.0412185
4.6884e-005,0.0409953
4.6888e-005,0.0402463
4.6892e-005,0.0379098
4.6896e-005,0.0358115
4.69e-005,0.0342291
4.6904e-005,0.0336586
4.6908e-005,0.0335743
4.6912e-005,0.0331427
4.6916e-005,0.025429
4.692e-005,0.0205081
4.6924e-005,0.0199872
4.6928e-005,0.0190844
4.6932e-005,0.0187173
4.6936e-005,0.0186974
4.694e-005,0.0087961
4.6944e-005,0.00106253
4.6948e-005,0.000789697
4.6952e-005,0.000229149
4.6956e-005,0.000373007
4.696e-005,0.00137505
4.6964e-005,-9.82498e-005
4.6968e-005,0.000888908
4.6972e-005,0.000998041
4.6976e-005,-0.000390925
4.698e-005,0.00898956
4.6984e-005,0.0191538
4.6988e-005,0.0222393
4.6992e-005,0.0260044
4.6996e-005,0.0297992
4.7e-005,0.0326913
4.7004e-005,0.0341695
4.7008e-005,0.0360198
4.7012e-005,0.0377312
4.7016e-005,0.0390607
4.702e-005,0.0404645
4.7024e-005,0.0419378
4.7028e-005,0.0422702
4.7032e-005,0.042667
4.7036e-005,0.0434062
4.704e-005,0.0448447
4.7044e-005,0.0448398
4.7048e-005,0.0462833
4.7052e-005,0.046075
4.7056e-005,0.0467
4.706e-005,0.0468389
4.7064e-005,0.0476574
4.7068e-005,0.0484908
4.7072e-005,0.0481733
4.7076e-005,0.0491803
4.708e-005,0.0490761
4.7084e-005,0.0489918
4.7088e-005,0.0493886
4.7092e-005,0.0492448
4.7096e-005,0.0488281
4.71e-005,0.0498301
4.7104e-005,0.048838
4.7108e-005,0.0494779
4.7112e-005,0.0495375
4.7116e-005,0.0496069
4.712e-005,0.0498847
4.7124e-005,0.0492745
4.7128e-005,0.0506486
4.7132e-005,0.0497706
4.7136e-005,0.0500583
4.714e-005,0.0502468
4.7144e-005,0.0496367
4.7148e-005,0.0503758
4.7152e-005,0.0495722
4.7156e-005,0.0498549
4.716e-005,0.0505147
4.7164e-005,0.04985
4.7168e-005,0.0500682
4.7172e-005,0.0503411
4.7176e-005,0.0504056
4.718e-005,0.0497756
4.7184e-005,0.0505296
4.7188e-005,0.05048
4.7192e-005,0.0505246
4.7196e-005,0.0499244
4.72e-005,0.0509115
4.7204e-005,0.0512042
4.7208e-005,0.0509909
4.7212e-005,0.0507726
4.7216e-005,0.0503907
4.722e-005,0.0506089
4.7224e-005,0.0503857
4.7228e-005,0.0507826
4.7232e-005,0.0496466
4.7236e-005,0.0501526
4.724e-005,0.0502071
4.7244e-005,0.0509859
4.7248e-005,0.0501823
4.7252e-005,0.0503758
4.7256e-005,0.05048
4.726e-005,0.0503808
4.7264e-005,0.0510455
4.7268e-005,0.0513977
4.7272e-005,0.0501625
4.7276e-005,0.0505246
4.728e-005,0.050728
4.7284e-005,0.0499145
4.7288e-005,0.0506238
4.7292e-005,0.0506139
4.7296e-005,0.0506387
4.73e-005,0.0509215
4.7304e-005,0.0507578
4.7308e-005,0.0501972
4.7312e-005,0.0510455
4.7316e-005,0.0506238
4.732e-005,0.0504849
4.7324e-005,0.0502667
4.7328e-005,0.0504254
4.7332e-005,0.0507131
4.7336e-005,0.0504105
4.734e-005,0.0508024
4.7344e-005,0.0509463
4.7348e-005,0.0503262
4.7352e-005,0.0510752
4.7356e-005,0.0500782
4.736e-005,0.0507082
4.7364e-005,0.0508024
4.7368e-005,0.050976
4.7372e-005,0.0501278
4.7376e-005,0.0507578
4.738e-005,0.0511348
4.7384e-005,0.0506982
4.7388e-005,0.0506734
4.7392e-005,0.0510554
4.7396e-005,0.0501129
4.74e-005,0.0510256
4.7404e-005,0.0509909
4.7408e-005,0.0508222
4.7412e-005,0.0509413
4.7416e-005,0.0503708
4.742e-005,0.0507875
4.7424e-005,0.0508322
4.7428e-005,0.0514572
4.7432e-005,0.0509066
4.7436e-005,0.0511199
4.744e-005,0.0507181
4.7444e-005,0.0510157
4.7448e-005,0.0508818
4.7452e-005,0.0509512
4.7456e-005,0.0502567
4.746e-005,0.0504056
4.7464e-005,0.0502171
4.7468e-005,0.0498301
4.7472e-005,0.0503014
4.7476e-005,0.0497805
4.748e-005,0.0504651
4.7484e-005,0.0509711
4.7488e-005,0.0507826
4.7492e-005,0.0503411
4.7496e-005,0.0509165
4.75e-005,0.0506189
4.7504e-005,0.0510554
4.7508e-005,0.0509859
4.7512e-005,0.0506685
4.7516e-005,0.0507528
4.752e-005,0.0510008
4.7524e-005,0.0509314
4.7528e-005,0.0509611
4.7532e-005,0.0513977
4.7536e-005,0.0507578
4.754e-005,0.0503609
4.7544e-005,0.0509611
4.7548e-005,0.0507131
4.7552e-005,0.0508222
4.7556e-005,0.0503857
4.756e-005,0.0511744
4.7564e-005,0.0501625
4.7568e-005,0.050723
4.7572e-005,0.0505395
4.7576e-005,0.0504254
4.758e-005,0.0507826
4.7584e-005,0.0501526
4.7588e-005,0.0509016
4.7592e-005,0.050356
4.7596e-005,0.0509562
4.76e-005,0.0506337
4.7604e-005,0.0508024
4.7608e-005,0.050475
4.7612e-005,0.0506337
4.7616e-005,0.0510703
4.762e-005,0.0510058
4.7624e-005,0.0511298
4.7628e-005,0.0510852
4.7632e-005,0.0511695
4.7636e-005,0.0511248
4.764e-005,0.0511893
4.7644e-005,0.0511943
4.7648e-005,0.0513431
4.7652e-005,0.0512241
4.7656e-005,0.049597
4.766e-005,0.0437088
4.7664e-005,0.0397155
4.7668e-005,0.0378701
4.7672e-005,0.0363968
4.7676e-005,0.0350575
4.768e-005,0.0350525
4.7684e-005,0.026178
4.7688e-005,0.0207511
4.7692e-005,0.0193522
4.7696e-005,0.019134
4.77e-005,0.0187718
4.7704e-005,0.0188363
4.7708e-005,0.00895483
4.7712e-005,0.00158339
4.7716e-005,0.00166772
4.772e-005,0.000313479
4.7724e-005,0.000611115
4.7728e-005,0.0014693
4.7732e-005,0.000258913
4.7736e-005,0.00106253
4.774e-005,0.000164662
4.7744e-005,-0.000475255
4.7748e-005,0.00937152
4.7752e-005,0.0195903
4.7756e-005,0.023405
4.776e-005,0.0273834
4.7764e-005,0.0323391
4.7768e-005,0.0352113
4.7772e-005,0.0362778
4.7776e-005,0.0386241
4.778e-005,0.0406282
4.7784e-005,0.0418833
4.7788e-005,0.0433714
4.7792e-005,0.0448646
4.7796e-005,0.0458418
4.78e-005,0.0463528
4.7804e-005,0.0475879
4.7808e-005,0.047955
4.7812e-005,0.0486148
4.7816e-005,0.0504155
4.782e-005,0.0501228
4.7824e-005,0.0505048
4.7828e-005,0.051482
4.7832e-005,0.0513977
4.7836e-005,0.0516159
4.784e-005,0.0519681
4.7844e-005,0.0516507
4.7848e-005,0.052995
4.7852e-005,0.0531885
4.7856e-005,0.0528859
4.786e-005,0.0532976
4.7864e-005,0.0535109
4.7868e-005,0.0534414
4.7872e-005,0.0534117
4.7876e-005,0.054374
4.788e-005,0.0542451
4.7884e-005,0.053744
4.7888e-005,0.0546419
4.7892e-005,0.0547312
4.7896e-005,0.0550388
4.79e-005,0.0552173
4.7904e-005,0.0552173
4.7908e-005,0.0552669
4.7912e-005,0.0554009
4.7916e-005,0.0546766
4.792e-005,0.0552124
4.7924e-005,0.054751
4.7928e-005,0.0554356
4.7932e-005,0.0546915
4.7936e-005,0.0553463
4.794e-005,0.0553265
4.7944e-005,0.055758
4.7948e-005,0.0560358
4.7952e-005,0.0554257
4.7956e-005,0.0558027
4.796e-005,0.0552917
4.7964e-005,0.0563384
4.7968e-005,0.055391
4.7972e-005,0.0558622
4.7976e-005,0.0558126
4.798e-005,0.0560209
4.7984e-005,0.0561946
4.7988e-005,0.056512
4.7992e-005,0.0559515
4.7996e-005,0.0558672
4.8e-005,0.0568196
4.8004e-005,0.0563682
4.8008e-005,0.056398
4.8012e-005,0.0566113
4.8016e-005,0.0561251
4.802e-005,0.0560061
4.8024e-005,0.0559763
4.8028e-005,0.0560904
4.8032e-005,0.0561846
4.8036e-005,0.0563831
4.804e-005,0.0563632
4.8044e-005,0.0564972
4.8048e-005,0.0562839
4.8052e-005,0.0557828
4.8056e-005,0.0564029
4.806e-005,0.0566658
4.8064e-005,0.0566906
4.8068e-005,0.0559763
4.8072e-005,0.0559366
4.8076e-005,0.0558821
4.808e-005,0.0567254
4.8084e-005,0.0565418
4.8088e-005,0.0564376
4.8092e-005,0.0561747
4.8096e-005,0.0571024
4.81e-005,0.0558027
4.8104e-005,0.0563732
4.8108e-005,0.0562541
4.8112e-005,0.0560259
4.8116e-005,0.056011
4.812e-005,0.0564823
4.8124e-005,0.0559713
4.8128e-005,0.0562392
4.8132e-005,0.0557382
4.8136e-005,0.0561053
4.814e-005,0.0559267
4.8144e-005,0.0564128
4.8148e-005,0.0560954
4.8152e-005,0.0560358
4.8156e-005,0.0558821
4.816e-005,0.0553165
4.8164e-005,0.0558275
4.8168e-005,0.0560458
4.8172e-005,0.0561797
4.8176e-005,0.0557035
4.818e-005,0.0561598
4.8184e-005,0.0566212
4.8188e-005,0.0561598
4.8192e-005,0.0564277
4.8196e-005,0.0559465
4.82e-005,0.0564823
4.8204e-005,0.0563037
4.8208e-005,0.0565369
4.8212e-005,0.056145
4.8216e-005,0.0562194
4.822e-005,0.0562789
4.8224e-005,0.0565964
4.8228e-005,0.0564426
4.8232e-005,0.0557779
4.8236e-005,0.0558424
4.824e-005,0.0560557
4.8244e-005,0.0557035
4.8248e-005,0.0563732
4.8252e-005,0.0562343
4.8256e-005,0.0560706
4.826e-005,0.0555001
4.8264e-005,0.0564327
4.8268e-005,0.055381
4.8272e-005,0.056517
4.8276e-005,0.0567402
4.828e-005,0.0560805
4.8284e-005,0.0564327
4.8288e-005,0.0564872
4.8292e-005,0.0564773
4.8296e-005,0.0566956
4.83e-005,0.0559813
4.8304e-005,0.056269
4.8308e-005,0.056016
4.8312e-005,0.0559217
4.8316e-005,0.0558721
4.832e-005,0.0557134
4.8324e-005,0.0564079
4.8328e-005,0.056145
4.8332e-005,0.0559317
4.8336e-005,0.0566261
4.834e-005,0.0564228
4.8344e-005,0.0561549
4.8348e-005,0.0562491
4.8352e-005,0.0560309
4.8356e-005,0.0554951
4.836e-005,0.0563781
4.8364e-005,0.0562938
4.8368e-005,0.0565319
4.8372e-005,0.0569287
4.8376e-005,0.0564079
4.838e-005,0.0561648
4.8384e-005,0.0563136
4.8388e-005,0.0559069
4.8392e-005,0.0565021
4.8396e-005,0.0565914
4.84e-005,0.0565021
4.8404e-005,0.0567303
4.8408e-005,0.0565617
4.8412e-005,0.0563682
4.8416e-005,0.0563136
4.842e-005,0.0561251
4.8424e-005,0.0549495
4.8428e-005,0.0474986
4.8432e-005,0.0418287
4.8436e-005,0.03852
4.844e-005,0.0370814
4.8444e-005,0.0354246
4.8448e-005,0.0341547
4.8452e-005,0.0253496
4.8456e-005,0.0211877
4.846e-005,0.0198285
4.8464e-005,0.0195606
4.8468e-005,0.0187322
4.8472e-005,0.0190844
4.8476e-005,0.0101057
4.848e-005,0.00183638
4.8484e-005,0.00145938
4.8488e-005,0.000159701
4.8492e-005,0.00108733
4.8496e-005,0.00102781
4.85e-005,0.000551588
4.8504e-005,0.00089883
4.8508e-005,0.000377967
4.8512e-005,0.000115056
4.8516e-005,0.0106712
4.852e-005,0.0186776
4.8524e-005,0.0196499
4.8528e-005,0.0222046
4.8532e-005,0.0232612
4.8536e-005,0.0259598
4.854e-005,0.0258605
4.8544e-005,0.0267038
4.8548e-005,0.0278051
4.8552e-005,0.0286831
4.8556e-005,0.0284549
4.856e-005,0.0305086
4.8564e-005,0.0299084
4.8568e-005,0.0304044
4.8572e-005,0.0307715
4.8576e-005,0.0307715
4.858e-005,0.0305037
4.8584e-005,0.0314462
4.8588e-005,0.031719
4.8592e-005,0.0308112
4.8596e-005,0.0314958
4.86e-005,0.0315603
4.8604e-005,0.0317934
4.8608e-005,0.0317091
4.8612e-005,0.0320563
4.8616e-005,0.031843
4.862e-005,0.0316793
4.8624e-005,0.0322597
4.8628e-005,0.0322845
4.8632e-005,0.0319323
4.8636e-005,0.0313569
4.864e-005,0.0324135
4.8644e-005,0.0318033
4.8648e-005,0.0319472
4.8652e-005,0.0321307
4.8656e-005,0.0313718
4.866e-005,0.0315801
4.8664e-005,0.0313668
4.8668e-005,0.0317636
4.8672e-005,0.0311188
4.8676e-005,0.0315801
4.868e-005,0.0313767
4.8684e-005,0.0314015
4.8688e-005,0.0310642
4.8692e-005,0.0320811
4.8696e-005,0.0311138
4.87e-005,0.0311932
4.8704e-005,0.0310592
4.8708e-005,0.03097
4.8712e-005,0.0313222
4.8716e-005,0.0314412
4.872e-005,0.031347
4.8724e-005,0.031337
4.8728e-005,0.0310741
4.8732e-005,0.0318232
4.8736e-005,0.0311932
4.874e-005,0.0320514
4.8744e-005,0.0313817
4.8748e-005,0.0311485
4.8752e-005,0.0312825
4.8756e-005,0.0311336
4.876e-005,0.0314214
4.8764e-005,0.0308509
4.8768e-005,0.0310493
4.8772e-005,0.0309551
4.8776e-005,0.0310196
4.878e-005,0.0315206
4.8784e-005,0.0314015
4.8788e-005,0.0308261
4.8792e-005,0.0314511
4.8796e-005,0.0307914
4.88e-005,0.0311932
4.8804e-005,0.031347
4.8808e-005,0.0311088
4.8812e-005,0.0315652
4.8816e-005,0.0307666
4.882e-005,0.0312676
4.8824e-005,0.0306277
4.8828e-005,0.0311882
4.8832e-005,0.0315007
4.8836e-005,0.0308459
4.884e-005,0.0310692
4.8844e-005,0.0315206
4.8848e-005,0.032101
4.8852e-005,0.0312428
4.8856e-005,0.0316049
4.886e-005,0.0313222
4.8864e-005,0.0305285
4.8868e-005,0.0311783
4.8872e-005,0.0315999
4.8876e-005,0.0314313
4.888e-005,0.03096
4.8884e-005,0.0313271
4.8888e-005,0.0317091
4.8892e-005,0.0315305
4.8896e-005,0.0315057
4.89e-005,0.0311783
4.8904e-005,0.0308807
4.8908e-005,0.0311585
4.8912e-005,0.0313172
4.8916e-005,0.0313519
4.892e-005,0.030965
4.8924e-005,0.0311634
4.8928e-005,0.0314214
4.8932e-005,0.0312229
4.8936e-005,0.0310989
4.894e-005,0.0313023
4.8944e-005,0.0313172
4.8948e-005,0.0308856
4.8952e-005,0.0307616
4.8956e-005,0.0307616
4.896e-005,0.0311138
4.8964e-005,0.030836
4.8968e-005,0.0311882
4.8972e-005,0.0308459
4.8976e-005,0.0308509
4.898e-005,0.0309848
4.8984e-005,0.0319621
4.8988e-005,0.0315107
4.8992e-005,0.0307765
4.8996e-005,0.030965
4.9e-005,0.0311188
4.9004e-005,0.0306723
4.9008e-005,0.0308459
4.9012e-005,0.0310295
4.9016e-005,0.0314462
4.902e-005,0.0313122
4.9024e-005,0.031089
4.9028e-005,0.0314362
4.9032e-005,0.0309303
4.9036e-005,0.0313817
4.904e-005,0.0305731
4.9044e-005,0.030841
4.9048e-005,0.0315999
4.9052e-005,0.0309898
4.9056e-005,0.0307715
4.906e-005,0.0312577
4.9064e-005,0.0312725
4.9068e-005,0.0311833
4.9072e-005,0.0311287
4.9076e-005,0.0308707
4.908e-005,0.0312577
4.9084e-005,0.0312279
4.9088e-005,0.0313023
4.9092e-005,0.0315702
4.9096e-005,0.0316446
4.91e-005,0.0309749
4.9104e-005,0.0308658
4.9108e-005,0.0315851
4.9112e-005,0.0311585
4.9116e-005,0.0306922
4.912e-005,0.031342
4.9124e-005,0.0305285
4.9128e-005,0.0307666
4.9132e-005,0.0307715
4.9136e-005,0.030454
4.914e-005,0.0315305
4.9144e-005,0.0309402
4.9148e-005,0.0306574
4.9152e-005,0.0304392
4.9156e-005,0.0314164
4.916e-005,0.0302358
4.9164e-005,0.0309203
4.9168e-005,0.0311882
4.9172e-005,0.0310741
4.9176e-005,0.0309898
4.918e-005,0.0312279
4.9184e-005,0.0312477
4.9188e-005,0.0307715
4.9192e-005,0.0308211
4.9196e-005,0.0299034
4.92e-005,0.030077
4.9204e-005,0.0294024
4.9208e-005,0.0297695
4.9212e-005,0.0296653
4.9216e-005,0.0294719
4.922e-005,0.0232463
4.9224e-005,0.019
4.9228e-005,0.0194316
4.9232e-005,0.018747
4.9236e-005,0.0185536
4.924e-005,0.0188859
4.9244e-005,0.00913838
4.9248e-005,0.00153875
4.9252e-005,0.00137505
4.9256e-005,-1.88803e-005
4.926e-005,0.000774815
4.9264e-005,0.00014978
4.9268e-005,0.000705366
4.9272e-005,0.0004871
4.9276e-005,0.000660721
4.928e-005,-0.000395885
4.9284e-005,0.00910365
4.9288e-005,0.018747
4.9292e-005,0.0211629
4.9296e-005,0.0236878
4.93e-005,0.0265501
4.9304e-005,0.0286434
4.9308e-005,0.0291048
4.9312e-005,0.0316793
4.9316e-005,0.0327756
4.932e-005,0.0341497
4.9324e-005,0.0355039
4.9328e-005,0.036124
4.9332e-005,0.0373344
4.9336e-005,0.0373344
4.934e-005,0.0381281
4.9344e-005,0.038639
4.9348e-005,0.0391252
4.9352e-005,0.039527
4.9356e-005,0.0399288
4.936e-005,0.0399387
4.9364e-005,0.0402711
4.9368e-005,0.0409903
4.9372e-005,0.0408465
4.9376e-005,0.0401818
4.938e-005,0.0413029
4.9384e-005,0.0405489
4.9388e-005,0.0413078
4.9392e-005,0.0406828
4.9396e-005,0.0411392
4.94e-005,0.0409903
4.9404e-005,0.0415112
4.9408e-005,0.0407374
4.9412e-005,0.0406233
4.9416e-005,0.0413624
4.942e-005,0.0410152
4.9424e-005,0.0415013
4.9428e-005,0.0413574
4.9432e-005,0.0418088
4.9436e-005,0.0409457
4.944e-005,0.0412483
4.9444e-005,0.0416501
4.9448e-005,0.0410945
4.9452e-005,0.0412979
4.9456e-005,0.0409556
4.946e-005,0.0413227
4.9464e-005,0.0410003
4.9468e-005,0.0414021
4.9472e-005,0.0411392
4.9476e-005,0.0415063
4.948e-005,0.0416005
4.9484e-005,0.0410449
4.9488e-005,0.0416501
4.9492e-005,0.0418039
4.9496e-005,0.0416104
4.95e-005,0.0410648
4.9504e-005,0.0413227
4.9508e-005,0.041154
4.9512e-005,0.0413872
4.9516e-005,0.041794
4.952e-005,0.0412185
4.9524e-005,0.0413723
4.9528e-005,0.04104
4.9532e-005,0.0416451
4.9536e-005,0.0415658
4.954e-005,0.0416352
4.9544e-005,0.0412731
4.9548e-005,0.0413078
4.9552e-005,0.0411838
4.9556e-005,0.041283
4.956e-005,0.0409854
4.9564e-005,0.0411441
4.9568e-005,0.0410052
4.9572e-005,0.0410945
4.9576e-005,0.0419626
4.958e-005,0.0409606
4.9584e-005,0.0416253
4.9588e-005,0.04103
4.9592e-005,0.0408018
4.9596e-005,0.0412235
4.96e-005,0.040906
4.9604e-005,0.0401867
4.9608e-005,0.0407126
4.9612e-005,0.0403653
4.9616e-005,0.0408812
4.962e-005,0.0405836
4.9624e-005,0.0408911
4.9628e-005,0.0415906
4.9632e-005,0.0406828
4.9636e-005,0.0410052
4.964e-005,0.0407274
4.9644e-005,0.0405141
4.9648e-005,0.0409457
4.9652e-005,0.0411193
4.9656e-005,0.0415261
4.966e-005,0.0409655
4.9664e-005,0.0412781
4.9668e-005,0.0413078
4.9672e-005,0.0413326
4.9676e-005,0.0408961
4.968e-005,0.0411144
4.9684e-005,0.0410598
4.9688e-005,0.0417196
4.9692e-005,0.0408515
4.9696e-005,0.0411689
4.97e-005,0.0410201
4.9704e-005,0.0409011
4.9708e-005,0.0407026
4.9712e-005,0.0417394
4.9716e-005,0.0409556
4.972e-005,0.0411044
4.9724e-005,0.0409953
4.9728e-005,0.0406977
4.9732e-005,0.0408167
4.9736e-005,0.0412533
4.974e-005,0.0408911
4.9744e-005,0.0412483
4.9748e-005,0.0407026
4.9752e-005,0.0411838
4.9756e-005,0.0407919
4.976e-005,0.0408217
4.9764e-005,0.041407
4.9768e-005,0.0409606
4.9772e-005,0.0404695
4.9776e-005,0.041164
4.978e-005,0.0404993
4.9784e-005,0.0408812
4.9788e-005,0.041288
4.9792e-005,0.0410052
4.9796e-005,0.0412483
4.98e-005,0.040911
4.9804e-005,0.0409556
4.9808e-005,0.0401917
4.9812e-005,0.0409209
4.9816e-005,0.0411987
4.982e-005,0.0407919
4.9824e-005,0.0407423
4.9828e-005,0.0410896
4.9832e-005,0.0406233
4.9836e-005,0.0411044
4.984e-005,0.0409407
4.9844e-005,0.0411144
4.9848e-005,0.0406084
4.9852e-005,0.0411193
4.9856e-005,0.040529
4.986e-005,0.0414864
4.9864e-005,0.0410152
4.9868e-005,0.0403752
4.9872e-005,0.0405935
4.9876e-005,0.0412632
4.988e-005,0.0405538
4.9884e-005,0.0412136
4.9888e-005,0.0417295
4.9892e-005,0.0407175
4.9896e-005,0.0411838
4.99e-005,0.0411689
4.9904e-005,0.0408763
4.9908e-005,0.0411144
4.9912e-005,0.0413227
4.9916e-005,0.0408614
4.992e-005,0.041154
4.9924e-005,0.0411193
4.9928e-005,0.0404943
4.9932e-005,0.0407919
4.9936e-005,0.040911
4.994e-005,0.041283
4.9944e-005,0.0412731
4.9948e-005,0.0410697
4.9952e-005,0.0411342
4.9956e-005,0.0409903
4.996e-005,0.0403901
4.9964e-005,0.037632
4.9968e-005,0.0351716
4.9972e-005,0.0348293
4.9976e-005,0.033232
4.998e-005,0.0331278
4.9984e-005,0.0323788
4.9988e-005,0.0252206
4.9992e-005,0.020136
4.9996e-005,0.0193721
5e-005,0.0192133
5.0004e-005,0.0189455
5.0008e-005,0.0187718
5.0012e-005,0.00962451
5.0016e-005,0.00141969
5.002e-005,0.00156851
5.0024e-005,0.00023411
5.0028e-005,0.000779775
5.0032e-005,0.000531746
5.0036e-005,0.000407731
5.004e-005,0.000561509
5.0044e-005,0.000705366
5.0048e-005,-0.000758009
5.0052e-005,0.00949058
5.0056e-005,0.0193026
5.006e-005,0.0220161
5.0064e-005,0.0255579
5.0068e-005,0.0294322
5.0072e-005,0.0325722
5.0076e-005,0.0336636
5.008e-005,0.0356776
5.0084e-005,0.0371905
5.0088e-005,0.038639
5.0092e-005,0.0399139
5.0096e-005,0.0404596
5.01e-005,0.0410052
5.0104e-005,0.0426571
5.0108e-005,0.0436988
5.0112e-005,0.0442445
5.0116e-005,0.0453706
5.012e-005,0.0455442
5.0124e-005,0.0467198
5.0128e-005,0.0468091
5.0132e-005,0.0463825
5.0136e-005,0.0470472
5.014e-005,0.0476276
5.0144e-005,0.0473002
5.0148e-005,0.047449
5.0152e-005,0.0479897
5.0156e-005,0.0486297
5.016e-005,0.0482626
5.0164e-005,0.0482427
5.0168e-005,0.048466
5.0172e-005,0.0493886
5.0176e-005,0.0495375
5.018e-005,0.0495226
5.0184e-005,0.0495375
5.0188e-005,0.049096
5.0192e-005,0.0489521
5.0196e-005,0.049726
5.02e-005,0.0492249
5.0204e-005,0.0496119
5.0208e-005,0.0499194
5.0212e-005,0.0495077
5.0216e-005,0.0497359
5.022e-005,0.0492299
5.0224e-005,0.0498301
5.0228e-005,0.0498797
5.0232e-005,0.050346
5.0236e-005,0.0501327
5.024e-005,0.0495771
5.0244e-005,0.0498004
5.0248e-005,0.050728
5.0252e-005,0.0498946
5.0256e-005,0.0502667
5.026e-005,0.0498599
5.0264e-005,0.0495821
5.0268e-005,0.0502022
5.0272e-005,0.0497954
5.0276e-005,0.0497012
5.028e-005,0.0499393
5.0284e-005,0.0503163
5.0288e-005,0.0501724
5.0292e-005,0.0494382
5.0296e-005,0.0504849
5.03e-005,0.0506139
5.0304e-005,0.0508173
5.0308e-005,0.0502766
5.0312e-005,0.0502369
5.0316e-005,0.0504502
5.032e-005,0.0502567
5.0324e-005,0.0500434
5.0328e-005,0.0500682
5.0332e-005,0.050346
5.0336e-005,0.050103
5.034e-005,0.0505296
5.0344e-005,0.0504056
5.0348e-005,0.0502468
5.0352e-005,0.0498847
5.0356e-005,0.0505097
5.036e-005,0.0498897
5.0364e-005,0.0514175
5.0368e-005,0.0503411
5.0372e-005,0.0503758
5.0376e-005,0.0507528
5.038e-005,0.0502667
5.0384e-005,0.0500186
5.0388e-005,0.0500732
5.0392e-005,0.0504006
5.0396e-005,0.0499938
5.04e-005,0.0502865
5.0404e-005,0.05047
5.0408e-005,0.0507478
5.0412e-005,0.0502617
5.0416e-005,0.050227
5.042e-005,0.0505693
5.0424e-005,0.0501278
5.0428e-005,0.050098
5.0432e-005,0.0502567
5.0436e-005,0.0508669
5.044e-005,0.0499541
5.0444e-005,0.0497359
5.0448e-005,0.0501377
5.0452e-005,0.0506635
5.0456e-005,0.0507974
5.046e-005,0.0497855
5.0464e-005,0.0500583
5.0468e-005,0.0498103
5.0472e-005,0.0503411
5.0476e-005,0.0501674
5.048e-005,0.0499938
5.0484e-005,0.0507131
5.0488e-005,0.0503163
5.0492e-005,0.0506933
5.0496e-005,0.0498748
5.05e-005,0.0501674
5.0504e-005,0.0499591
5.0508e-005,0.0505445
5.0512e-005,0.050222
5.0516e-005,0.0499492
5.052e-005,0.0507131
5.0524e-005,0.0502766
5.0528e-005,0.0500534
5.0532e-005,0.049969
5.0536e-005,0.0505941
5.054e-005,0.0504899
5.0544e-005,0.0498103
5.0548e-005,0.05048
5.0552e-005,0.0503063
5.0556e-005,0.0500732
5.056e-005,0.0505494
5.0564e-005,0.0503907
5.0568e-005,0.0503708
5.0572e-005,0.0498946
5.0576e-005,0.0500335
5.058e-005,0.0502071
5.0584e-005,0.0495871
5.0588e-005,0.0501774
5.0592e-005,0.050356
5.0596e-005,0.0505048
5.06e-005,0.050093
5.0604e-005,0.0501774
5.0608e-005,0.050475
5.0612e-005,0.049969
5.0616e-005,0.0506437
5.062e-005,0.0503014
5.0624e-005,0.0505593
5.0628e-005,0.0510008
5.0632e-005,0.0508967
5.0636e-005,0.0504403
5.064e-005,0.0501873
5.0644e-005,0.0504899
5.0648e-005,0.0504353
5.0652e-005,0.0501278
5.0656e-005,0.050475
5.066e-005,0.0504651
5.0664e-005,0.05048
5.0668e-005,0.0505891
5.0672e-005,0.0507726
5.0676e-005,0.0503659
5.068e-005,0.0506486
5.0684e-005,0.0506834
5.0688e-005,0.0504601
5.0692e-005,0.0501625
5.0696e-005,0.0508173
5.07e-005,0.0501823
5.0704e-005,0.0501377
5.0708e-005,0.0504304
5.0712e-005,0.0509066
5.0716e-005,0.0501823
5.072e-005,0.0506883
5.0724e-005,0.0503361
5.0728e-005,0.0496367
5.0732e-005,0.0439766
5.0736e-005,0.039651
5.074e-005,0.037756
5.0744e-005,0.0361091
5.0748e-005,0.0354097
5.0752e-005,0.0346656
5.0756e-005,0.0254339
5.076e-005,0.0198185
5.0764e-005,0.0192431
5.0768e-005,0.0191588
5.0772e-005,0.0186379
5.0776e-005,0.0187421
5.078e-005,0.010567
5.0784e-005,0.00224811
5.0788e-005,0.00150898
5.0792e-005,0.000288677
5.0796e-005,0.000725209
5.08e-005,0.00100796
5.0804e-005,0.000194425
5.0808e-005,0.000601194
5.0812e-005,0.00081946
5.0816e-005,-8.83286e-005
5.082e-005,0.00905901
5.0824e-005,0.0193522
5.0828e-005,0.0235638
5.0832e-005,0.0276414
5.0836e-005,0.0315751
5.084e-005,0.0352658
5.0844e-005,0.0371657
5.0848e-005,0.0389615
5.0852e-005,0.0408763
5.0856e-005,0.0420172
5.086e-005,0.0433218
5.0864e-005,0.0451076
5.0868e-005,0.0459212
5.0872e-005,0.0462436
5.0876e-005,0.0470026
5.088e-005,0.0480592
5.0884e-005,0.048838
5.0888e-005,0.0497805
5.0892e-005,0.0500732
5.0896e-005,0.0506486
5.09e-005,0.0506387
5.0904e-005,0.0515862
5.0908e-005,0.0523203
5.0912e-005,0.0514374
5.0916e-005,0.0522162
5.092e-005,0.0524344
5.0924e-005,0.0526329
5.0928e-005,0.0529603
5.0932e-005,0.0537688
5.0936e-005,0.0536299
5.094e-005,0.0540566
5.0944e-005,0.053625
5.0948e-005,0.0543592
5.0952e-005,0.0543443
5.0956e-005,0.0543988
5.096e-005,0.0540516
5.0964e-005,0.0549842
5.0968e-005,0.0557184
5.0972e-005,0.0551925
5.0976e-005,0.0544088
5.098e-005,0.0549891
5.0984e-005,0.0557878
5.0988e-005,0.0554356
5.0992e-005,0.0559862
5.0996e-005,0.0550933
5.1e-005,0.0550139
5.1004e-005,0.0554406
5.1008e-005,0.0552521
5.1012e-005,0.0552421
5.1016e-005,0.0560507
5.102e-005,0.0555398
5.1024e-005,0.055505
5.1028e-005,0.0555348
5.1032e-005,0.0555646
5.1036e-005,0.05551
5.104e-005,0.0548254
5.1044e-005,0.0554852
5.1048e-005,0.0559961
5.1052e-005,0.055768
5.1056e-005,0.0558225
5.106e-005,0.0565567
5.1064e-005,0.0557233
5.1068e-005,0.0555695
5.1072e-005,0.0557432
5.1076e-005,0.0560011
5.108e-005,0.0556439
5.1084e-005,0.055768
5.1088e-005,0.0556836
5.1092e-005,0.0555299
5.1096e-005,0.0561053
5.11e-005,0.0558969
5.1104e-005,0.0556092
5.1108e-005,0.0559118
5.1112e-005,0.0562194
5.1116e-005,0.0554406
5.112e-005,0.0559267
5.1124e-005,0.0559565
5.1128e-005,0.0558969
5.1132e-005,0.0558374
5.1136e-005,0.0561251
5.114e-005,0.0564376
5.1144e-005,0.0561747
5.1148e-005,0.056145
5.1152e-005,0.0567502
5.1156e-005,0.0566162
5.116e-005,0.0567601
5.1164e-005,0.0559118
5.1168e-005,0.0561102
5.1172e-005,0.0566113
5.1176e-005,0.0561896
5.118e-005,0.0560904
5.1184e-005,0.056269
5.1188e-005,0.0563186
5.1192e-005,0.0565468
5.1196e-005,0.0558473
5.12e-005,0.0562591
5.1204e-005,0.056135
5.1208e-005,0.0566807
5.1212e-005,0.0569883
5.1216e-005,0.0559763
5.122e-005,0.0564228
5.1224e-005,0.0562888
5.1228e-005,0.0568444
5.1232e-005,0.0560805
5.1236e-005,0.0559168
5.124e-005,0.0568643
5.1244e-005,0.0563732
5.1248e-005,0.05614
5.1252e-005,0.0566162
5.1256e-005,0.057023
5.126e-005,0.0560755
