LECROYWR104MXi,20621,Waveform
Segments,1,SegmentSize,2501
Segment,TrigTime,TimeSinceSegment1
#1,21-May-2015 13:59:34,0                 
Time,Ampl
4.126e-005,0.0465264
4.1264e-005,0.0463329
4.1268e-005,0.0468439
4.1272e-005,0.0465016
4.1276e-005,0.0462932
4.128e-005,0.0471464
4.1284e-005,0.0463428
4.1288e-005,0.0466901
4.1292e-005,0.0469877
4.1296e-005,0.0463627
4.13e-005,0.0461891
4.1304e-005,0.0463577
4.1308e-005,0.0465512
4.1312e-005,0.0464222
4.1316e-005,0.0468439
4.132e-005,0.0459708
4.1324e-005,0.0456384
4.1328e-005,0.0466405
4.1332e-005,0.0453557
4.1336e-005,0.0462188
4.134e-005,0.0461791
4.1344e-005,0.0464272
4.1348e-005,0.046065
4.1352e-005,0.0467
4.1356e-005,0.0462337
4.136e-005,0.0467496
4.1364e-005,0.0471613
4.1368e-005,0.0465958
4.1372e-005,0.0459708
4.1376e-005,0.0471514
4.138e-005,0.045946
4.1384e-005,0.0462337
4.1388e-005,0.0466008
4.1392e-005,0.0459559
4.1396e-005,0.0467694
4.14e-005,0.0463776
4.1404e-005,0.0464371
4.1408e-005,0.046829
4.1412e-005,0.0466901
4.1416e-005,0.0458418
4.142e-005,0.0463379
4.1424e-005,0.0468141
4.1428e-005,0.0465165
4.1432e-005,0.0467893
4.1436e-005,0.0470423
4.144e-005,0.0470274
4.1444e-005,0.0469381
4.1448e-005,0.0451672
4.1452e-005,0.0403653
4.1456e-005,0.0378801
4.146e-005,0.0366052
4.1464e-005,0.0355039
4.1468e-005,0.0350823
4.1472e-005,0.0340802
4.1476e-005,0.0247593
4.148e-005,0.0198136
4.1484e-005,0.019134
4.1488e-005,0.0187371
4.1492e-005,0.0186379
4.1496e-005,0.0185635
4.15e-005,0.00869192
4.1504e-005,0.00157347
4.1508e-005,0.00153875
4.1512e-005,0.000536706
4.1516e-005,0.000685524
4.152e-005,0.00122127
4.1524e-005,0.000194425
4.1528e-005,0.000333322
4.1532e-005,0.000139859
4.1536e-005,-0.000713363
4.154e-005,0.0102446
4.1544e-005,0.0193671
4.1548e-005,0.0224625
4.1552e-005,0.0268279
4.1556e-005,0.0312527
4.156e-005,0.0340009
4.1564e-005,0.0351964
4.1568e-005,0.0382471
4.1572e-005,0.0394774
4.1576e-005,0.0407076
4.158e-005,0.0422851
4.1584e-005,0.043302
4.1588e-005,0.044051
4.1592e-005,0.0447356
4.1596e-005,0.0457624
4.16e-005,0.0464024
4.1604e-005,0.047702
4.1608e-005,0.0482328
4.1612e-005,0.0483767
4.1616e-005,0.0490315
4.162e-005,0.0490811
4.1624e-005,0.0494283
4.1628e-005,0.0501426
4.1632e-005,0.0503956
4.1636e-005,0.0504601
4.164e-005,0.0509909
4.1644e-005,0.0506437
4.1648e-005,0.0514026
4.1652e-005,0.0516407
4.1656e-005,0.0517449
4.166e-005,0.051983
4.1664e-005,0.0517747
4.1668e-005,0.0519681
4.1672e-005,0.052365
4.1676e-005,0.0531438
4.168e-005,0.0524592
4.1684e-005,0.0528313
4.1688e-005,0.0531091
4.1692e-005,0.0526081
4.1696e-005,0.0529652
4.17e-005,0.0530992
4.1704e-005,0.0527767
4.1708e-005,0.0520822
4.1712e-005,0.0535407
4.1716e-005,0.0528511
4.172e-005,0.0532777
4.1724e-005,0.0530396
4.1728e-005,0.0530446
4.1732e-005,0.0529206
4.1736e-005,0.0529057
4.174e-005,0.0525882
4.1744e-005,0.0529553
4.1748e-005,0.0537936
4.1752e-005,0.052742
4.1756e-005,0.053501
4.176e-005,0.0535059
4.1764e-005,0.0537242
4.1768e-005,0.0531289
4.1772e-005,0.0535059
4.1776e-005,0.0539375
4.178e-005,0.0537391
4.1784e-005,0.0542351
4.1788e-005,0.0536051
4.1792e-005,0.054131
4.1796e-005,0.0537936
4.18e-005,0.0537044
4.1804e-005,0.0539474
4.1808e-005,0.0545427
4.1812e-005,0.05425
4.1816e-005,0.0537093
4.182e-005,0.0542252
4.1824e-005,0.0531785
4.1828e-005,0.0543592
4.1832e-005,0.0544484
4.1836e-005,0.0526924
4.184e-005,0.0534018
4.1844e-005,0.0543988
4.1848e-005,0.0536299
4.1852e-005,0.0535109
4.1856e-005,0.0547064
4.186e-005,0.0534266
4.1864e-005,0.0541558
4.1868e-005,0.0538829
4.1872e-005,0.0542649
4.1876e-005,0.0537986
4.188e-005,0.0542451
4.1884e-005,0.0542798
4.1888e-005,0.0545229
4.1892e-005,0.0544534
4.1896e-005,0.0536051
4.19e-005,0.0535158
4.1904e-005,0.0537837
4.1908e-005,0.0540169
4.1912e-005,0.0543889
4.1916e-005,0.054632
4.192e-005,0.0540814
4.1924e-005,0.0542599
4.1928e-005,0.0543691
4.1932e-005,0.054126
4.1936e-005,0.0547709
4.194e-005,0.0547064
4.1944e-005,0.0540764
4.1948e-005,0.0547808
4.1952e-005,0.054498
4.1956e-005,0.0543443
4.196e-005,0.0543095
4.1964e-005,0.0548006
4.1968e-005,0.0544633
4.1972e-005,0.0538581
4.1976e-005,0.0548453
4.198e-005,0.0547262
4.1984e-005,0.054632
4.1988e-005,0.0546717
4.1992e-005,0.054374
4.1996e-005,0.0543195
4.2e-005,0.0549296
4.2004e-005,0.0540566
4.2008e-005,0.0536448
4.2012e-005,0.0550536
4.2016e-005,0.0543988
4.202e-005,0.0539673
4.2024e-005,0.0539573
4.2028e-005,0.0546121
4.2032e-005,0.0539226
4.2036e-005,0.0542996
4.204e-005,0.0548006
4.2044e-005,0.0538631
4.2048e-005,0.0542599
4.2052e-005,0.0541955
4.2056e-005,0.0538929
4.206e-005,0.0541161
4.2064e-005,0.0540764
4.2068e-005,0.0533472
4.2072e-005,0.0542897
4.2076e-005,0.0541359
4.208e-005,0.0543939
4.2084e-005,0.0541756
4.2088e-005,0.0545576
4.2092e-005,0.0535307
4.2096e-005,0.0543641
4.21e-005,0.054374
4.2104e-005,0.0532579
4.2108e-005,0.0545923
4.2112e-005,0.0535704
4.2116e-005,0.0541111
4.212e-005,0.0540714
4.2124e-005,0.0539921
4.2128e-005,0.0541458
4.2132e-005,0.0545774
4.2136e-005,0.0541062
4.214e-005,0.0545328
4.2144e-005,0.0552173
4.2148e-005,0.054121
4.2152e-005,0.0543195
4.2156e-005,0.0548205
4.216e-005,0.054126
4.2164e-005,0.0544286
4.2168e-005,0.0543046
4.2172e-005,0.053878
4.2176e-005,0.0541359
4.218e-005,0.0548552
4.2184e-005,0.0534018
4.2188e-005,0.0539177
4.2192e-005,0.0545427
4.2196e-005,0.0535258
4.22e-005,0.0545129
4.2204e-005,0.0541806
4.2208e-005,0.0544881
4.2212e-005,0.0546568
4.2216e-005,0.0530198
4.222e-005,0.0463676
4.2224e-005,0.0411789
4.2228e-005,0.0390607
4.2232e-005,0.037255
4.2236e-005,0.0363125
4.224e-005,0.0354742
4.2244e-005,0.0256026
4.2248e-005,0.0201162
4.2252e-005,0.019635
4.2256e-005,0.0187123
4.226e-005,0.0190248
4.2264e-005,0.0184494
4.2268e-005,0.00936656
4.2272e-005,0.0011915
4.2276e-005,0.00150898
4.228e-005,-3.37621e-005
4.2284e-005,0.000333322
4.2288e-005,0.00115182
4.2292e-005,0.000621036
4.2296e-005,0.000695445
4.23e-005,0.00073513
4.2304e-005,-0.000356201
4.2308e-005,0.00963444
4.2312e-005,0.0202799
4.2316e-005,0.0246452
4.232e-005,0.028445
4.2324e-005,0.0336487
4.2328e-005,0.0364415
4.2332e-005,0.0375576
4.2336e-005,0.0404496
4.234e-005,0.042037
4.2344e-005,0.0426174
4.2348e-005,0.0451126
4.2352e-005,0.0460254
4.2356e-005,0.0465165
4.236e-005,0.0477368
4.2364e-005,0.0492051
4.2368e-005,0.0491307
4.2372e-005,0.050093
4.2376e-005,0.0506982
4.238e-005,0.0502171
4.2384e-005,0.0511645
4.2388e-005,0.0521765
4.2392e-005,0.0520574
4.2396e-005,0.0528313
4.24e-005,0.052618
4.2404e-005,0.0534712
4.2408e-005,0.0540913
4.2412e-005,0.0539573
4.2416e-005,0.0551032
4.242e-005,0.0548403
4.2424e-005,0.0548949
4.2428e-005,0.0549197
4.2432e-005,0.0556985
4.2436e-005,0.055505
4.244e-005,0.0556588
4.2444e-005,0.0559813
4.2448e-005,0.0561499
4.2452e-005,0.0559565
4.2456e-005,0.0560656
4.246e-005,0.0567154
4.2464e-005,0.0563037
4.2468e-005,0.0570031
4.2472e-005,0.0567353
4.2476e-005,0.0566658
4.248e-005,0.057018
4.2484e-005,0.0569287
4.2488e-005,0.0574546
4.2492e-005,0.0575488
4.2496e-005,0.0565369
4.25e-005,0.0568593
4.2504e-005,0.057405
4.2508e-005,0.0572165
4.2512e-005,0.0569883
4.2516e-005,0.0575736
4.252e-005,0.0570825
4.2524e-005,0.0574744
4.2528e-005,0.058154
4.2532e-005,0.0573702
4.2536e-005,0.0573653
4.254e-005,0.0575389
4.2544e-005,0.0570031
4.2548e-005,0.0570924
4.2552e-005,0.0575389
4.2556e-005,0.0574446
4.256e-005,0.0575538
4.2564e-005,0.0581788
4.2568e-005,0.0575637
4.2572e-005,0.0581887
4.2576e-005,0.0581094
4.258e-005,0.0579159
4.2584e-005,0.0571569
4.2588e-005,0.0576976
4.2592e-005,0.0572859
4.2596e-005,0.0574992
4.26e-005,0.0579556
4.2604e-005,0.0573057
4.2608e-005,0.0582334
4.2612e-005,0.0575488
4.2616e-005,0.0576629
4.262e-005,0.0574347
4.2624e-005,0.0579556
4.2628e-005,0.0573802
4.2632e-005,0.0579655
4.2636e-005,0.0579258
4.264e-005,0.0577125
4.2644e-005,0.0576381
4.2648e-005,0.0575935
4.2652e-005,0.0578266
4.2656e-005,0.0579953
4.266e-005,0.0579953
4.2664e-005,0.0580052
4.2668e-005,0.0582979
4.2672e-005,0.0579258
4.2676e-005,0.0574397
4.268e-005,0.0578365
4.2684e-005,0.0578365
4.2688e-005,0.0579953
4.2692e-005,0.0576728
4.2696e-005,0.0574446
4.27e-005,0.0583276
4.2704e-005,0.0576431
4.2708e-005,0.0574694
4.2712e-005,0.0581937
4.2716e-005,0.0578365
4.272e-005,0.0580796
4.2724e-005,0.0575637
4.2728e-005,0.0579853
4.2732e-005,0.0579953
4.2736e-005,0.0574
4.274e-005,0.0578117
4.2744e-005,0.0578663
4.2748e-005,0.0573851
4.2752e-005,0.0579655
4.2756e-005,0.0580201
4.276e-005,0.0579605
4.2764e-005,0.0581143
4.2768e-005,0.0583475
4.2772e-005,0.057648
4.2776e-005,0.0578117
4.278e-005,0.0577026
4.2784e-005,0.0572958
4.2788e-005,0.0576381
4.2792e-005,0.0582383
4.2796e-005,0.0577224
4.28e-005,0.0577125
4.2804e-005,0.0581838
4.2808e-005,0.0579209
4.2812e-005,0.0579655
4.2816e-005,0.0582334
4.282e-005,0.0581094
4.2824e-005,0.0581391
4.2828e-005,0.0583375
4.2832e-005,0.0577423
4.2836e-005,0.0578365
4.284e-005,0.0578018
4.2844e-005,0.0578167
4.2848e-005,0.0578365
4.2852e-005,0.0580002
4.2856e-005,0.0580697
4.286e-005,0.0581738
4.2864e-005,0.0577522
4.2868e-005,0.0583425
4.2872e-005,0.0577274
4.2876e-005,0.0579457
4.288e-005,0.0580449
4.2884e-005,0.0579655
4.2888e-005,0.0580449
4.2892e-005,0.0578613
4.2896e-005,0.0579457
4.29e-005,0.0586005
4.2904e-005,0.0579308
4.2908e-005,0.0580746
4.2912e-005,0.05803
4.2916e-005,0.0580746
4.292e-005,0.0580399
4.2924e-005,0.0581094
4.2928e-005,0.0578514
4.2932e-005,0.0575141
4.2936e-005,0.0579903
4.294e-005,0.0576133
4.2944e-005,0.0582979
4.2948e-005,0.058035
4.2952e-005,0.0583375
4.2956e-005,0.0580002
4.296e-005,0.058412
4.2964e-005,0.0579209
4.2968e-005,0.0583872
4.2972e-005,0.0586699
4.2976e-005,0.0581887
4.298e-005,0.0578415
4.2984e-005,0.0565914
4.2988e-005,0.0485056
4.2992e-005,0.042295
4.2996e-005,0.0394774
4.3e-005,0.0374882
4.3004e-005,0.0363472
4.3008e-005,0.0353204
4.3012e-005,0.0250172
4.3016e-005,0.0206668
4.302e-005,0.0203692
4.3024e-005,0.0191439
4.3028e-005,0.018752
4.3032e-005,0.0185734
4.3036e-005,0.0087961
4.304e-005,0.00151394
4.3044e-005,0.00230268
4.3048e-005,0.000313479
4.3052e-005,0.000849224
4.3056e-005,0.00142465
4.306e-005,0.000635918
4.3064e-005,0.000417652
4.3068e-005,0.000809539
4.3072e-005,-0.000638955
4.3076e-005,0.0102148
4.308e-005,0.0190794
4.3084e-005,0.0205973
4.3088e-005,0.0231917
4.3092e-005,0.0257316
4.3096e-005,0.0276712
4.31e-005,0.0283458
4.3104e-005,0.0308013
4.3108e-005,0.0315355
4.3112e-005,0.031967
4.3116e-005,0.0333064
4.312e-005,0.0343729
4.3124e-005,0.0342687
4.3128e-005,0.0352857
4.3132e-005,0.0349682
4.3136e-005,0.0350079
4.314e-005,0.0360694
4.3144e-005,0.0358462
4.3148e-005,0.0358859
4.3152e-005,0.0366796
4.3156e-005,0.0362877
4.316e-005,0.0363075
4.3164e-005,0.0363373
4.3168e-005,0.03726
4.3172e-005,0.0369475
4.3176e-005,0.0369723
4.318e-005,0.0368433
4.3184e-005,0.0366746
4.3188e-005,0.0374435
4.3192e-005,0.0370268
4.3196e-005,0.0367292
4.32e-005,0.037508
4.3204e-005,0.0374584
4.3208e-005,0.0373394
4.3212e-005,0.0373344
4.3216e-005,0.0376618
4.322e-005,0.0366796
4.3224e-005,0.0372104
4.3228e-005,0.0370417
4.3232e-005,0.0373294
4.3236e-005,0.0368383
4.324e-005,0.0369078
4.3244e-005,0.0367391
4.3248e-005,0.0371509
4.3252e-005,0.0368284
4.3256e-005,0.0367937
4.326e-005,0.0370566
4.3264e-005,0.0366994
4.3268e-005,0.037002
4.3272e-005,0.0364613
4.3276e-005,0.0370169
4.328e-005,0.0369425
4.3284e-005,0.0373195
4.3288e-005,0.0365407
4.3292e-005,0.0363572
4.3296e-005,0.0368433
4.33e-005,0.0364663
4.3304e-005,0.036506
4.3308e-005,0.036754
4.3312e-005,0.0374386
4.3316e-005,0.037255
4.332e-005,0.0371409
4.3324e-005,0.0361984
4.3328e-005,0.0371161
4.3332e-005,0.0369673
4.3336e-005,0.03663
4.334e-005,0.0363522
4.3344e-005,0.0367193
4.3348e-005,0.0362927
4.3352e-005,0.0372253
4.3356e-005,0.0369772
4.336e-005,0.036878
4.3364e-005,0.0366647
4.3368e-005,0.0368185
4.3372e-005,0.036248
4.3376e-005,0.0364613
4.338e-005,0.0372699
4.3384e-005,0.0362778
4.3388e-005,0.0363572
4.3392e-005,0.0365804
4.3396e-005,0.0363919
4.34e-005,0.0364365
4.3404e-005,0.0369127
4.3408e-005,0.0365556
4.3412e-005,0.0358512
4.3416e-005,0.0360298
4.342e-005,0.0361835
4.3424e-005,0.0364712
4.3428e-005,0.037007
4.3432e-005,0.0366399
4.3436e-005,0.0360248
4.344e-005,0.0363869
4.3444e-005,0.0365903
4.3448e-005,0.0363472
4.3452e-005,0.0366449
4.3456e-005,0.0364117
4.346e-005,0.0369822
4.3464e-005,0.0366697
4.3468e-005,0.036754
4.3472e-005,0.036506
4.3476e-005,0.0367441
4.348e-005,0.0363324
4.3484e-005,0.0362728
4.3488e-005,0.0368383
4.3492e-005,0.0359256
4.3496e-005,0.0369772
4.35e-005,0.0363423
4.3504e-005,0.0366994
4.3508e-005,0.0366548
4.3512e-005,0.0358809
4.3516e-005,0.0366746
4.352e-005,0.0366598
4.3524e-005,0.0366201
4.3528e-005,0.036878
4.3532e-005,0.0357371
4.3536e-005,0.0365308
4.354e-005,0.0363324
4.3544e-005,0.0365308
4.3548e-005,0.0370715
4.3552e-005,0.0363472
4.3556e-005,0.0365655
4.356e-005,0.0366746
4.3564e-005,0.0363472
4.3568e-005,0.0363175
4.3572e-005,0.0369475
4.3576e-005,0.036119
4.358e-005,0.0357718
4.3584e-005,0.0370368
4.3588e-005,0.0364216
4.3592e-005,0.0364812
4.3596e-005,0.0364961
4.36e-005,0.0364663
4.3604e-005,0.0359305
4.3608e-005,0.0364564
4.3612e-005,0.0363572
4.3616e-005,0.0356676
4.362e-005,0.0361885
4.3624e-005,0.0358462
4.3628e-005,0.0359752
4.3632e-005,0.0362976
4.3636e-005,0.0362331
4.364e-005,0.0356428
4.3644e-005,0.0366449
4.3648e-005,0.0364961
4.3652e-005,0.0365853
4.3656e-005,0.0371608
4.366e-005,0.0366945
4.3664e-005,0.0365705
4.3668e-005,0.0366746
4.3672e-005,0.0356478
4.3676e-005,0.0360992
4.368e-005,0.0362679
4.3684e-005,0.0364266
4.3688e-005,0.0365159
4.3692e-005,0.036501
4.3696e-005,0.0369078
4.37e-005,0.0360942
4.3704e-005,0.0367094
4.3708e-005,0.0363423
4.3712e-005,0.0364216
4.3716e-005,0.0366498
4.372e-005,0.0367986
4.3724e-005,0.035747
4.3728e-005,0.0368086
4.3732e-005,0.0364415
4.3736e-005,0.0357867
4.374e-005,0.0363175
4.3744e-005,0.0364514
4.3748e-005,0.0358016
4.3752e-005,0.0357569
4.3756e-005,0.0341348
4.376e-005,0.0326218
4.3764e-005,0.0325127
4.3768e-005,0.0320861
4.3772e-005,0.0319174
4.3776e-005,0.0320662
4.378e-005,0.0237771
4.3784e-005,0.0201261
4.3788e-005,0.0193076
4.3792e-005,0.0196796
4.3796e-005,0.0179285
4.38e-005,0.0181716
4.3804e-005,0.0068565
4.3808e-005,0.00102284
4.3812e-005,0.00128576
4.3816e-005,-7.34468e-005
4.382e-005,0.000725209
4.3824e-005,0.000978199
4.3828e-005,0.000774815
4.3832e-005,0.000373007
4.3836e-005,0.00090379
4.384e-005,-0.000480216
4.3844e-005,0.0105968
4.3848e-005,0.0192679
4.3852e-005,0.0212621
4.3856e-005,0.024169
4.386e-005,0.0287178
4.3864e-005,0.0305086
4.3868e-005,0.0314958
4.3872e-005,0.0341646
4.3876e-005,0.0354246
4.388e-005,0.0366598
4.3884e-005,0.0380041
4.3888e-005,0.0397254
4.3892e-005,0.0394575
4.3896e-005,0.0410697
4.39e-005,0.041283
4.3904e-005,0.042295
4.3908e-005,0.0431532
4.3912e-005,0.0430242
4.3916e-005,0.0437187
4.392e-005,0.044304
4.3924e-005,0.0439419
4.3928e-005,0.0445273
4.3932e-005,0.0450084
4.3936e-005,0.0451324
4.394e-005,0.044939
4.3944e-005,0.0456235
4.3948e-005,0.0453011
4.3952e-005,0.0450928
4.3956e-005,0.0464073
4.396e-005,0.045435
4.3964e-005,0.0452614
4.3968e-005,0.0466057
4.3972e-005,0.0456632
4.3976e-005,0.0462833
4.398e-005,0.0460998
4.3984e-005,0.0458617
4.3988e-005,0.0456037
4.3992e-005,0.0465214
4.3996e-005,0.0457079
4.4e-005,0.0461841
4.4004e-005,0.0468587
4.4008e-005,0.0463329
4.4012e-005,0.0465214
4.4016e-005,0.0467099
4.402e-005,0.0465512
4.4024e-005,0.0467496
4.4028e-005,0.0469927
4.4032e-005,0.0469579
4.4036e-005,0.0466107
4.404e-005,0.0462089
4.4044e-005,0.0467149
4.4048e-005,0.0461295
4.4052e-005,0.0470572
4.4056e-005,0.0465264
4.406e-005,0.0465165
4.4064e-005,0.046705
4.4068e-005,0.0466802
4.4072e-005,0.045941
4.4076e-005,0.0469183
4.408e-005,0.0460452
4.4084e-005,0.0467248
4.4088e-005,0.0473349
4.4092e-005,0.0465363
4.4096e-005,0.0459857
4.41e-005,0.0461246
4.4104e-005,0.0466107
4.4108e-005,0.0463627
4.4112e-005,0.0470274
4.4116e-005,0.0458666
4.412e-005,0.0461642
4.4124e-005,0.046948
4.4128e-005,0.0466454
4.4132e-005,0.0470572
4.4136e-005,0.0465363
4.414e-005,0.0470621
4.4144e-005,0.0465363
4.4148e-005,0.0467595
4.4152e-005,0.0466901
4.4156e-005,0.0469629
4.416e-005,0.0469927
4.4164e-005,0.0462684
4.4168e-005,0.0465313
4.4172e-005,0.0461891
4.4176e-005,0.0460055
4.418e-005,0.0470621
4.4184e-005,0.0465611
4.4188e-005,0.0460204
4.4192e-005,0.0469579
4.4196e-005,0.0466405
4.42e-005,0.0464916
4.4204e-005,0.0464867
4.4208e-005,0.0464867
4.4212e-005,0.0463478
4.4216e-005,0.0462486
4.422e-005,0.0468587
4.4224e-005,0.0459261
4.4228e-005,0.0469877
4.4232e-005,0.0467149
4.4236e-005,0.0463031
4.424e-005,0.0467446
4.4244e-005,0.0465264
4.4248e-005,0.0457327
4.4252e-005,0.0462982
4.4256e-005,0.0468637
4.426e-005,0.0463329
4.4264e-005,0.0466454
4.4268e-005,0.0463776
4.4272e-005,0.0468141
4.4276e-005,0.0464222
4.428e-005,0.0468488
4.4284e-005,0.046571
4.4288e-005,0.046576
4.4292e-005,0.0472109
4.4296e-005,0.0466653
4.43e-005,0.0473548
4.4304e-005,0.0469431
4.4308e-005,0.0463131
4.4312e-005,0.045941
4.4316e-005,0.0467645
4.432e-005,0.0463329
4.4324e-005,0.0469183
4.4328e-005,0.0471167
4.4332e-005,0.0461097
4.4336e-005,0.0468091
4.434e-005,0.0466802
4.4344e-005,0.0464371
4.4348e-005,0.0466603
4.4352e-005,0.0470125
4.4356e-005,0.0467248
4.436e-005,0.0463974
4.4364e-005,0.0465413
4.4368e-005,0.0462188
4.4372e-005,0.0465512
4.4376e-005,0.0472407
4.438e-005,0.0467893
4.4384e-005,0.0468885
4.4388e-005,0.0473349
4.4392e-005,0.0460849
4.4396e-005,0.046199
4.44e-005,0.0464966
4.4404e-005,0.0460353
4.4408e-005,0.0462535
4.4412e-005,0.0471564
4.4416e-005,0.0457972
4.442e-005,0.0462783
4.4424e-005,0.0464222
4.4428e-005,0.0461097
4.4432e-005,0.0466603
4.4436e-005,0.0462486
4.444e-005,0.0474094
4.4444e-005,0.0461394
4.4448e-005,0.0475631
4.4452e-005,0.0463676
4.4456e-005,0.0468587
4.446e-005,0.0466603
4.4464e-005,0.0461891
4.4468e-005,0.046065
4.4472e-005,0.0467694
4.4476e-005,0.0464272
4.448e-005,0.0468835
4.4484e-005,0.0472556
4.4488e-005,0.0464718
4.4492e-005,0.0464768
4.4496e-005,0.046571
4.45e-005,0.0464272
4.4504e-005,0.0458617
4.4508e-005,0.0475185
4.4512e-005,0.0464569
4.4516e-005,0.0459708
4.452e-005,0.0458716
4.4524e-005,0.0418535
4.4528e-005,0.0383265
4.4532e-005,0.0367094
4.4536e-005,0.035623
4.454e-005,0.0351269
4.4544e-005,0.0343779
4.4548e-005,0.0253397
4.4552e-005,0.0198632
4.4556e-005,0.0199128
4.456e-005,0.0194118
4.4564e-005,0.0189207
4.4568e-005,0.0188165
4.4572e-005,0.00824547
4.4576e-005,0.00101292
4.458e-005,0.00144946
4.4584e-005,0.000144819
4.4588e-005,0.000353164
4.4592e-005,0.00128576
4.4596e-005,0.000611115
4.46e-005,0.000377967
4.4604e-005,0.000526785
4.4608e-005,-0.000475255
4.4612e-005,0.0105422
4.4616e-005,0.0197888
4.462e-005,0.0226461
4.4624e-005,0.0267088
4.4628e-005,0.0316942
4.4632e-005,0.0344275
4.4636e-005,0.0351567
4.464e-005,0.0383265
4.4644e-005,0.0398296
4.4648e-005,0.0412731
4.4652e-005,0.0421809
4.4656e-005,0.0431482
4.466e-005,0.0441651
4.4664e-005,0.0453011
4.4668e-005,0.046199
4.4672e-005,0.0465958
4.4676e-005,0.0471911
4.468e-005,0.0481485
4.4684e-005,0.0498053
4.4688e-005,0.0495523
4.4692e-005,0.0490662
4.4696e-005,0.0494978
4.47e-005,0.0498351
4.4704e-005,0.0507379
4.4708e-005,0.0506933
4.4712e-005,0.0516358
4.4716e-005,0.0511298
4.472e-005,0.0516358
4.4724e-005,0.0515366
4.4728e-005,0.0514622
4.4732e-005,0.0523104
4.4736e-005,0.0525138
4.474e-005,0.0527321
4.4744e-005,0.0523948
4.4748e-005,0.0532182
4.4752e-005,0.052613
4.4756e-005,0.0524344
4.476e-005,0.0523451
4.4764e-005,0.0532529
4.4768e-005,0.052489
4.4772e-005,0.0526378
4.4776e-005,0.0527866
4.478e-005,0.0532331
4.4784e-005,0.053878
4.4788e-005,0.0527172
4.4792e-005,0.0532083
4.4796e-005,0.0532877
4.48e-005,0.0530347
4.4804e-005,0.0535059
4.4808e-005,0.053625
4.4812e-005,0.0537192
4.4816e-005,0.0532678
4.482e-005,0.0537688
4.4824e-005,0.0535853
4.4828e-005,0.0534861
4.4832e-005,0.0538184
4.4836e-005,0.0536944
4.484e-005,0.0528561
4.4844e-005,0.0538482
4.4848e-005,0.0537192
4.4852e-005,0.0535059
4.4856e-005,0.0535605
4.486e-005,0.053501
4.4864e-005,0.0536696
4.4868e-005,0.0538036
4.4872e-005,0.0536597
4.4876e-005,0.0538135
4.488e-005,0.0537639
4.4884e-005,0.0537242
4.4888e-005,0.0528164
4.4892e-005,0.0540962
4.4896e-005,0.0537986
4.49e-005,0.0545229
4.4904e-005,0.0542054
4.4908e-005,0.0536895
4.4912e-005,0.0538581
4.4916e-005,0.0533422
4.492e-005,0.0539474
4.4924e-005,0.053124
4.4928e-005,0.0536845
4.4932e-005,0.054255
4.4936e-005,0.0536597
4.494e-005,0.0536845
4.4944e-005,0.0536795
4.4948e-005,0.0539673
4.4952e-005,0.0541012
4.4956e-005,0.053496
4.496e-005,0.0540169
4.4964e-005,0.0536399
4.4968e-005,0.0533273
4.4972e-005,0.0534613
4.4976e-005,0.0541458
4.498e-005,0.0532133
4.4984e-005,0.0539276
4.4988e-005,0.0540516
4.4992e-005,0.0540913
4.4996e-005,0.0534216
4.5e-005,0.0539425
4.5004e-005,0.0536002
4.5008e-005,0.0537837
4.5012e-005,0.0544336
4.5016e-005,0.0536151
4.502e-005,0.0538532
4.5024e-005,0.053754
4.5028e-005,0.0533621
4.5032e-005,0.0539325
4.5036e-005,0.0542798
4.504e-005,0.0538581
4.5044e-005,0.0534662
4.5048e-005,0.0541508
4.5052e-005,0.0535158
4.5056e-005,0.0538978
4.506e-005,0.0544137
4.5064e-005,0.0540665
4.5068e-005,0.0539722
4.5072e-005,0.0541012
4.5076e-005,0.054131
4.508e-005,0.0540714
4.5084e-005,0.053873
4.5088e-005,0.0544236
4.5092e-005,0.0536597
4.5096e-005,0.0542748
4.51e-005,0.0543095
4.5104e-005,0.0533422
4.5108e-005,0.0542798
4.5112e-005,0.0542054
4.5116e-005,0.0544732
4.512e-005,0.0540764
4.5124e-005,0.0542451
4.5128e-005,0.0543343
4.5132e-005,0.0542203
4.5136e-005,0.054002
4.514e-005,0.0537688
4.5144e-005,0.0538085
4.5148e-005,0.0537639
4.5152e-005,0.0540268
4.5156e-005,0.0536051
4.516e-005,0.0543294
4.5164e-005,0.053754
4.5168e-005,0.0546766
4.5172e-005,0.0537589
4.5176e-005,0.0541409
4.518e-005,0.0541855
4.5184e-005,0.0534266
4.5188e-005,0.0532827
4.5192e-005,0.0543691
4.5196e-005,0.0544137
4.52e-005,0.0543988
4.5204e-005,0.0542996
4.5208e-005,0.0538631
4.5212e-005,0.053248
4.5216e-005,0.0542996
4.522e-005,0.0535605
4.5224e-005,0.0536498
4.5228e-005,0.0541508
4.5232e-005,0.0536795
4.5236e-005,0.0537341
4.524e-005,0.0540466
4.5244e-005,0.0537044
4.5248e-005,0.0539375
4.5252e-005,0.054498
4.5256e-005,0.0530793
4.526e-005,0.0537093
4.5264e-005,0.0545576
4.5268e-005,0.0542252
4.5272e-005,0.0535952
4.5276e-005,0.0547957
4.528e-005,0.0541706
4.5284e-005,0.0540764
4.5288e-005,0.0522063
4.5292e-005,0.0458716
4.5296e-005,0.04103
4.53e-005,0.0390904
4.5304e-005,0.0371062
4.5308e-005,0.0359157
4.5312e-005,0.0348938
4.5316e-005,0.0250172
4.532e-005,0.0202253
4.5324e-005,0.0198731
4.5328e-005,0.0189405
4.5332e-005,0.0185238
4.5336e-005,0.0185536
4.534e-005,0.00850342
4.5344e-005,0.00115182
4.5348e-005,0.00177685
4.5352e-005,0.000115056
4.5356e-005,0.000348204
4.536e-005,0.00103277
4.5364e-005,0.00057143
4.5368e-005,4.56074e-005
4.5372e-005,0.00090379
4.5376e-005,-0.000147856
4.538e-005,0.00960963
4.5384e-005,0.019888
4.5388e-005,0.0235935
4.5392e-005,0.028321
4.5396e-005,0.0336338
4.54e-005,0.0362827
4.5404e-005,0.0379495
4.5408e-005,0.0403951
4.5412e-005,0.0417741
4.5416e-005,0.0428208
4.542e-005,0.0441304
4.5424e-005,0.0457624
4.5428e-005,0.0465909
4.5432e-005,0.0480146
4.5436e-005,0.0479947
4.544e-005,0.0490761
4.5444e-005,0.0490712
4.5448e-005,0.0506288
4.5452e-005,0.0501526
4.5456e-005,0.0512042
4.546e-005,0.0515763
4.5464e-005,0.0520178
4.5468e-005,0.0526031
4.5472e-005,0.0525039
4.5476e-005,0.053491
4.548e-005,0.0530843
4.5484e-005,0.0536448
4.5488e-005,0.0541706
4.5492e-005,0.0545328
4.5496e-005,0.0542004
4.55e-005,0.0546221
4.5504e-005,0.0553562
4.5508e-005,0.0556241
4.5512e-005,0.0551776
4.5516e-005,0.0555596
4.552e-005,0.0553513
4.5524e-005,0.0560755
4.5528e-005,0.0554306
4.5532e-005,0.0560656
4.5536e-005,0.05614
4.554e-005,0.0563136
4.5544e-005,0.0565021
4.5548e-005,0.0565418
4.5552e-005,0.0569734
4.5556e-005,0.056264
4.556e-005,0.0563235
4.5564e-005,0.0573008
4.5568e-005,0.0566509
4.5572e-005,0.0572859
4.5576e-005,0.0568891
4.558e-005,0.0569188
4.5584e-005,0.0570726
4.5588e-005,0.0573206
4.5592e-005,0.0569783
4.5596e-005,0.0573355
4.56e-005,0.0581094
4.5604e-005,0.057648
4.5608e-005,0.0577621
4.5612e-005,0.0578564
4.5616e-005,0.0579357
4.562e-005,0.0574149
4.5624e-005,0.0575538
4.5628e-005,0.0573454
4.5632e-005,0.0573157
4.5636e-005,0.0579209
4.564e-005,0.0580846
4.5644e-005,0.0579457
4.5648e-005,0.0580399
4.5652e-005,0.0579655
4.5656e-005,0.0578117
4.566e-005,0.057777
4.5664e-005,0.0575687
4.5668e-005,0.0579109
4.5672e-005,0.0575736
4.5676e-005,0.0580101
4.568e-005,0.0581292
4.5684e-005,0.0578613
4.5688e-005,0.0581094
4.5692e-005,0.0577373
4.5696e-005,0.0579705
4.57e-005,0.0579705
4.5704e-005,0.0572909
4.5708e-005,0.0575687
4.5712e-005,0.0582284
4.5716e-005,0.0579407
4.572e-005,0.0575042
4.5724e-005,0.057901
4.5728e-005,0.0583127
4.5732e-005,0.0579953
4.5736e-005,0.0572214
4.574e-005,0.057901
4.5744e-005,0.0582483
4.5748e-005,0.057782
4.5752e-005,0.0573901
4.5756e-005,0.0582334
4.576e-005,0.0575835
4.5764e-005,0.0581689
4.5768e-005,0.0582929
4.5772e-005,0.0579903
4.5776e-005,0.0580399
4.578e-005,0.0581689
4.5784e-005,0.0573901
4.5788e-005,0.0572809
4.5792e-005,0.05803
4.5796e-005,0.0579754
4.58e-005,0.0576183
4.5804e-005,0.0581987
4.5808e-005,0.0577076
4.5812e-005,0.0581689
4.5816e-005,0.058278
4.582e-005,0.0575835
4.5824e-005,0.0577423
4.5828e-005,0.0576034
4.5832e-005,0.0576282
4.5836e-005,0.0576232
4.584e-005,0.0584566
4.5844e-005,0.0570478
4.5848e-005,0.0577373
4.5852e-005,0.0583177
4.5856e-005,0.0579357
4.586e-005,0.0581342
4.5864e-005,0.057524
4.5868e-005,0.0577919
4.5872e-005,0.0577472
4.5876e-005,0.058149
4.588e-005,0.0577423
4.5884e-005,0.0578117
4.5888e-005,0.0579754
4.5892e-005,0.057772
4.5896e-005,0.0579655
4.59e-005,0.057653
4.5904e-005,0.0575439
4.5908e-005,0.0576232
4.5912e-005,0.0579209
4.5916e-005,0.0582681
4.592e-005,0.058149
4.5924e-005,0.0578713
4.5928e-005,0.0576728
4.5932e-005,0.057405
4.5936e-005,0.0582036
4.594e-005,0.0572214
4.5944e-005,0.0573553
4.5948e-005,0.057772
4.5952e-005,0.0575587
4.5956e-005,0.0578564
4.596e-005,0.058402
4.5964e-005,0.0570974
4.5968e-005,0.0577472
4.5972e-005,0.0580201
4.5976e-005,0.0578018
4.598e-005,0.0577125
4.5984e-005,0.0580697
4.5988e-005,0.0576034
4.5992e-005,0.0574347
4.5996e-005,0.0575439
4.6e-005,0.0576133
4.6004e-005,0.0575042
4.6008e-005,0.0581441
4.6012e-005,0.0575637
4.6016e-005,0.0576579
4.602e-005,0.0579308
4.6024e-005,0.0577621
4.6028e-005,0.0577373
4.6032e-005,0.0582631
4.6036e-005,0.0577522
4.604e-005,0.057529
4.6044e-005,0.0580002
4.6048e-005,0.058025
4.6052e-005,0.0577076
4.6056e-005,0.0561648
4.606e-005,0.0485056
4.6064e-005,0.0425777
4.6068e-005,0.0394774
4.6072e-005,0.0379346
4.6076e-005,0.0368086
4.608e-005,0.035876
4.6084e-005,0.0241194
4.6088e-005,0.0211232
4.6092e-005,0.0196052
4.6096e-005,0.0191737
4.61e-005,0.0190844
4.6104e-005,0.0186478
4.6108e-005,0.00918798
4.6112e-005,0.00127583
4.6116e-005,0.00241677
4.612e-005,0.000710327
4.6124e-005,-0.00018258
4.6128e-005,0.00121631
4.6132e-005,0.000358125
4.6136e-005,8.03316e-005
4.614e-005,0.000387888
4.6144e-005,-0.000187541
4.6148e-005,0.0105174
4.6152e-005,0.0186826
4.6156e-005,0.0207809
4.616e-005,0.0226709
4.6164e-005,0.0253694
4.6168e-005,0.0271949
4.6172e-005,0.0274926
4.6176e-005,0.0301465
4.618e-005,0.031595
4.6184e-005,0.0320762
4.6188e-005,0.0325325
4.6192e-005,0.0339562
4.6196e-005,0.0340554
4.62e-005,0.0352261
4.6204e-005,0.0355932
4.6208e-005,0.036129
4.6212e-005,0.0359157
4.6216e-005,0.0367242
4.622e-005,0.0368086
4.6224e-005,0.0364911
4.6228e-005,0.0367193
4.6232e-005,0.0370814
4.6236e-005,0.0372451
4.624e-005,0.036253
4.6244e-005,0.0370417
4.6248e-005,0.0372302
4.6252e-005,0.0368185
4.6256e-005,0.0373542
4.626e-005,0.0374981
4.6264e-005,0.037131
4.6268e-005,0.0379743
4.6272e-005,0.0378106
4.6276e-005,0.0374237
4.628e-005,0.0369723
4.6284e-005,0.0373691
4.6288e-005,0.0376866
4.6292e-005,0.0372203
4.6296e-005,0.038133
4.63e-005,0.0370417
4.6304e-005,0.0373344
4.6308e-005,0.0377858
4.6312e-005,0.0376866
4.6316e-005,0.0374534
4.632e-005,0.0375229
4.6324e-005,0.0373145
4.6328e-005,0.0378106
4.6332e-005,0.0370467
4.6336e-005,0.0374187
4.634e-005,0.0374237
4.6344e-005,0.0374237
4.6348e-005,0.0374882
4.6352e-005,0.0368631
4.6356e-005,0.0372947
4.636e-005,0.0371856
4.6364e-005,0.0369723
4.6368e-005,0.0371806
4.6372e-005,0.0368681
4.6376e-005,0.0370467
4.638e-005,0.0378701
4.6384e-005,0.0373741
4.6388e-005,0.036506
4.6392e-005,0.0368235
4.6396e-005,0.0368631
4.64e-005,0.0367887
4.6404e-005,0.0371608
4.6408e-005,0.0367738
4.6412e-005,0.0365506
4.6416e-005,0.0364266
4.642e-005,0.0366349
4.6424e-005,0.0368929
4.6428e-005,0.0368383
4.6432e-005,0.0365457
4.6436e-005,0.0370417
4.644e-005,0.0374187
4.6444e-005,0.0369177
4.6448e-005,0.036754
4.6452e-005,0.0369078
4.6456e-005,0.0374138
4.646e-005,0.0369574
4.6464e-005,0.0374832
4.6468e-005,0.0363572
4.6472e-005,0.0369127
4.6476e-005,0.0366151
4.648e-005,0.036754
4.6484e-005,0.0362282
4.6488e-005,0.0370268
4.6492e-005,0.0365804
4.6496e-005,0.0366449
4.65e-005,0.0368334
4.6504e-005,0.0363373
4.6508e-005,0.036759
4.6512e-005,0.0366697
4.6516e-005,0.0366994
4.652e-005,0.0368631
4.6524e-005,0.0369177
4.6528e-005,0.0366101
4.6532e-005,0.03663
4.6536e-005,0.036506
4.654e-005,0.0367292
4.6544e-005,0.0362331
4.6548e-005,0.0370268
4.6552e-005,0.036749
4.6556e-005,0.0363175
4.656e-005,0.037136
4.6564e-005,0.0368433
4.6568e-005,0.0366201
4.6572e-005,0.0370665
4.6576e-005,0.0364861
4.658e-005,0.0367292
4.6584e-005,0.037384
4.6588e-005,0.0369673
4.6592e-005,0.0361042
4.6596e-005,0.0366101
4.66e-005,0.0374336
4.6604e-005,0.0368582
4.6608e-005,0.0364117
4.6612e-005,0.0366101
4.6616e-005,0.0366101
4.662e-005,0.036759
4.6624e-005,0.0365605
4.6628e-005,0.0361389
4.6632e-005,0.0367887
4.6636e-005,0.0362827
4.664e-005,0.0365754
4.6644e-005,0.0369723
4.6648e-005,0.0371509
4.6652e-005,0.0368681
4.6656e-005,0.0366399
4.666e-005,0.0367391
4.6664e-005,0.0366746
4.6668e-005,0.0365804
4.6672e-005,0.0369227
4.6676e-005,0.0364861
4.668e-005,0.0368631
4.6684e-005,0.0365308
4.6688e-005,0.0363125
4.6692e-005,0.0364415
4.6696e-005,0.037007
4.67e-005,0.0369723
4.6704e-005,0.0370566
4.6708e-005,0.0369673
4.6712e-005,0.0368979
4.6716e-005,0.0371757
4.672e-005,0.0365258
4.6724e-005,0.0366697
4.6728e-005,0.0365903
4.6732e-005,0.0366201
4.6736e-005,0.0363423
4.674e-005,0.0366945
4.6744e-005,0.0369078
4.6748e-005,0.0363423
4.6752e-005,0.036501
4.6756e-005,0.0368483
4.676e-005,0.0364911
4.6764e-005,0.0372848
4.6768e-005,0.0372253
4.6772e-005,0.0366498
4.6776e-005,0.0366498
4.678e-005,0.036124
4.6784e-005,0.0365705
4.6788e-005,0.0367094
4.6792e-005,0.0363919
4.6796e-005,0.0365209
4.68e-005,0.036759
4.6804e-005,0.0365357
4.6808e-005,0.0365457
4.6812e-005,0.0372203
4.6816e-005,0.0369078
4.682e-005,0.0367242
4.6824e-005,0.0365407
4.6828e-005,0.0346904
4.6832e-005,0.0332469
4.6836e-005,0.0325177
4.684e-005,0.0328649
4.6844e-005,0.0320117
4.6848e-005,0.0324879
4.6852e-005,0.0236233
4.6856e-005,0.0200765
4.686e-005,0.0194564
4.6864e-005,0.01964
4.6868e-005,0.0190397
4.6872e-005,0.0178591
4.6876e-005,0.00843397
4.688e-005,0.00189591
4.6884e-005,0.00144946
4.6888e-005,0.000258913
4.6892e-005,0.000343243
4.6896e-005,0.00126095
4.69e-005,0.000353164
4.6904e-005,0.000814499
4.6908e-005,0.000204346
4.6912e-005,-0.000708403
4.6916e-005,0.0100809
4.692e-005,0.0196598
4.6924e-005,0.0217532
4.6928e-005,0.0244815
4.6932e-005,0.0290006
4.6936e-005,0.0305185
4.694e-005,0.0320464
4.6944e-005,0.0346854
4.6948e-005,0.0363572
4.6952e-005,0.0364117
4.6956e-005,0.0379644
4.696e-005,0.039656
4.6964e-005,0.0393881
4.6968e-005,0.0408465
4.6972e-005,0.0412582
4.6976e-005,0.0413773
4.698e-005,0.0429696
4.6984e-005,0.0432127
4.6988e-005,0.043302
4.6992e-005,0.0444231
4.6996e-005,0.0445669
4.7e-005,0.0447158
4.7004e-005,0.0452019
4.7008e-005,0.0447356
4.7012e-005,0.0454797
4.7016e-005,0.045941
4.702e-005,0.0454202
4.7024e-005,0.0454797
4.7028e-005,0.0462387
4.7032e-005,0.0453209
4.7036e-005,0.04544
4.704e-005,0.0462635
4.7044e-005,0.0463776
4.7048e-005,0.046442
4.7052e-005,0.0464024
4.7056e-005,0.0462833
4.706e-005,0.0460055
4.7064e-005,0.0462535
4.7068e-005,0.0463329
4.7072e-005,0.0459708
4.7076e-005,0.0465661
4.708e-005,0.045941
4.7084e-005,0.0461146
4.7088e-005,0.0469133
4.7092e-005,0.0454102
4.7096e-005,0.04544
4.71e-005,0.0458765
4.7104e-005,0.0463279
4.7108e-005,0.045822
4.7112e-005,0.0467198
4.7116e-005,0.0461742
4.712e-005,0.0462783
4.7124e-005,0.0469232
4.7128e-005,0.0459807
4.7132e-005,0.0461295
4.7136e-005,0.0473796
4.714e-005,0.046075
4.7144e-005,0.0468042
4.7148e-005,0.0470274
4.7152e-005,0.0460948
4.7156e-005,0.0462783
4.716e-005,0.0466603
4.7164e-005,0.0461543
4.7168e-005,0.0466305
4.7172e-005,0.0467149
4.7176e-005,0.0465809
4.718e-005,0.0457277
4.7184e-005,0.0467694
4.7188e-005,0.046318
4.7192e-005,0.0459658
4.7196e-005,0.0467942
4.72e-005,0.045192
4.7204e-005,0.0456434
4.7208e-005,0.046824
4.7212e-005,0.0462089
4.7216e-005,0.0465065
4.722e-005,0.0472556
4.7224e-005,0.0460799
4.7228e-005,0.0462039
4.7232e-005,0.0468488
4.7236e-005,0.0462734
4.724e-005,0.0463329
4.7244e-005,0.0466256
4.7248e-005,0.0462535
4.7252e-005,0.0468935
4.7256e-005,0.0466107
4.726e-005,0.0461146
4.7264e-005,0.0463726
4.7268e-005,0.0470324
4.7272e-005,0.0464024
4.7276e-005,0.0465909
4.728e-005,0.0468488
4.7284e-005,0.0463974
4.7288e-005,0.0465809
4.7292e-005,0.0466802
4.7296e-005,0.0464768
4.73e-005,0.046452
4.7304e-005,0.0472258
4.7308e-005,0.0461444
4.7312e-005,0.0464668
4.7316e-005,0.0469778
4.732e-005,0.0469579
4.7324e-005,0.0463875
4.7328e-005,0.0470125
4.7332e-005,0.045812
4.7336e-005,0.0463131
4.734e-005,0.0466504
4.7344e-005,0.0463528
4.7348e-005,0.0464272
4.7352e-005,0.046819
4.7356e-005,0.0462486
4.736e-005,0.0466057
4.7364e-005,0.047459
4.7368e-005,0.0465661
4.7372e-005,0.0462089
4.7376e-005,0.0468339
4.738e-005,0.0463131
4.7384e-005,0.0465462
4.7388e-005,0.0470968
4.7392e-005,0.046829
4.7396e-005,0.0466008
4.74e-005,0.0473498
4.7404e-005,0.0465214
4.7408e-005,0.0467694
4.7412e-005,0.0466206
4.7416e-005,0.0461742
4.742e-005,0.0470671
4.7424e-005,0.0472506
4.7428e-005,0.0465214
4.7432e-005,0.0467496
4.7436e-005,0.0464817
4.744e-005,0.0467843
4.7444e-005,0.0465958
4.7448e-005,0.0471266
4.7452e-005,0.0465611
4.7456e-005,0.0466405
4.746e-005,0.0470968
4.7464e-005,0.0468786
4.7468e-005,0.0463825
4.7472e-005,0.0467
4.7476e-005,0.0467893
4.748e-005,0.0466454
4.7484e-005,0.0470968
4.7488e-005,0.0470324
4.7492e-005,0.0469778
4.7496e-005,0.046571
4.75e-005,0.0468885
4.7504e-005,0.0469083
4.7508e-005,0.0470968
4.7512e-005,0.0458021
4.7516e-005,0.0464619
4.752e-005,0.046948
4.7524e-005,0.0465214
4.7528e-005,0.0465016
4.7532e-005,0.0469083
4.7536e-005,0.0471117
4.754e-005,0.0468091
4.7544e-005,0.0471167
4.7548e-005,0.0462734
4.7552e-005,0.0463478
4.7556e-005,0.0470423
4.756e-005,0.0462436
4.7564e-005,0.0466752
4.7568e-005,0.046953
4.7572e-005,0.0467744
4.7576e-005,0.046824
4.758e-005,0.046824
4.7584e-005,0.0479897
4.7588e-005,0.0461196
4.7592e-005,0.0453358
4.7596e-005,0.0406183
4.76e-005,0.0379743
4.7604e-005,0.0368979
4.7608e-005,0.0355932
4.7612e-005,0.0353948
4.7616e-005,0.0344027
4.762e-005,0.0254091
4.7624e-005,0.019888
4.7628e-005,0.0205031
4.7632e-005,0.0196648
4.7636e-005,0.0186677
4.764e-005,0.0187768
4.7644e-005,0.00843893
4.7648e-005,0.00174709
4.7652e-005,0.00201992
4.7656e-005,-0.000390925
4.766e-005,0.000576391
4.7664e-005,0.00151394
4.7668e-005,0.000472218
4.7672e-005,0.00103277
4.7676e-005,0.000680563
4.768e-005,-0.000668718
4.7684e-005,0.0104381
4.7688e-005,0.0195953
4.7692e-005,0.0231769
4.7696e-005,0.027438
4.77e-005,0.0320315
4.7704e-005,0.0336884
4.7708e-005,0.0360347
4.7712e-005,0.0389763
4.7716e-005,0.039527
4.772e-005,0.0408167
4.7724e-005,0.0422355
4.7728e-005,0.0434756
4.7732e-005,0.0443239
4.7736e-005,0.045822
4.774e-005,0.046452
4.7744e-005,0.0471961
4.7748e-005,0.0479501
4.7752e-005,0.0480344
4.7756e-005,0.0489471
4.776e-005,0.0498152
4.7764e-005,0.0493291
4.7768e-005,0.0495325
4.7772e-005,0.050723
4.7776e-005,0.0501625
4.778e-005,0.0506486
4.7784e-005,0.0517796
4.7788e-005,0.0510752
4.7792e-005,0.0516457
4.7796e-005,0.0522559
4.78e-005,0.051735
4.7804e-005,0.0520525
4.7808e-005,0.0524394
4.7812e-005,0.0532529
4.7816e-005,0.052241
4.782e-005,0.0528362
4.7824e-005,0.0528908
4.7828e-005,0.0528759
4.7832e-005,0.0528412
4.7836e-005,0.0532728
4.784e-005,0.0534563
4.7844e-005,0.0532728
4.7848e-005,0.0537391
4.7852e-005,0.0530694
4.7856e-005,0.0538631
4.786e-005,0.053248
4.7864e-005,0.0536994
4.7868e-005,0.0537639
4.7872e-005,0.0532529
4.7876e-005,0.0533174
4.788e-005,0.0538482
4.7884e-005,0.0540466
4.7888e-005,0.0540268
4.7892e-005,0.0537242
4.7896e-005,0.0533968
4.79e-005,0.053496
4.7904e-005,0.0537242
4.7908e-005,0.0541657
4.7912e-005,0.0544683
4.7916e-005,0.0540318
4.792e-005,0.0539276
4.7924e-005,0.0539028
4.7928e-005,0.0543492
4.7932e-005,0.0533323
4.7936e-005,0.0542004
4.794e-005,0.0538532
4.7944e-005,0.0543393
4.7948e-005,0.0537837
4.7952e-005,0.0544484
4.7956e-005,0.0539524
4.796e-005,0.0538333
4.7964e-005,0.0538631
4.7968e-005,0.0542748
4.7972e-005,0.0541458
4.7976e-005,0.0548205
4.798e-005,0.0545278
4.7984e-005,0.0549891
4.7988e-005,0.0545675
4.7992e-005,0.0537688
4.7996e-005,0.0539375
4.8e-005,0.0539524
4.8004e-005,0.0543046
4.8008e-005,0.0546717
4.8012e-005,0.0547064
4.8016e-005,0.0546022
4.802e-005,0.0540714
4.8024e-005,0.0551528
4.8028e-005,0.0543195
4.8032e-005,0.0545526
4.8036e-005,0.0548155
4.804e-005,0.0548701
4.8044e-005,0.0544881
4.8048e-005,0.0545774
4.8052e-005,0.0543592
4.8056e-005,0.0542351
4.806e-005,0.0545725
4.8064e-005,0.0547709
4.8068e-005,0.0546965
4.8072e-005,0.0544137
4.8076e-005,0.0538432
4.808e-005,0.054508
4.8084e-005,0.0549544
4.8088e-005,0.0544137
4.8092e-005,0.0543889
4.8096e-005,0.0543294
4.81e-005,0.0545427
4.8104e-005,0.054503
4.8108e-005,0.0549197
4.8112e-005,0.0543046
4.8116e-005,0.054384
4.812e-005,0.0546518
4.8124e-005,0.0547312
4.8128e-005,0.0543095
4.8132e-005,0.0543294
4.8136e-005,0.054379
4.814e-005,0.054627
4.8144e-005,0.0547362
4.8148e-005,0.0545625
4.8152e-005,0.0542847
4.8156e-005,0.054384
4.816e-005,0.0542004
4.8164e-005,0.0544137
4.8168e-005,0.0549941
4.8172e-005,0.0546965
4.8176e-005,0.0544633
4.818e-005,0.0543691
4.8184e-005,0.054627
4.8188e-005,0.054379
4.8192e-005,0.0544336
4.8196e-005,0.054384
4.82e-005,0.0542401
4.8204e-005,0.0543095
4.8208e-005,0.0545873
4.8212e-005,0.0545129
4.8216e-005,0.0550685
4.822e-005,0.0547163
4.8224e-005,0.0546022
4.8228e-005,0.0544336
4.8232e-005,0.0548205
4.8236e-005,0.0541607
4.824e-005,0.0546915
4.8244e-005,0.0545377
4.8248e-005,0.0546816
4.8252e-005,0.0544088
4.8256e-005,0.0541905
4.826e-005,0.053744
4.8264e-005,0.0544038
4.8268e-005,0.0539673
4.8272e-005,0.0548006
4.8276e-005,0.0544931
4.828e-005,0.0542798
4.8284e-005,0.0538581
4.8288e-005,0.0550288
4.8292e-005,0.0542351
4.8296e-005,0.0543393
4.83e-005,0.0551429
4.8304e-005,0.0544881
4.8308e-005,0.0545824
4.8312e-005,0.0544931
4.8316e-005,0.0544336
4.832e-005,0.0544385
4.8324e-005,0.0547808
4.8328e-005,0.055138
4.8332e-005,0.0546865
4.8336e-005,0.0552322
4.834e-005,0.0546419
4.8344e-005,0.0548552
4.8348e-005,0.0546419
4.8352e-005,0.05488
4.8356e-005,0.0537341
4.836e-005,0.0523451
4.8364e-005,0.0458716
4.8368e-005,0.0410945
4.8372e-005,0.0387432
4.8376e-005,0.0372302
4.838e-005,0.0362183
4.8384e-005,0.036119
4.8388e-005,0.0255381
4.8392e-005,0.0205477
4.8396e-005,0.0203394
4.84e-005,0.0194167
4.8404e-005,0.0186131
4.8408e-005,0.0180625
4.8412e-005,0.00925247
4.8416e-005,0.00154371
4.842e-005,0.00143457
4.8424e-005,-3.99852e-006
4.8428e-005,0.000695445
4.8432e-005,0.000759933
4.8436e-005,0.000184504
4.844e-005,0.0004871
4.8444e-005,0.000164662
4.8448e-005,-0.000624073
4.8452e-005,0.010195
4.8456e-005,0.0198483
4.846e-005,0.0242632
4.8464e-005,0.0291097
4.8468e-005,0.0337082
4.8472e-005,0.0365903
4.8476e-005,0.0377709
4.848e-005,0.0406133
4.8484e-005,0.0424438
4.8488e-005,0.0434161
4.8492e-005,0.0452465
4.8496e-005,0.0466157
4.85e-005,0.0469877
4.8504e-005,0.0478608
4.8508e-005,0.0486247
4.8512e-005,0.0492795
4.8516e-005,0.0497458
4.852e-005,0.0502171
4.8524e-005,0.0509215
4.8528e-005,0.0517152
4.8532e-005,0.0520574
4.8536e-005,0.0526577
4.854e-005,0.0539177
4.8544e-005,0.0533174
4.8548e-005,0.0539127
4.8552e-005,0.0540516
4.8556e-005,0.0544881
4.856e-005,0.0550636
4.8564e-005,0.0552273
4.8568e-005,0.0551578
4.8572e-005,0.055009
4.8576e-005,0.0556737
4.858e-005,0.0557481
4.8584e-005,0.0564575
4.8588e-005,0.0559565
4.8592e-005,0.0559168
4.8596e-005,0.0560805
4.86e-005,0.0564823
4.8604e-005,0.0569139
4.8608e-005,0.0569287
4.8612e-005,0.0569039
4.8616e-005,0.056775
4.862e-005,0.0562343
4.8624e-005,0.0569486
4.8628e-005,0.0569982
4.8632e-005,0.056765
4.8636e-005,0.0568444
4.864e-005,0.0573107
4.8644e-005,0.0573653
4.8648e-005,0.0573802
4.8652e-005,0.0564277
4.8656e-005,0.0568742
4.866e-005,0.057529
4.8664e-005,0.0572214
4.8668e-005,0.0575439
4.8672e-005,0.0569982
4.8676e-005,0.0567154
4.868e-005,0.0572115
4.8684e-005,0.0579506
4.8688e-005,0.0570776
4.8692e-005,0.0577076
4.8696e-005,0.0578365
4.87e-005,0.0579357
4.8704e-005,0.0571073
4.8708e-005,0.057648
4.8712e-005,0.0576778
4.8716e-005,0.0569982
4.872e-005,0.0574
4.8724e-005,0.0574893
4.8728e-005,0.0569932
4.8732e-005,0.0583623
4.8736e-005,0.0575935
4.874e-005,0.0576381
4.8744e-005,0.0576183
4.8748e-005,0.0577026
4.8752e-005,0.0574446
4.8756e-005,0.05803
4.876e-005,0.0576679
4.8764e-005,0.057395
4.8768e-005,0.0582879
4.8772e-005,0.0576133
4.8776e-005,0.0579804
4.878e-005,0.0580647
4.8784e-005,0.0576381
4.8788e-005,0.0578564
4.8792e-005,0.0581887
4.8796e-005,0.0580052
4.88e-005,0.0578316
4.8804e-005,0.0583425
4.8808e-005,0.0577671
4.8812e-005,0.0574397
4.8816e-005,0.0580548
4.882e-005,0.0579407
4.8824e-005,0.058025
4.8828e-005,0.0579655
4.8832e-005,0.058278
4.8836e-005,0.0578613
4.884e-005,0.0580746
4.8844e-005,0.0574546
4.8848e-005,0.0577671
4.8852e-005,0.057777
4.8856e-005,0.0576282
4.886e-005,0.058412
4.8864e-005,0.0582284
4.8868e-005,0.0580746
4.8872e-005,0.0576579
4.8876e-005,0.0576877
4.888e-005,0.057648
4.8884e-005,0.0574942
4.8888e-005,0.0581639
4.8892e-005,0.0579605
4.8896e-005,0.0578415
4.89e-005,0.0584268
4.8904e-005,0.0572165
4.8908e-005,0.057772
4.8912e-005,0.0581292
4.8916e-005,0.0570924
4.892e-005,0.0577224
4.8924e-005,0.0572016
4.8928e-005,0.0577125
4.8932e-005,0.058149
4.8936e-005,0.0577274
4.894e-005,0.0575736
4.8944e-005,0.0577671
4.8948e-005,0.058149
4.8952e-005,0.0573107
4.8956e-005,0.0575042
4.896e-005,0.0581887
4.8964e-005,0.0579655
4.8968e-005,0.057782
4.8972e-005,0.0578117
4.8976e-005,0.0573107
4.898e-005,0.0574099
4.8984e-005,0.057782
4.8988e-005,0.0575736
4.8992e-005,0.0573405
4.8996e-005,0.058149
4.9e-005,0.0580101
4.9004e-005,0.0575835
4.9008e-005,0.0579258
4.9012e-005,0.0578365
4.9016e-005,0.0576927
4.902e-005,0.0572958
4.9024e-005,0.0577224
4.9028e-005,0.0575786
4.9032e-005,0.058025
4.9036e-005,0.0577572
4.904e-005,0.057906
4.9044e-005,0.0579457
4.9048e-005,0.0580052
4.9052e-005,0.0580746
4.9056e-005,0.0578911
4.906e-005,0.0577572
4.9064e-005,0.0575587
4.9068e-005,0.058278
4.9072e-005,0.0579258
4.9076e-005,0.0572313
4.908e-005,0.0580548
4.9084e-005,0.0580498
4.9088e-005,0.0577076
4.9092e-005,0.0582532
4.9096e-005,0.0579506
4.91e-005,0.0573901
4.9104e-005,0.0581143
4.9108e-005,0.0579506
4.9112e-005,0.0582433
4.9116e-005,0.058159
4.912e-005,0.0581788
4.9124e-005,0.0576431
4.9128e-005,0.0567353
4.9132e-005,0.0486942
4.9136e-005,0.0430738
4.914e-005,0.0394426
4.9144e-005,0.0372054
4.9148e-005,0.0360843
4.9152e-005,0.0357024
4.9156e-005,0.0253446
4.916e-005,0.0207015
4.9164e-005,0.0201112
4.9168e-005,0.0194862
4.9172e-005,0.0187024
4.9176e-005,0.0181716
4.918e-005,0.00936656
4.9184e-005,0.0011419
4.9188e-005,0.00159827
4.9192e-005,3.56862e-005
4.9196e-005,0.000477179
4.92e-005,0.00101788
4.9204e-005,0.000229149
4.9208e-005,0.000606155
4.9212e-005,5.0568e-005
4.9216e-005,-0.00026691
4.922e-005,0.0112714
4.9224e-005,0.0192828
4.9228e-005,0.0209496
4.9232e-005,0.0232562
4.9236e-005,0.0262127
4.924e-005,0.0270858
4.9244e-005,0.0272892
4.9248e-005,0.0301614
4.9252e-005,0.0310146
4.9256e-005,0.0316545
4.926e-005,0.0326516
4.9264e-005,0.0338471
4.9268e-005,0.0329939
4.9272e-005,0.0342935
4.9276e-005,0.0349335
4.928e-005,0.0348392
4.9284e-005,0.036005
4.9288e-005,0.0365556
4.9292e-005,0.0366151
4.9296e-005,0.0366399
4.93e-005,0.0365258
4.9304e-005,0.0364316
4.9308e-005,0.0363472
4.9312e-005,0.0369574
4.9316e-005,0.0371112
4.932e-005,0.0368681
4.9324e-005,0.0367838
4.9328e-005,0.0371558
4.9332e-005,0.0365605
4.9336e-005,0.0367342
4.934e-005,0.0373394
4.9344e-005,0.0375179
4.9348e-005,0.0372054
4.9352e-005,0.0370963
4.9356e-005,0.0369475
4.936e-005,0.0370268
4.9364e-005,0.0365953
4.9368e-005,0.0368929
4.9372e-005,0.0363919
4.9376e-005,0.0363572
4.938e-005,0.036377
4.9384e-005,0.0365953
4.9388e-005,0.0368284
4.9392e-005,0.036754
4.9396e-005,0.0357172
4.94e-005,0.036382
4.9404e-005,0.0363522
4.9408e-005,0.0364812
4.9412e-005,0.0360347
4.9416e-005,0.0361687
4.942e-005,0.036
4.9424e-005,0.0363472
4.9428e-005,0.0359752
4.9432e-005,0.0358958
4.9436e-005,0.0359802
4.944e-005,0.0361885
4.9444e-005,0.035871
4.9448e-005,0.0362282
4.9452e-005,0.0358462
4.9456e-005,0.0361736
4.946e-005,0.0362679
4.9464e-005,0.0358909
4.9468e-005,0.0356081
4.9472e-005,0.0360744
4.9476e-005,0.0370368
4.948e-005,0.036501
4.9484e-005,0.0362083
4.9488e-005,0.0365407
4.9492e-005,0.0360198
4.9496e-005,0.0364911
4.95e-005,0.036124
4.9504e-005,0.0365109
4.9508e-005,0.0357718
4.9512e-005,0.0361091
4.9516e-005,0.0357172
4.952e-005,0.0356131
4.9524e-005,0.0361042
4.9528e-005,0.0357668
4.9532e-005,0.0361339
4.9536e-005,0.0375824
4.954e-005,0.0364464
4.9544e-005,0.0362877
4.9548e-005,0.0360595
4.9552e-005,0.0363175
4.9556e-005,0.035876
4.956e-005,0.0365159
4.9564e-005,0.0363373
4.9568e-005,0.0355684
4.9572e-005,0.0360198
4.9576e-005,0.0361389
4.958e-005,0.0358859
4.9584e-005,0.0362232
4.9588e-005,0.0357718
4.9592e-005,0.0361389
4.9596e-005,0.0363175
4.96e-005,0.0362331
4.9604e-005,0.0363075
4.9608e-005,0.0361687
4.9612e-005,0.0359355
4.9616e-005,0.0361438
4.962e-005,0.0366647
4.9624e-005,0.0363373
4.9628e-005,0.0360446
4.9632e-005,0.0364068
4.9636e-005,0.0367193
4.964e-005,0.0366647
4.9644e-005,0.0365159
4.9648e-005,0.0365853
4.9652e-005,0.0358958
4.9656e-005,0.0368929
4.966e-005,0.0361141
4.9664e-005,0.0364167
4.9668e-005,0.0367193
4.9672e-005,0.0362282
4.9676e-005,0.03663
4.968e-005,0.0368135
4.9684e-005,0.035876
4.9688e-005,0.0361587
4.9692e-005,0.0361935
4.9696e-005,0.0360645
4.97e-005,0.0364514
4.9704e-005,0.0367242
4.9708e-005,0.035876
4.9712e-005,0.0361984
4.9716e-005,0.0363472
4.972e-005,0.0364068
4.9724e-005,0.0362778
4.9728e-005,0.0359405
4.9732e-005,0.0358065
4.9736e-005,0.0356329
4.974e-005,0.0361488
4.9744e-005,0.0361141
4.9748e-005,0.0367441
4.9752e-005,0.0368582
4.9756e-005,0.0358462
4.976e-005,0.0358413
4.9764e-005,0.0362331
4.9768e-005,0.0363968
4.9772e-005,0.0357123
4.9776e-005,0.0365556
4.978e-005,0.0363919
4.9784e-005,0.0366002
4.9788e-005,0.0362381
4.9792e-005,0.0363423
4.9796e-005,0.036
4.98e-005,0.0359603
4.9804e-005,0.0359653
4.9808e-005,0.0357768
4.9812e-005,0.0365754
4.9816e-005,0.0355684
4.982e-005,0.0364564
4.9824e-005,0.0367143
4.9828e-005,0.0368086
4.9832e-005,0.0363274
4.9836e-005,0.0367143
4.984e-005,0.0361984
4.9844e-005,0.0365953
4.9848e-005,0.0365754
4.9852e-005,0.0352658
4.9856e-005,0.0365754
4.986e-005,0.0365903
4.9864e-005,0.0362877
4.9868e-005,0.0359057
4.9872e-005,0.0366052
4.9876e-005,0.036501
4.988e-005,0.0359553
4.9884e-005,0.0368334
4.9888e-005,0.0372997
4.9892e-005,0.0355387
4.9896e-005,0.035871
4.99e-005,0.0344771
4.9904e-005,0.0334453
4.9908e-005,0.0327706
4.9912e-005,0.0325821
4.9916e-005,0.0329195
4.992e-005,0.0327756
4.9924e-005,0.0239954
4.9928e-005,0.0198086
4.9932e-005,0.0203047
4.9936e-005,0.0195259
4.994e-005,0.0193572
4.9944e-005,0.0185089
4.9948e-005,0.00834964
4.9952e-005,0.000933554
4.9956e-005,0.001633
4.996e-005,0.000472218
4.9964e-005,-0.000271871
4.9968e-005,0.00098316
4.9972e-005,0.000258913
4.9976e-005,0.0006508
4.998e-005,-0.000356201
4.9984e-005,-0.000529821
4.9988e-005,0.0105968
4.9992e-005,0.0186082
4.9996e-005,0.0220062
5e-005,0.0250768
5.0004e-005,0.0287278
5.0008e-005,0.0313172
5.0012e-005,0.0319869
5.0016e-005,0.0341894
5.002e-005,0.0362133
5.0024e-005,0.0369326
5.0028e-005,0.0386043
5.0032e-005,0.0392641
5.0036e-005,0.03978
5.004e-005,0.0404199
5.0044e-005,0.0418287
5.0048e-005,0.0418981
5.0052e-005,0.0426869
5.0056e-005,0.0432474
5.006e-005,0.0432077
5.0064e-005,0.0441155
5.0068e-005,0.0447009
5.0072e-005,0.0447356
5.0076e-005,0.0447505
5.008e-005,0.043932
5.0084e-005,0.0451672
5.0088e-005,0.0454102
5.0092e-005,0.0449539
5.0096e-005,0.0455789
5.01e-005,0.0454995
5.0104e-005,0.0460055
5.0108e-005,0.04544
5.0112e-005,0.0458914
5.0116e-005,0.0454995
5.012e-005,0.0458418
5.0124e-005,0.0460303
5.0128e-005,0.0456235
5.0132e-005,0.0459212
5.0136e-005,0.0461543
5.014e-005,0.0461295
5.0144e-005,0.0456732
5.0148e-005,0.0464123
5.0152e-005,0.0458964
5.0156e-005,0.0465512
5.016e-005,0.0470125
5.0164e-005,0.0464024
5.0168e-005,0.0456831
5.0172e-005,0.0467248
5.0176e-005,0.0467694
5.018e-005,0.0460948
5.0184e-005,0.0470472
5.0188e-005,0.0463875
5.0192e-005,0.046442
5.0196e-005,0.0470968
5.02e-005,0.046194
5.0204e-005,0.046318
5.0208e-005,0.0464966
5.0212e-005,0.0458716
5.0216e-005,0.0465363
5.022e-005,0.0467347
5.0224e-005,0.0459757
5.0228e-005,0.0460502
5.0232e-005,0.045812
5.0236e-005,0.046571
5.024e-005,0.0457327
5.0244e-005,0.0462585
5.0248e-005,0.0462089
5.0252e-005,0.0460204
5.0256e-005,0.0462535
5.026e-005,0.0459311
5.0264e-005,0.0462684
5.0268e-005,0.0468091
5.0272e-005,0.0464817
5.0276e-005,0.0463875
5.028e-005,0.0465016
5.0284e-005,0.045822
5.0288e-005,0.0461047
5.0292e-005,0.045817
5.0296e-005,0.0462684
5.03e-005,0.0458617
5.0304e-005,0.0460204
5.0308e-005,0.0466802
5.0312e-005,0.0462783
5.0316e-005,0.0464768
5.032e-005,0.0456186
5.0324e-005,0.0452416
5.0328e-005,0.046695
5.0332e-005,0.0463676
5.0336e-005,0.0466405
5.034e-005,0.0464321
5.0344e-005,0.0453259
5.0348e-005,0.0461295
5.0352e-005,0.0468637
5.0356e-005,0.0459807
5.036e-005,0.0465214
5.0364e-005,0.0461791
5.0368e-005,0.045688
5.0372e-005,0.0461891
5.0376e-005,0.0465909
5.038e-005,0.0460005
5.0384e-005,0.045946
5.0388e-005,0.046953
5.0392e-005,0.0454301
5.0396e-005,0.0458716
5.04e-005,0.0465363
5.0404e-005,0.0457773
5.0408e-005,0.0458914
5.0412e-005,0.0462387
5.0416e-005,0.0463478
5.042e-005,0.0465462
5.0424e-005,0.0470324
5.0428e-005,0.0460353
5.0432e-005,0.0461841
5.0436e-005,0.0466653
5.044e-005,0.0468042
5.0444e-005,0.0459857
5.0448e-005,0.0467744
5.0452e-005,0.045822
5.0456e-005,0.0464123
5.046e-005,0.0466901
5.0464e-005,0.0465214
5.0468e-005,0.0462188
5.0472e-005,0.0470919
5.0476e-005,0.0466405
5.048e-005,0.0463825
5.0484e-005,0.0463726
5.0488e-005,0.0461593
5.0492e-005,0.0460898
5.0496e-005,0.0463875
5.05e-005,0.045693
5.0504e-005,0.045941
5.0508e-005,0.0460849
5.0512e-005,0.0456781
5.0516e-005,0.046318
5.052e-005,0.0468835
5.0524e-005,0.0464321
5.0528e-005,0.0461246
5.0532e-005,0.0468736
5.0536e-005,0.046194
5.054e-005,0.0463776
5.0544e-005,0.0465214
5.0548e-005,0.0457972
5.0552e-005,0.0463924
5.0556e-005,0.0464718
5.056e-005,0.0463329
5.0564e-005,0.0459113
5.0568e-005,0.046452
5.0572e-005,0.0463627
5.0576e-005,0.0456632
5.058e-005,0.0468389
5.0584e-005,0.0459857
5.0588e-005,0.0458964
5.0592e-005,0.0468389
5.0596e-005,0.0460799
5.06e-005,0.046318
5.0604e-005,0.0462139
5.0608e-005,0.0457128
5.0612e-005,0.0464569
5.0616e-005,0.0460799
5.062e-005,0.0458071
5.0624e-005,0.0461742
5.0628e-005,0.0465611
5.0632e-005,0.0460452
5.0636e-005,0.0453209
5.064e-005,0.0460105
5.0644e-005,0.0461444
5.0648e-005,0.0464222
5.0652e-005,0.0460452
5.0656e-005,0.0463875
5.066e-005,0.0455789
5.0664e-005,0.0456186
5.0668e-005,0.0414269
5.0672e-005,0.0372798
5.0676e-005,0.0365506
5.068e-005,0.0355337
5.0684e-005,0.0343481
5.0688e-005,0.0343828
5.0692e-005,0.025553
5.0696e-005,0.0198632
5.07e-005,0.0195507
5.0704e-005,0.0189604
5.0708e-005,0.0182758
5.0712e-005,0.0175317
5.0716e-005,0.00879113
5.072e-005,0.0011419
5.0724e-005,0.00166276
5.0728e-005,-0.000400846
5.0732e-005,0.000596233
5.0736e-005,0.00120639
5.074e-005,-0.000132974
5.0744e-005,0.000809539
5.0748e-005,0.000268834
5.0752e-005,2.5765e-005
5.0756e-005,0.0102297
5.076e-005,0.0193572
5.0764e-005,0.0228991
5.0768e-005,0.0262921
5.0772e-005,0.0310295
5.0776e-005,0.0340703
5.078e-005,0.0354891
5.0784e-005,0.0374237
5.0788e-005,0.0393682
5.0792e-005,0.039646
5.0796e-005,0.0420073
5.08e-005,0.0429795
5.0804e-005,0.0441453
5.0808e-005,0.0452416
5.0812e-005,0.0456335
5.0816e-005,0.0465413
5.082e-005,0.04733
5.0824e-005,0.0478509
5.0828e-005,0.0480691
5.0832e-005,0.0490761
5.0836e-005,0.0486445
5.084e-005,0.0496714
5.0844e-005,0.0504403
5.0848e-005,0.0504502
5.0852e-005,0.0501178
5.0856e-005,0.0510951
5.086e-005,0.0508222
5.0864e-005,0.0507478
5.0868e-005,0.0525882
5.0872e-005,0.0520277
5.0876e-005,0.0519929
5.088e-005,0.0521517
5.0884e-005,0.0523997
5.0888e-005,0.0521765
5.0892e-005,0.0528809
5.0896e-005,0.0520376
5.09e-005,0.0524245
5.0904e-005,0.0525932
5.0908e-005,0.0530843
5.0912e-005,0.0531835
5.0916e-005,0.0534514
5.092e-005,0.0527866
5.0924e-005,0.0520078
5.0928e-005,0.0536746
5.0932e-005,0.053367
5.0936e-005,0.0535109
5.094e-005,0.05362
5.0944e-005,0.0537837
5.0948e-005,0.0527222
5.0952e-005,0.0531339
5.0956e-005,0.0528561
5.096e-005,0.0536151
5.0964e-005,0.0538383
5.0968e-005,0.0538929
5.0972e-005,0.0535903
5.0976e-005,0.0535357
5.098e-005,0.0542103
5.0984e-005,0.0535307
5.0988e-005,0.0541111
5.0992e-005,0.0540069
5.0996e-005,0.0538333
5.1e-005,0.0545774
5.1004e-005,0.0535655
5.1008e-005,0.0535605
5.1012e-005,0.053878
5.1016e-005,0.0538482
5.102e-005,0.0531091
5.1024e-005,0.0541607
5.1028e-005,0.0544534
5.1032e-005,0.0535407
5.1036e-005,0.0533869
5.104e-005,0.0539028
5.1044e-005,0.0535853
5.1048e-005,0.0543343
5.1052e-005,0.053749
5.1056e-005,0.0542798
5.106e-005,0.0540714
5.1064e-005,0.053496
5.1068e-005,0.0532331
5.1072e-005,0.0539028
5.1076e-005,0.0534266
5.108e-005,0.0531388
5.1084e-005,0.0540714
5.1088e-005,0.0533224
5.1092e-005,0.0529851
5.1096e-005,0.054121
5.11e-005,0.0532232
5.1104e-005,0.0538829
5.1108e-005,0.0541012
5.1112e-005,0.0538383
5.1116e-005,0.0532529
5.112e-005,0.0542649
5.1124e-005,0.0540069
5.1128e-005,0.053491
5.1132e-005,0.0547014
5.1136e-005,0.0540913
5.114e-005,0.0541855
5.1144e-005,0.0539673
5.1148e-005,0.0534018
5.1152e-005,0.0538432
5.1156e-005,0.0540814
5.116e-005,0.0530545
5.1164e-005,0.0529702
5.1168e-005,0.0534166
5.1172e-005,0.0539226
5.1176e-005,0.0538432
5.118e-005,0.0543542
5.1184e-005,0.0540764
5.1188e-005,0.0535555
5.1192e-005,0.0540913
5.1196e-005,0.0540218
5.12e-005,0.054002
5.1204e-005,0.0542798
5.1208e-005,0.0538234
5.1212e-005,0.0543244
5.1216e-005,0.0546171
5.122e-005,0.0535307
5.1224e-005,0.0541359
5.1228e-005,0.0538036
5.1232e-005,0.0541161
5.1236e-005,0.0535952
5.124e-005,0.0545129
5.1244e-005,0.0538432
5.1248e-005,0.0541905
5.1252e-005,0.0548056
5.1256e-005,0.0542451
5.126e-005,0.0537292
