LECROYWR104MXi,20621,Waveform
Segments,1,SegmentSize,2501
Segment,TrigTime,TimeSinceSegment1
#1,21-May-2015 13:59:34,0                 
Time,Ampl
4.126e-005,0.0480939
4.1264e-005,0.0486594
4.1268e-005,0.0482874
4.1272e-005,0.0487983
4.1276e-005,0.0480443
4.128e-005,0.0489025
4.1284e-005,0.0482179
4.1288e-005,0.0484412
4.1292e-005,0.0486197
4.1296e-005,0.0483568
4.13e-005,0.0483221
4.1304e-005,0.0488727
4.1308e-005,0.0482229
4.1312e-005,0.0482477
4.1316e-005,0.0482527
4.132e-005,0.0475681
4.1324e-005,0.0479897
4.1328e-005,0.0484412
4.1332e-005,0.0479649
4.1336e-005,0.0486545
4.134e-005,0.0482179
4.1344e-005,0.0479054
4.1348e-005,0.0486247
4.1352e-005,0.0480195
4.1356e-005,0.0484064
4.136e-005,0.0487338
4.1364e-005,0.0480245
4.1368e-005,0.0487487
4.1372e-005,0.0488827
4.1376e-005,0.0496317
4.138e-005,0.0473002
4.1384e-005,0.0471564
4.1388e-005,0.0427216
4.1392e-005,0.0398296
4.1396e-005,0.0377015
4.14e-005,0.0367143
4.1404e-005,0.035742
4.1408e-005,0.0365258
4.1412e-005,0.0262623
4.1416e-005,0.0203047
4.142e-005,0.020637
4.1424e-005,0.0197243
4.1428e-005,0.01963
4.1432e-005,0.0197342
4.1436e-005,0.00954514
4.144e-005,0.001633
4.1444e-005,0.00242669
4.1448e-005,0.000219228
4.1452e-005,0.000551588
4.1456e-005,0.00131056
4.146e-005,0.000918672
4.1464e-005,0.000625997
4.1468e-005,0.000645839
4.1472e-005,-0.000291713
4.1476e-005,0.0107208
4.148e-005,0.0187074
4.1484e-005,0.0188264
4.1488e-005,0.0192381
4.1492e-005,0.0185189
4.1496e-005,0.019005
4.15e-005,0.0184196
4.1504e-005,0.0191836
4.1508e-005,0.0190199
4.1512e-005,0.0189207
4.1516e-005,0.0183998
4.152e-005,0.0191042
4.1524e-005,0.0186726
4.1528e-005,0.0182659
4.1532e-005,0.018747
4.1536e-005,0.0183948
4.154e-005,0.0191489
4.1544e-005,0.0188909
4.1548e-005,0.0191241
4.1552e-005,0.0187123
4.1556e-005,0.0185337
4.156e-005,0.0181667
4.1564e-005,0.0179087
4.1568e-005,0.0182857
4.1572e-005,0.0184097
4.1576e-005,0.01837
4.158e-005,0.0187322
4.1584e-005,0.017998
4.1588e-005,0.0184296
4.1592e-005,0.0184643
4.1596e-005,0.0181617
4.16e-005,0.017998
4.1604e-005,0.0188512
4.1608e-005,0.0182063
4.1612e-005,0.0183254
4.1616e-005,0.0186726
4.162e-005,0.0187322
4.1624e-005,0.0185734
4.1628e-005,0.0185387
4.1632e-005,0.0185238
4.1636e-005,0.0182659
4.164e-005,0.0186578
4.1644e-005,0.0182212
4.1648e-005,0.0181716
4.1652e-005,0.0188512
4.1656e-005,0.0187371
4.166e-005,0.0182609
4.1664e-005,0.0189951
4.1668e-005,0.0182907
4.1672e-005,0.0185536
4.1676e-005,0.0190794
4.168e-005,0.0185933
4.1684e-005,0.0190348
4.1688e-005,0.0181667
4.1692e-005,0.0191786
4.1696e-005,0.0185833
4.17e-005,0.0182113
4.1704e-005,0.0184792
4.1708e-005,0.0183105
4.1712e-005,0.0181617
4.1716e-005,0.0190149
4.172e-005,0.0183998
4.1724e-005,0.0181815
4.1728e-005,0.0186082
4.1732e-005,0.0184147
4.1736e-005,0.0183353
4.174e-005,0.0185139
4.1744e-005,0.0189604
4.1748e-005,0.0181419
4.1752e-005,0.0183601
4.1756e-005,0.0188115
4.176e-005,0.0178095
4.1764e-005,0.018757
4.1768e-005,0.0184792
4.1772e-005,0.0182311
4.1776e-005,0.0181369
4.178e-005,0.0188215
4.1784e-005,0.018633
4.1788e-005,0.0186578
4.1792e-005,0.0188909
4.1796e-005,0.0186677
4.18e-005,0.0188264
4.1804e-005,0.01838
4.1808e-005,0.0187768
4.1812e-005,0.0184196
4.1816e-005,0.0189604
4.182e-005,0.018628
4.1824e-005,0.0188463
4.1828e-005,0.0187123
4.1832e-005,0.0187074
4.1836e-005,0.0188363
4.184e-005,0.0182113
4.1844e-005,0.0182063
4.1848e-005,0.0191439
4.1852e-005,0.0185833
4.1856e-005,0.0183353
4.186e-005,0.0187669
4.1864e-005,0.0190199
4.1868e-005,0.0183651
4.1872e-005,0.0185734
4.1876e-005,0.018623
4.188e-005,0.0192332
4.1884e-005,0.0182113
4.1888e-005,0.018499
4.1892e-005,0.0181022
4.1896e-005,0.0184643
4.19e-005,0.0180674
4.1904e-005,0.0185833
4.1908e-005,0.0183849
4.1912e-005,0.0188661
4.1916e-005,0.0190298
4.192e-005,0.0189256
4.1924e-005,0.0185585
4.1928e-005,0.0181171
4.1932e-005,0.0183155
4.1936e-005,0.0179385
4.194e-005,0.018876
4.1944e-005,0.0185486
4.1948e-005,0.0182758
4.1952e-005,0.0186826
4.1956e-005,0.0188215
4.196e-005,0.0188463
4.1964e-005,0.0188016
4.1968e-005,0.0188115
4.1972e-005,0.0187669
4.1976e-005,0.0185585
4.198e-005,0.018747
4.1984e-005,0.0185883
4.1988e-005,0.0183155
4.1992e-005,0.0188959
4.1996e-005,0.0180327
4.2e-005,0.018375
4.2004e-005,0.0182063
4.2008e-005,0.0179484
4.2012e-005,0.0188165
4.2016e-005,0.0186677
4.202e-005,0.0187669
4.2024e-005,0.0190447
4.2028e-005,0.0188016
4.2032e-005,0.0184742
4.2036e-005,0.0181617
4.204e-005,0.0188115
4.2044e-005,0.0182411
4.2048e-005,0.018633
4.2052e-005,0.0186528
4.2056e-005,0.018127
4.206e-005,0.0181964
4.2064e-005,0.0189256
4.2068e-005,0.0186131
4.2072e-005,0.0180327
4.2076e-005,0.018881
4.208e-005,0.0190992
4.2084e-005,0.0184345
4.2088e-005,0.0186032
4.2092e-005,0.0186131
4.2096e-005,0.0183601
4.21e-005,0.0186974
4.2104e-005,0.0189653
4.2108e-005,0.0183304
4.2112e-005,0.0178492
4.2116e-005,0.0186082
4.212e-005,0.0184296
4.2124e-005,0.0180674
4.2128e-005,0.0180426
4.2132e-005,0.0188562
4.2136e-005,0.0181369
4.214e-005,0.0183899
4.2144e-005,0.0189306
4.2148e-005,0.0181369
4.2152e-005,0.0174523
4.2156e-005,0.0192381
4.216e-005,0.0200418
4.2164e-005,0.0201658
4.2168e-005,0.0204039
4.2172e-005,0.0200616
4.2176e-005,0.0201559
4.218e-005,0.0189604
4.2184e-005,0.0191687
4.2188e-005,0.0191985
4.2192e-005,0.018747
4.2196e-005,0.0185387
4.22e-005,0.018752
4.2204e-005,0.00764524
4.2208e-005,0.000849224
4.2212e-005,0.00138993
4.2216e-005,0.000462297
4.222e-005,0.000501982
4.2224e-005,0.00127583
4.2228e-005,0.000576391
4.2232e-005,0.000705366
4.2236e-005,0.000998041
4.224e-005,-0.000589349
4.2244e-005,0.00959475
4.2248e-005,0.018127
4.2252e-005,0.019129
4.2256e-005,0.0199227
4.226e-005,0.0219417
4.2264e-005,0.0238515
4.2268e-005,0.0225419
4.2272e-005,0.0238416
4.2276e-005,0.0245708
4.228e-005,0.0248337
4.2284e-005,0.0250619
4.2288e-005,0.0257961
4.2292e-005,0.0255778
4.2296e-005,0.0257712
4.23e-005,0.0269469
4.2304e-005,0.026436
4.2308e-005,0.0269171
4.2312e-005,0.0269816
4.2316e-005,0.0276464
4.232e-005,0.0272396
4.2324e-005,0.0277307
4.2328e-005,0.0279291
4.2332e-005,0.0272991
4.2336e-005,0.0273834
4.234e-005,0.0272049
4.2344e-005,0.0268576
4.2348e-005,0.0273884
4.2352e-005,0.02782
4.2356e-005,0.0273834
4.236e-005,0.0275521
4.2364e-005,0.0277257
4.2368e-005,0.0267038
4.2372e-005,0.0274132
4.2376e-005,0.026932
4.238e-005,0.0275174
4.2384e-005,0.0273338
4.2388e-005,0.027438
4.2392e-005,0.0280878
4.2396e-005,0.027309
4.24e-005,0.0273586
4.2404e-005,0.0273338
4.2408e-005,0.0274182
4.2412e-005,0.0267286
4.2416e-005,0.0277356
4.242e-005,0.0266542
4.2424e-005,0.0273537
4.2428e-005,0.0271007
4.2432e-005,0.0271999
4.2436e-005,0.0271205
4.244e-005,0.026679
4.2444e-005,0.0272148
4.2448e-005,0.0271949
4.2452e-005,0.0270957
4.2456e-005,0.0274182
4.246e-005,0.0267733
4.2464e-005,0.0275571
4.2468e-005,0.0270362
4.2472e-005,0.0278051
4.2476e-005,0.0275719
4.248e-005,0.0277009
4.2484e-005,0.027696
4.2488e-005,0.0270858
4.2492e-005,0.0273636
4.2496e-005,0.0269866
4.25e-005,0.0269171
4.2504e-005,0.0273586
4.2508e-005,0.0268477
4.2512e-005,0.0271652
4.2516e-005,0.0280432
4.252e-005,0.0266443
4.2524e-005,0.0270858
4.2528e-005,0.0281027
4.2532e-005,0.0273735
4.2536e-005,0.0271701
4.254e-005,0.0267733
4.2544e-005,0.0277108
4.2548e-005,0.0272396
4.2552e-005,0.0272991
4.2556e-005,0.0268328
4.256e-005,0.0269568
4.2564e-005,0.0272247
4.2568e-005,0.0269717
4.2572e-005,0.0273735
4.2576e-005,0.0275719
4.258e-005,0.0265302
4.2584e-005,0.0273686
4.2588e-005,0.027562
4.2592e-005,0.027066
4.2596e-005,0.0268576
4.26e-005,0.0271553
4.2604e-005,0.0270164
4.2608e-005,0.0269866
4.2612e-005,0.02656
4.2616e-005,0.0269568
4.262e-005,0.0272297
4.2624e-005,0.0271056
4.2628e-005,0.0272842
4.2632e-005,0.0268527
4.2636e-005,0.027438
4.264e-005,0.0270957
4.2644e-005,0.0267286
4.2648e-005,0.0272445
4.2652e-005,0.0268427
4.2656e-005,0.0265501
4.266e-005,0.0264608
4.2664e-005,0.0270908
4.2668e-005,0.0268874
4.2672e-005,0.0272743
4.2676e-005,0.0271354
4.268e-005,0.0272594
4.2684e-005,0.0270412
4.2688e-005,0.0269469
4.2692e-005,0.0272743
4.2696e-005,0.0273041
4.27e-005,0.0274082
4.2704e-005,0.0272049
4.2708e-005,0.0267584
4.2712e-005,0.0265451
4.2716e-005,0.0269221
4.272e-005,0.0269171
4.2724e-005,0.0261631
4.2728e-005,0.0264806
4.2732e-005,0.0269618
4.2736e-005,0.0269122
4.274e-005,0.0275819
4.2744e-005,0.0272197
4.2748e-005,0.0266344
4.2752e-005,0.0268626
4.2756e-005,0.0268477
4.276e-005,0.0267981
4.2764e-005,0.0272247
4.2768e-005,0.0270412
4.2772e-005,0.0262227
4.2776e-005,0.027056
4.278e-005,0.0276116
4.2784e-005,0.027443
4.2788e-005,0.0276414
4.2792e-005,0.0272644
4.2796e-005,0.0269568
4.28e-005,0.0270461
4.2804e-005,0.0271751
4.2808e-005,0.0272495
4.2812e-005,0.0271553
4.2816e-005,0.0267733
4.282e-005,0.0277604
4.2824e-005,0.0272892
4.2828e-005,0.0275967
4.2832e-005,0.0269122
4.2836e-005,0.0271453
4.284e-005,0.0272346
4.2844e-005,0.0274529
4.2848e-005,0.0272693
4.2852e-005,0.0279886
4.2856e-005,0.0273884
4.286e-005,0.0274975
4.2864e-005,0.0271751
4.2868e-005,0.0268527
4.2872e-005,0.0270312
4.2876e-005,0.0272297
4.288e-005,0.0271106
4.2884e-005,0.0268725
4.2888e-005,0.0269419
4.2892e-005,0.0268031
4.2896e-005,0.027319
4.29e-005,0.0266294
4.2904e-005,0.0271453
4.2908e-005,0.02719
4.2912e-005,0.0276662
4.2916e-005,0.0262078
4.292e-005,0.0270362
4.2924e-005,0.0271453
4.2928e-005,0.0266096
4.2932e-005,0.0263169
4.2936e-005,0.02656
4.294e-005,0.0268378
4.2944e-005,0.0269171
4.2948e-005,0.0214059
4.2952e-005,0.0201906
4.2956e-005,0.0204039
4.296e-005,0.0191538
4.2964e-005,0.0190397
4.2968e-005,0.0190744
4.2972e-005,0.00788831
4.2976e-005,0.0016826
4.298e-005,0.00158339
4.2984e-005,0.000209307
4.2988e-005,-0.000108171
4.2992e-005,0.00128576
4.2996e-005,0.000779775
4.3e-005,0.000377967
4.3004e-005,0.00125599
4.3008e-005,0.000368046
4.3012e-005,0.0101553
4.3016e-005,0.0193175
4.302e-005,0.0204634
4.3024e-005,0.0223732
4.3028e-005,0.0260391
4.3032e-005,0.0272049
4.3036e-005,0.0283111
4.304e-005,0.0298985
4.3044e-005,0.0316694
4.3048e-005,0.0321208
4.3052e-005,0.0326466
4.3056e-005,0.0342886
4.306e-005,0.0344374
4.3064e-005,0.035241
4.3068e-005,0.0358809
4.3072e-005,0.0362579
4.3076e-005,0.0368681
4.308e-005,0.0371459
4.3084e-005,0.0368731
4.3088e-005,0.0373939
4.3092e-005,0.0367937
4.3096e-005,0.0373096
4.31e-005,0.037637
4.3104e-005,0.0377312
4.3108e-005,0.037885
4.3112e-005,0.0388623
4.3116e-005,0.0375973
4.312e-005,0.0379842
4.3124e-005,0.0381628
4.3128e-005,0.0382868
4.3132e-005,0.0378553
4.3136e-005,0.0385051
4.314e-005,0.037885
4.3144e-005,0.0381529
4.3148e-005,0.038133
4.3152e-005,0.0378751
4.3156e-005,0.0382223
4.316e-005,0.0385597
4.3164e-005,0.0380934
4.3168e-005,0.0384654
4.3172e-005,0.038009
4.3176e-005,0.0380834
4.318e-005,0.0382571
4.3184e-005,0.0383712
4.3188e-005,0.0381727
4.3192e-005,0.0379892
4.3196e-005,0.0385101
4.32e-005,0.0381479
4.3204e-005,0.0382174
4.3208e-005,0.038391
4.3212e-005,0.0384059
4.3216e-005,0.0377957
4.322e-005,0.0383761
4.3224e-005,0.0381082
4.3228e-005,0.0375279
4.3232e-005,0.0382868
4.3236e-005,0.0383067
4.324e-005,0.0380438
4.3244e-005,0.0382223
4.3248e-005,0.0383265
4.3252e-005,0.0377957
4.3256e-005,0.0383464
4.326e-005,0.0378602
4.3264e-005,0.0373592
4.3268e-005,0.0380487
4.3272e-005,0.0375725
4.3276e-005,0.0375378
4.328e-005,0.0374138
4.3284e-005,0.0377312
4.3288e-005,0.0377412
4.3292e-005,0.0377511
4.3296e-005,0.0376866
4.33e-005,0.0376122
4.3304e-005,0.0380487
4.3308e-005,0.0378404
4.3312e-005,0.0375378
4.3316e-005,0.0380338
4.332e-005,0.0373592
4.3324e-005,0.0374038
4.3328e-005,0.0375527
4.3332e-005,0.0376717
4.3336e-005,0.0381827
4.334e-005,0.0379892
4.3344e-005,0.0372649
4.3348e-005,0.0375229
4.3352e-005,0.0378701
4.3356e-005,0.0374931
4.336e-005,0.0375874
4.3364e-005,0.0378652
4.3368e-005,0.0378354
4.3372e-005,0.0371657
4.3376e-005,0.03726
4.338e-005,0.0379942
4.3384e-005,0.0375973
4.3388e-005,0.0377808
4.3392e-005,0.0373939
4.3396e-005,0.0375378
4.34e-005,0.0377263
4.3404e-005,0.0371558
4.3408e-005,0.0372749
4.3412e-005,0.0373691
4.3416e-005,0.0372649
4.342e-005,0.0376618
4.3424e-005,0.0372302
4.3428e-005,0.0373145
4.3432e-005,0.0371707
4.3436e-005,0.0376023
4.344e-005,0.0375775
4.3444e-005,0.0376965
4.3448e-005,0.0378056
4.3452e-005,0.0376717
4.3456e-005,0.0374683
4.346e-005,0.0381033
4.3464e-005,0.0372451
4.3468e-005,0.0376767
4.3472e-005,0.0371905
4.3476e-005,0.0377164
4.348e-005,0.0377263
4.3484e-005,0.0380983
4.3488e-005,0.0379049
4.3492e-005,0.0375179
4.3496e-005,0.037885
4.35e-005,0.0379942
4.3504e-005,0.0378801
4.3508e-005,0.0378255
4.3512e-005,0.0377312
4.3516e-005,0.0375626
4.352e-005,0.0376519
4.3524e-005,0.0378999
4.3528e-005,0.0373294
4.3532e-005,0.0372947
4.3536e-005,0.0372649
4.354e-005,0.0370864
4.3544e-005,0.0375775
4.3548e-005,0.0377808
4.3552e-005,0.0374733
4.3556e-005,0.0374733
4.356e-005,0.0375626
4.3564e-005,0.0377114
4.3568e-005,0.0378999
4.3572e-005,0.0378305
4.3576e-005,0.0372997
4.358e-005,0.0374832
4.3584e-005,0.0382967
4.3588e-005,0.0374584
4.3592e-005,0.0374634
4.3596e-005,0.0374683
4.36e-005,0.037389
4.3604e-005,0.0379148
4.3608e-005,0.0378999
4.3612e-005,0.0377015
4.3616e-005,0.0379396
4.362e-005,0.0372005
4.3624e-005,0.038014
4.3628e-005,0.037379
4.3632e-005,0.0373195
4.3636e-005,0.0382323
4.364e-005,0.0381827
4.3644e-005,0.0375527
4.3648e-005,0.0374286
4.3652e-005,0.0378354
4.3656e-005,0.0378801
4.366e-005,0.0378156
4.3664e-005,0.0377759
4.3668e-005,0.0378255
4.3672e-005,0.0373096
4.3676e-005,0.0377808
4.368e-005,0.0378652
4.3684e-005,0.0371657
4.3688e-005,0.0369127
4.3692e-005,0.0358313
4.3696e-005,0.0340604
4.37e-005,0.0340158
4.3704e-005,0.0331675
4.3708e-005,0.0323887
4.3712e-005,0.0319373
4.3716e-005,0.0241094
4.372e-005,0.0198285
4.3724e-005,0.0202104
4.3728e-005,0.0195209
4.3732e-005,0.0194415
4.3736e-005,0.0189852
4.374e-005,0.00879113
4.3744e-005,0.00137505
4.3748e-005,0.00239693
4.3752e-005,0.000288677
4.3756e-005,7.5371e-005
4.376e-005,0.000998041
4.3764e-005,0.000253952
4.3768e-005,0.000442455
4.3772e-005,0.000407731
4.3776e-005,-7.34468e-005
4.378e-005,0.0102495
4.3784e-005,0.0195755
4.3788e-005,0.0220111
4.3792e-005,0.0252603
4.3796e-005,0.0292288
4.38e-005,0.0306128
4.3804e-005,0.0322597
4.3808e-005,0.0345465
4.3812e-005,0.0368731
4.3816e-005,0.0373493
4.382e-005,0.0390756
4.3824e-005,0.0411094
4.3828e-005,0.0401867
4.3832e-005,0.0416253
4.3836e-005,0.0426174
4.384e-005,0.0433367
4.3844e-005,0.0433516
4.3848e-005,0.0441751
4.3852e-005,0.0451672
4.3856e-005,0.0447207
4.386e-005,0.0451225
4.3864e-005,0.0460998
4.3868e-005,0.0464718
4.3872e-005,0.0463726
4.3876e-005,0.046065
4.388e-005,0.0467149
4.3884e-005,0.0462337
4.3888e-005,0.0469183
4.3892e-005,0.0470175
4.3896e-005,0.0471663
4.39e-005,0.0466157
4.3904e-005,0.0475631
4.3908e-005,0.0469083
4.3912e-005,0.047077
4.3916e-005,0.047325
4.392e-005,0.0471068
4.3924e-005,0.0473598
4.3928e-005,0.0477665
4.3932e-005,0.0471514
4.3936e-005,0.0476822
4.394e-005,0.0477913
4.3944e-005,0.0475483
4.3948e-005,0.0480394
4.3952e-005,0.0476227
4.3956e-005,0.0477169
4.396e-005,0.0478806
4.3964e-005,0.0479699
4.3968e-005,0.0480989
4.3972e-005,0.0480146
4.3976e-005,0.0483866
4.398e-005,0.0475483
4.3984e-005,0.0474738
4.3988e-005,0.0481584
4.3992e-005,0.0479897
4.3996e-005,0.0480096
4.4e-005,0.0477368
4.4004e-005,0.0474689
4.4008e-005,0.0481187
4.4012e-005,0.048332
4.4016e-005,0.0481386
4.402e-005,0.0479005
4.4024e-005,0.0481237
4.4028e-005,0.0479203
4.4032e-005,0.0480443
4.4036e-005,0.0492795
4.404e-005,0.0477665
4.4044e-005,0.0473349
4.4048e-005,0.0483717
4.4052e-005,0.0484908
4.4056e-005,0.0473598
4.406e-005,0.0475383
4.4064e-005,0.0477665
4.4068e-005,0.0480542
4.4072e-005,0.0481882
4.4076e-005,0.0474292
4.408e-005,0.0476971
4.4084e-005,0.0478657
4.4088e-005,0.0474242
4.4092e-005,0.047454
4.4096e-005,0.04796
4.41e-005,0.0479947
4.4104e-005,0.0478856
4.4108e-005,0.0478012
4.4112e-005,0.0479153
4.4116e-005,0.0475433
4.412e-005,0.0481981
4.4124e-005,0.0486892
4.4128e-005,0.0473498
4.4132e-005,0.0477268
4.4136e-005,0.0473746
4.414e-005,0.0477318
4.4144e-005,0.0471762
4.4148e-005,0.0479451
4.4152e-005,0.0472655
4.4156e-005,0.0476971
4.416e-005,0.047578
4.4164e-005,0.047454
4.4168e-005,0.0478856
4.4172e-005,0.0477963
4.4176e-005,0.0480394
4.418e-005,0.047702
4.4184e-005,0.0474094
4.4188e-005,0.0473895
4.4192e-005,0.047955
4.4196e-005,0.048084
4.42e-005,0.048213
4.4204e-005,0.0477814
4.4208e-005,0.0488033
4.4212e-005,0.0478608
4.4216e-005,0.0474094
4.422e-005,0.0478409
4.4224e-005,0.047826
4.4228e-005,0.0480542
4.4232e-005,0.0473498
4.4236e-005,0.0478459
4.424e-005,0.0476375
4.4244e-005,0.0476921
4.4248e-005,0.0480294
4.4252e-005,0.0477715
4.4256e-005,0.0480146
4.426e-005,0.0481981
4.4264e-005,0.0475036
4.4268e-005,0.0482477
4.4272e-005,0.0477318
4.4276e-005,0.0484064
4.428e-005,0.0480939
4.4284e-005,0.0479451
4.4288e-005,0.0480195
4.4292e-005,0.0481435
4.4296e-005,0.048213
4.43e-005,0.0481038
4.4304e-005,0.0483023
4.4308e-005,0.0479203
4.4312e-005,0.0484213
4.4316e-005,0.0479451
4.432e-005,0.0476772
4.4324e-005,0.048332
4.4328e-005,0.047707
4.4332e-005,0.0478856
4.4336e-005,0.0480245
4.434e-005,0.0472159
4.4344e-005,0.0477814
4.4348e-005,0.0476623
4.4352e-005,0.0480195
4.4356e-005,0.0478558
4.436e-005,0.048833
4.4364e-005,0.0474986
4.4368e-005,0.0476524
4.4372e-005,0.0480691
4.4376e-005,0.0474292
4.438e-005,0.0486049
4.4384e-005,0.0479401
4.4388e-005,0.0477764
4.4392e-005,0.0479897
4.4396e-005,0.0482874
4.44e-005,0.0483816
4.4404e-005,0.0481088
4.4408e-005,0.048585
4.4412e-005,0.0479997
4.4416e-005,0.0481088
4.442e-005,0.0480294
4.4424e-005,0.0483023
4.4428e-005,0.0482179
4.4432e-005,0.0485652
4.4436e-005,0.0473846
4.444e-005,0.0477368
4.4444e-005,0.0477913
4.4448e-005,0.0483866
4.4452e-005,0.0472506
4.4456e-005,0.0467198
4.446e-005,0.042414
4.4464e-005,0.0391996
4.4468e-005,0.0380934
4.4472e-005,0.0366895
4.4476e-005,0.0353849
4.448e-005,0.0348045
4.4484e-005,0.0262177
4.4488e-005,0.0209496
4.4492e-005,0.0205676
4.4496e-005,0.0194862
4.45e-005,0.0195407
4.4504e-005,0.0196697
4.4508e-005,0.00932688
4.4512e-005,0.00140977
4.4516e-005,0.00242173
4.452e-005,0.000546627
4.4524e-005,-5.85651e-005
4.4528e-005,0.000878987
4.4532e-005,0.000511903
4.4536e-005,0.000561509
4.454e-005,0.000546627
4.4544e-005,-0.000529821
4.4548e-005,0.0108498
4.4552e-005,0.0196548
4.4556e-005,0.0190992
4.456e-005,0.0184097
4.4564e-005,0.0192629
4.4568e-005,0.0195358
4.4572e-005,0.0191092
4.4576e-005,0.0188363
4.458e-005,0.0189752
4.4584e-005,0.0189405
4.4588e-005,0.0188115
4.4592e-005,0.0188115
4.4596e-005,0.0186478
4.46e-005,0.0181964
4.4604e-005,0.0185933
4.4608e-005,0.0189852
4.4612e-005,0.018246
4.4616e-005,0.0188859
4.462e-005,0.0191786
4.4624e-005,0.0184841
4.4628e-005,0.0182808
4.4632e-005,0.0191737
4.4636e-005,0.0182808
4.464e-005,0.0189256
4.4644e-005,0.0190447
4.4648e-005,0.018757
4.4652e-005,0.0190596
4.4656e-005,0.0190596
4.466e-005,0.0189653
4.4664e-005,0.0193919
4.4668e-005,0.0184544
4.4672e-005,0.0188959
4.4676e-005,0.0191439
4.468e-005,0.018499
4.4684e-005,0.0196548
4.4688e-005,0.0189901
4.4692e-005,0.0191141
4.4696e-005,0.0193473
4.47e-005,0.0185635
4.4704e-005,0.0189852
4.4708e-005,0.018747
4.4712e-005,0.0191786
4.4716e-005,0.0192332
4.472e-005,0.0189306
4.4724e-005,0.0195011
4.4728e-005,0.019382
4.4732e-005,0.0189604
4.4736e-005,0.0191191
4.474e-005,0.0191985
4.4744e-005,0.0191389
4.4748e-005,0.0186974
4.4752e-005,0.018633
4.4756e-005,0.0188463
4.476e-005,0.0189405
4.4764e-005,0.0182212
4.4768e-005,0.0184048
4.4772e-005,0.0188215
4.4776e-005,0.0184196
4.478e-005,0.0188562
4.4784e-005,0.0189852
4.4788e-005,0.0189355
4.4792e-005,0.0185536
4.4796e-005,0.0187272
4.48e-005,0.0188661
4.4804e-005,0.0186726
4.4808e-005,0.0187718
4.4812e-005,0.0192034
4.4816e-005,0.0193225
4.482e-005,0.0190397
4.4824e-005,0.0184048
4.4828e-005,0.0188463
4.4832e-005,0.0189058
4.4836e-005,0.0185685
4.484e-005,0.0189306
4.4844e-005,0.018876
4.4848e-005,0.0182411
4.4852e-005,0.0187917
4.4856e-005,0.0182163
4.486e-005,0.0187867
4.4864e-005,0.0190397
4.4868e-005,0.0187619
4.4872e-005,0.0188115
4.4876e-005,0.0190397
4.488e-005,0.0184792
4.4884e-005,0.0189256
4.4888e-005,0.0185437
4.4892e-005,0.0187421
4.4896e-005,0.0188066
4.49e-005,0.0184941
4.4904e-005,0.0183998
4.4908e-005,0.0188661
4.4912e-005,0.0181815
4.4916e-005,0.0187024
4.492e-005,0.0188165
4.4924e-005,0.0182956
4.4928e-005,0.0187272
4.4932e-005,0.018623
4.4936e-005,0.0185288
4.494e-005,0.0189554
4.4944e-005,0.0185883
4.4948e-005,0.01838
4.4952e-005,0.0183403
4.4956e-005,0.0188859
4.496e-005,0.0188016
4.4964e-005,0.019382
4.4968e-005,0.0191786
4.4972e-005,0.0189107
4.4976e-005,0.0189604
4.498e-005,0.0187123
4.4984e-005,0.019377
4.4988e-005,0.0195358
4.4992e-005,0.0186776
4.4996e-005,0.0187768
4.5e-005,0.0187222
4.5004e-005,0.0187074
4.5008e-005,0.0183254
4.5012e-005,0.0192629
4.5016e-005,0.0185437
4.502e-005,0.0187123
4.5024e-005,0.0183899
4.5028e-005,0.0190199
4.5032e-005,0.0181567
4.5036e-005,0.0187024
4.504e-005,0.0180873
4.5044e-005,0.0187917
4.5048e-005,0.0189405
4.5052e-005,0.0181567
4.5056e-005,0.0187917
4.506e-005,0.0181319
4.5064e-005,0.0185387
4.5068e-005,0.0190794
4.5072e-005,0.0184841
4.5076e-005,0.0188959
4.508e-005,0.0188909
4.5084e-005,0.0187967
4.5088e-005,0.019005
4.5092e-005,0.0184494
4.5096e-005,0.0193126
4.51e-005,0.0183452
4.5104e-005,0.0186528
4.5108e-005,0.0187371
4.5112e-005,0.018628
4.5116e-005,0.0192629
4.512e-005,0.0187272
4.5124e-005,0.0189207
4.5128e-005,0.0189107
4.5132e-005,0.0186478
4.5136e-005,0.0187619
4.514e-005,0.0186627
4.5144e-005,0.018504
4.5148e-005,0.0180079
4.5152e-005,0.0188264
4.5156e-005,0.01837
4.516e-005,0.0182708
4.5164e-005,0.0176111
4.5168e-005,0.0182262
4.5172e-005,0.0191538
4.5176e-005,0.0185883
4.518e-005,0.0187718
4.5184e-005,0.0186131
4.5188e-005,0.0183254
4.5192e-005,0.0178889
4.5196e-005,0.0183948
4.52e-005,0.018122
4.5204e-005,0.0182907
4.5208e-005,0.0189951
4.5212e-005,0.0182262
4.5216e-005,0.0196152
4.522e-005,0.0187173
4.5224e-005,0.0189752
4.5228e-005,0.0193324
4.5232e-005,0.019759
4.5236e-005,0.0204436
4.524e-005,0.0208007
4.5244e-005,0.0202055
4.5248e-005,0.0203493
4.5252e-005,0.0192034
4.5256e-005,0.0186627
4.526e-005,0.019377
4.5264e-005,0.0189901
4.5268e-005,0.0189951
4.5272e-005,0.0184643
4.5276e-005,0.00700036
4.528e-005,0.00153875
4.5284e-005,0.00174709
4.5288e-005,-0.000366122
4.5292e-005,0.000680563
4.5296e-005,0.00134528
4.53e-005,0.000844263
4.5304e-005,0.000501982
4.5308e-005,0.000998041
4.5312e-005,-0.000356201
4.5316e-005,0.00959971
4.532e-005,0.0186826
4.5324e-005,0.0188909
4.5328e-005,0.020513
4.5332e-005,0.0224526
4.5336e-005,0.0233554
4.534e-005,0.0229834
4.5344e-005,0.0242037
4.5348e-005,0.0247295
4.5352e-005,0.0257415
4.5356e-005,0.0254736
4.536e-005,0.0264508
4.5364e-005,0.0260044
4.5368e-005,0.0265104
4.5372e-005,0.0267634
4.5376e-005,0.0266493
4.538e-005,0.0264707
4.5384e-005,0.0272049
4.5388e-005,0.0271305
4.5392e-005,0.0269816
4.5396e-005,0.0272148
4.54e-005,0.0272892
4.5404e-005,0.0270312
4.5408e-005,0.0276563
4.5412e-005,0.0275174
4.5416e-005,0.0269271
4.542e-005,0.0266493
4.5424e-005,0.0273438
4.5428e-005,0.0270412
4.5432e-005,0.0277852
4.5436e-005,0.02782
4.544e-005,0.027309
4.5444e-005,0.0267386
4.5448e-005,0.0265947
4.5452e-005,0.0268775
4.5456e-005,0.0266741
4.546e-005,0.0268031
4.5464e-005,0.0268775
4.5468e-005,0.0272594
4.5472e-005,0.0270808
4.5476e-005,0.0270362
4.548e-005,0.0270709
4.5484e-005,0.0272545
4.5488e-005,0.0269171
4.5492e-005,0.0269816
4.5496e-005,0.0265798
4.55e-005,0.0269618
4.5504e-005,0.0276215
4.5508e-005,0.0269668
4.5512e-005,0.0272693
4.5516e-005,0.0270064
4.552e-005,0.0273686
4.5524e-005,0.02719
4.5528e-005,0.0276414
4.5532e-005,0.026679
4.5536e-005,0.0265997
4.554e-005,0.0266145
4.5544e-005,0.0270312
4.5548e-005,0.0273934
4.5552e-005,0.0269767
4.5556e-005,0.0268874
4.556e-005,0.0267981
4.5564e-005,0.0271106
4.5568e-005,0.0269122
4.5572e-005,0.0273289
4.5576e-005,0.027433
4.558e-005,0.0269816
4.5584e-005,0.0277406
4.5588e-005,0.0272396
4.5592e-005,0.0269965
4.5596e-005,0.0267882
4.56e-005,0.0278646
4.5604e-005,0.0278547
4.5608e-005,0.0277555
4.5612e-005,0.0274033
4.5616e-005,0.027443
4.562e-005,0.0272545
4.5624e-005,0.0277704
4.5628e-005,0.0270858
4.5632e-005,0.026808
4.5636e-005,0.0274777
4.564e-005,0.0269866
4.5644e-005,0.0268874
4.5648e-005,0.0273735
4.5652e-005,0.0269866
4.5656e-005,0.028068
4.566e-005,0.027696
4.5664e-005,0.0271999
4.5668e-005,0.0270461
4.5672e-005,0.0273438
4.5676e-005,0.0270015
4.568e-005,0.0266294
4.5684e-005,0.027567
4.5688e-005,0.0271453
4.5692e-005,0.026679
4.5696e-005,0.0273388
4.57e-005,0.0274182
4.5704e-005,0.0271404
4.5708e-005,0.0271305
4.5712e-005,0.0269271
4.5716e-005,0.0276414
4.572e-005,0.0274777
4.5724e-005,0.0264012
4.5728e-005,0.0269816
4.5732e-005,0.0271205
4.5736e-005,0.0266294
4.574e-005,0.026813
4.5744e-005,0.0270759
4.5748e-005,0.0274479
4.5752e-005,0.0271156
4.5756e-005,0.0270114
4.576e-005,0.0269469
4.5764e-005,0.0273338
4.5768e-005,0.0267435
4.5772e-005,0.0268477
4.5776e-005,0.0272842
4.578e-005,0.0270511
4.5784e-005,0.0275174
4.5788e-005,0.0269767
4.5792e-005,0.0272991
4.5796e-005,0.0272991
4.58e-005,0.0272545
4.5804e-005,0.027686
4.5808e-005,0.0271949
4.5812e-005,0.0266939
4.5816e-005,0.0270064
4.582e-005,0.0276712
4.5824e-005,0.0269122
4.5828e-005,0.0275124
4.5832e-005,0.0265848
4.5836e-005,0.0269916
4.584e-005,0.0278398
4.5844e-005,0.0269916
4.5848e-005,0.0274479
4.5852e-005,0.0277009
4.5856e-005,0.0271751
4.586e-005,0.02782
4.5864e-005,0.0277208
4.5868e-005,0.0271056
4.5872e-005,0.0275719
4.5876e-005,0.0269717
4.588e-005,0.0269171
4.5884e-005,0.0269171
4.5888e-005,0.0274827
4.5892e-005,0.0276116
4.5896e-005,0.0273586
4.59e-005,0.0276265
4.5904e-005,0.0273934
4.5908e-005,0.0269519
4.5912e-005,0.0276265
4.5916e-005,0.0273438
4.592e-005,0.0271602
4.5924e-005,0.0270114
4.5928e-005,0.0271007
4.5932e-005,0.0271404
4.5936e-005,0.0275819
4.594e-005,0.0266046
4.5944e-005,0.026932
4.5948e-005,0.0275223
4.5952e-005,0.026813
4.5956e-005,0.0269568
4.596e-005,0.0267683
4.5964e-005,0.0267931
4.5968e-005,0.0271553
4.5972e-005,0.0270362
4.5976e-005,0.026555
4.598e-005,0.0269072
4.5984e-005,0.0276116
4.5988e-005,0.0263467
4.5992e-005,0.026183
4.5996e-005,0.0272297
4.6e-005,0.0266443
4.6004e-005,0.0263665
4.6008e-005,0.0268031
4.6012e-005,0.0270213
4.6016e-005,0.0272892
4.602e-005,0.021654
4.6024e-005,0.0195953
4.6028e-005,0.0201311
4.6032e-005,0.0198086
4.6036e-005,0.0194614
4.604e-005,0.0192084
4.6044e-005,0.0076502
4.6048e-005,0.00109725
4.6052e-005,0.00207945
4.6056e-005,-0.000118092
4.606e-005,-8.3368e-005
4.6064e-005,0.000968278
4.6068e-005,-8.95912e-006
4.6072e-005,-1.39197e-005
4.6076e-005,0.000179543
4.608e-005,-0.000390925
4.6084e-005,0.00959475
4.6088e-005,0.0187421
4.6092e-005,0.0211926
4.6096e-005,0.0223584
4.61e-005,0.0258655
4.6104e-005,0.0280432
4.6108e-005,0.0280432
4.6112e-005,0.0296356
4.6116e-005,0.0314214
4.612e-005,0.0317339
4.6124e-005,0.0327508
4.6128e-005,0.0344225
4.6132e-005,0.0347598
4.6136e-005,0.0347797
4.614e-005,0.0356726
4.6144e-005,0.036382
4.6148e-005,0.0363919
4.6152e-005,0.0373592
4.6156e-005,0.0374187
4.616e-005,0.0366994
4.6164e-005,0.0371955
4.6168e-005,0.0371707
4.6172e-005,0.0373642
4.6176e-005,0.0378354
4.618e-005,0.0382075
4.6184e-005,0.0376668
4.6188e-005,0.0383067
4.6192e-005,0.0379049
4.6196e-005,0.0377312
4.62e-005,0.038009
4.6204e-005,0.0383513
4.6208e-005,0.038262
4.6212e-005,0.0385448
4.6216e-005,0.0381479
4.622e-005,0.0382372
4.6224e-005,0.0387382
4.6228e-005,0.037766
4.6232e-005,0.0384356
4.6236e-005,0.0376717
4.624e-005,0.0380884
4.6244e-005,0.037756
4.6248e-005,0.0381182
4.6252e-005,0.037637
4.6256e-005,0.0378949
4.626e-005,0.0378652
4.6264e-005,0.0381628
4.6268e-005,0.0381281
4.6272e-005,0.0376023
4.6276e-005,0.0385001
4.628e-005,0.0376618
4.6284e-005,0.0384902
4.6288e-005,0.0376171
4.6292e-005,0.0379197
4.6296e-005,0.0387382
4.63e-005,0.0375477
4.6304e-005,0.0379495
4.6308e-005,0.0381182
4.6312e-005,0.0378007
4.6316e-005,0.0374882
4.632e-005,0.037766
4.6324e-005,0.0382521
4.6328e-005,0.0372848
4.6332e-005,0.0380983
4.6336e-005,0.0374584
4.634e-005,0.0379247
4.6344e-005,0.037761
4.6348e-005,0.0378503
4.6352e-005,0.0377511
4.6356e-005,0.0378701
4.636e-005,0.0377957
4.6364e-005,0.0371608
4.6368e-005,0.0375973
4.6372e-005,0.0375179
4.6376e-005,0.0372897
4.638e-005,0.0371955
4.6384e-005,0.0372054
4.6388e-005,0.0377064
4.6392e-005,0.038009
4.6396e-005,0.0373443
4.64e-005,0.0380785
4.6404e-005,0.0374138
4.6408e-005,0.0373939
4.6412e-005,0.0377908
4.6416e-005,0.0372897
4.642e-005,0.0378305
4.6424e-005,0.0377263
4.6428e-005,0.038019
4.6432e-005,0.0377362
4.6436e-005,0.0376221
4.644e-005,0.0385597
4.6444e-005,0.0377114
4.6448e-005,0.0373145
4.6452e-005,0.0378354
4.6456e-005,0.03789
4.646e-005,0.0381033
4.6464e-005,0.0376023
4.6468e-005,0.0375675
4.6472e-005,0.0381926
4.6476e-005,0.0380686
4.648e-005,0.0376767
4.6484e-005,0.0380934
4.6488e-005,0.038262
4.6492e-005,0.0376469
4.6496e-005,0.0379892
4.65e-005,0.037761
4.6504e-005,0.0382075
4.6508e-005,0.0374237
4.6512e-005,0.0378652
4.6516e-005,0.0381926
4.652e-005,0.0381678
4.6524e-005,0.0376916
4.6528e-005,0.0377362
4.6532e-005,0.0383364
4.6536e-005,0.0376767
4.654e-005,0.0374634
4.6544e-005,0.0380239
4.6548e-005,0.0371955
4.6552e-005,0.037766
4.6556e-005,0.0376916
4.656e-005,0.0384952
4.6564e-005,0.0377263
4.6568e-005,0.0374733
4.6572e-005,0.0370368
4.6576e-005,0.0374138
4.658e-005,0.038014
4.6584e-005,0.0376171
4.6588e-005,0.0375725
4.6592e-005,0.0378999
4.6596e-005,0.037885
4.66e-005,0.037766
4.6604e-005,0.037637
4.6608e-005,0.0378503
4.6612e-005,0.037637
4.6616e-005,0.0376816
4.662e-005,0.0379247
4.6624e-005,0.0377808
4.6628e-005,0.0377957
4.6632e-005,0.0376023
4.6636e-005,0.037637
4.664e-005,0.037384
4.6644e-005,0.0379495
4.6648e-005,0.0375775
4.6652e-005,0.0379148
4.6656e-005,0.0378106
4.666e-005,0.0378999
4.6664e-005,0.0381876
4.6668e-005,0.0380686
4.6672e-005,0.0379049
4.6676e-005,0.0374485
4.668e-005,0.0384952
4.6684e-005,0.0377114
4.6688e-005,0.0382223
4.6692e-005,0.0382471
4.6696e-005,0.0379545
4.67e-005,0.0376072
4.6704e-005,0.0379148
4.6708e-005,0.037637
4.6712e-005,0.0380438
4.6716e-005,0.0377213
4.672e-005,0.0376668
4.6724e-005,0.0377114
4.6728e-005,0.0380636
4.6732e-005,0.0376568
4.6736e-005,0.0380438
4.674e-005,0.0381827
4.6744e-005,0.0377461
4.6748e-005,0.0378453
4.6752e-005,0.0386341
4.6756e-005,0.0371012
4.676e-005,0.0369872
4.6764e-005,0.035623
4.6768e-005,0.033356
4.6772e-005,0.0324482
4.6776e-005,0.0326317
4.678e-005,0.0318827
4.6784e-005,0.0321853
4.6788e-005,0.0248089
4.6792e-005,0.02026
4.6796e-005,0.0199029
4.68e-005,0.0202055
4.6804e-005,0.0192481
4.6808e-005,0.0193969
4.6812e-005,0.00865224
4.6816e-005,0.000526785
4.682e-005,0.00156355
4.6824e-005,0.000660721
4.6828e-005,0.00015474
4.6832e-005,0.00142465
4.6836e-005,0.000432534
4.684e-005,0.000923633
4.6844e-005,0.0011171
4.6848e-005,-0.000142895
4.6852e-005,0.00961955
4.6856e-005,0.0198632
4.686e-005,0.021902
4.6864e-005,0.0252752
4.6868e-005,0.0292635
4.6872e-005,0.0309948
4.6876e-005,0.0322101
4.688e-005,0.0343928
4.6884e-005,0.0361687
4.6888e-005,0.0373592
4.6892e-005,0.0390508
4.6896e-005,0.0402215
4.69e-005,0.0409358
4.6904e-005,0.0411044
4.6908e-005,0.0423793
4.6912e-005,0.0429399
4.6916e-005,0.0431532
4.692e-005,0.0441056
4.6924e-005,0.0443636
4.6928e-005,0.0445818
4.6932e-005,0.0450432
4.6936e-005,0.0454747
4.694e-005,0.0459757
4.6944e-005,0.0456632
4.6948e-005,0.0462238
4.6952e-005,0.0465512
4.6956e-005,0.0463627
4.696e-005,0.0466454
4.6964e-005,0.0471415
4.6968e-005,0.0471464
4.6972e-005,0.0473349
4.6976e-005,0.0479501
4.698e-005,0.0471564
4.6984e-005,0.0468637
4.6988e-005,0.0473846
4.6992e-005,0.0476822
4.6996e-005,0.0473697
4.7e-005,0.0471018
4.7004e-005,0.0478608
4.7008e-005,0.0467992
4.7012e-005,0.047206
4.7016e-005,0.0473598
4.702e-005,0.0476673
4.7024e-005,0.047325
4.7028e-005,0.0471762
4.7032e-005,0.047831
4.7036e-005,0.0483568
4.704e-005,0.0479153
4.7044e-005,0.047831
4.7048e-005,0.0479649
4.7052e-005,0.0480046
4.7056e-005,0.0476623
4.706e-005,0.048456
4.7064e-005,0.0478608
4.7068e-005,0.0479501
4.7072e-005,0.0481038
4.7076e-005,0.0483618
4.708e-005,0.0478657
4.7084e-005,0.0478161
4.7088e-005,0.0479153
4.7092e-005,0.0477814
4.7096e-005,0.0481882
4.71e-005,0.0480691
4.7104e-005,0.0482626
4.7108e-005,0.047702
4.7112e-005,0.047459
4.7116e-005,0.0476623
4.712e-005,0.048342
4.7124e-005,0.0479749
4.7128e-005,0.0479104
4.7132e-005,0.0486197
4.7136e-005,0.0484709
4.714e-005,0.0477516
4.7144e-005,0.0477665
4.7148e-005,0.0479253
4.7152e-005,0.0479451
4.7156e-005,0.0485999
4.716e-005,0.048084
4.7164e-005,0.0482477
4.7168e-005,0.0484312
4.7172e-005,0.0483568
4.7176e-005,0.0481138
4.718e-005,0.0481286
4.7184e-005,0.0473796
4.7188e-005,0.0478657
4.7192e-005,0.0485255
4.7196e-005,0.0478955
4.72e-005,0.0473746
4.7204e-005,0.0479104
4.7208e-005,0.0473052
4.7212e-005,0.0478757
4.7216e-005,0.0478757
4.722e-005,0.048208
4.7224e-005,0.047578
4.7228e-005,0.0480046
4.7232e-005,0.0485354
4.7236e-005,0.0476078
4.724e-005,0.0480939
4.7244e-005,0.0473697
4.7248e-005,0.0472506
4.7252e-005,0.0485751
4.7256e-005,0.0472209
4.726e-005,0.0476822
4.7264e-005,0.0479699
4.7268e-005,0.0481733
4.7272e-005,0.0481336
4.7276e-005,0.0483023
4.728e-005,0.0483866
4.7284e-005,0.0476276
4.7288e-005,0.0478459
4.7292e-005,0.0480146
4.7296e-005,0.0472258
4.73e-005,0.0480443
4.7304e-005,0.0472705
4.7308e-005,0.048208
4.7312e-005,0.047826
4.7316e-005,0.0474639
4.732e-005,0.0478509
4.7324e-005,0.0482477
4.7328e-005,0.0480195
4.7332e-005,0.0478657
4.7336e-005,0.0479649
4.734e-005,0.0477566
4.7344e-005,0.0477665
4.7348e-005,0.0483072
4.7352e-005,0.04796
4.7356e-005,0.0480443
4.736e-005,0.0479401
4.7364e-005,0.0475582
4.7368e-005,0.047702
4.7372e-005,0.0479401
4.7376e-005,0.0482626
4.738e-005,0.0481187
4.7384e-005,0.0480146
4.7388e-005,0.0479153
4.7392e-005,0.0477268
4.7396e-005,0.0479054
4.74e-005,0.048208
4.7404e-005,0.0477318
4.7408e-005,0.0482279
4.7412e-005,0.0482229
4.7416e-005,0.047459
4.742e-005,0.0477318
4.7424e-005,0.0474292
4.7428e-005,0.0476227
4.7432e-005,0.0478905
4.7436e-005,0.0476276
4.744e-005,0.0473697
4.7444e-005,0.0485553
4.7448e-005,0.0478012
4.7452e-005,0.0478161
4.7456e-005,0.0479401
4.746e-005,0.0480592
4.7464e-005,0.0473449
4.7468e-005,0.0481237
4.7472e-005,0.048332
4.7476e-005,0.0478012
4.748e-005,0.0487438
4.7484e-005,0.0478112
4.7488e-005,0.0475631
4.7492e-005,0.0480394
4.7496e-005,0.048337
4.75e-005,0.0475532
4.7504e-005,0.0477814
4.7508e-005,0.0473349
4.7512e-005,0.0479153
4.7516e-005,0.0474143
4.752e-005,0.0483122
4.7524e-005,0.0477318
4.7528e-005,0.0470224
4.7532e-005,0.0425033
4.7536e-005,0.0389019
4.754e-005,0.0377362
4.7544e-005,0.0367292
4.7548e-005,0.0358165
4.7552e-005,0.0347499
4.7556e-005,0.0262921
4.756e-005,0.0211083
4.7564e-005,0.0199128
4.7568e-005,0.019635
4.7572e-005,0.019
4.7576e-005,0.0191092
4.758e-005,0.00977333
4.7584e-005,0.00104269
4.7588e-005,0.00217866
4.7592e-005,0.000720248
4.7596e-005,0.000442455
4.76e-005,0.000953396
4.7604e-005,0.00109725
4.7608e-005,0.000442455
4.7612e-005,0.000690485
4.7616e-005,-4.36833e-005
4.762e-005,0.0112714
4.7624e-005,0.0190546
4.7628e-005,0.0191737
4.7632e-005,0.018876
4.7636e-005,0.0190893
4.764e-005,0.0196548
4.7644e-005,0.0184445
4.7648e-005,0.0194018
4.7652e-005,0.0190794
4.7656e-005,0.0182758
4.766e-005,0.0178591
4.7664e-005,0.0183601
4.7668e-005,0.0185437
4.7672e-005,0.0185189
4.7676e-005,0.0186379
4.768e-005,0.0184296
4.7684e-005,0.018747
4.7688e-005,0.0186726
4.7692e-005,0.0186429
4.7696e-005,0.0182063
4.77e-005,0.0183155
4.7704e-005,0.0188314
4.7708e-005,0.0187074
4.7712e-005,0.0188264
4.7716e-005,0.0190893
4.772e-005,0.0181915
4.7724e-005,0.0191191
4.7728e-005,0.0190744
4.7732e-005,0.0188661
4.7736e-005,0.018881
4.774e-005,0.0183948
4.7744e-005,0.0186131
4.7748e-005,0.0186627
4.7752e-005,0.0187123
4.7756e-005,0.0188066
4.776e-005,0.0180724
4.7764e-005,0.0186429
4.7768e-005,0.0189157
4.7772e-005,0.0187967
4.7776e-005,0.0187867
4.778e-005,0.019
4.7784e-005,0.0188512
4.7788e-005,0.0182857
4.7792e-005,0.0187867
4.7796e-005,0.019253
4.78e-005,0.018375
4.7804e-005,0.0189802
4.7808e-005,0.0189405
4.7812e-005,0.0195407
4.7816e-005,0.0191737
4.782e-005,0.0188066
4.7824e-005,0.0188512
4.7828e-005,0.0187619
4.7832e-005,0.0193175
4.7836e-005,0.0189207
4.784e-005,0.0193175
4.7844e-005,0.0188215
4.7848e-005,0.0190397
4.7852e-005,0.0189504
4.7856e-005,0.0192034
4.786e-005,0.0185933
4.7864e-005,0.0182609
4.7868e-005,0.0188711
4.7872e-005,0.0188859
4.7876e-005,0.0187024
4.788e-005,0.0186726
4.7884e-005,0.0190397
4.7888e-005,0.0191439
4.7892e-005,0.0191489
4.7896e-005,0.0191141
4.79e-005,0.0190199
4.7904e-005,0.0192282
4.7908e-005,0.0188413
4.7912e-005,0.0190447
4.7916e-005,0.0190248
4.792e-005,0.0190298
4.7924e-005,0.018375
4.7928e-005,0.0182956
4.7932e-005,0.0188016
4.7936e-005,0.0192282
4.794e-005,0.019134
4.7944e-005,0.0187222
4.7948e-005,0.0187123
4.7952e-005,0.0192183
4.7956e-005,0.019253
4.796e-005,0.0185734
4.7964e-005,0.0180774
4.7968e-005,0.0190298
4.7972e-005,0.0190546
4.7976e-005,0.0195407
4.798e-005,0.0188512
4.7984e-005,0.0188314
4.7988e-005,0.0189405
4.7992e-005,0.0192828
4.7996e-005,0.0187917
4.8e-005,0.018375
4.8004e-005,0.0188016
4.8008e-005,0.0189207
4.8012e-005,0.0187718
4.8016e-005,0.0185288
4.802e-005,0.0182609
4.8024e-005,0.0185387
4.8028e-005,0.0182659
4.8032e-005,0.0190546
4.8036e-005,0.0190943
4.804e-005,0.019005
4.8044e-005,0.0189107
4.8048e-005,0.0182559
4.8052e-005,0.0192233
4.8056e-005,0.0181915
4.806e-005,0.0182956
4.8064e-005,0.0180873
4.8068e-005,0.0181964
4.8072e-005,0.0183105
4.8076e-005,0.0184742
4.808e-005,0.0187669
4.8084e-005,0.0187322
4.8088e-005,0.0184395
4.8092e-005,0.0187718
4.8096e-005,0.0186578
4.81e-005,0.0187917
4.8104e-005,0.0181766
4.8108e-005,0.018623
4.8112e-005,0.0188215
4.8116e-005,0.0187322
4.812e-005,0.0190496
4.8124e-005,0.0181915
4.8128e-005,0.0191489
4.8132e-005,0.0181419
4.8136e-005,0.0187074
4.814e-005,0.0190298
4.8144e-005,0.0183502
4.8148e-005,0.0181369
4.8152e-005,0.0186974
4.8156e-005,0.0189752
4.816e-005,0.0190744
4.8164e-005,0.0188959
4.8168e-005,0.0190943
4.8172e-005,0.0186131
4.8176e-005,0.0189008
4.818e-005,0.0188264
4.8184e-005,0.0179682
4.8188e-005,0.018375
4.8192e-005,0.018757
4.8196e-005,0.0182808
4.82e-005,0.0189901
4.8204e-005,0.018628
4.8208e-005,0.0187371
4.8212e-005,0.0180327
4.8216e-005,0.0184643
4.822e-005,0.0188016
4.8224e-005,0.0183601
4.8228e-005,0.0185933
4.8232e-005,0.0189455
4.8236e-005,0.0189703
4.824e-005,0.0183998
4.8244e-005,0.0187272
4.8248e-005,0.0180823
4.8252e-005,0.0185238
4.8256e-005,0.0188115
4.826e-005,0.018623
4.8264e-005,0.0186726
4.8268e-005,0.0186974
4.8272e-005,0.018499
4.8276e-005,0.0187123
4.828e-005,0.0184296
4.8284e-005,0.0187421
4.8288e-005,0.0193225
4.8292e-005,0.0181171
4.8296e-005,0.0186429
4.83e-005,0.0194713
4.8304e-005,0.0197888
4.8308e-005,0.0207015
4.8312e-005,0.0204585
4.8316e-005,0.0200219
4.832e-005,0.020761
4.8324e-005,0.0191737
4.8328e-005,0.0189604
4.8332e-005,0.0191538
4.8336e-005,0.0192332
4.834e-005,0.0186131
4.8344e-005,0.0184494
4.8348e-005,0.00807185
4.8352e-005,0.000710327
4.8356e-005,0.00172725
4.836e-005,0.000179543
4.8364e-005,0.000353164
4.8368e-005,0.00153875
4.8372e-005,0.000219228
4.8376e-005,0.000283716
4.838e-005,0.000492061
4.8384e-005,-9.82498e-005
4.8388e-005,0.0101355
4.8392e-005,0.0179186
4.8396e-005,0.0186429
4.84e-005,0.0196499
4.8404e-005,0.0213662
4.8408e-005,0.0230727
4.8412e-005,0.0227949
4.8416e-005,0.0238961
4.842e-005,0.024412
4.8424e-005,0.024794
4.8428e-005,0.0251313
4.8432e-005,0.0257117
4.8436e-005,0.0259796
4.844e-005,0.0262028
4.8444e-005,0.0266443
4.8448e-005,0.0264409
4.8452e-005,0.0266939
4.8456e-005,0.0269618
4.846e-005,0.0272693
4.8464e-005,0.0276513
4.8468e-005,0.0266592
4.8472e-005,0.02782
4.8476e-005,0.0265798
4.848e-005,0.0272247
4.8484e-005,0.0276414
4.8488e-005,0.0269767
4.8492e-005,0.0272892
4.8496e-005,0.0272942
4.85e-005,0.0275571
4.8504e-005,0.0271404
4.8508e-005,0.027309
4.8512e-005,0.026431
4.8516e-005,0.0269866
4.852e-005,0.0267981
4.8524e-005,0.0271999
4.8528e-005,0.0267882
4.8532e-005,0.0267187
4.8536e-005,0.0266592
4.854e-005,0.0270412
4.8544e-005,0.0262921
4.8548e-005,0.026684
4.8552e-005,0.0266096
4.8556e-005,0.02656
4.856e-005,0.0268923
4.8564e-005,0.0265352
4.8568e-005,0.0265352
4.8572e-005,0.0267187
4.8576e-005,0.0270213
4.858e-005,0.0263368
4.8584e-005,0.0268279
4.8588e-005,0.0270064
4.8592e-005,0.026426
4.8596e-005,0.0271056
4.86e-005,0.0272545
4.8604e-005,0.0265649
4.8608e-005,0.0262723
4.8612e-005,0.0268626
4.8616e-005,0.0265005
4.862e-005,0.0266443
4.8624e-005,0.0270362
4.8628e-005,0.0267882
4.8632e-005,0.027309
4.8636e-005,0.0267683
4.864e-005,0.0271106
4.8644e-005,0.0268527
4.8648e-005,0.0270213
4.8652e-005,0.0265302
4.8656e-005,0.0264806
4.866e-005,0.0267435
4.8664e-005,0.0269122
4.8668e-005,0.02656
4.8672e-005,0.0271949
4.8676e-005,0.0267485
4.868e-005,0.0272991
4.8684e-005,0.026679
4.8688e-005,0.0268626
4.8692e-005,0.0263467
4.8696e-005,0.0268477
4.87e-005,0.0262227
4.8704e-005,0.0268527
4.8708e-005,0.0267386
4.8712e-005,0.0255629
4.8716e-005,0.0267336
4.872e-005,0.0272297
4.8724e-005,0.0267386
4.8728e-005,0.0267187
4.8732e-005,0.0276811
4.8736e-005,0.0267038
4.874e-005,0.0266245
4.8744e-005,0.0267733
4.8748e-005,0.0270511
4.8752e-005,0.0273735
4.8756e-005,0.0271701
4.876e-005,0.0270808
4.8764e-005,0.0272545
4.8768e-005,0.0261284
4.8772e-005,0.0260342
4.8776e-005,0.026426
4.878e-005,0.0265699
4.8784e-005,0.0266394
4.8788e-005,0.0269816
4.8792e-005,0.026431
4.8796e-005,0.0263467
4.88e-005,0.0271056
4.8804e-005,0.0272793
4.8808e-005,0.0270709
4.8812e-005,0.0269023
4.8816e-005,0.0267138
4.882e-005,0.0268179
4.8824e-005,0.0274975
4.8828e-005,0.026679
4.8832e-005,0.0261979
4.8836e-005,0.0265501
4.884e-005,0.0267683
4.8844e-005,0.0271999
4.8848e-005,0.027066
4.8852e-005,0.0266394
4.8856e-005,0.0269023
4.886e-005,0.0273289
4.8864e-005,0.0270114
4.8868e-005,0.0263516
4.8872e-005,0.0265947
4.8876e-005,0.0268824
4.888e-005,0.0267733
4.8884e-005,0.026436
4.8888e-005,0.0272644
4.8892e-005,0.0264211
4.8896e-005,0.0271602
4.89e-005,0.0277009
4.8904e-005,0.0261185
4.8908e-005,0.0263268
4.8912e-005,0.0270808
4.8916e-005,0.0264806
4.892e-005,0.0265104
4.8924e-005,0.0266642
4.8928e-005,0.0266195
4.8932e-005,0.0271255
4.8936e-005,0.0265997
4.894e-005,0.0271949
4.8944e-005,0.0270461
4.8948e-005,0.0269866
4.8952e-005,0.0270511
4.8956e-005,0.0268775
4.896e-005,0.0273785
4.8964e-005,0.0267683
4.8968e-005,0.0269519
4.8972e-005,0.0263864
4.8976e-005,0.0264062
4.898e-005,0.0269816
4.8984e-005,0.0265451
4.8988e-005,0.0269419
4.8992e-005,0.0274281
4.8996e-005,0.0275025
4.9e-005,0.0270461
4.9004e-005,0.0272445
4.9008e-005,0.0272495
4.9012e-005,0.0272991
4.9016e-005,0.0273834
4.902e-005,0.0267882
4.9024e-005,0.0268378
4.9028e-005,0.026808
4.9032e-005,0.0272693
4.9036e-005,0.0270858
4.904e-005,0.0268179
4.9044e-005,0.0268527
4.9048e-005,0.0271156
4.9052e-005,0.0269965
4.9056e-005,0.0274827
4.906e-005,0.0266691
4.9064e-005,0.0269618
4.9068e-005,0.027319
4.9072e-005,0.0261929
4.9076e-005,0.0271007
4.908e-005,0.0269965
4.9084e-005,0.0270064
4.9088e-005,0.0270015
4.9092e-005,0.0216093
4.9096e-005,0.0194316
4.91e-005,0.0202203
4.9104e-005,0.019506
4.9108e-005,0.0194366
4.9112e-005,0.0184841
4.9116e-005,0.00835956
4.912e-005,0.000839302
4.9124e-005,0.00160323
4.9128e-005,-0.000291713
4.9132e-005,5.92266e-006
4.9136e-005,0.000998041
4.914e-005,0.000353164
4.9144e-005,0.000506943
4.9148e-005,0.000869066
4.9152e-005,-0.000455413
4.9156e-005,0.0102545
4.916e-005,0.0194167
4.9164e-005,0.0209247
4.9168e-005,0.0227403
4.9172e-005,0.0261979
4.9176e-005,0.027443
4.918e-005,0.0285045
4.9184e-005,0.0300225
4.9188e-005,0.0315255
4.9192e-005,0.0321655
4.9196e-005,0.0330534
4.92e-005,0.0345515
4.9204e-005,0.0343531
4.9208e-005,0.0344969
4.9212e-005,0.0360248
4.9216e-005,0.0362629
4.922e-005,0.0367788
4.9224e-005,0.0367937
4.9228e-005,0.0371856
4.9232e-005,0.0372897
4.9236e-005,0.0375973
4.924e-005,0.0377064
4.9244e-005,0.0382769
4.9248e-005,0.0380884
4.9252e-005,0.038014
4.9256e-005,0.0385249
4.926e-005,0.0384902
4.9264e-005,0.0378007
4.9268e-005,0.0379247
4.9272e-005,0.0386341
4.9276e-005,0.0389367
4.928e-005,0.0381132
4.9284e-005,0.0384257
4.9288e-005,0.0378602
4.9292e-005,0.0376767
4.9296e-005,0.0385001
4.93e-005,0.0383265
4.9304e-005,0.0382769
4.9308e-005,0.0387878
4.9312e-005,0.0379793
4.9316e-005,0.0388573
4.932e-005,0.0378801
4.9324e-005,0.0376668
4.9328e-005,0.0380289
4.9332e-005,0.0384356
4.9336e-005,0.0382223
4.934e-005,0.0379793
4.9344e-005,0.038639
4.9348e-005,0.0383612
4.9352e-005,0.0382571
4.9356e-005,0.0378949
4.936e-005,0.0380884
4.9364e-005,0.0377808
4.9368e-005,0.0377412
4.9372e-005,0.0375427
4.9376e-005,0.0380289
4.938e-005,0.0381033
4.9384e-005,0.0379148
4.9388e-005,0.0378701
4.9392e-005,0.0375576
4.9396e-005,0.0384853
4.94e-005,0.0380735
4.9404e-005,0.037637
4.9408e-005,0.0376171
4.9412e-005,0.0388375
4.9416e-005,0.0378354
4.942e-005,0.0377213
4.9424e-005,0.0387978
4.9428e-005,0.03852
4.9432e-005,0.0385497
4.9436e-005,0.0377412
4.944e-005,0.0382075
4.9444e-005,0.0380338
4.9448e-005,0.0382918
4.9452e-005,0.0382124
4.9456e-005,0.0384704
4.946e-005,0.0383166
4.9464e-005,0.0381777
4.9468e-005,0.0379445
4.9472e-005,0.0379346
4.9476e-005,0.0382174
4.948e-005,0.0381777
4.9484e-005,0.0376419
4.9488e-005,0.0380388
4.9492e-005,0.0376419
4.9496e-005,0.0383761
4.95e-005,0.0381975
4.9504e-005,0.0380983
4.9508e-005,0.0377263
4.9512e-005,0.0386489
4.9516e-005,0.0380289
4.952e-005,0.0380338
4.9524e-005,0.0384604
4.9528e-005,0.0379049
4.9532e-005,0.0384307
4.9536e-005,0.0385497
4.954e-005,0.0382223
4.9544e-005,0.0378751
4.9548e-005,0.0378007
4.9552e-005,0.0380041
4.9556e-005,0.0380686
4.956e-005,0.0379793
4.9564e-005,0.0380487
4.9568e-005,0.0385894
4.9572e-005,0.0382769
4.9576e-005,0.0381033
4.958e-005,0.0385448
4.9584e-005,0.03852
4.9588e-005,0.03852
4.9592e-005,0.0383464
4.9596e-005,0.038143
4.96e-005,0.038133
4.9604e-005,0.0383265
4.9608e-005,0.0379743
4.9612e-005,0.0385249
4.9616e-005,0.0378801
4.962e-005,0.0377412
4.9624e-005,0.0381479
4.9628e-005,0.0387134
4.9632e-005,0.038391
4.9636e-005,0.0374485
4.964e-005,0.0385249
4.9644e-005,0.0380586
4.9648e-005,0.0382124
4.9652e-005,0.0389466
4.9656e-005,0.0380041
4.966e-005,0.0383067
4.9664e-005,0.0380388
4.9668e-005,0.0377362
4.9672e-005,0.0383315
4.9676e-005,0.0383315
4.968e-005,0.0386241
4.9684e-005,0.0383166
4.9688e-005,0.0381529
4.9692e-005,0.0385497
4.9696e-005,0.0379743
4.97e-005,0.0384108
4.9704e-005,0.0384604
4.9708e-005,0.0382868
4.9712e-005,0.0384704
4.9716e-005,0.0378602
4.972e-005,0.0383513
4.9724e-005,0.038515
4.9728e-005,0.0383414
4.9732e-005,0.037756
4.9736e-005,0.0387878
4.974e-005,0.0378751
4.9744e-005,0.0381926
4.9748e-005,0.037761
4.9752e-005,0.0381926
4.9756e-005,0.0381281
4.976e-005,0.0381727
4.9764e-005,0.0381529
4.9768e-005,0.0374386
4.9772e-005,0.0382571
4.9776e-005,0.03789
4.978e-005,0.0380438
4.9784e-005,0.0385448
4.9788e-005,0.0380537
4.9792e-005,0.0379743
4.9796e-005,0.0387234
4.98e-005,0.038143
4.9804e-005,0.0386341
4.9808e-005,0.0383464
4.9812e-005,0.0381082
4.9816e-005,0.038138
4.982e-005,0.0382372
4.9824e-005,0.038773
4.9828e-005,0.0372203
4.9832e-005,0.0378453
4.9836e-005,0.0357222
4.984e-005,0.0341348
4.9844e-005,0.0331824
4.9848e-005,0.0331675
4.9852e-005,0.0322597
4.9856e-005,0.0326466
4.986e-005,0.0251661
4.9864e-005,0.0206519
4.9868e-005,0.0204237
4.9872e-005,0.0196152
4.9876e-005,0.0198483
4.988e-005,0.0189355
4.9884e-005,0.00885066
4.9888e-005,0.00107245
4.9892e-005,0.00191079
4.9896e-005,8.03316e-005
4.99e-005,9.62069e-007
4.9904e-005,0.000720248
4.9908e-005,0.000680563
4.9912e-005,0.000526785
4.9916e-005,0.00065576
4.992e-005,-0.000549664
4.9924e-005,0.00965924
4.9928e-005,0.0204833
4.9932e-005,0.0224873
4.9936e-005,0.0260838
4.994e-005,0.0295115
4.9944e-005,0.0321952
4.9948e-005,0.0330236
4.9952e-005,0.036005
4.9956e-005,0.0371657
4.996e-005,0.0379545
4.9964e-005,0.0392393
4.9968e-005,0.040787
4.9972e-005,0.0413525
4.9976e-005,0.0421362
4.998e-005,0.0426422
4.9984e-005,0.0435451
4.9988e-005,0.0438228
4.9992e-005,0.044562
4.9996e-005,0.0450481
5e-005,0.0453755
5.0004e-005,0.0455491
5.0008e-005,0.0452416
5.0012e-005,0.0457079
5.0016e-005,0.046571
5.002e-005,0.0467992
5.0024e-005,0.0469282
5.0028e-005,0.0471415
5.0032e-005,0.0461345
5.0036e-005,0.0474193
5.004e-005,0.0478012
5.0044e-005,0.0474639
5.0048e-005,0.047454
5.0052e-005,0.0472605
5.0056e-005,0.0470224
5.006e-005,0.047955
5.0064e-005,0.0473746
5.0068e-005,0.0471415
5.0072e-005,0.0476822
5.0076e-005,0.0470968
5.008e-005,0.046824
5.0084e-005,0.0476375
5.0088e-005,0.0473697
5.0092e-005,0.0480096
5.0096e-005,0.0480989
5.01e-005,0.0474738
5.0104e-005,0.0474441
5.0108e-005,0.0474094
5.0112e-005,0.0471861
5.0116e-005,0.0471564
5.012e-005,0.0483618
5.0124e-005,0.0474292
5.0128e-005,0.0473697
5.0132e-005,0.047459
5.0136e-005,0.0477616
5.014e-005,0.0473548
5.0144e-005,0.0481683
5.0148e-005,0.047201
5.0152e-005,0.0479352
5.0156e-005,0.0485949
5.016e-005,0.0479054
5.0164e-005,0.0475929
5.0168e-005,0.0478509
5.0172e-005,0.047702
5.0176e-005,0.0472556
5.018e-005,0.0479649
5.0184e-005,0.0484015
5.0188e-005,0.0475036
5.0192e-005,0.0478608
5.0196e-005,0.0477368
5.02e-005,0.0483916
5.0204e-005,0.0481931
5.0208e-005,0.0473449
5.0212e-005,0.0473895
5.0216e-005,0.0481584
5.022e-005,0.0481733
5.0224e-005,0.0471464
5.0228e-005,0.0482874
5.0232e-005,0.0472209
5.0236e-005,0.0475631
5.024e-005,0.0483668
5.0244e-005,0.0478409
5.0248e-005,0.047583
5.0252e-005,0.0484114
5.0256e-005,0.0481138
5.026e-005,0.0480294
5.0264e-005,0.0480344
5.0268e-005,0.0474193
5.0272e-005,0.0479451
5.0276e-005,0.0472853
5.028e-005,0.0474441
5.0284e-005,0.0475929
5.0288e-005,0.0477913
5.0292e-005,0.047583
5.0296e-005,0.0480741
5.03e-005,0.0483717
5.0304e-005,0.0481485
5.0308e-005,0.0481584
5.0312e-005,0.0479699
5.0316e-005,0.047454
5.032e-005,0.0475582
5.0324e-005,0.0484114
5.0328e-005,0.048461
5.0332e-005,0.0477764
5.0336e-005,0.0483816
5.034e-005,0.0486693
5.0344e-005,0.0478608
5.0348e-005,0.048466
5.0352e-005,0.0481832
5.0356e-005,0.0478112
5.036e-005,0.0483816
5.0364e-005,0.048466
5.0368e-005,0.047826
5.0372e-005,0.0479501
5.0376e-005,0.047836
5.038e-005,0.0480096
5.0384e-005,0.048213
5.0388e-005,0.0483171
5.0392e-005,0.0480642
5.0396e-005,0.0474242
5.04e-005,0.0481286
5.0404e-005,0.0472853
5.0408e-005,0.0480146
5.0412e-005,0.0486892
5.0416e-005,0.0480691
5.042e-005,0.0482378
5.0424e-005,0.0481683
5.0428e-005,0.0477913
5.0432e-005,0.0476524
5.0436e-005,0.0483866
5.044e-005,0.0479947
5.0444e-005,0.0479253
5.0448e-005,0.0477665
5.0452e-005,0.047072
5.0456e-005,0.0483221
5.046e-005,0.0477467
5.0464e-005,0.0476921
5.0468e-005,0.0475284
5.0472e-005,0.0480691
5.0476e-005,0.0482576
5.048e-005,0.0482179
5.0484e-005,0.0479203
5.0488e-005,0.0477665
5.0492e-005,0.0477715
5.0496e-005,0.0480344
5.05e-005,0.0481237
5.0504e-005,0.048089
5.0508e-005,0.0475979
5.0512e-005,0.0480642
5.0516e-005,0.0485751
5.052e-005,0.0483668
5.0524e-005,0.0477516
5.0528e-005,0.0484362
5.0532e-005,0.0479054
5.0536e-005,0.0482031
5.054e-005,0.0482725
5.0544e-005,0.0481237
5.0548e-005,0.0479798
5.0552e-005,0.0477665
5.0556e-005,0.0476872
5.056e-005,0.0484164
5.0564e-005,0.0479104
5.0568e-005,0.0483221
5.0572e-005,0.0478905
5.0576e-005,0.0478211
5.058e-005,0.048089
5.0584e-005,0.048208
5.0588e-005,0.0484064
5.0592e-005,0.0485701
5.0596e-005,0.0474143
5.06e-005,0.0469282
5.0604e-005,0.0422603
5.0608e-005,0.0390756
5.0612e-005,0.0382571
5.0616e-005,0.0371856
5.062e-005,0.0365953
5.0624e-005,0.0356329
5.0628e-005,0.0266046
5.0632e-005,0.0200368
5.0636e-005,0.0197441
5.064e-005,0.0197987
5.0644e-005,0.019506
5.0648e-005,0.0194217
5.0652e-005,0.00910365
5.0656e-005,0.00129568
5.066e-005,0.00110717
5.0664e-005,0.000829381
5.0668e-005,0.000546627
5.0672e-005,0.00153379
5.0676e-005,0.000869066
5.068e-005,0.000948436
5.0684e-005,0.000993081
5.0688e-005,-9.82498e-005
5.0692e-005,0.0113706
5.0696e-005,0.0190893
5.07e-005,0.0184941
5.0704e-005,0.0184147
5.0708e-005,0.0196251
5.0712e-005,0.01963
5.0716e-005,0.0181419
5.072e-005,0.018623
5.0724e-005,0.0187768
5.0728e-005,0.0182559
5.0732e-005,0.0179087
5.0736e-005,0.0190893
5.074e-005,0.0181617
5.0744e-005,0.0187421
5.0748e-005,0.0186627
5.0752e-005,0.0180476
5.0756e-005,0.0184048
5.076e-005,0.0178492
5.0764e-005,0.018251
5.0768e-005,0.0184097
5.0772e-005,0.0180823
5.0776e-005,0.0177252
5.078e-005,0.0184097
5.0784e-005,0.018504
5.0788e-005,0.0186528
5.0792e-005,0.0184445
5.0796e-005,0.0177599
5.08e-005,0.019005
5.0804e-005,0.0185833
5.0808e-005,0.0185685
5.0812e-005,0.0180674
5.0816e-005,0.0177648
5.082e-005,0.0182559
5.0824e-005,0.0180575
5.0828e-005,0.0181567
5.0832e-005,0.018623
5.0836e-005,0.0181667
5.084e-005,0.0179037
5.0844e-005,0.0180228
5.0848e-005,0.0181419
5.0852e-005,0.0184494
5.0856e-005,0.0182212
5.086e-005,0.0187917
5.0864e-005,0.0181468
5.0868e-005,0.0184494
5.0872e-005,0.0183452
5.0876e-005,0.0185089
5.088e-005,0.0185189
5.0884e-005,0.0189058
5.0888e-005,0.0180377
5.0892e-005,0.0185486
5.0896e-005,0.0194862
5.09e-005,0.0185784
5.0904e-005,0.0182708
5.0908e-005,0.0185982
5.0912e-005,0.0186082
5.0916e-005,0.0185685
5.092e-005,0.0191885
5.0924e-005,0.0187768
5.0928e-005,0.018628
5.0932e-005,0.0186776
5.0936e-005,0.0181716
5.094e-005,0.0189157
5.0944e-005,0.0183006
5.0948e-005,0.0193473
5.0952e-005,0.0188661
5.0956e-005,0.0187173
5.096e-005,0.0186528
5.0964e-005,0.0186974
5.0968e-005,0.0181964
5.0972e-005,0.0184742
5.0976e-005,0.0189504
5.098e-005,0.0181766
5.0984e-005,0.0181319
5.0988e-005,0.0182311
5.0992e-005,0.0185734
5.0996e-005,0.0190199
5.1e-005,0.0187718
5.1004e-005,0.0179682
5.1008e-005,0.0186974
5.1012e-005,0.0183006
5.1016e-005,0.0187371
5.102e-005,0.0180922
5.1024e-005,0.0187818
5.1028e-005,0.0188016
5.1032e-005,0.0192679
5.1036e-005,0.0187123
5.104e-005,0.0189455
5.1044e-005,0.0190348
5.1048e-005,0.0187322
5.1052e-005,0.0187619
5.1056e-005,0.0184891
5.106e-005,0.0186726
5.1064e-005,0.0184097
5.1068e-005,0.0179434
5.1072e-005,0.0185833
5.1076e-005,0.018251
5.108e-005,0.0182262
5.1084e-005,0.0183155
5.1088e-005,0.0187718
5.1092e-005,0.0185139
5.1096e-005,0.0185833
5.11e-005,0.0187818
5.1104e-005,0.0180724
5.1108e-005,0.0184246
5.1112e-005,0.0184693
5.1116e-005,0.0182857
5.112e-005,0.0185685
5.1124e-005,0.0184941
5.1128e-005,0.0180575
5.1132e-005,0.0183849
5.1136e-005,0.0183304
5.114e-005,0.01838
5.1144e-005,0.0190348
5.1148e-005,0.0176756
5.1152e-005,0.0185883
5.1156e-005,0.0184246
5.116e-005,0.0185833
5.1164e-005,0.0183155
5.1168e-005,0.0187669
5.1172e-005,0.0185139
5.1176e-005,0.0178889
5.118e-005,0.0183056
5.1184e-005,0.0181766
5.1188e-005,0.0185833
5.1192e-005,0.0181567
5.1196e-005,0.0178938
5.12e-005,0.0183899
5.1204e-005,0.0180674
5.1208e-005,0.0184643
5.1212e-005,0.0183254
5.1216e-005,0.01838
5.122e-005,0.018251
5.1224e-005,0.0184693
5.1228e-005,0.0180526
5.1232e-005,0.0179782
5.1236e-005,0.0177202
5.124e-005,0.0181419
5.1244e-005,0.0179087
5.1248e-005,0.0180625
5.1252e-005,0.0185189
5.1256e-005,0.0176061
5.126e-005,0.0187371
