LECROYWR104MXi,20621,Waveform
Segments,1,SegmentSize,2501
Segment,TrigTime,TimeSinceSegment1
#1,21-May-2015 13:59:34,0                 
Time,Ampl
4.126e-005,0.051482
4.1264e-005,0.0515415
4.1268e-005,0.0512985
4.1272e-005,0.0521467
4.1276e-005,0.0520227
4.128e-005,0.0517995
4.1284e-005,0.0523203
4.1288e-005,0.0513431
4.1292e-005,0.0522807
4.1296e-005,0.051363
4.13e-005,0.0522608
4.1304e-005,0.0519483
4.1308e-005,0.0521517
4.1312e-005,0.0526477
4.1316e-005,0.0516904
4.132e-005,0.0507826
4.1324e-005,0.0514274
4.1328e-005,0.050599
4.1332e-005,0.0513828
4.1336e-005,0.0516705
4.134e-005,0.0519235
4.1344e-005,0.0512439
4.1348e-005,0.0512985
4.1352e-005,0.0525386
4.1356e-005,0.0520426
4.136e-005,0.0526329
4.1364e-005,0.0520426
4.1368e-005,0.051864
4.1372e-005,0.0523799
4.1376e-005,0.0523154
4.138e-005,0.0513133
4.1384e-005,0.0519136
4.1388e-005,0.0524741
4.1392e-005,0.0524394
4.1396e-005,0.0524592
4.14e-005,0.0515118
4.1404e-005,0.0515663
4.1408e-005,0.0524493
4.1412e-005,0.0524791
4.1416e-005,0.052117
4.142e-005,0.0523898
4.1424e-005,0.0518441
4.1428e-005,0.0519632
4.1432e-005,0.0518541
4.1436e-005,0.0512489
4.144e-005,0.0511943
4.1444e-005,0.0519632
4.1448e-005,0.05236
4.1452e-005,0.0521368
4.1456e-005,0.0524047
4.146e-005,0.0518441
4.1464e-005,0.0518888
4.1468e-005,0.0516308
4.1472e-005,0.0519582
4.1476e-005,0.0529652
4.148e-005,0.0524791
4.1484e-005,0.0517846
4.1488e-005,0.0515713
4.1492e-005,0.0529057
4.1496e-005,0.0520475
4.15e-005,0.0519037
4.1504e-005,0.0521715
4.1508e-005,0.0517995
4.1512e-005,0.0523203
4.1516e-005,0.05236
4.152e-005,0.0521318
4.1524e-005,0.051859
4.1528e-005,0.0516755
4.1532e-005,0.0515415
4.1536e-005,0.0516011
4.154e-005,0.0519929
4.1544e-005,0.0514919
4.1548e-005,0.0514225
4.1552e-005,0.0514522
4.1556e-005,0.0523352
4.156e-005,0.0518739
4.1564e-005,0.0517052
4.1568e-005,0.0518144
4.1572e-005,0.0517846
4.1576e-005,0.051234
4.158e-005,0.0524791
4.1584e-005,0.0515068
4.1588e-005,0.0514969
4.1592e-005,0.051988
4.1596e-005,0.0518193
4.16e-005,0.0525783
4.1604e-005,0.0517449
4.1608e-005,0.0518144
4.1612e-005,0.0517499
4.1616e-005,0.0518789
4.162e-005,0.0512935
4.1624e-005,0.0518292
4.1628e-005,0.05236
4.1632e-005,0.0516804
4.1636e-005,0.0520574
4.164e-005,0.050604
4.1644e-005,0.0453408
4.1648e-005,0.0416104
4.1652e-005,0.0386043
4.1656e-005,0.0367391
4.166e-005,0.0366548
4.1664e-005,0.0347797
4.1668e-005,0.0265203
4.1672e-005,0.0216093
4.1676e-005,0.0195556
4.168e-005,0.0191241
4.1684e-005,0.0194366
4.1688e-005,0.0186181
4.1692e-005,0.00967908
4.1696e-005,0.00199512
4.17e-005,0.00125599
4.1704e-005,0.000437494
4.1708e-005,0.000437494
4.1712e-005,0.000883948
4.1716e-005,0.000923633
4.172e-005,0.000839302
4.1724e-005,0.000665682
4.1728e-005,-0.000286752
4.1732e-005,0.00975349
4.1736e-005,0.0185288
4.174e-005,0.0188314
4.1744e-005,0.019387
4.1748e-005,0.0209247
4.1752e-005,0.0214357
4.1756e-005,0.0212323
4.176e-005,0.0214258
4.1764e-005,0.0209198
4.1768e-005,0.0216837
4.1772e-005,0.0217284
4.1776e-005,0.021778
4.178e-005,0.0222294
4.1784e-005,0.0223534
4.1788e-005,0.0223336
4.1792e-005,0.0221798
4.1796e-005,0.0225617
4.18e-005,0.0229487
4.1804e-005,0.0231273
4.1808e-005,0.0226014
4.1812e-005,0.023028
4.1816e-005,0.023033
4.182e-005,0.0228842
4.1824e-005,0.0229735
4.1828e-005,0.0220558
4.1832e-005,0.0223534
4.1836e-005,0.0226709
4.184e-005,0.0228048
4.1844e-005,0.0223286
4.1848e-005,0.0227602
4.1852e-005,0.0223187
4.1856e-005,0.0232364
4.186e-005,0.0224774
4.1864e-005,0.0232413
4.1868e-005,0.0225965
4.1872e-005,0.022026
4.1876e-005,0.0224476
4.188e-005,0.0220905
4.1884e-005,0.0221351
4.1888e-005,0.0223484
4.1892e-005,0.0223286
4.1896e-005,0.0222443
4.19e-005,0.0219119
4.1904e-005,0.0219863
4.1908e-005,0.0224526
4.1912e-005,0.0221252
4.1916e-005,0.0223683
4.192e-005,0.022155
4.1924e-005,0.0223782
4.1928e-005,0.0218177
4.1932e-005,0.0224625
4.1936e-005,0.0229834
4.194e-005,0.0223534
4.1944e-005,0.0229139
4.1948e-005,0.0222492
4.1952e-005,0.0223782
4.1956e-005,0.022274
4.196e-005,0.0226659
4.1964e-005,0.0225419
4.1968e-005,0.0221302
4.1972e-005,0.0225221
4.1976e-005,0.0221748
4.198e-005,0.0219566
4.1984e-005,0.0213712
4.1988e-005,0.0227006
4.1992e-005,0.0220062
4.1996e-005,0.0228594
4.2e-005,0.0229288
4.2004e-005,0.0224526
4.2008e-005,0.0223584
4.2012e-005,0.0224625
4.2016e-005,0.0226907
4.202e-005,0.0221103
4.2024e-005,0.0228296
4.2028e-005,0.02278
4.2032e-005,0.0229189
4.2036e-005,0.0224774
4.204e-005,0.0227502
4.2044e-005,0.0230826
4.2048e-005,0.023038
4.2052e-005,0.0232562
4.2056e-005,0.0227354
4.206e-005,0.0226163
4.2064e-005,0.0225617
4.2068e-005,0.0228693
4.2072e-005,0.0227254
4.2076e-005,0.0219566
4.208e-005,0.0227502
4.2084e-005,0.0227701
4.2088e-005,0.0220359
4.2092e-005,0.0227205
4.2096e-005,0.02215
4.21e-005,0.0219814
4.2104e-005,0.0223336
4.2108e-005,0.0220756
4.2112e-005,0.0219962
4.2116e-005,0.022909
4.212e-005,0.0234447
4.2124e-005,0.0225121
4.2128e-005,0.0225717
4.2132e-005,0.0227899
4.2136e-005,0.0224625
4.214e-005,0.0227999
4.2144e-005,0.0223584
4.2148e-005,0.0222145
4.2152e-005,0.0222939
4.2156e-005,0.0224973
4.216e-005,0.0224228
4.2164e-005,0.0226907
4.2168e-005,0.0223088
4.2172e-005,0.0220508
4.2176e-005,0.022527
4.218e-005,0.0219665
4.2184e-005,0.0224824
4.2188e-005,0.0222988
4.2192e-005,0.022398
4.2196e-005,0.0220359
4.22e-005,0.0220409
4.2204e-005,0.0221798
4.2208e-005,0.0229437
4.2212e-005,0.0222641
4.2216e-005,0.0224973
4.222e-005,0.0221798
4.2224e-005,0.0230181
4.2228e-005,0.0224774
4.2232e-005,0.0222443
4.2236e-005,0.0223683
4.224e-005,0.0218524
4.2244e-005,0.0220657
4.2248e-005,0.0229288
4.2252e-005,0.0224576
4.2256e-005,0.0224427
4.226e-005,0.0227949
4.2264e-005,0.0229139
4.2268e-005,0.022284
4.2272e-005,0.0228643
4.2276e-005,0.0225915
4.228e-005,0.021649
4.2284e-005,0.0226659
4.2288e-005,0.0226064
4.2292e-005,0.0220161
4.2296e-005,0.0226163
4.23e-005,0.0223336
4.2304e-005,0.0220954
4.2308e-005,0.0221996
4.2312e-005,0.0225171
4.2316e-005,0.0223584
4.232e-005,0.0229636
4.2324e-005,0.0225072
4.2328e-005,0.0224923
4.2332e-005,0.0218673
4.2336e-005,0.022909
4.234e-005,0.0228147
4.2344e-005,0.0226163
4.2348e-005,0.0224725
4.2352e-005,0.0222939
4.2356e-005,0.0222393
4.236e-005,0.0223236
4.2364e-005,0.0222492
4.2368e-005,0.0223732
4.2372e-005,0.022656
4.2376e-005,0.0220409
4.238e-005,0.022279
4.2384e-005,0.0221004
4.2388e-005,0.0218425
4.2392e-005,0.0221947
4.2396e-005,0.0222492
4.24e-005,0.0228247
4.2404e-005,0.0217532
4.2408e-005,0.0218524
4.2412e-005,0.0228296
4.2416e-005,0.0227502
4.242e-005,0.0236432
4.2424e-005,0.0233158
4.2428e-005,0.0240202
4.2432e-005,0.0235588
4.2436e-005,0.0205775
4.244e-005,0.019888
4.2444e-005,0.0199525
4.2448e-005,0.0195308
4.2452e-005,0.0189157
4.2456e-005,0.0175218
4.246e-005,0.00827523
4.2464e-005,0.00182646
4.2468e-005,0.00134032
4.2472e-005,-0.000261949
4.2476e-005,0.000611115
4.248e-005,0.000462297
4.2484e-005,0.000159701
4.2488e-005,0.000958357
4.2492e-005,0.000596233
4.2496e-005,-0.000500058
4.25e-005,0.00889531
4.2504e-005,0.018246
4.2508e-005,0.0199773
4.2512e-005,0.0217085
4.2516e-005,0.0241541
4.252e-005,0.0253893
4.2524e-005,0.0261631
4.2528e-005,0.0273586
4.2532e-005,0.0280581
4.2536e-005,0.0287526
4.254e-005,0.0290651
4.2544e-005,0.0296008
4.2548e-005,0.0308162
4.2552e-005,0.0311485
4.2556e-005,0.0309005
4.256e-005,0.0315156
4.2564e-005,0.0312081
4.2568e-005,0.032597
4.2572e-005,0.032101
4.2576e-005,0.0329195
4.258e-005,0.0325425
4.2584e-005,0.0336735
4.2588e-005,0.0332072
4.2592e-005,0.0325375
4.2596e-005,0.0333014
4.26e-005,0.0329145
4.2604e-005,0.0326714
4.2608e-005,0.0333659
4.2612e-005,0.0326218
4.2616e-005,0.033361
4.262e-005,0.0335891
4.2624e-005,0.0325177
4.2628e-005,0.0320266
4.2632e-005,0.0329591
4.2636e-005,0.0333213
4.264e-005,0.0330187
4.2644e-005,0.0329343
4.2648e-005,0.0327607
4.2652e-005,0.0326119
4.2656e-005,0.0331427
4.266e-005,0.0329492
4.2664e-005,0.0326069
4.2668e-005,0.0326913
4.2672e-005,0.0327905
4.2676e-005,0.0332965
4.268e-005,0.0328847
4.2684e-005,0.0328996
4.2688e-005,0.0324135
4.2692e-005,0.0324631
4.2696e-005,0.032101
4.27e-005,0.0323738
4.2704e-005,0.0323887
4.2708e-005,0.0321803
4.2712e-005,0.0325474
4.2716e-005,0.0326714
4.272e-005,0.0326714
4.2724e-005,0.0327954
4.2728e-005,0.032473
4.2732e-005,0.0323341
4.2736e-005,0.0326119
4.274e-005,0.0335842
4.2744e-005,0.0328649
4.2748e-005,0.0325673
4.2752e-005,0.0331179
4.2756e-005,0.0323788
4.276e-005,0.0325276
4.2764e-005,0.0328996
4.2768e-005,0.0329691
4.2772e-005,0.0328103
4.2776e-005,0.0328947
4.278e-005,0.032478
4.2784e-005,0.0327508
4.2788e-005,0.0325722
4.2792e-005,0.0330286
4.2796e-005,0.0321307
4.28e-005,0.0324085
4.2804e-005,0.0325226
4.2808e-005,0.0324432
4.2812e-005,0.0321506
4.2816e-005,0.0324284
4.282e-005,0.0324135
4.2824e-005,0.0325028
4.2828e-005,0.0322151
4.2832e-005,0.0326169
4.2836e-005,0.0324829
4.284e-005,0.0324184
4.2844e-005,0.0323936
4.2848e-005,0.0330584
4.2852e-005,0.0332568
4.2856e-005,0.0321456
4.286e-005,0.0329641
4.2864e-005,0.0328897
4.2868e-005,0.0323887
4.2872e-005,0.0328302
4.2876e-005,0.0327458
4.288e-005,0.0324383
4.2884e-005,0.0327855
4.2888e-005,0.0324978
4.2892e-005,0.0321109
4.2896e-005,0.0331774
4.29e-005,0.0327855
4.2904e-005,0.0331179
4.2908e-005,0.0331129
4.2912e-005,0.0329443
4.2916e-005,0.0321258
4.292e-005,0.0329542
4.2924e-005,0.0332121
4.2928e-005,0.0323837
4.2932e-005,0.0324879
4.2936e-005,0.0323688
4.294e-005,0.0320811
4.2944e-005,0.03285
4.2948e-005,0.0325524
4.2952e-005,0.0328947
4.2956e-005,0.0326367
4.296e-005,0.032731
4.2964e-005,0.032354
4.2968e-005,0.0326814
4.2972e-005,0.0329095
4.2976e-005,0.0325276
4.298e-005,0.03285
4.2984e-005,0.0327855
4.2988e-005,0.0328798
4.2992e-005,0.0328699
4.2996e-005,0.0330832
4.3e-005,0.0331923
4.3004e-005,0.0332965
4.3008e-005,0.0334651
4.3012e-005,0.0332022
4.3016e-005,0.0334899
4.302e-005,0.0326218
4.3024e-005,0.0328103
4.3028e-005,0.032354
4.3032e-005,0.0331129
4.3036e-005,0.0329939
4.304e-005,0.0329691
4.3044e-005,0.0327657
4.3048e-005,0.032721
4.3052e-005,0.0330683
4.3056e-005,0.0330038
4.306e-005,0.0326268
4.3064e-005,0.0325871
4.3068e-005,0.0327012
4.3072e-005,0.0322895
4.3076e-005,0.0327409
4.308e-005,0.0323589
4.3084e-005,0.0325276
4.3088e-005,0.032478
4.3092e-005,0.0327012
4.3096e-005,0.0325772
4.31e-005,0.0333659
4.3104e-005,0.0328054
4.3108e-005,0.0327458
4.3112e-005,0.0327409
4.3116e-005,0.0326863
4.312e-005,0.0329244
4.3124e-005,0.0329641
4.3128e-005,0.0326317
4.3132e-005,0.0329095
4.3136e-005,0.0329095
4.314e-005,0.0326814
4.3144e-005,0.0326615
4.3148e-005,0.0322647
4.3152e-005,0.032478
4.3156e-005,0.0321456
4.316e-005,0.0326913
4.3164e-005,0.0328649
4.3168e-005,0.0321754
4.3172e-005,0.0326913
4.3176e-005,0.0312775
4.318e-005,0.0306227
4.3184e-005,0.0301415
4.3188e-005,0.0298141
4.3192e-005,0.0295463
4.3196e-005,0.029834
4.32e-005,0.0294371
4.3204e-005,0.0242781
4.3208e-005,0.0205031
4.3212e-005,0.0203741
4.3216e-005,0.0198433
4.322e-005,0.019382
4.3224e-005,0.0183651
4.3228e-005,0.00957491
4.3232e-005,0.00125103
4.3236e-005,0.00104765
4.324e-005,-0.000271871
4.3244e-005,0.000928593
4.3248e-005,0.000769854
4.3252e-005,0.000516864
4.3256e-005,0.000621036
4.326e-005,0.000417652
4.3264e-005,-0.000207383
4.3268e-005,0.00894491
4.3272e-005,0.019253
4.3276e-005,0.0220508
4.328e-005,0.0244617
4.3284e-005,0.0272892
4.3288e-005,0.0299183
4.3292e-005,0.0304441
4.3296e-005,0.032721
4.33e-005,0.0342092
4.3304e-005,0.0351716
4.3308e-005,0.0359553
4.3312e-005,0.0374386
4.3316e-005,0.0379098
4.332e-005,0.0384902
4.3324e-005,0.0391152
4.3328e-005,0.0399139
4.3332e-005,0.0403157
4.3336e-005,0.0407175
4.334e-005,0.0417096
4.3344e-005,0.0418585
4.3348e-005,0.0412681
4.3352e-005,0.0420271
4.3356e-005,0.0419626
4.336e-005,0.0419081
4.3364e-005,0.0417592
4.3368e-005,0.0418485
4.3372e-005,0.0424388
4.3376e-005,0.042796
4.338e-005,0.0423049
4.3384e-005,0.0427712
4.3388e-005,0.0425579
4.3392e-005,0.0421313
4.3396e-005,0.0422603
4.34e-005,0.0433268
4.3404e-005,0.0429299
4.3408e-005,0.0422107
4.3412e-005,0.0433516
4.3416e-005,0.0422454
4.342e-005,0.0428952
4.3424e-005,0.04292
4.3428e-005,0.04292
4.3432e-005,0.0423545
4.3436e-005,0.0429101
4.344e-005,0.0424934
4.3444e-005,0.0429051
4.3448e-005,0.0432474
4.3452e-005,0.0428853
4.3456e-005,0.0423942
4.346e-005,0.0430292
4.3464e-005,0.0426224
4.3468e-005,0.0425281
4.3472e-005,0.0428258
4.3476e-005,0.0429746
4.348e-005,0.0430589
4.3484e-005,0.0430341
4.3488e-005,0.0426075
4.3492e-005,0.0425728
4.3496e-005,0.0438427
4.35e-005,0.0431234
4.3504e-005,0.0431631
4.3508e-005,0.0428655
4.3512e-005,0.0421759
4.3516e-005,0.0423148
4.352e-005,0.0425926
4.3524e-005,0.0423148
4.3528e-005,0.042171
4.3532e-005,0.0429448
4.3536e-005,0.0428605
4.354e-005,0.0431681
4.3544e-005,0.0426869
4.3548e-005,0.0426075
4.3552e-005,0.0427762
4.3556e-005,0.0428307
4.356e-005,0.0422751
4.3564e-005,0.0425281
4.3568e-005,0.0428109
4.3572e-005,0.0429101
4.3576e-005,0.042037
4.358e-005,0.0427464
4.3584e-005,0.0423347
4.3588e-005,0.0422156
4.3592e-005,0.0426273
4.3596e-005,0.0425579
4.36e-005,0.0422553
4.3604e-005,0.0423843
4.3608e-005,0.0424686
4.3612e-005,0.0428853
4.3616e-005,0.0437435
4.362e-005,0.0428208
4.3624e-005,0.0417344
4.3628e-005,0.0428952
4.3632e-005,0.0424537
4.3636e-005,0.0428605
4.364e-005,0.0430837
4.3644e-005,0.0428704
4.3648e-005,0.042791
4.3652e-005,0.0429597
4.3656e-005,0.0422851
4.366e-005,0.0424636
4.3664e-005,0.042677
4.3668e-005,0.0432524
4.3672e-005,0.0422603
4.3676e-005,0.0430738
4.368e-005,0.0428158
4.3684e-005,0.0428853
4.3688e-005,0.0426373
4.3692e-005,0.0423297
4.3696e-005,0.0426323
4.37e-005,0.0428853
4.3704e-005,0.0428704
4.3708e-005,0.0428357
4.3712e-005,0.043049
4.3716e-005,0.0428456
4.372e-005,0.0430093
4.3724e-005,0.0430688
4.3728e-005,0.0428754
4.3732e-005,0.0425678
4.3736e-005,0.0426869
4.374e-005,0.0427662
4.3744e-005,0.0423942
4.3748e-005,0.0430589
4.3752e-005,0.0427563
4.3756e-005,0.0426025
4.376e-005,0.0431978
4.3764e-005,0.0424289
4.3768e-005,0.0425579
4.3772e-005,0.042925
4.3776e-005,0.04292
4.378e-005,0.0427464
4.3784e-005,0.0435748
4.3788e-005,0.0427464
4.3792e-005,0.0425182
4.3796e-005,0.0425083
4.38e-005,0.0425678
4.3804e-005,0.0422702
4.3808e-005,0.0426968
4.3812e-005,0.0432524
4.3816e-005,0.0434111
4.382e-005,0.0436195
4.3824e-005,0.0429151
4.3828e-005,0.0429101
4.3832e-005,0.0425033
4.3836e-005,0.0426373
4.384e-005,0.0421313
4.3844e-005,0.0429349
4.3848e-005,0.0424884
4.3852e-005,0.0423396
4.3856e-005,0.0432573
4.386e-005,0.0428506
4.3864e-005,0.0424587
4.3868e-005,0.0429845
4.3872e-005,0.0426819
4.3876e-005,0.0426869
4.388e-005,0.0427117
4.3884e-005,0.0424785
4.3888e-005,0.0420966
4.3892e-005,0.0432425
4.3896e-005,0.0427117
4.39e-005,0.0430044
4.3904e-005,0.043302
4.3908e-005,0.0423992
4.3912e-005,0.0430788
4.3916e-005,0.0435798
4.392e-005,0.0425728
4.3924e-005,0.0425232
4.3928e-005,0.0431631
4.3932e-005,0.0425579
4.3936e-005,0.0434756
4.394e-005,0.0423793
4.3944e-005,0.0416848
4.3948e-005,0.0386638
4.3952e-005,0.0375824
4.3956e-005,0.0359206
4.396e-005,0.0345862
4.3964e-005,0.0343283
4.3968e-005,0.0332419
4.3972e-005,0.0259796
4.3976e-005,0.0206271
4.398e-005,0.0197342
4.3984e-005,0.0198731
4.3988e-005,0.0192878
4.3992e-005,0.0184643
4.3996e-005,0.00997672
4.4e-005,0.00185622
4.4004e-005,0.00121135
4.4008e-005,-4.86439e-005
4.4012e-005,0.000333322
4.4016e-005,0.000943475
4.402e-005,0.000635918
4.4024e-005,0.000869066
4.4028e-005,0.000273795
4.4032e-005,-0.000455413
4.4036e-005,0.00871673
4.404e-005,0.0193622
4.4044e-005,0.0221401
4.4048e-005,0.0265699
4.4052e-005,0.0302903
4.4056e-005,0.0326268
4.406e-005,0.0344324
4.4064e-005,0.0368929
4.4068e-005,0.038763
4.4072e-005,0.03978
4.4076e-005,0.0408167
4.408e-005,0.0424091
4.4084e-005,0.0435649
4.4088e-005,0.0435103
4.4092e-005,0.0446215
4.4096e-005,0.0457029
4.41e-005,0.0456285
4.4104e-005,0.0464123
4.4108e-005,0.0468835
4.4112e-005,0.0471068
4.4116e-005,0.0476227
4.412e-005,0.0484114
4.4124e-005,0.0484213
4.4128e-005,0.0496267
4.4132e-005,0.0490017
4.4136e-005,0.0487388
4.414e-005,0.0501972
4.4144e-005,0.0503262
4.4148e-005,0.0499095
4.4152e-005,0.0498996
4.4156e-005,0.0502964
4.416e-005,0.0502567
4.4164e-005,0.0500434
4.4168e-005,0.0507131
4.4172e-005,0.0510405
4.4176e-005,0.050733
4.418e-005,0.050981
4.4184e-005,0.0512389
4.4188e-005,0.0512191
4.4192e-005,0.0512538
4.4196e-005,0.0510157
4.42e-005,0.0516655
4.4204e-005,0.051353
4.4208e-005,0.0512241
4.4212e-005,0.0513332
4.4216e-005,0.051859
4.422e-005,0.0513332
4.4224e-005,0.0519185
4.4228e-005,0.0518888
4.4232e-005,0.0518144
4.4236e-005,0.0517945
4.424e-005,0.0522608
4.4244e-005,0.0513034
4.4248e-005,0.051229
4.4252e-005,0.0517003
4.4256e-005,0.0519979
4.426e-005,0.0511744
4.4264e-005,0.0517251
4.4268e-005,0.0518094
4.4272e-005,0.0514572
4.4276e-005,0.0521368
4.428e-005,0.0514324
4.4284e-005,0.0509264
4.4288e-005,0.0520674
4.4292e-005,0.0516606
4.4296e-005,0.0512588
4.43e-005,0.051482
4.4304e-005,0.0516556
4.4308e-005,0.0514175
4.4312e-005,0.0515415
4.4316e-005,0.0514374
4.432e-005,0.051864
4.4324e-005,0.0512687
4.4328e-005,0.0520029
4.4332e-005,0.0519582
4.4336e-005,0.05236
4.434e-005,0.0513481
4.4344e-005,0.0511943
4.4348e-005,0.0519086
4.4352e-005,0.0517102
4.4356e-005,0.051353
4.436e-005,0.0512141
4.4364e-005,0.0514225
4.4368e-005,0.0515713
4.4372e-005,0.0521963
4.4376e-005,0.0511893
4.438e-005,0.0517499
4.4384e-005,0.0517201
4.4388e-005,0.0517598
4.4392e-005,0.0517598
4.4396e-005,0.0517846
4.44e-005,0.0513977
4.4404e-005,0.0520723
4.4408e-005,0.0519433
4.4412e-005,0.0515713
4.4416e-005,0.0522559
4.442e-005,0.052484
4.4424e-005,0.0513481
4.4428e-005,0.0510008
4.4432e-005,0.0516407
4.4436e-005,0.051353
4.444e-005,0.0516904
4.4444e-005,0.0519235
4.4448e-005,0.0515961
4.4452e-005,0.0514969
4.4456e-005,0.0521269
4.446e-005,0.0519781
4.4464e-005,0.0510504
4.4468e-005,0.051611
4.4472e-005,0.0520822
4.4476e-005,0.0516159
4.448e-005,0.0523749
4.4484e-005,0.0516556
4.4488e-005,0.0518342
4.4492e-005,0.051988
4.4496e-005,0.0512439
4.45e-005,0.0515564
4.4504e-005,0.0517102
4.4508e-005,0.0512092
4.4512e-005,0.0517152
4.4516e-005,0.0514026
4.452e-005,0.0513282
4.4524e-005,0.0518541
4.4528e-005,0.0520773
4.4532e-005,0.051353
4.4536e-005,0.0509363
4.454e-005,0.0514225
4.4544e-005,0.0521467
4.4548e-005,0.0512042
4.4552e-005,0.051864
4.4556e-005,0.0515812
4.456e-005,0.0515465
4.4564e-005,0.0515167
4.4568e-005,0.0520872
4.4572e-005,0.052117
4.4576e-005,0.0517648
4.458e-005,0.0523898
4.4584e-005,0.0520723
4.4588e-005,0.0520872
4.4592e-005,0.0519681
4.4596e-005,0.0515862
4.46e-005,0.0520227
4.4604e-005,0.0520277
4.4608e-005,0.0517846
4.4612e-005,0.0525436
4.4616e-005,0.0515911
4.462e-005,0.0520277
4.4624e-005,0.0524146
4.4628e-005,0.0525833
4.4632e-005,0.0518888
4.4636e-005,0.0523948
4.464e-005,0.0515763
4.4644e-005,0.0513183
4.4648e-005,0.0519334
4.4652e-005,0.0518491
4.4656e-005,0.0516854
4.466e-005,0.0520922
4.4664e-005,0.0513778
4.4668e-005,0.0512935
4.4672e-005,0.0520674
4.4676e-005,0.0509909
4.468e-005,0.051487
4.4684e-005,0.0515812
4.4688e-005,0.0519285
4.4692e-005,0.0513233
4.4696e-005,0.0514076
4.47e-005,0.0513332
4.4704e-005,0.0514969
4.4708e-005,0.0515515
4.4712e-005,0.0503063
4.4716e-005,0.0446116
4.472e-005,0.0398891
4.4724e-005,0.0384108
4.4728e-005,0.0364464
4.4732e-005,0.0361091
4.4736e-005,0.0345614
4.474e-005,0.0262028
4.4744e-005,0.0208355
4.4748e-005,0.0200566
4.4752e-005,0.0195903
4.4756e-005,0.0190943
4.476e-005,0.0194713
4.4764e-005,0.00965924
4.4768e-005,0.00246142
4.4772e-005,0.00155363
4.4776e-005,0.000239071
4.478e-005,0.00103277
4.4784e-005,0.000501982
4.4788e-005,0.000973238
4.4792e-005,0.000963317
4.4796e-005,0.000546627
4.48e-005,-0.000137935
4.4804e-005,0.00954514
4.4808e-005,0.0189157
4.4812e-005,0.0192233
4.4816e-005,0.0201906
4.482e-005,0.0209148
4.4824e-005,0.0217631
4.4828e-005,0.0218028
4.4832e-005,0.0224328
4.4836e-005,0.0216738
4.484e-005,0.0222591
4.4844e-005,0.0225369
4.4848e-005,0.0228197
4.4852e-005,0.0227304
4.4856e-005,0.0232215
4.486e-005,0.0235241
4.4864e-005,0.024045
4.4868e-005,0.0234894
4.4872e-005,0.0232661
4.4876e-005,0.0237076
4.488e-005,0.024045
4.4884e-005,0.0231173
4.4888e-005,0.023911
4.4892e-005,0.0231669
4.4896e-005,0.0227205
4.49e-005,0.0240152
4.4904e-005,0.0235142
4.4908e-005,0.0234298
4.4912e-005,0.02341
4.4916e-005,0.0231917
4.492e-005,0.0225915
4.4924e-005,0.0236183
4.4928e-005,0.0237572
4.4932e-005,0.0227651
4.4936e-005,0.0229784
4.494e-005,0.0227403
4.4944e-005,0.0226014
4.4948e-005,0.0234398
4.4952e-005,0.0233802
4.4956e-005,0.0232165
4.496e-005,0.0237076
4.4964e-005,0.0230975
4.4968e-005,0.0230628
4.4972e-005,0.0232513
4.4976e-005,0.0235142
4.498e-005,0.023415
4.4984e-005,0.0229437
4.4988e-005,0.0231273
4.4992e-005,0.0230479
4.4996e-005,0.0232711
4.5e-005,0.0229139
4.5004e-005,0.0230826
4.5008e-005,0.0232661
4.5012e-005,0.0235291
4.5016e-005,0.0234844
4.502e-005,0.023405
4.5024e-005,0.0230876
4.5028e-005,0.0231322
4.5032e-005,0.0227502
4.5036e-005,0.0229586
4.504e-005,0.0229933
4.5044e-005,0.0233753
4.5048e-005,0.023281
4.5052e-005,0.0231024
4.5056e-005,0.0231521
4.506e-005,0.0231669
4.5064e-005,0.0234943
4.5068e-005,0.0233108
4.5072e-005,0.0235539
4.5076e-005,0.0231421
4.508e-005,0.0229735
4.5084e-005,0.0233455
4.5088e-005,0.0226858
4.5092e-005,0.0229189
4.5096e-005,0.023668
4.51e-005,0.0231223
4.5104e-005,0.0237523
4.5108e-005,0.0233058
4.5112e-005,0.0233158
4.5116e-005,0.0234943
4.512e-005,0.0228296
4.5124e-005,0.0225221
4.5128e-005,0.0229685
4.5132e-005,0.0235638
4.5136e-005,0.0227899
4.514e-005,0.023281
4.5144e-005,0.0226362
4.5148e-005,0.0226213
4.5152e-005,0.0226113
4.5156e-005,0.0231967
4.516e-005,0.0230231
4.5164e-005,0.0231223
4.5168e-005,0.0229735
4.5172e-005,0.022651
4.5176e-005,0.0223286
4.518e-005,0.0223732
4.5184e-005,0.0229139
4.5188e-005,0.0236828
4.5192e-005,0.022398
4.5196e-005,0.022656
4.52e-005,0.0231074
4.5204e-005,0.0233009
4.5208e-005,0.022661
4.5212e-005,0.023157
4.5216e-005,0.0226411
4.522e-005,0.0229536
4.5224e-005,0.0223484
4.5228e-005,0.0226163
4.5232e-005,0.0224824
4.5236e-005,0.0225121
4.524e-005,0.0226213
4.5244e-005,0.0231868
4.5248e-005,0.023162
4.5252e-005,0.0236729
4.5256e-005,0.0229536
4.526e-005,0.0228495
4.5264e-005,0.0234844
4.5268e-005,0.0228048
4.5272e-005,0.0233058
4.5276e-005,0.0232711
4.528e-005,0.0233505
4.5284e-005,0.0230925
4.5288e-005,0.0236233
4.5292e-005,0.0227651
4.5296e-005,0.0232761
4.53e-005,0.0231273
4.5304e-005,0.022661
4.5308e-005,0.0230776
4.5312e-005,0.0231818
4.5316e-005,0.0230032
4.532e-005,0.0235737
4.5324e-005,0.0237523
4.5328e-005,0.0230082
4.5332e-005,0.0236332
4.5336e-005,0.0234447
4.534e-005,0.0231372
4.5344e-005,0.0233753
4.5348e-005,0.02341
4.5352e-005,0.0228346
4.5356e-005,0.0229536
4.536e-005,0.0237424
4.5364e-005,0.0229487
4.5368e-005,0.023792
4.5372e-005,0.023291
4.5376e-005,0.0233406
4.538e-005,0.023668
4.5384e-005,0.0241987
4.5388e-005,0.0228147
4.5392e-005,0.0239309
4.5396e-005,0.0236531
4.54e-005,0.0234249
4.5404e-005,0.0241938
4.5408e-005,0.0235092
4.5412e-005,0.0237225
4.5416e-005,0.0232612
4.542e-005,0.0229983
4.5424e-005,0.0230032
4.5428e-005,0.0234249
4.5432e-005,0.0229685
4.5436e-005,0.0234199
4.544e-005,0.0235638
4.5444e-005,0.0235935
4.5448e-005,0.0234547
4.5452e-005,0.0232165
4.5456e-005,0.0231372
4.546e-005,0.0229884
4.5464e-005,0.023291
4.5468e-005,0.0238069
4.5472e-005,0.0240003
4.5476e-005,0.0224774
4.548e-005,0.0230628
4.5484e-005,0.023162
4.5488e-005,0.0239656
4.5492e-005,0.0240747
4.5496e-005,0.0244914
4.55e-005,0.0248783
4.5504e-005,0.0245658
4.5508e-005,0.0218871
4.5512e-005,0.0203592
4.5516e-005,0.0199872
4.552e-005,0.0195407
4.5524e-005,0.0196449
4.5528e-005,0.018752
4.5532e-005,0.00827523
4.5536e-005,0.00217866
4.554e-005,0.00123615
4.5544e-005,3.56862e-005
4.5548e-005,0.000536706
4.5552e-005,0.000814499
4.5556e-005,0.000268834
4.556e-005,0.000968278
4.5564e-005,0.00109725
4.5568e-005,0.000189465
4.5572e-005,0.00924255
4.5576e-005,0.0179385
4.558e-005,0.0199475
4.5584e-005,0.0217333
4.5588e-005,0.0239309
4.5592e-005,0.0253794
4.5596e-005,0.0258705
4.56e-005,0.0267187
4.5604e-005,0.0272644
4.5608e-005,0.0292437
4.5612e-005,0.0295215
4.5616e-005,0.0301118
4.562e-005,0.0302209
4.5624e-005,0.0307318
4.5628e-005,0.0309948
4.5632e-005,0.0316049
4.5636e-005,0.0317339
4.564e-005,0.0320811
4.5644e-005,0.0323936
4.5648e-005,0.0323292
4.5652e-005,0.0324631
4.5656e-005,0.0322547
4.566e-005,0.0322647
4.5664e-005,0.0321307
4.5668e-005,0.0321307
4.5672e-005,0.0326863
4.5676e-005,0.0317835
4.568e-005,0.0322399
4.5684e-005,0.0322845
4.5688e-005,0.0314759
4.5692e-005,0.0332221
4.5696e-005,0.0318976
4.57e-005,0.0327806
4.5704e-005,0.0324284
4.5708e-005,0.032344
4.5712e-005,0.0321059
4.5716e-005,0.0325028
4.572e-005,0.0326566
4.5724e-005,0.0324432
4.5728e-005,0.0319224
4.5732e-005,0.0326566
4.5736e-005,0.0320762
4.574e-005,0.0324284
4.5744e-005,0.0326814
4.5748e-005,0.0330286
4.5752e-005,0.0326913
4.5756e-005,0.0329244
4.576e-005,0.0328302
4.5764e-005,0.0321208
4.5768e-005,0.0327905
4.5772e-005,0.0328699
4.5776e-005,0.0323738
4.578e-005,0.0322151
4.5784e-005,0.0319918
4.5788e-005,0.0328004
4.5792e-005,0.0329244
4.5796e-005,0.03285
4.58e-005,0.0331278
4.5804e-005,0.0331427
4.5808e-005,0.0323093
4.5812e-005,0.0329542
4.5816e-005,0.0330633
4.582e-005,0.0334006
4.5824e-005,0.0328203
4.5828e-005,0.03285
4.5832e-005,0.0333262
4.5836e-005,0.0335991
4.584e-005,0.0326764
4.5844e-005,0.0327458
4.5848e-005,0.0328351
4.5852e-005,0.032597
4.5856e-005,0.0324085
4.586e-005,0.0323242
4.5864e-005,0.0320514
4.5868e-005,0.0319224
4.5872e-005,0.0325871
4.5876e-005,0.0323093
4.588e-005,0.03222
4.5884e-005,0.0322101
4.5888e-005,0.0323341
4.5892e-005,0.0324432
4.5896e-005,0.0331725
4.59e-005,0.0324532
4.5904e-005,0.0323837
4.5908e-005,0.033356
4.5912e-005,0.0329641
4.5916e-005,0.0324929
4.592e-005,0.032349
4.5924e-005,0.0325772
4.5928e-005,0.0320861
4.5932e-005,0.0325325
4.5936e-005,0.0321952
4.594e-005,0.0322895
4.5944e-005,0.0323936
4.5948e-005,0.0319125
4.5952e-005,0.0321059
4.5956e-005,0.0325623
4.596e-005,0.0321456
4.5964e-005,0.0328252
4.5968e-005,0.0319323
4.5972e-005,0.0331179
4.5976e-005,0.032726
4.598e-005,0.0331725
4.5984e-005,0.0326516
4.5988e-005,0.0324482
4.5992e-005,0.032101
4.5996e-005,0.0324383
4.6e-005,0.032855
4.6004e-005,0.0321605
4.6008e-005,0.0321704
4.6012e-005,0.0322547
4.6016e-005,0.0326615
4.602e-005,0.031724
4.6024e-005,0.0324085
4.6028e-005,0.0325028
4.6032e-005,0.0322597
4.6036e-005,0.0321952
4.604e-005,0.0323688
4.6044e-005,0.0322994
4.6048e-005,0.0322944
4.6052e-005,0.0324333
4.6056e-005,0.032344
4.606e-005,0.0324829
4.6064e-005,0.0330088
4.6068e-005,0.0325524
4.6072e-005,0.0320563
4.6076e-005,0.0334205
4.608e-005,0.0323341
4.6084e-005,0.0329343
4.6088e-005,0.0327062
4.6092e-005,0.0322795
4.6096e-005,0.0320166
4.61e-005,0.0322299
4.6104e-005,0.0324234
4.6108e-005,0.0319125
4.6112e-005,0.0327756
4.6116e-005,0.0322002
4.612e-005,0.0328252
4.6124e-005,0.0323391
4.6128e-005,0.0328897
4.6132e-005,0.0323143
4.6136e-005,0.0325921
4.614e-005,0.0324333
4.6144e-005,0.0322151
4.6148e-005,0.0318678
4.6152e-005,0.032731
4.6156e-005,0.0320414
4.616e-005,0.0322647
4.6164e-005,0.032101
4.6168e-005,0.0322944
4.6172e-005,0.0326764
4.6176e-005,0.0330633
4.618e-005,0.0321605
4.6184e-005,0.033351
4.6188e-005,0.0318182
4.6192e-005,0.0324333
4.6196e-005,0.033098
4.62e-005,0.0321803
4.6204e-005,0.0318827
4.6208e-005,0.0322151
4.6212e-005,0.0325871
4.6216e-005,0.0324631
4.622e-005,0.0328699
4.6224e-005,0.0321456
4.6228e-005,0.0320762
4.6232e-005,0.0323887
4.6236e-005,0.0324978
4.624e-005,0.0328699
4.6244e-005,0.0315553
4.6248e-005,0.0316843
4.6252e-005,0.0311287
4.6256e-005,0.0308559
4.626e-005,0.0301366
4.6264e-005,0.0300026
4.6268e-005,0.0304987
4.6272e-005,0.0296504
4.6276e-005,0.0233455
4.628e-005,0.0204386
4.6284e-005,0.0200318
4.6288e-005,0.0193721
4.6292e-005,0.0193572
4.6296e-005,0.018881
4.63e-005,0.00959971
4.6304e-005,0.00163796
4.6308e-005,0.00102284
4.6312e-005,-0.00010321
4.6316e-005,0.000779775
4.632e-005,0.000789697
4.6324e-005,-0.00018258
4.6328e-005,0.00103277
4.6332e-005,0.000229149
4.6336e-005,-0.000281792
4.634e-005,0.00919294
4.6344e-005,0.0189306
4.6348e-005,0.0207908
4.6352e-005,0.0239408
4.6356e-005,0.0270213
4.636e-005,0.02844
4.6364e-005,0.0301614
4.6368e-005,0.0321506
4.6372e-005,0.0332766
4.6376e-005,0.0345217
4.638e-005,0.0356279
4.6384e-005,0.0365804
4.6388e-005,0.0379445
4.6392e-005,0.0378056
4.6396e-005,0.0384555
4.64e-005,0.0399486
4.6404e-005,0.040023
4.6408e-005,0.0405737
4.6412e-005,0.0410896
4.6416e-005,0.041035
4.642e-005,0.0411292
4.6424e-005,0.0416799
4.6428e-005,0.0419527
4.6432e-005,0.041288
4.6436e-005,0.0423347
4.644e-005,0.0426373
4.6444e-005,0.0420718
4.6448e-005,0.0423892
4.6452e-005,0.0424884
4.6456e-005,0.0420966
4.646e-005,0.0431036
4.6464e-005,0.0423099
4.6468e-005,0.0423942
4.6472e-005,0.042672
4.6476e-005,0.0431383
4.648e-005,0.0418039
4.6484e-005,0.0421065
4.6488e-005,0.0425083
4.6492e-005,0.0428952
4.6496e-005,0.0433417
4.65e-005,0.0428555
4.6504e-005,0.0425529
4.6508e-005,0.0429746
4.6512e-005,0.0427166
4.6516e-005,0.0432772
4.652e-005,0.0427712
4.6524e-005,0.0429101
4.6528e-005,0.0429696
4.6532e-005,0.0429647
4.6536e-005,0.0428655
4.654e-005,0.0436343
4.6544e-005,0.0438625
4.6548e-005,0.0428903
4.6552e-005,0.0430788
4.6556e-005,0.0437038
4.656e-005,0.0423148
4.6564e-005,0.0424835
4.6568e-005,0.0433516
4.6572e-005,0.0429647
4.6576e-005,0.0430143
4.658e-005,0.0429795
4.6584e-005,0.0427117
4.6588e-005,0.0425083
4.6592e-005,0.0429597
4.6596e-005,0.0430688
4.66e-005,0.0429597
4.6604e-005,0.0429349
4.6608e-005,0.0427414
4.6612e-005,0.0426869
4.6616e-005,0.0430093
4.662e-005,0.0428704
4.6624e-005,0.0423644
4.6628e-005,0.0428555
4.6632e-005,0.0434954
4.6636e-005,0.0432772
4.664e-005,0.0429994
4.6644e-005,0.0426571
4.6648e-005,0.0428208
4.6652e-005,0.0429547
4.6656e-005,0.0429299
4.666e-005,0.0427464
4.6664e-005,0.0433913
4.6668e-005,0.0430192
4.6672e-005,0.0428357
4.6676e-005,0.0428158
4.668e-005,0.0424289
4.6684e-005,0.0419725
4.6688e-005,0.0430639
4.6692e-005,0.0431184
4.6696e-005,0.0421908
4.67e-005,0.0429399
4.6704e-005,0.0433119
4.6708e-005,0.042672
4.6712e-005,0.0431036
4.6716e-005,0.0425976
4.672e-005,0.0425976
4.6724e-005,0.0433764
4.6728e-005,0.0424636
4.6732e-005,0.042801
4.6736e-005,0.0434458
4.674e-005,0.0430143
4.6744e-005,0.0426373
4.6748e-005,0.0435401
4.6752e-005,0.0436046
4.6756e-005,0.0435996
4.676e-005,0.0435996
4.6764e-005,0.0431333
4.6768e-005,0.0430192
4.6772e-005,0.0430093
4.6776e-005,0.0432325
4.678e-005,0.0427117
4.6784e-005,0.0433318
4.6788e-005,0.0427514
4.6792e-005,0.0421611
4.6796e-005,0.0433764
4.68e-005,0.042796
4.6804e-005,0.0423198
4.6808e-005,0.0437633
4.6812e-005,0.0434409
4.6816e-005,0.0426571
4.682e-005,0.0432871
4.6824e-005,0.0427018
4.6828e-005,0.0430589
4.6832e-005,0.0431284
4.6836e-005,0.04292
4.684e-005,0.0425232
4.6844e-005,0.043054
4.6848e-005,0.0422751
4.6852e-005,0.0425976
4.6856e-005,0.043302
4.686e-005,0.042801
4.6864e-005,0.0424835
4.6868e-005,0.0432375
4.6872e-005,0.0428506
4.6876e-005,0.0429349
4.688e-005,0.0430688
4.6884e-005,0.0429299
4.6888e-005,0.0430192
4.6892e-005,0.0431432
4.6896e-005,0.0430986
4.69e-005,0.0426918
4.6904e-005,0.0432573
4.6908e-005,0.0423297
4.6912e-005,0.0428307
4.6916e-005,0.0429299
4.692e-005,0.0425777
4.6924e-005,0.0419626
4.6928e-005,0.0426621
4.6932e-005,0.0422404
4.6936e-005,0.0424884
4.694e-005,0.0429498
4.6944e-005,0.0429002
4.6948e-005,0.0425926
4.6952e-005,0.0429647
4.6956e-005,0.0423198
4.696e-005,0.0421511
4.6964e-005,0.0427414
4.6968e-005,0.0428109
4.6972e-005,0.0428803
4.6976e-005,0.043173
4.698e-005,0.0422999
4.6984e-005,0.0419874
4.6988e-005,0.0429746
4.6992e-005,0.0426323
4.6996e-005,0.0431085
4.7e-005,0.0434806
4.7004e-005,0.0425926
4.7008e-005,0.043049
4.7012e-005,0.0435798
4.7016e-005,0.0417047
4.702e-005,0.0394129
4.7024e-005,0.0368334
4.7028e-005,0.0354494
4.7032e-005,0.0343729
4.7036e-005,0.0344622
4.704e-005,0.033862
4.7044e-005,0.0252653
4.7048e-005,0.0210636
4.7052e-005,0.0207958
4.7056e-005,0.0199475
4.706e-005,0.0189207
4.7064e-005,0.0186578
4.7068e-005,0.00958483
4.7072e-005,0.00181158
4.7076e-005,0.00125599
4.708e-005,0.000244031
4.7084e-005,0.000283716
4.7088e-005,0.00122623
4.7092e-005,0.000829381
4.7096e-005,0.000392849
4.71e-005,0.000412691
4.7104e-005,-0.000123053
4.7108e-005,0.00905405
4.7112e-005,0.0199376
4.7116e-005,0.0227502
4.712e-005,0.0260342
4.7124e-005,0.0302308
4.7128e-005,0.0327508
4.7132e-005,0.0349037
4.7136e-005,0.037131
4.714e-005,0.0389466
4.7144e-005,0.0403157
4.7148e-005,0.0411888
4.7152e-005,0.0423099
4.7156e-005,0.043049
4.716e-005,0.0434855
4.7164e-005,0.0448745
4.7168e-005,0.0462684
4.7172e-005,0.0457178
4.7176e-005,0.0467347
4.718e-005,0.0478757
4.7184e-005,0.0479005
4.7188e-005,0.0482923
4.7192e-005,0.0492101
4.7196e-005,0.0486396
4.72e-005,0.0489323
4.7204e-005,0.0497111
4.7208e-005,0.0489323
4.7212e-005,0.0500583
4.7216e-005,0.0504204
4.722e-005,0.050222
4.7224e-005,0.0507925
4.7228e-005,0.0505246
4.7232e-005,0.0505246
4.7236e-005,0.0507082
4.724e-005,0.0515217
4.7244e-005,0.0513133
4.7248e-005,0.0513431
4.7252e-005,0.0514522
4.7256e-005,0.0507974
4.726e-005,0.0508768
4.7264e-005,0.0516556
4.7268e-005,0.0507578
4.7272e-005,0.0513729
4.7276e-005,0.0516407
4.728e-005,0.0514076
4.7284e-005,0.0510901
4.7288e-005,0.0518937
4.7292e-005,0.0524394
4.7296e-005,0.0517598
4.73e-005,0.0514076
4.7304e-005,0.0514076
4.7308e-005,0.0520872
4.7312e-005,0.0524989
4.7316e-005,0.0519533
4.732e-005,0.0521021
4.7324e-005,0.0522856
4.7328e-005,0.051988
4.7332e-005,0.0515267
4.7336e-005,0.0517201
4.734e-005,0.0519086
4.7344e-005,0.0521814
4.7348e-005,0.0516606
4.7352e-005,0.0518937
4.7356e-005,0.0511298
4.736e-005,0.052107
4.7364e-005,0.0517251
4.7368e-005,0.0520029
4.7372e-005,0.0525733
4.7376e-005,0.0515961
4.738e-005,0.0518392
4.7384e-005,0.0516358
4.7388e-005,0.0523104
4.7392e-005,0.0523948
4.7396e-005,0.052484
4.74e-005,0.0519433
4.7404e-005,0.0514374
4.7408e-005,0.0521318
4.7412e-005,0.0517251
4.7416e-005,0.0509215
4.742e-005,0.0523848
4.7424e-005,0.0524146
4.7428e-005,0.0522211
4.7432e-005,0.0520922
4.7436e-005,0.0520277
4.744e-005,0.0522013
4.7444e-005,0.0524196
4.7448e-005,0.0514622
4.7452e-005,0.0516358
4.7456e-005,0.0528164
4.746e-005,0.0522559
4.7464e-005,0.0520376
4.7468e-005,0.0522063
4.7472e-005,0.051606
4.7476e-005,0.0515763
4.748e-005,0.0525882
4.7484e-005,0.0528958
4.7488e-005,0.0523203
4.7492e-005,0.0523303
4.7496e-005,0.0518987
4.75e-005,0.0523203
4.7504e-005,0.052117
4.7508e-005,0.0520178
4.7512e-005,0.0521368
4.7516e-005,0.0525287
4.752e-005,0.0522608
4.7524e-005,0.0518739
4.7528e-005,0.051864
4.7532e-005,0.0522559
4.7536e-005,0.0522013
4.754e-005,0.052484
4.7544e-005,0.0517548
4.7548e-005,0.0515564
4.7552e-005,0.0519285
4.7556e-005,0.0514671
4.756e-005,0.0520624
4.7564e-005,0.0527718
4.7568e-005,0.0525088
4.7572e-005,0.0519929
4.7576e-005,0.051859
4.758e-005,0.0521765
4.7584e-005,0.0518541
4.7588e-005,0.0521566
4.7592e-005,0.0518541
4.7596e-005,0.0518541
4.76e-005,0.0524295
4.7604e-005,0.0516308
4.7608e-005,0.0517747
4.7612e-005,0.0520574
4.7616e-005,0.0517846
4.762e-005,0.0520872
4.7624e-005,0.0526279
4.7628e-005,0.0521814
4.7632e-005,0.0522211
4.7636e-005,0.0519185
4.764e-005,0.0517449
4.7644e-005,0.0519582
4.7648e-005,0.0523402
4.7652e-005,0.0516854
4.7656e-005,0.0522707
4.766e-005,0.0519384
4.7664e-005,0.0515217
4.7668e-005,0.051611
4.7672e-005,0.0524493
4.7676e-005,0.0516159
4.768e-005,0.0519136
4.7684e-005,0.0527817
4.7688e-005,0.0519681
4.7692e-005,0.0522459
4.7696e-005,0.0529503
4.77e-005,0.0521814
4.7704e-005,0.0519384
4.7708e-005,0.0537143
4.7712e-005,0.0529999
4.7716e-005,0.0526874
4.772e-005,0.0522013
4.7724e-005,0.0524791
4.7728e-005,0.0527271
4.7732e-005,0.052742
4.7736e-005,0.0523848
4.774e-005,0.0527767
4.7744e-005,0.052618
4.7748e-005,0.052489
4.7752e-005,0.0522955
4.7756e-005,0.0522757
4.776e-005,0.0516011
4.7764e-005,0.0526378
4.7768e-005,0.0525188
4.7772e-005,0.0520376
4.7776e-005,0.0532033
4.778e-005,0.0527718
4.7784e-005,0.0512191
4.7788e-005,0.0453358
4.7792e-005,0.0412929
4.7796e-005,0.0388722
4.78e-005,0.0373989
4.7804e-005,0.0361488
4.7808e-005,0.0353452
4.7812e-005,0.0265005
4.7816e-005,0.0212918
4.782e-005,0.0205428
4.7824e-005,0.0194167
4.7828e-005,0.0194812
4.7832e-005,0.0185337
4.7836e-005,0.0100908
4.784e-005,0.00175205
4.7844e-005,0.000943475
4.7848e-005,0.00057143
4.7852e-005,0.00125103
4.7856e-005,0.00111214
4.786e-005,0.000943475
4.7864e-005,0.00081946
4.7868e-005,0.000139859
4.7872e-005,0.000224189
4.7876e-005,0.00926735
4.788e-005,0.0195507
4.7884e-005,0.0195705
4.7888e-005,0.0207759
4.7892e-005,0.0215597
4.7896e-005,0.021148
4.79e-005,0.0215895
4.7904e-005,0.0219714
4.7908e-005,0.0224278
4.7912e-005,0.0219367
4.7916e-005,0.0225419
4.792e-005,0.0225717
4.7924e-005,0.0225518
4.7928e-005,0.0221252
4.7932e-005,0.0228743
4.7936e-005,0.0234001
4.794e-005,0.0227552
4.7944e-005,0.0228991
4.7948e-005,0.0233753
4.7952e-005,0.0236084
4.7956e-005,0.0233951
4.796e-005,0.0226957
4.7964e-005,0.0228445
4.7968e-005,0.0228792
4.7972e-005,0.0237126
4.7976e-005,0.0236481
4.798e-005,0.0231769
4.7984e-005,0.0231967
4.7988e-005,0.0233158
4.7992e-005,0.0232066
4.7996e-005,0.0233554
4.8e-005,0.0230876
4.8004e-005,0.0226709
4.8008e-005,0.0235787
4.8012e-005,0.0232066
4.8016e-005,0.0221103
4.802e-005,0.0233058
4.8024e-005,0.0232413
4.8028e-005,0.0224526
4.8032e-005,0.0228395
4.8036e-005,0.0224774
4.804e-005,0.0222046
4.8044e-005,0.0225816
4.8048e-005,0.0225121
4.8052e-005,0.0223931
4.8056e-005,0.0230925
4.806e-005,0.022403
4.8064e-005,0.0229387
4.8068e-005,0.0228247
4.8072e-005,0.0230429
4.8076e-005,0.0227403
4.808e-005,0.0228395
4.8084e-005,0.0226461
4.8088e-005,0.0226709
4.8092e-005,0.0227453
4.8096e-005,0.0227304
4.81e-005,0.0222095
4.8104e-005,0.0225865
4.8108e-005,0.0224129
4.8112e-005,0.0227006
4.8116e-005,0.0221252
4.812e-005,0.0222343
4.8124e-005,0.0221798
4.8128e-005,0.0221351
4.8132e-005,0.0227949
4.8136e-005,0.0226411
4.814e-005,0.0227304
4.8144e-005,0.0219665
4.8148e-005,0.0224774
4.8152e-005,0.0230528
4.8156e-005,0.0219814
4.816e-005,0.0216837
4.8164e-005,0.0228991
4.8168e-005,0.0221103
4.8172e-005,0.0226213
4.8176e-005,0.0231273
4.818e-005,0.0229685
4.8184e-005,0.0222641
4.8188e-005,0.0224774
4.8192e-005,0.0226064
4.8196e-005,0.0222641
4.82e-005,0.0226758
4.8204e-005,0.0229933
4.8208e-005,0.0226113
4.8212e-005,0.0224675
4.8216e-005,0.0222195
4.822e-005,0.0224774
4.8224e-005,0.0227453
4.8228e-005,0.0231769
4.8232e-005,0.0223088
4.8236e-005,0.0226411
4.824e-005,0.023033
4.8244e-005,0.0225171
4.8248e-005,0.022021
4.8252e-005,0.022021
4.8256e-005,0.0221897
4.826e-005,0.0229685
4.8264e-005,0.0228941
4.8268e-005,0.0227254
4.8272e-005,0.0229189
4.8276e-005,0.0223137
4.828e-005,0.0221302
4.8284e-005,0.0229437
4.8288e-005,0.0226907
4.8292e-005,0.022284
4.8296e-005,0.0231521
4.83e-005,0.0227205
4.8304e-005,0.0225121
4.8308e-005,0.0228594
4.8312e-005,0.0223286
4.8316e-005,0.0224427
4.832e-005,0.0236183
4.8324e-005,0.022785
4.8328e-005,0.022284
4.8332e-005,0.0228098
4.8336e-005,0.0227056
4.834e-005,0.0223088
4.8344e-005,0.0223038
4.8348e-005,0.0231124
4.8352e-005,0.022661
4.8356e-005,0.0220954
4.836e-005,0.0217879
4.8364e-005,0.0229784
4.8368e-005,0.0224973
4.8372e-005,0.0224973
4.8376e-005,0.0225469
4.838e-005,0.0225369
4.8384e-005,0.0221996
4.8388e-005,0.0228098
4.8392e-005,0.0224427
4.8396e-005,0.0227502
4.84e-005,0.0227949
4.8404e-005,0.0229636
4.8408e-005,0.0226014
4.8412e-005,0.0226014
4.8416e-005,0.0220111
4.842e-005,0.0220558
4.8424e-005,0.0227106
4.8428e-005,0.0233654
4.8432e-005,0.023787
4.8436e-005,0.0222641
4.844e-005,0.0226262
4.8444e-005,0.0221203
4.8448e-005,0.0225469
4.8452e-005,0.0228197
4.8456e-005,0.0220161
4.846e-005,0.0223584
4.8464e-005,0.022656
4.8468e-005,0.022527
4.8472e-005,0.0223832
4.8476e-005,0.0227552
4.848e-005,0.0226907
4.8484e-005,0.0225568
4.8488e-005,0.0228891
4.8492e-005,0.0221351
4.8496e-005,0.0228098
4.85e-005,0.0228247
4.8504e-005,0.0228247
4.8508e-005,0.0231074
4.8512e-005,0.0225121
4.8516e-005,0.0231669
4.852e-005,0.0222195
4.8524e-005,0.0228842
4.8528e-005,0.0225171
4.8532e-005,0.0227006
4.8536e-005,0.0228594
4.854e-005,0.0228296
4.8544e-005,0.0224675
4.8548e-005,0.0226312
4.8552e-005,0.022408
4.8556e-005,0.0233554
4.856e-005,0.0239904
4.8564e-005,0.0245807
4.8568e-005,0.024422
4.8572e-005,0.024164
4.8576e-005,0.0236928
4.858e-005,0.0209148
4.8584e-005,0.019635
4.8588e-005,0.0196846
4.8592e-005,0.0189058
4.8596e-005,0.0191637
4.86e-005,0.018251
4.8604e-005,0.00874153
4.8608e-005,0.00137009
4.8612e-005,0.000953396
4.8616e-005,0.00014978
4.862e-005,0.00141969
4.8624e-005,0.00105261
4.8628e-005,-1.39197e-005
4.8632e-005,0.000387888
4.8636e-005,0.000551588
4.864e-005,-0.000728245
4.8644e-005,0.00898956
4.8648e-005,0.0187024
4.8652e-005,0.0199872
4.8656e-005,0.0214208
4.866e-005,0.023792
4.8664e-005,0.0250321
4.8668e-005,0.0258605
4.8672e-005,0.0267286
4.8676e-005,0.0275719
4.868e-005,0.0285492
4.8684e-005,0.0286385
4.8688e-005,0.030211
4.8692e-005,0.0304193
4.8696e-005,0.0309154
4.87e-005,0.0309253
4.8704e-005,0.0315057
4.8708e-005,0.0312527
4.8712e-005,0.0321258
4.8716e-005,0.032602
4.872e-005,0.0314859
4.8724e-005,0.0318926
4.8728e-005,0.0319571
4.8732e-005,0.0319918
4.8736e-005,0.0323043
4.874e-005,0.0322895
4.8744e-005,0.031977
4.8748e-005,0.0322498
4.8752e-005,0.0320662
4.8756e-005,0.0316198
4.876e-005,0.0317636
4.8764e-005,0.03348
4.8768e-005,0.0330633
4.8772e-005,0.0320414
4.8776e-005,0.0325474
4.878e-005,0.0325623
4.8784e-005,0.032468
4.8788e-005,0.0325524
4.8792e-005,0.0322349
4.8796e-005,0.0331328
4.88e-005,0.0331774
4.8804e-005,0.0327458
4.8808e-005,0.032984
4.8812e-005,0.0329542
4.8816e-005,0.0328004
4.882e-005,0.0325871
4.8824e-005,0.032344
4.8828e-005,0.0326665
4.8832e-005,0.031714
4.8836e-005,0.0323837
4.884e-005,0.0321605
4.8844e-005,0.0318777
4.8848e-005,0.0329244
4.8852e-005,0.0322994
4.8856e-005,0.03222
4.886e-005,0.0328103
4.8864e-005,0.0324333
4.8868e-005,0.031967
4.8872e-005,0.0315355
4.8876e-005,0.0322696
4.888e-005,0.0322845
4.8884e-005,0.0326516
4.8888e-005,0.0319025
4.8892e-005,0.031466
4.8896e-005,0.0319422
4.89e-005,0.0321506
4.8904e-005,0.0315305
4.8908e-005,0.0316545
4.8912e-005,0.0322597
4.8916e-005,0.0322299
4.892e-005,0.0320811
4.8924e-005,0.0317835
4.8928e-005,0.0324036
4.8932e-005,0.0320613
4.8936e-005,0.0320067
4.894e-005,0.0315751
4.8944e-005,0.0325177
4.8948e-005,0.0318232
4.8952e-005,0.0320414
4.8956e-005,0.0321258
4.896e-005,0.0319174
4.8964e-005,0.0316347
4.8968e-005,0.0319273
4.8972e-005,0.0324184
4.8976e-005,0.0316644
4.898e-005,0.0323093
4.8984e-005,0.03285
4.8988e-005,0.0323738
4.8992e-005,0.0320018
4.8996e-005,0.032726
4.9e-005,0.0322101
4.9004e-005,0.0324135
4.9008e-005,0.0325226
4.9012e-005,0.0323936
4.9016e-005,0.0323986
4.902e-005,0.0323589
4.9024e-005,0.0320216
4.9028e-005,0.031714
4.9032e-005,0.0320166
4.9036e-005,0.0320266
4.904e-005,0.0320315
4.9044e-005,0.0321754
4.9048e-005,0.0326764
4.9052e-005,0.0320662
4.9056e-005,0.0326814
4.906e-005,0.0316545
4.9064e-005,0.0324135
4.9068e-005,0.0317785
4.9072e-005,0.0316744
4.9076e-005,0.0316545
4.908e-005,0.0317835
4.9084e-005,0.0312031
4.9088e-005,0.0321903
4.9092e-005,0.0316545
4.9096e-005,0.0317388
4.91e-005,0.0319025
4.9104e-005,0.0319472
4.9108e-005,0.0319224
4.9112e-005,0.0320018
4.9116e-005,0.0312725
4.912e-005,0.0319323
4.9124e-005,0.031461
4.9128e-005,0.031595
4.9132e-005,0.0318083
4.9136e-005,0.0314859
4.914e-005,0.0320414
4.9144e-005,0.0310989
4.9148e-005,0.0315652
4.9152e-005,0.0321059
4.9156e-005,0.0323341
4.916e-005,0.0318827
4.9164e-005,0.0316496
4.9168e-005,0.0319422
4.9172e-005,0.0320315
4.9176e-005,0.0320365
4.918e-005,0.0317736
4.9184e-005,0.0321952
4.9188e-005,0.0314462
4.9192e-005,0.0319571
4.9196e-005,0.032344
4.92e-005,0.0324581
4.9204e-005,0.0319422
4.9208e-005,0.0323143
4.9212e-005,0.0327905
4.9216e-005,0.0316247
4.922e-005,0.0320117
4.9224e-005,0.0314313
4.9228e-005,0.0319621
4.9232e-005,0.0322994
4.9236e-005,0.0322994
4.924e-005,0.0320464
4.9244e-005,0.0320563
4.9248e-005,0.0321208
4.9252e-005,0.0318777
4.9256e-005,0.0327012
4.926e-005,0.0327806
4.9264e-005,0.0323292
4.9268e-005,0.0323738
4.9272e-005,0.0329641
4.9276e-005,0.0318976
4.928e-005,0.0324135
4.9284e-005,0.0325325
4.9288e-005,0.0321655
4.9292e-005,0.0319819
4.9296e-005,0.0320613
4.93e-005,0.031843
4.9304e-005,0.0320762
4.9308e-005,0.0324631
4.9312e-005,0.0323936
4.9316e-005,0.0316247
4.932e-005,0.0311783
4.9324e-005,0.0307418
4.9328e-005,0.030464
4.9332e-005,0.0296504
4.9336e-005,0.0294074
4.934e-005,0.0295711
4.9344e-005,0.0288319
4.9348e-005,0.0238614
4.9352e-005,0.0204684
4.9356e-005,0.0202749
4.936e-005,0.0191985
4.9364e-005,0.0190248
4.9368e-005,0.0187917
4.9372e-005,0.00935168
4.9376e-005,0.00167764
4.938e-005,0.00138497
4.9384e-005,-0.000237146
4.9388e-005,0.000358125
4.9392e-005,0.000883948
4.9396e-005,0.00081946
4.94e-005,0.000387888
4.9404e-005,0.000303558
4.9408e-005,-0.000256989
4.9412e-005,0.00926735
4.9416e-005,0.0186875
4.942e-005,0.0211629
4.9424e-005,0.0243724
4.9428e-005,0.0267187
4.9432e-005,0.0287922
4.9436e-005,0.0302209
4.944e-005,0.0314908
4.9444e-005,0.033232
4.9448e-005,0.0344821
4.9452e-005,0.0351071
4.9456e-005,0.0368532
4.946e-005,0.0378701
4.9464e-005,0.0384208
4.9468e-005,0.0384208
4.9472e-005,0.03977
4.9476e-005,0.0394476
4.948e-005,0.0398792
4.9484e-005,0.0406878
4.9488e-005,0.0402165
4.9492e-005,0.0409308
4.9496e-005,0.0415162
4.95e-005,0.0414814
4.9504e-005,0.0415459
4.9508e-005,0.0418585
4.9512e-005,0.041789
4.9516e-005,0.042295
4.952e-005,0.0426273
4.9524e-005,0.0427613
4.9528e-005,0.0424289
4.9532e-005,0.0431135
4.9536e-005,0.0425133
4.954e-005,0.0424537
4.9544e-005,0.042424
4.9548e-005,0.0420916
4.9552e-005,0.0415906
4.9556e-005,0.0427414
4.956e-005,0.0428803
4.9564e-005,0.0423694
4.9568e-005,0.0430639
4.9572e-005,0.0425381
4.9576e-005,0.0422503
4.958e-005,0.0425629
4.9584e-005,0.0428109
4.9588e-005,0.0421313
4.9592e-005,0.0432077
4.9596e-005,0.042047
4.96e-005,0.042801
4.9604e-005,0.0426521
4.9608e-005,0.0420172
4.9612e-005,0.0423694
4.9616e-005,0.0423843
4.962e-005,0.0420122
4.9624e-005,0.0422503
4.9628e-005,0.042166
4.9632e-005,0.0425529
4.9636e-005,0.0423099
4.964e-005,0.042667
4.9644e-005,0.0429448
4.9648e-005,0.0419924
4.9652e-005,0.0426918
4.9656e-005,0.0422801
4.966e-005,0.0426422
4.9664e-005,0.0421561
4.9668e-005,0.0416104
4.9672e-005,0.0420668
4.9676e-005,0.042672
4.968e-005,0.042548
4.9684e-005,0.0418833
4.9688e-005,0.0420569
4.9692e-005,0.0418337
4.9696e-005,0.0422751
4.97e-005,0.0426125
4.9704e-005,0.0420321
4.9708e-005,0.0422603
4.9712e-005,0.0424835
4.9716e-005,0.0422305
4.972e-005,0.0430738
4.9724e-005,0.0426025
4.9728e-005,0.0423297
4.9732e-005,0.0422801
4.9736e-005,0.0427315
4.974e-005,0.0425579
4.9744e-005,0.0419974
4.9748e-005,0.0429101
4.9752e-005,0.0422503
4.9756e-005,0.0423148
4.976e-005,0.0424884
4.9764e-005,0.0424041
4.9768e-005,0.041536
4.9772e-005,0.041794
4.9776e-005,0.0423793
4.978e-005,0.0422355
4.9784e-005,0.0427563
4.9788e-005,0.0422652
4.9792e-005,0.0413971
4.9796e-005,0.0424835
4.98e-005,0.0419626
4.9804e-005,0.0421611
4.9808e-005,0.0423148
4.9812e-005,0.042037
4.9816e-005,0.0424686
4.982e-005,0.0424091
4.9824e-005,0.0424388
4.9828e-005,0.0416799
4.9832e-005,0.04229
4.9836e-005,0.0425232
4.984e-005,0.0421412
4.9844e-005,0.0424636
4.9848e-005,0.0425877
4.9852e-005,0.0426224
4.9856e-005,0.0428208
4.986e-005,0.0422107
4.9864e-005,0.0425083
4.9868e-005,0.0425529
4.9872e-005,0.0420618
4.9876e-005,0.0417493
4.988e-005,0.0423644
4.9884e-005,0.0428704
4.9888e-005,0.0431631
4.9892e-005,0.0425529
4.9896e-005,0.0426918
4.99e-005,0.0425926
4.9904e-005,0.0432821
4.9908e-005,0.0421462
4.9912e-005,0.0432325
4.9916e-005,0.0428307
4.992e-005,0.0423148
4.9924e-005,0.0423198
4.9928e-005,0.0426968
4.9932e-005,0.0425629
4.9936e-005,0.0418932
4.994e-005,0.0425381
4.9944e-005,0.0421214
4.9948e-005,0.0423992
4.9952e-005,0.0428655
4.9956e-005,0.0419775
4.996e-005,0.0428853
4.9964e-005,0.0425877
4.9968e-005,0.0418585
4.9972e-005,0.0426174
4.9976e-005,0.0423496
4.998e-005,0.0417196
4.9984e-005,0.0425232
4.9988e-005,0.0427464
4.9992e-005,0.0422751
4.9996e-005,0.0424587
5e-005,0.042414
5.0004e-005,0.0423644
5.0008e-005,0.0420519
5.0012e-005,0.0428704
5.0016e-005,0.0422999
5.002e-005,0.0426273
5.0024e-005,0.0424884
5.0028e-005,0.0423347
5.0032e-005,0.0427315
5.0036e-005,0.0423496
5.004e-005,0.043049
5.0044e-005,0.0432177
5.0048e-005,0.0428605
5.0052e-005,0.0428903
5.0056e-005,0.0427712
5.006e-005,0.043684
5.0064e-005,0.0430192
5.0068e-005,0.042801
5.0072e-005,0.0431879
5.0076e-005,0.0425579
5.008e-005,0.0426521
5.0084e-005,0.0425331
5.0088e-005,0.0417692
5.0092e-005,0.0387134
5.0096e-005,0.0367441
5.01e-005,0.0356031
5.0104e-005,0.0345069
5.0108e-005,0.0345267
5.0112e-005,0.0336685
5.0116e-005,0.0256075
5.012e-005,0.0209099
5.0124e-005,0.0199277
5.0128e-005,0.0201112
5.0132e-005,0.0189802
5.0136e-005,0.0187619
5.014e-005,0.00983782
5.0144e-005,0.0021489
5.0148e-005,0.000933554
5.0152e-005,0.000640879
5.0156e-005,0.00101788
5.016e-005,0.000219228
5.0164e-005,0.000695445
5.0168e-005,0.00098812
5.0172e-005,0.000824421
5.0176e-005,-0.000123053
5.018e-005,0.00910365
5.0184e-005,0.0190992
5.0188e-005,0.0226709
5.0192e-005,0.0270412
5.0196e-005,0.0305334
5.02e-005,0.0328302
5.0204e-005,0.0345862
5.0208e-005,0.0369574
5.0212e-005,0.0383315
5.0216e-005,0.0401024
5.022e-005,0.0403554
5.0224e-005,0.0422107
5.0228e-005,0.0429399
5.0232e-005,0.0442941
5.0236e-005,0.0450134
5.024e-005,0.0461196
5.0244e-005,0.0458617
5.0248e-005,0.046695
5.0252e-005,0.0477169
5.0256e-005,0.0475483
5.026e-005,0.0488132
5.0264e-005,0.0496813
5.0268e-005,0.0490811
5.0272e-005,0.0488628
5.0276e-005,0.0504452
5.028e-005,0.0500037
5.0284e-005,0.0496863
5.0288e-005,0.0505147
5.0292e-005,0.050356
5.0296e-005,0.0504998
5.03e-005,0.0500385
5.0304e-005,0.0508867
5.0308e-005,0.0507032
5.0312e-005,0.0508967
5.0316e-005,0.0507131
5.032e-005,0.0506933
5.0324e-005,0.0510752
5.0328e-005,0.0502667
5.0332e-005,0.050103
5.0336e-005,0.0512836
5.034e-005,0.0508074
5.0344e-005,0.0511348
5.0348e-005,0.0513481
5.0352e-005,0.0513233
5.0356e-005,0.0509413
5.036e-005,0.0515515
5.0364e-005,0.051735
5.0368e-005,0.0514721
5.0372e-005,0.0521418
5.0376e-005,0.0512985
5.038e-005,0.0512637
5.0384e-005,0.0525386
5.0388e-005,0.0517152
5.0392e-005,0.0514324
5.0396e-005,0.0521963
5.04e-005,0.0514522
5.0404e-005,0.0509215
5.0408e-005,0.0521418
5.0412e-005,0.0515267
5.0416e-005,0.0514969
5.042e-005,0.052236
5.0424e-005,0.0517499
5.0428e-005,0.0513927
5.0432e-005,0.0516904
5.0436e-005,0.052241
5.044e-005,0.0514622
5.0444e-005,0.0527966
5.0448e-005,0.0513282
5.0452e-005,0.0514225
5.0456e-005,0.0516457
5.046e-005,0.0518789
5.0464e-005,0.0516159
5.0468e-005,0.0515812
5.0472e-005,0.0516804
5.0476e-005,0.0514374
5.048e-005,0.0523203
5.0484e-005,0.0520822
5.0488e-005,0.0511546
5.0492e-005,0.0523104
5.0496e-005,0.0519433
5.05e-005,0.0514622
5.0504e-005,0.0518739
5.0508e-005,0.0512836
5.0512e-005,0.0512389
5.0516e-005,0.0522211
5.052e-005,0.051482
5.0524e-005,0.0518689
5.0528e-005,0.0521566
5.0532e-005,0.0519979
5.0536e-005,0.0518193
5.054e-005,0.0522162
5.0544e-005,0.0517648
5.0548e-005,0.0511596
5.0552e-005,0.0516457
5.0556e-005,0.0507181
5.056e-005,0.0520078
5.0564e-005,0.0520078
5.0568e-005,0.0515812
5.0572e-005,0.0515267
5.0576e-005,0.0524047
5.058e-005,0.0517201
5.0584e-005,0.0514671
5.0588e-005,0.0517499
5.0592e-005,0.0516259
5.0596e-005,0.0514374
5.06e-005,0.0520574
5.0604e-005,0.051983
5.0608e-005,0.0516159
5.0612e-005,0.0520376
5.0616e-005,0.0518739
5.062e-005,0.0522509
5.0624e-005,0.0516606
5.0628e-005,0.0517796
5.0632e-005,0.051477
5.0636e-005,0.0517003
5.064e-005,0.0516457
5.0644e-005,0.0514076
5.0648e-005,0.0520525
5.0652e-005,0.0517449
5.0656e-005,0.0511993
5.066e-005,0.0515068
5.0664e-005,0.0528263
5.0668e-005,0.0510951
5.0672e-005,0.0515068
5.0676e-005,0.0511149
5.068e-005,0.0519632
5.0684e-005,0.0517896
5.0688e-005,0.0520029
5.0692e-005,0.0516358
5.0696e-005,0.0517052
5.07e-005,0.0514671
5.0704e-005,0.0514076
5.0708e-005,0.0519086
5.0712e-005,0.0516259
5.0716e-005,0.0511199
5.072e-005,0.0520822
5.0724e-005,0.0516556
5.0728e-005,0.0508967
5.0732e-005,0.0520326
5.0736e-005,0.0506437
5.074e-005,0.0510405
5.0744e-005,0.0512985
5.0748e-005,0.051864
5.0752e-005,0.0514026
5.0756e-005,0.0519235
5.076e-005,0.0522807
5.0764e-005,0.0512737
5.0768e-005,0.051859
5.0772e-005,0.0518491
5.0776e-005,0.0507082
5.078e-005,0.0519632
5.0784e-005,0.0519235
5.0788e-005,0.0515862
5.0792e-005,0.0517102
5.0796e-005,0.0516011
5.08e-005,0.0516259
5.0804e-005,0.0517449
5.0808e-005,0.0515763
5.0812e-005,0.0514622
5.0816e-005,0.0517102
5.082e-005,0.0519781
5.0824e-005,0.0516407
5.0828e-005,0.0516407
5.0832e-005,0.0514076
5.0836e-005,0.0517697
5.084e-005,0.0514522
5.0844e-005,0.0511596
5.0848e-005,0.0523749
5.0852e-005,0.0514076
5.0856e-005,0.0504155
5.086e-005,0.0449985
5.0864e-005,0.0404695
5.0868e-005,0.0380686
5.0872e-005,0.0373592
5.0876e-005,0.0365109
5.088e-005,0.0354593
5.0884e-005,0.0269965
5.0888e-005,0.0207065
5.0892e-005,0.0197987
5.0896e-005,0.0195407
5.09e-005,0.0187024
5.0904e-005,0.0182262
5.0908e-005,0.0104033
5.0912e-005,0.00191575
5.0916e-005,0.00160819
5.092e-005,0.00015474
5.0924e-005,0.00123119
5.0928e-005,0.000953396
5.0932e-005,0.000640879
5.0936e-005,0.0013304
5.094e-005,0.000685524
5.0944e-005,0.000472218
5.0948e-005,0.0102049
5.0952e-005,0.0192332
5.0956e-005,0.0195854
5.096e-005,0.0197243
5.0964e-005,0.0204485
5.0968e-005,0.0212125
5.0972e-005,0.0215151
5.0976e-005,0.022403
5.098e-005,0.0222393
5.0984e-005,0.0224625
5.0988e-005,0.0223088
5.0992e-005,0.0231173
5.0996e-005,0.0223534
5.1e-005,0.0226808
5.1004e-005,0.0225469
5.1008e-005,0.0236432
5.1012e-005,0.0226213
5.1016e-005,0.0233852
5.102e-005,0.0237572
5.1024e-005,0.0231421
5.1028e-005,0.0238168
5.1032e-005,0.0234745
5.1036e-005,0.0233604
5.104e-005,0.0233108
5.1044e-005,0.0240698
5.1048e-005,0.0236432
5.1052e-005,0.0228346
5.1056e-005,0.0230181
5.106e-005,0.0233108
5.1064e-005,0.0226113
5.1068e-005,0.0236828
5.1072e-005,0.0237374
5.1076e-005,0.0229487
5.108e-005,0.0230231
5.1084e-005,0.0225865
5.1088e-005,0.0223633
5.1092e-005,0.0238465
5.1096e-005,0.023405
5.11e-005,0.0233306
5.1104e-005,0.0237572
5.1108e-005,0.0236779
5.1112e-005,0.022661
5.1116e-005,0.0227155
5.112e-005,0.0223484
5.1124e-005,0.0221103
5.1128e-005,0.0230479
5.1132e-005,0.0226362
5.1136e-005,0.0227254
5.114e-005,0.0231124
5.1144e-005,0.0217284
5.1148e-005,0.0218127
5.1152e-005,0.0224328
5.1156e-005,0.0226163
5.116e-005,0.0222244
5.1164e-005,0.0227651
5.1168e-005,0.0228643
5.1172e-005,0.0218673
5.1176e-005,0.0229834
5.118e-005,0.0229387
5.1184e-005,0.0226262
5.1188e-005,0.0227403
5.1192e-005,0.022904
5.1196e-005,0.0226362
5.12e-005,0.0235935
5.1204e-005,0.0228991
5.1208e-005,0.0231917
5.1212e-005,0.023405
5.1216e-005,0.0224873
5.122e-005,0.0236531
5.1224e-005,0.023415
5.1228e-005,0.0224526
5.1232e-005,0.0225865
5.1236e-005,0.0226163
5.124e-005,0.0227602
5.1244e-005,0.0225469
5.1248e-005,0.0229834
5.1252e-005,0.022775
5.1256e-005,0.022279
5.126e-005,0.022909
