LECROYWR104MXi,20621,Waveform
Segments,1,SegmentSize,2501
Segment,TrigTime,TimeSinceSegment1
#1,21-May-2015 13:59:34,0                 
Time,Ampl
4.126e-005,0.0462486
4.1264e-005,0.0459857
4.1268e-005,0.0458468
4.1272e-005,0.04607
4.1276e-005,0.0463478
4.128e-005,0.046829
4.1284e-005,0.0460055
4.1288e-005,0.0446562
4.1292e-005,0.0418337
4.1296e-005,0.0387432
4.13e-005,0.0367689
4.1304e-005,0.0357222
4.1308e-005,0.0350773
4.1312e-005,0.0353254
4.1316e-005,0.0267733
4.132e-005,0.0203543
4.1324e-005,0.0205428
4.1328e-005,0.0197937
4.1332e-005,0.0194663
4.1336e-005,0.0192233
4.134e-005,0.0102446
4.1344e-005,0.00126095
4.1348e-005,0.00106253
4.1352e-005,0.000194425
4.1356e-005,7.5371e-005
4.136e-005,0.0012808
4.1364e-005,0.000993081
4.1368e-005,0.000993081
4.1372e-005,0.000635918
4.1376e-005,-7.34468e-005
4.138e-005,0.0098775
4.1384e-005,0.0194862
4.1388e-005,0.0186925
4.1392e-005,0.0183155
4.1396e-005,0.018633
4.14e-005,0.0188711
4.1404e-005,0.0169265
4.1408e-005,0.0176458
4.1412e-005,0.0171597
4.1416e-005,0.0164255
4.142e-005,0.0168967
4.1424e-005,0.0167827
4.1428e-005,0.016619
4.1432e-005,0.0155871
4.1436e-005,0.0164205
4.144e-005,0.0164304
4.1444e-005,0.015979
4.1448e-005,0.0166686
4.1452e-005,0.0164007
4.1456e-005,0.0162816
4.146e-005,0.0160485
4.1464e-005,0.0164354
4.1468e-005,0.0158451
4.1472e-005,0.016356
4.1476e-005,0.0159294
4.148e-005,0.0161328
4.1484e-005,0.0161725
4.1488e-005,0.0158104
4.1492e-005,0.0158054
4.1496e-005,0.0162122
4.15e-005,0.0169811
4.1504e-005,0.0161824
4.1508e-005,0.0169612
4.1512e-005,0.016485
4.1516e-005,0.017621
4.152e-005,0.0167727
4.1524e-005,0.0158997
4.1528e-005,0.0164701
4.1532e-005,0.0166983
4.1536e-005,0.0153689
4.154e-005,0.0166487
4.1544e-005,0.0165396
4.1548e-005,0.0163362
4.1552e-005,0.0165991
4.1556e-005,0.0168967
4.156e-005,0.0166239
4.1564e-005,0.0166884
4.1568e-005,0.0161378
4.1572e-005,0.0161725
4.1576e-005,0.0162866
4.158e-005,0.0167082
4.1584e-005,0.0172936
4.1588e-005,0.016738
4.1592e-005,0.0167628
4.1596e-005,0.0169712
4.16e-005,0.0172291
4.1604e-005,0.0168422
4.1608e-005,0.016862
4.1612e-005,0.0169563
4.1616e-005,0.016867
4.162e-005,0.0173134
4.1624e-005,0.0173432
4.1628e-005,0.0167281
4.1632e-005,0.0168769
4.1636e-005,0.0164949
4.164e-005,0.0170505
4.1644e-005,0.0169215
4.1648e-005,0.0168422
4.1652e-005,0.0173878
4.1656e-005,0.0167827
4.166e-005,0.0163858
4.1664e-005,0.0170505
4.1668e-005,0.0175317
4.1672e-005,0.0172787
4.1676e-005,0.0168223
4.168e-005,0.0172192
4.1684e-005,0.0174027
4.1688e-005,0.016485
4.1692e-005,0.0167827
4.1696e-005,0.0169116
4.17e-005,0.0168719
4.1704e-005,0.0168372
4.1708e-005,0.0177897
4.1712e-005,0.0169563
4.1716e-005,0.017869
4.172e-005,0.0171646
4.1724e-005,0.0170208
4.1728e-005,0.0173829
4.1732e-005,0.0167033
4.1736e-005,0.0165545
4.174e-005,0.016867
4.1744e-005,0.0167876
4.1748e-005,0.0165545
4.1752e-005,0.0164056
4.1756e-005,0.0167777
4.176e-005,0.0172688
4.1764e-005,0.0169265
4.1768e-005,0.0162171
4.1772e-005,0.0173531
4.1776e-005,0.0167975
4.178e-005,0.0164106
4.1784e-005,0.0166338
4.1788e-005,0.0167231
4.1792e-005,0.017373
4.1796e-005,0.0174871
4.18e-005,0.0168174
4.1804e-005,0.0172738
4.1808e-005,0.016996
4.1812e-005,0.0169464
4.1816e-005,0.016619
4.182e-005,0.0172241
4.1824e-005,0.0169215
4.1828e-005,0.0174871
4.1832e-005,0.0168769
4.1836e-005,0.0167529
4.184e-005,0.0170356
4.1844e-005,0.016619
4.1848e-005,0.0172589
4.1852e-005,0.015984
4.1856e-005,0.0169215
4.186e-005,0.0174474
4.1864e-005,0.0168521
4.1868e-005,0.0170108
4.1872e-005,0.0169215
4.1876e-005,0.0172688
4.188e-005,0.0165743
4.1884e-005,0.016609
4.1888e-005,0.0168719
4.1892e-005,0.0169067
4.1896e-005,0.0171993
4.19e-005,0.0171001
4.1904e-005,0.0167926
4.1908e-005,0.0170406
4.1912e-005,0.0175515
4.1916e-005,0.0173531
4.192e-005,0.0168719
4.1924e-005,0.0175416
4.1928e-005,0.0169662
4.1932e-005,0.0172986
4.1936e-005,0.0172341
4.194e-005,0.0174226
4.1944e-005,0.0170753
4.1948e-005,0.0174523
4.1952e-005,0.0169116
4.1956e-005,0.016991
4.196e-005,0.0176309
4.1964e-005,0.0167231
4.1968e-005,0.0175218
4.1972e-005,0.017363
4.1976e-005,0.0164106
4.198e-005,0.0175466
4.1984e-005,0.0171646
4.1988e-005,0.0167926
4.1992e-005,0.0173283
4.1996e-005,0.0164553
4.2e-005,0.0165892
4.2004e-005,0.0174374
4.2008e-005,0.0172589
4.2012e-005,0.0169712
4.2016e-005,0.0172688
4.202e-005,0.0176359
4.2024e-005,0.0171646
4.2028e-005,0.0171398
4.2032e-005,0.0169563
4.2036e-005,0.0170852
4.204e-005,0.0169513
4.2044e-005,0.0171249
4.2048e-005,0.0174523
4.2052e-005,0.0170059
4.2056e-005,0.0163114
4.206e-005,0.0182857
4.2064e-005,0.0186131
4.2068e-005,0.0194068
4.2072e-005,0.0191191
4.2076e-005,0.0188611
4.208e-005,0.0195507
4.2084e-005,0.0187421
4.2088e-005,0.0186826
4.2092e-005,0.0191588
4.2096e-005,0.0192629
4.21e-005,0.0191141
4.2104e-005,0.0187173
4.2108e-005,0.00848854
4.2112e-005,0.00136016
4.2116e-005,0.00114686
4.212e-005,0.00014978
4.2124e-005,0.000214268
4.2128e-005,0.00105261
4.2132e-005,0.00089883
4.2136e-005,0.000670642
4.214e-005,0.000224189
4.2144e-005,0.000412691
4.2148e-005,0.00882586
4.2152e-005,0.0183254
4.2156e-005,0.0183105
4.216e-005,0.0193969
4.2164e-005,0.0209545
4.2168e-005,0.0218077
4.2172e-005,0.0219863
4.2176e-005,0.0222641
4.218e-005,0.023539
4.2184e-005,0.0233703
4.2188e-005,0.0228594
4.2192e-005,0.0245857
4.2196e-005,0.023668
4.22e-005,0.0244021
4.2204e-005,0.0247047
4.2208e-005,0.0248039
4.2212e-005,0.0243327
4.2216e-005,0.0244269
4.222e-005,0.0251809
4.2224e-005,0.024298
4.2228e-005,0.0253893
4.2232e-005,0.0253546
4.2236e-005,0.0251164
4.224e-005,0.0248238
4.2244e-005,0.0249825
4.2248e-005,0.0249974
4.2252e-005,0.0249577
4.2256e-005,0.0248635
4.226e-005,0.0248783
4.2264e-005,0.0248238
4.2268e-005,0.0252057
4.2272e-005,0.0253149
4.2276e-005,0.0251512
4.228e-005,0.025176
4.2284e-005,0.0255579
4.2288e-005,0.0253099
4.2292e-005,0.0251164
4.2296e-005,0.0250768
4.23e-005,0.0247494
4.2304e-005,0.0253446
4.2308e-005,0.0253446
4.2312e-005,0.0247444
4.2316e-005,0.0251264
4.232e-005,0.0248932
4.2324e-005,0.025429
4.2328e-005,0.0249924
4.2332e-005,0.0239557
4.2336e-005,0.0250123
4.234e-005,0.0246353
4.2344e-005,0.0248238
4.2348e-005,0.0249726
4.2352e-005,0.02467
4.2356e-005,0.0242434
4.236e-005,0.0243773
4.2364e-005,0.0242483
4.2368e-005,0.0241789
4.2372e-005,0.0248238
4.2376e-005,0.0249031
4.238e-005,0.0249031
4.2384e-005,0.0246303
4.2388e-005,0.0247345
4.2392e-005,0.0241045
4.2396e-005,0.0246898
4.24e-005,0.0243079
4.2404e-005,0.0241541
4.2408e-005,0.0247345
4.2412e-005,0.024288
4.2416e-005,0.0240648
4.242e-005,0.0248238
4.2424e-005,0.025171
4.2428e-005,0.0242037
4.2432e-005,0.0245807
4.2436e-005,0.0246353
4.244e-005,0.0241739
4.2444e-005,0.0247593
4.2448e-005,0.0244021
4.2452e-005,0.0247246
4.2456e-005,0.0250966
4.246e-005,0.0247345
4.2464e-005,0.0251611
4.2468e-005,0.0247196
4.2472e-005,0.0249428
4.2476e-005,0.0247295
4.248e-005,0.0246502
4.2484e-005,0.0247642
4.2488e-005,0.0244468
4.2492e-005,0.0241789
4.2496e-005,0.02467
4.25e-005,0.0244368
4.2504e-005,0.0246601
4.2508e-005,0.024794
4.2512e-005,0.0245261
4.2516e-005,0.0243823
4.252e-005,0.024412
4.2524e-005,0.0244418
4.2528e-005,0.0246402
4.2532e-005,0.0245261
4.2536e-005,0.0243277
4.254e-005,0.0241888
4.2544e-005,0.0250768
4.2548e-005,0.024794
4.2552e-005,0.0245708
4.2556e-005,0.02467
4.256e-005,0.0243426
4.2564e-005,0.0248337
4.2568e-005,0.0246204
4.2572e-005,0.0243872
4.2576e-005,0.0248188
4.258e-005,0.0248783
4.2584e-005,0.0240003
4.2588e-005,0.0248982
4.2592e-005,0.0248684
4.2596e-005,0.0244815
4.26e-005,0.0245609
4.2604e-005,0.023911
4.2608e-005,0.0241888
4.2612e-005,0.0244368
4.2616e-005,0.0243624
4.262e-005,0.0237176
4.2624e-005,0.0245261
4.2628e-005,0.0248238
4.2632e-005,0.024923
4.2636e-005,0.0245261
4.264e-005,0.0243376
4.2644e-005,0.0242632
4.2648e-005,0.0247047
4.2652e-005,0.0245658
4.2656e-005,0.0253496
4.266e-005,0.025672
4.2664e-005,0.0247543
4.2668e-005,0.0245509
4.2672e-005,0.0241293
4.2676e-005,0.0244071
4.268e-005,0.0245261
4.2684e-005,0.0246303
4.2688e-005,0.0244964
4.2692e-005,0.0247295
4.2696e-005,0.0249627
4.27e-005,0.0245559
4.2704e-005,0.0236432
4.2708e-005,0.0246303
4.2712e-005,0.024412
4.2716e-005,0.0245013
4.272e-005,0.024298
4.2724e-005,0.0244666
4.2728e-005,0.0240946
4.2732e-005,0.0245956
4.2736e-005,0.0245063
4.274e-005,0.0241987
4.2744e-005,0.0246998
4.2748e-005,0.0246055
4.2752e-005,0.0241541
4.2756e-005,0.0238465
4.276e-005,0.0239309
4.2764e-005,0.0240301
4.2768e-005,0.024035
4.2772e-005,0.0242434
4.2776e-005,0.0248039
4.278e-005,0.0245708
4.2784e-005,0.0236779
4.2788e-005,0.0247791
4.2792e-005,0.0246551
4.2796e-005,0.0244071
4.28e-005,0.0244368
4.2804e-005,0.0247047
4.2808e-005,0.0246898
4.2812e-005,0.0241789
4.2816e-005,0.0246353
4.282e-005,0.0246154
4.2824e-005,0.0244418
4.2828e-005,0.0249379
4.2832e-005,0.0248684
4.2836e-005,0.0247494
4.284e-005,0.0248883
4.2844e-005,0.025171
4.2848e-005,0.0248734
4.2852e-005,0.0216738
4.2856e-005,0.0199574
4.286e-005,0.0194713
4.2864e-005,0.0195953
4.2868e-005,0.0188959
4.2872e-005,0.0184841
4.2876e-005,0.00921279
4.288e-005,0.00110221
4.2884e-005,0.00140977
4.2888e-005,0.000536706
4.2892e-005,0.000506943
4.2896e-005,0.00073513
4.29e-005,0.000933554
4.2904e-005,0.00104269
4.2908e-005,-1.88803e-005
4.2912e-005,3.07256e-005
4.2916e-005,0.00867208
4.292e-005,0.0184891
4.2924e-005,0.0202104
4.2928e-005,0.022031
4.2932e-005,0.0242483
4.2936e-005,0.0266245
4.294e-005,0.0271503
4.2944e-005,0.0285293
4.2948e-005,0.0294074
4.2952e-005,0.0304937
4.2956e-005,0.0307666
4.296e-005,0.0322944
4.2964e-005,0.0327062
4.2968e-005,0.0320514
4.2972e-005,0.0337528
4.2976e-005,0.0347251
4.298e-005,0.0341844
4.2984e-005,0.0344275
4.2988e-005,0.0348243
4.2992e-005,0.0341993
4.2996e-005,0.0350872
4.3e-005,0.0349632
4.3004e-005,0.0353998
4.3008e-005,0.0354642
4.3012e-005,0.0359653
4.3016e-005,0.0353303
4.302e-005,0.0354246
4.3024e-005,0.0354841
4.3028e-005,0.0360446
4.3032e-005,0.0353303
4.3036e-005,0.0356081
4.304e-005,0.0358016
4.3044e-005,0.035871
4.3048e-005,0.0358909
4.3052e-005,0.035241
4.3056e-005,0.0348987
4.306e-005,0.0353452
4.3064e-005,0.035112
4.3068e-005,0.035494
4.3072e-005,0.0347896
4.3076e-005,0.0348839
4.308e-005,0.0351964
4.3084e-005,0.0358909
4.3088e-005,0.0355932
4.3092e-005,0.0354543
4.3096e-005,0.0355139
4.31e-005,0.0353005
4.3104e-005,0.0357817
4.3108e-005,0.0362728
4.3112e-005,0.0355684
4.3116e-005,0.0352013
4.312e-005,0.0350525
4.3124e-005,0.0355883
4.3128e-005,0.0355188
4.3132e-005,0.0358016
4.3136e-005,0.0350624
4.314e-005,0.034988
4.3144e-005,0.0352807
4.3148e-005,0.0350476
4.3152e-005,0.0351517
4.3156e-005,0.0355287
4.316e-005,0.0353898
4.3164e-005,0.0356627
4.3168e-005,0.0352212
4.3172e-005,0.0350277
4.3176e-005,0.035499
4.318e-005,0.0347102
4.3184e-005,0.0350972
4.3188e-005,0.0352658
4.3192e-005,0.0356081
4.3196e-005,0.0355188
4.32e-005,0.0351071
4.3204e-005,0.0350823
4.3208e-005,0.0348839
4.3212e-005,0.0354097
4.3216e-005,0.0361736
4.322e-005,0.0353402
4.3224e-005,0.0359256
4.3228e-005,0.0353601
4.3232e-005,0.0356924
4.3236e-005,0.0354047
4.324e-005,0.0355585
4.3244e-005,0.0357619
4.3248e-005,0.0355387
4.3252e-005,0.0353204
4.3256e-005,0.0361389
4.326e-005,0.0357172
4.3264e-005,0.0351368
4.3268e-005,0.0358214
4.3272e-005,0.0348938
4.3276e-005,0.0353353
4.328e-005,0.035618
4.3284e-005,0.035122
4.3288e-005,0.0360347
4.3292e-005,0.035122
4.3296e-005,0.0347946
4.33e-005,0.0357867
4.3304e-005,0.0353402
4.3308e-005,0.0357619
4.3312e-005,0.0355635
4.3316e-005,0.0356528
4.332e-005,0.035876
4.3324e-005,0.0353005
4.3328e-005,0.0352807
4.3332e-005,0.0356081
4.3336e-005,0.0355535
4.334e-005,0.0349285
4.3344e-005,0.0356478
4.3348e-005,0.0353303
4.3352e-005,0.0355287
4.3356e-005,0.0354642
4.336e-005,0.0352757
4.3364e-005,0.0353303
4.3368e-005,0.0354196
4.3372e-005,0.0352906
4.3376e-005,0.0350128
4.338e-005,0.0355535
4.3384e-005,0.0349682
4.3388e-005,0.0355287
4.3392e-005,0.0359901
4.3396e-005,0.0358958
4.34e-005,0.0355436
4.3404e-005,0.0352509
4.3408e-005,0.0350773
4.3412e-005,0.0349483
4.3416e-005,0.0352063
4.342e-005,0.0352361
4.3424e-005,0.0346904
4.3428e-005,0.0354196
4.3432e-005,0.0353551
4.3436e-005,0.0355287
4.344e-005,0.035499
4.3444e-005,0.0353402
4.3448e-005,0.0353849
4.3452e-005,0.0360992
4.3456e-005,0.0356627
4.346e-005,0.0354791
4.3464e-005,0.0359851
4.3468e-005,0.0357966
4.3472e-005,0.0353005
4.3476e-005,0.0359107
4.348e-005,0.0359405
4.3484e-005,0.0355486
4.3488e-005,0.0351666
4.3492e-005,0.0355535
4.3496e-005,0.0345862
4.35e-005,0.0345664
4.3504e-005,0.0350327
4.3508e-005,0.0353601
4.3512e-005,0.0350922
4.3516e-005,0.0353254
4.352e-005,0.0353551
4.3524e-005,0.035742
4.3528e-005,0.0353105
4.3532e-005,0.0352063
4.3536e-005,0.0355387
4.354e-005,0.0354295
4.3544e-005,0.0353055
4.3548e-005,0.0349037
4.3552e-005,0.0350972
4.3556e-005,0.0357867
4.356e-005,0.0356875
4.3564e-005,0.0351269
4.3568e-005,0.0350128
4.3572e-005,0.0358214
4.3576e-005,0.0357024
4.358e-005,0.0345465
4.3584e-005,0.0359653
4.3588e-005,0.0350426
4.3592e-005,0.0346011
4.3596e-005,0.0328153
4.36e-005,0.0322399
4.3604e-005,0.031967
4.3608e-005,0.0319125
4.3612e-005,0.031471
4.3616e-005,0.0314412
4.362e-005,0.0250172
4.3624e-005,0.0207908
4.3628e-005,0.0204088
4.3632e-005,0.0201856
4.3636e-005,0.0186826
4.364e-005,0.0191786
4.3644e-005,0.00929215
4.3648e-005,0.00174709
4.3652e-005,0.00119647
4.3656e-005,0.000591273
4.366e-005,0.000611115
4.3664e-005,0.00153379
4.3668e-005,0.00102284
4.3672e-005,0.000953396
4.3676e-005,0.000754972
4.368e-005,4.56074e-005
4.3684e-005,0.00892507
4.3688e-005,0.0191985
4.3692e-005,0.0218276
4.3696e-005,0.0252801
4.37e-005,0.0281871
4.3704e-005,0.0307814
4.3708e-005,0.032096
4.3712e-005,0.0342043
4.3716e-005,0.0357966
4.372e-005,0.0365258
4.3724e-005,0.0379297
4.3728e-005,0.0391301
4.3732e-005,0.0395815
4.3736e-005,0.0403752
4.374e-005,0.04166
4.3744e-005,0.0422206
4.3748e-005,0.0424785
4.3752e-005,0.0426125
4.3756e-005,0.0435351
4.376e-005,0.0441602
4.3764e-005,0.044686
4.3768e-005,0.0441602
4.3772e-005,0.0441205
4.3776e-005,0.0448249
4.378e-005,0.0449737
4.3784e-005,0.0446364
4.3788e-005,0.0452813
4.3792e-005,0.0453507
4.3796e-005,0.0451969
4.38e-005,0.0446959
4.3804e-005,0.0456087
4.3808e-005,0.0460452
4.3812e-005,0.045316
4.3816e-005,0.0456087
4.382e-005,0.0454896
4.3824e-005,0.0461246
4.3828e-005,0.0454102
4.3832e-005,0.0458418
4.3836e-005,0.045941
4.384e-005,0.0455095
4.3844e-005,0.0460055
4.3848e-005,0.0463031
4.3852e-005,0.0460998
4.3856e-005,0.0453854
4.386e-005,0.0458517
4.3864e-005,0.0462089
4.3868e-005,0.0458914
4.3872e-005,0.0458964
4.3876e-005,0.0458468
4.388e-005,0.0452069
4.3884e-005,0.0462684
4.3888e-005,0.0460204
4.3892e-005,0.0455987
4.3896e-005,0.0461543
4.39e-005,0.0454251
4.3904e-005,0.0452763
4.3908e-005,0.0464966
4.3912e-005,0.0457426
4.3916e-005,0.0461345
4.392e-005,0.0451027
4.3924e-005,0.0454053
4.3928e-005,0.0459212
4.3932e-005,0.0457426
4.3936e-005,0.0459311
4.394e-005,0.0457327
4.3944e-005,0.0454648
4.3948e-005,0.0462684
4.3952e-005,0.0456335
4.3956e-005,0.045817
4.396e-005,0.0452465
4.3964e-005,0.0460799
4.3968e-005,0.0461742
4.3972e-005,0.0457823
4.3976e-005,0.0450233
4.398e-005,0.0457872
4.3984e-005,0.0460105
4.3988e-005,0.0458765
4.3992e-005,0.0460105
4.3996e-005,0.0464073
4.4e-005,0.0457426
4.4004e-005,0.0461692
4.4008e-005,0.0457823
4.4012e-005,0.0451523
4.4016e-005,0.0463676
4.402e-005,0.045688
4.4024e-005,0.0465363
4.4028e-005,0.0453606
4.4032e-005,0.0459113
4.4036e-005,0.045941
4.404e-005,0.0459261
4.4044e-005,0.0457724
4.4048e-005,0.0458617
4.4052e-005,0.0465214
4.4056e-005,0.0458567
4.406e-005,0.0458021
4.4064e-005,0.0462883
4.4068e-005,0.0461593
4.4072e-005,0.0457624
4.4076e-005,0.0460551
4.408e-005,0.0459609
4.4084e-005,0.0461097
4.4088e-005,0.0458319
4.4092e-005,0.0458716
4.4096e-005,0.0460452
4.41e-005,0.0455194
4.4104e-005,0.0462039
4.4108e-005,0.045822
4.4112e-005,0.0465016
4.4116e-005,0.0464123
4.412e-005,0.0462039
4.4124e-005,0.0460948
4.4128e-005,0.0464073
4.4132e-005,0.0458418
4.4136e-005,0.0465016
4.414e-005,0.0462337
4.4144e-005,0.046194
4.4148e-005,0.0461196
4.4152e-005,0.0458865
4.4156e-005,0.0457476
4.416e-005,0.0458716
4.4164e-005,0.0455392
4.4168e-005,0.0454946
4.4172e-005,0.0462287
4.4176e-005,0.0461246
4.418e-005,0.0459559
4.4184e-005,0.0458815
4.4188e-005,0.0457823
4.4192e-005,0.0458021
4.4196e-005,0.0454102
4.42e-005,0.0458567
4.4204e-005,0.0458468
4.4208e-005,0.0456285
4.4212e-005,0.0459212
4.4216e-005,0.0455442
4.422e-005,0.0459212
4.4224e-005,0.0458269
4.4228e-005,0.0459708
4.4232e-005,0.0463428
4.4236e-005,0.0461791
4.424e-005,0.0460502
4.4244e-005,0.0461642
4.4248e-005,0.0456632
4.4252e-005,0.046447
4.4256e-005,0.0463726
4.426e-005,0.0462436
4.4264e-005,0.045946
4.4268e-005,0.0462139
4.4272e-005,0.0456682
4.4276e-005,0.045564
4.428e-005,0.0455491
4.4284e-005,0.0455987
4.4288e-005,0.0460601
4.4292e-005,0.0465512
4.4296e-005,0.0462535
4.43e-005,0.0463081
4.4304e-005,0.0465661
4.4308e-005,0.0468141
4.4312e-005,0.0462585
4.4316e-005,0.0460551
4.432e-005,0.0473548
4.4324e-005,0.046075
4.4328e-005,0.0462684
4.4332e-005,0.0463676
4.4336e-005,0.0463131
4.434e-005,0.0468835
4.4344e-005,0.0462783
4.4348e-005,0.0471663
4.4352e-005,0.0475086
4.4356e-005,0.0459361
4.436e-005,0.0453755
4.4364e-005,0.0418833
4.4368e-005,0.0381579
4.4372e-005,0.0365853
4.4376e-005,0.0356924
4.438e-005,0.0351617
4.4384e-005,0.0346954
4.4388e-005,0.0267882
4.4392e-005,0.0207412
4.4396e-005,0.0209297
4.44e-005,0.0199525
4.4404e-005,0.0187917
4.4408e-005,0.0196548
4.4412e-005,0.0106762
4.4416e-005,0.00201496
4.442e-005,0.0016578
4.4424e-005,0.000412691
4.4428e-005,0.000998041
4.4432e-005,0.00103773
4.4436e-005,0.000759933
4.444e-005,0.000382928
4.4444e-005,0.00014978
4.4448e-005,-0.000202422
4.4452e-005,0.0101107
4.4456e-005,0.0192381
4.446e-005,0.0189256
4.4464e-005,0.0190546
4.4468e-005,0.0189852
4.4472e-005,0.0177797
4.4476e-005,0.0173085
4.448e-005,0.01774
4.4484e-005,0.017244
4.4488e-005,0.0173978
4.4492e-005,0.0168025
4.4496e-005,0.0172837
4.45e-005,0.0169563
4.4504e-005,0.0172341
4.4508e-005,0.0170505
4.4512e-005,0.0170505
4.4516e-005,0.0169414
4.452e-005,0.016361
4.4524e-005,0.0163114
4.4528e-005,0.016108
4.4532e-005,0.0169612
4.4536e-005,0.0165148
4.454e-005,0.0163858
4.4544e-005,0.0163957
4.4548e-005,0.0163808
4.4552e-005,0.0164453
4.4556e-005,0.0161626
4.456e-005,0.0165346
4.4564e-005,0.0167033
4.4568e-005,0.0176309
4.4572e-005,0.01712
4.4576e-005,0.0166983
4.458e-005,0.0167281
4.4584e-005,0.016738
4.4588e-005,0.0172986
4.4592e-005,0.0167727
4.4596e-005,0.0165148
4.46e-005,0.0176508
4.4604e-005,0.0171894
4.4608e-005,0.0165644
4.4612e-005,0.0165049
4.4616e-005,0.0166487
4.462e-005,0.0167479
4.4624e-005,0.0169464
4.4628e-005,0.0169364
4.4632e-005,0.016733
4.4636e-005,0.0166785
4.464e-005,0.0166983
4.4644e-005,0.016738
4.4648e-005,0.0163908
4.4652e-005,0.0166983
4.4656e-005,0.0168819
4.466e-005,0.016738
4.4664e-005,0.0170208
4.4668e-005,0.0166041
4.4672e-005,0.0160931
4.4676e-005,0.0172539
4.468e-005,0.0172638
4.4684e-005,0.017497
4.4688e-005,0.016614
4.4692e-005,0.0163808
4.4696e-005,0.0171001
4.47e-005,0.0165297
4.4704e-005,0.0173482
4.4708e-005,0.0173184
4.4712e-005,0.0172539
4.4716e-005,0.0172738
4.472e-005,0.0169265
4.4724e-005,0.0167033
4.4728e-005,0.017244
4.4732e-005,0.0171597
4.4736e-005,0.0165991
4.474e-005,0.0169414
4.4744e-005,0.018003
4.4748e-005,0.0168273
4.4752e-005,0.0175515
4.4756e-005,0.0171497
4.476e-005,0.0171001
4.4764e-005,0.0162271
4.4768e-005,0.0166586
4.4772e-005,0.0174871
4.4776e-005,0.0176061
4.478e-005,0.0163759
4.4784e-005,0.016996
4.4788e-005,0.0165693
4.4792e-005,0.0170009
4.4796e-005,0.0164701
4.48e-005,0.0166487
4.4804e-005,0.0170753
4.4808e-005,0.0167628
4.4812e-005,0.0163064
4.4816e-005,0.0172241
4.482e-005,0.016619
4.4824e-005,0.0172093
4.4828e-005,0.0176805
4.4832e-005,0.0169464
4.4836e-005,0.0170704
4.484e-005,0.0171944
4.4844e-005,0.0168918
4.4848e-005,0.0169811
4.4852e-005,0.0171398
4.4856e-005,0.0165396
4.486e-005,0.0164453
4.4864e-005,0.0169513
4.4868e-005,0.0174176
4.4872e-005,0.0167281
4.4876e-005,0.0175565
4.488e-005,0.0170208
4.4884e-005,0.0166586
4.4888e-005,0.0165148
4.4892e-005,0.0162023
4.4896e-005,0.0167529
4.49e-005,0.0168967
4.4904e-005,0.0167479
4.4908e-005,0.0161527
4.4912e-005,0.0170009
4.4916e-005,0.0167529
4.492e-005,0.0167529
4.4924e-005,0.0175912
4.4928e-005,0.016609
4.4932e-005,0.0166438
4.4936e-005,0.0170257
4.494e-005,0.0169761
4.4944e-005,0.0165842
4.4948e-005,0.0168918
4.4952e-005,0.0164106
4.4956e-005,0.0161279
4.496e-005,0.0169662
4.4964e-005,0.0166785
4.4968e-005,0.0161973
4.4972e-005,0.0175863
4.4976e-005,0.0164106
4.498e-005,0.0159096
4.4984e-005,0.0166239
4.4988e-005,0.0163114
4.4992e-005,0.0165495
4.4996e-005,0.0157508
4.5e-005,0.016733
4.5004e-005,0.0164503
4.5008e-005,0.016485
4.5012e-005,0.017244
4.5016e-005,0.0166041
4.502e-005,0.0164949
4.5024e-005,0.0160534
4.5028e-005,0.0163461
4.5032e-005,0.0169166
4.5036e-005,0.0168273
4.504e-005,0.016366
4.5044e-005,0.0171696
4.5048e-005,0.0165346
4.5052e-005,0.016619
4.5056e-005,0.0165346
4.506e-005,0.0168372
4.5064e-005,0.016743
4.5068e-005,0.016867
4.5072e-005,0.0169563
4.5076e-005,0.0167926
4.508e-005,0.016862
4.5084e-005,0.0166338
4.5088e-005,0.016733
4.5092e-005,0.0167678
4.5096e-005,0.0165991
4.51e-005,0.0171894
4.5104e-005,0.0166735
4.5108e-005,0.016867
4.5112e-005,0.0160683
4.5116e-005,0.0164304
4.512e-005,0.0169811
4.5124e-005,0.0158848
4.5128e-005,0.0165098
4.5132e-005,0.0172192
4.5136e-005,0.0186826
4.514e-005,0.0189107
4.5144e-005,0.019377
4.5148e-005,0.0190596
4.5152e-005,0.0189107
4.5156e-005,0.0184147
4.516e-005,0.0188016
4.5164e-005,0.0195159
4.5168e-005,0.0184544
4.5172e-005,0.0191191
4.5176e-005,0.0182311
4.518e-005,0.00780398
4.5184e-005,0.00141473
4.5188e-005,0.000973238
4.5192e-005,0.000363085
4.5196e-005,0.000501982
4.52e-005,0.000883948
4.5204e-005,0.000849224
4.5208e-005,0.000675603
4.5212e-005,0.000497021
4.5216e-005,-0.000356201
4.522e-005,0.00988743
4.5224e-005,0.0181121
4.5228e-005,0.0192084
4.5232e-005,0.0193572
4.5236e-005,0.0208255
4.524e-005,0.0218077
4.5244e-005,0.0225121
4.5248e-005,0.0222443
4.5252e-005,0.0232711
4.5256e-005,0.0236134
4.526e-005,0.023033
4.5264e-005,0.024412
4.5268e-005,0.0239507
4.5272e-005,0.0240648
4.5276e-005,0.024546
4.528e-005,0.0251115
4.5284e-005,0.0249329
4.5288e-005,0.0247791
4.5292e-005,0.025047
4.5296e-005,0.0253397
4.53e-005,0.0252057
4.5304e-005,0.0252553
4.5308e-005,0.0254339
4.5312e-005,0.0251859
4.5316e-005,0.0259498
4.532e-005,0.0248932
4.5324e-005,0.0249031
4.5328e-005,0.0245063
4.5332e-005,0.0243128
4.5336e-005,0.025042
4.534e-005,0.0255679
4.5344e-005,0.0251214
4.5348e-005,0.0255579
4.5352e-005,0.025548
4.5356e-005,0.0252157
4.536e-005,0.0253198
4.5364e-005,0.0249974
4.5368e-005,0.0250966
4.5372e-005,0.024665
4.5376e-005,0.0248238
4.538e-005,0.0244617
4.5384e-005,0.0255232
4.5388e-005,0.0260441
4.5392e-005,0.0243079
4.5396e-005,0.0245708
4.54e-005,0.0249428
4.5404e-005,0.0246948
4.5408e-005,0.0250272
4.5412e-005,0.0249825
4.5416e-005,0.0248337
4.542e-005,0.0250966
4.5424e-005,0.0252702
4.5428e-005,0.0254339
4.5432e-005,0.0254042
4.5436e-005,0.0251661
4.544e-005,0.0251561
4.5444e-005,0.0252057
4.5448e-005,0.0252752
4.5452e-005,0.0248783
4.5456e-005,0.0251611
4.546e-005,0.0253298
4.5464e-005,0.0250569
4.5468e-005,0.0248734
4.5472e-005,0.0251164
4.5476e-005,0.0253397
4.548e-005,0.0251164
4.5484e-005,0.0249776
4.5488e-005,0.0249379
4.5492e-005,0.0254141
4.5496e-005,0.0250172
4.55e-005,0.0246303
4.5504e-005,0.0251313
4.5508e-005,0.0247444
4.5512e-005,0.0259002
4.5516e-005,0.0258705
4.552e-005,0.0252752
4.5524e-005,0.0249825
4.5528e-005,0.0253595
4.5532e-005,0.0250867
4.5536e-005,0.0249776
4.554e-005,0.0249279
4.5544e-005,0.0245807
4.5548e-005,0.0247196
4.5552e-005,0.0252256
4.5556e-005,0.0247494
4.556e-005,0.0251661
4.5564e-005,0.0249081
4.5568e-005,0.024422
4.5572e-005,0.0243674
4.5576e-005,0.0249527
4.558e-005,0.0255629
4.5584e-005,0.0240846
4.5588e-005,0.0257564
4.5592e-005,0.0250668
4.5596e-005,0.0252454
4.56e-005,0.0249776
4.5604e-005,0.0254042
4.5608e-005,0.0243575
4.5612e-005,0.0247444
4.5616e-005,0.0252405
4.562e-005,0.0251313
4.5624e-005,0.0247841
4.5628e-005,0.0253149
4.5632e-005,0.0245559
4.5636e-005,0.0251065
4.564e-005,0.0252553
4.5644e-005,0.0248337
4.5648e-005,0.0252405
4.5652e-005,0.0251512
4.5656e-005,0.0253397
4.566e-005,0.0252057
4.5664e-005,0.0258407
4.5668e-005,0.0252553
4.5672e-005,0.0250817
4.5676e-005,0.0249825
4.568e-005,0.0241739
4.5684e-005,0.0248783
4.5688e-005,0.0248734
4.5692e-005,0.024665
4.5696e-005,0.0247246
4.57e-005,0.0254835
4.5704e-005,0.0250867
4.5708e-005,0.0250073
4.5712e-005,0.0249081
4.5716e-005,0.024412
4.572e-005,0.0244716
4.5724e-005,0.0246105
4.5728e-005,0.0249081
4.5732e-005,0.0250867
4.5736e-005,0.0247444
4.574e-005,0.0248684
4.5744e-005,0.0256572
4.5748e-005,0.0248783
4.5752e-005,0.0252702
4.5756e-005,0.0251016
4.576e-005,0.025305
4.5764e-005,0.0251661
4.5768e-005,0.0247146
4.5772e-005,0.0248089
4.5776e-005,0.0246303
4.578e-005,0.0248337
4.5784e-005,0.0246551
4.5788e-005,0.0248287
4.5792e-005,0.0256373
4.5796e-005,0.0255827
4.58e-005,0.0250272
4.5804e-005,0.0252702
4.5808e-005,0.0249527
4.5812e-005,0.0251661
4.5816e-005,0.0254786
4.582e-005,0.0252355
4.5824e-005,0.0254488
4.5828e-005,0.0253496
4.5832e-005,0.0253496
4.5836e-005,0.0250867
4.584e-005,0.0252107
4.5844e-005,0.0251809
4.5848e-005,0.0260044
4.5852e-005,0.025424
4.5856e-005,0.0251512
4.586e-005,0.0256621
4.5864e-005,0.0252901
4.5868e-005,0.0254438
4.5872e-005,0.0247444
4.5876e-005,0.0254835
4.588e-005,0.0245857
4.5884e-005,0.0254538
4.5888e-005,0.0257266
4.5892e-005,0.0252851
4.5896e-005,0.0249428
4.59e-005,0.025429
4.5904e-005,0.0263169
4.5908e-005,0.0252057
4.5912e-005,0.0258109
4.5916e-005,0.0258209
4.592e-005,0.0257514
4.5924e-005,0.021902
4.5928e-005,0.0194812
4.5932e-005,0.0197987
4.5936e-005,0.0195011
4.594e-005,0.0192878
4.5944e-005,0.0186429
4.5948e-005,0.00867704
4.5952e-005,0.00123119
4.5956e-005,0.00164292
4.596e-005,0.000323401
4.5964e-005,0.000229149
4.5968e-005,0.000923633
4.5972e-005,0.000789697
4.5976e-005,0.00101788
4.598e-005,-6.84862e-005
4.5984e-005,-0.000425649
4.5988e-005,0.00901932
4.5992e-005,0.0190893
4.5996e-005,0.0200021
4.6e-005,0.0223732
4.6004e-005,0.024541
4.6008e-005,0.0266145
4.6012e-005,0.02719
4.6016e-005,0.0284053
4.602e-005,0.0301018
4.6024e-005,0.0306674
4.6028e-005,0.0305632
4.6032e-005,0.032984
4.6036e-005,0.0330782
4.604e-005,0.0335147
4.6044e-005,0.0337975
4.6048e-005,0.0336288
4.6052e-005,0.0344672
4.6056e-005,0.0345069
4.606e-005,0.0350773
4.6064e-005,0.03474
4.6068e-005,0.0351368
4.6072e-005,0.0352559
4.6076e-005,0.0355089
4.608e-005,0.0350674
4.6084e-005,0.0355684
4.6088e-005,0.0348045
4.6092e-005,0.0355238
4.6096e-005,0.0360496
4.61e-005,0.0357916
4.6104e-005,0.0358512
4.6108e-005,0.0356478
4.6112e-005,0.0358165
4.6116e-005,0.0365357
4.612e-005,0.0356924
4.6124e-005,0.0352162
4.6128e-005,0.0361339
4.6132e-005,0.0364117
4.6136e-005,0.0359405
4.614e-005,0.0355833
4.6144e-005,0.0356726
4.6148e-005,0.0354295
4.6152e-005,0.0357668
4.6156e-005,0.0352013
4.616e-005,0.0355734
4.6164e-005,0.0360298
4.6168e-005,0.0360099
4.6172e-005,0.034998
4.6176e-005,0.0354692
4.618e-005,0.035494
4.6184e-005,0.0350128
4.6188e-005,0.0356726
4.6192e-005,0.0354742
4.6196e-005,0.0357916
4.62e-005,0.0363324
4.6204e-005,0.0356031
4.6208e-005,0.0357768
4.6212e-005,0.0357024
4.6216e-005,0.0351269
4.622e-005,0.0361339
4.6224e-005,0.0355337
4.6228e-005,0.0355883
4.6232e-005,0.0350773
4.6236e-005,0.0359305
4.624e-005,0.0357668
4.6244e-005,0.0352162
4.6248e-005,0.0357718
4.6252e-005,0.0348045
4.6256e-005,0.0348045
4.626e-005,0.0357718
4.6264e-005,0.0357321
4.6268e-005,0.0352113
4.6272e-005,0.0355486
4.6276e-005,0.0361339
4.628e-005,0.0355039
4.6284e-005,0.0362232
4.6288e-005,0.0355932
4.6292e-005,0.0354791
4.6296e-005,0.0354791
4.63e-005,0.0354642
4.6304e-005,0.0350872
4.6308e-005,0.0352509
4.6312e-005,0.0353303
4.6316e-005,0.0351517
4.632e-005,0.0357123
4.6324e-005,0.0358413
4.6328e-005,0.0358413
4.6332e-005,0.0357966
4.6336e-005,0.0357222
4.634e-005,0.0352361
4.6344e-005,0.0358065
4.6348e-005,0.0353005
4.6352e-005,0.0356577
4.6356e-005,0.0350624
4.636e-005,0.0354394
4.6364e-005,0.0355535
4.6368e-005,0.0350575
4.6372e-005,0.0356081
4.6376e-005,0.0354791
4.638e-005,0.0355982
4.6384e-005,0.0357718
4.6388e-005,0.0348343
4.6392e-005,0.0350277
4.6396e-005,0.0360248
4.64e-005,0.0351914
4.6404e-005,0.0357024
4.6408e-005,0.0351666
4.6412e-005,0.0351269
4.6416e-005,0.0344275
4.642e-005,0.0355932
4.6424e-005,0.0357172
4.6428e-005,0.0352162
4.6432e-005,0.0348541
4.6436e-005,0.0353402
4.644e-005,0.0355883
4.6444e-005,0.0353502
4.6448e-005,0.0350823
4.6452e-005,0.0353502
4.6456e-005,0.0358611
4.646e-005,0.0358909
4.6464e-005,0.0351021
4.6468e-005,0.0353551
4.6472e-005,0.0352113
4.6476e-005,0.0358859
4.648e-005,0.0357073
4.6484e-005,0.0354097
4.6488e-005,0.0355238
4.6492e-005,0.0353402
4.6496e-005,0.0354246
4.65e-005,0.0356379
4.6504e-005,0.0364613
4.6508e-005,0.0356279
4.6512e-005,0.0358809
4.6516e-005,0.0360298
4.652e-005,0.0360843
4.6524e-005,0.0356924
4.6528e-005,0.0350525
4.6532e-005,0.0354246
4.6536e-005,0.03537
4.654e-005,0.0354444
4.6544e-005,0.0356726
4.6548e-005,0.036119
4.6552e-005,0.0365754
4.6556e-005,0.0365705
4.656e-005,0.0360496
4.6564e-005,0.0364762
4.6568e-005,0.0361141
4.6572e-005,0.0358611
4.6576e-005,0.0355734
4.658e-005,0.035365
4.6584e-005,0.0358016
4.6588e-005,0.0359057
4.6592e-005,0.0362778
4.6596e-005,0.0359008
4.66e-005,0.0354692
4.6604e-005,0.0357817
4.6608e-005,0.0353154
4.6612e-005,0.0362927
4.6616e-005,0.0353452
4.662e-005,0.035241
4.6624e-005,0.035499
4.6628e-005,0.0350972
4.6632e-005,0.035876
4.6636e-005,0.0348739
4.664e-005,0.0355039
4.6644e-005,0.0356825
4.6648e-005,0.0354444
4.6652e-005,0.0360645
4.6656e-005,0.0360893
4.666e-005,0.0348739
4.6664e-005,0.0349632
4.6668e-005,0.0337132
4.6672e-005,0.0327062
4.6676e-005,0.0312676
4.668e-005,0.0315255
4.6684e-005,0.0316545
4.6688e-005,0.031213
4.6692e-005,0.0241045
4.6696e-005,0.0203444
4.67e-005,0.0202898
4.6704e-005,0.0189703
4.6708e-005,0.0194763
4.6712e-005,0.019
4.6716e-005,0.00899452
4.672e-005,0.00176197
4.6724e-005,0.000948436
4.6728e-005,-8.3368e-005
4.6732e-005,0.000586312
4.6736e-005,0.000675603
4.674e-005,0.000849224
4.6744e-005,0.00098812
4.6748e-005,0.000392849
4.6752e-005,-0.000371082
4.6756e-005,0.00908381
4.676e-005,0.0183948
4.6764e-005,0.0213514
4.6768e-005,0.0247543
4.6772e-005,0.0283805
4.6776e-005,0.0304342
4.678e-005,0.0309352
4.6784e-005,0.0333957
4.6788e-005,0.0359157
4.6792e-005,0.0368631
4.6796e-005,0.0373195
4.68e-005,0.0392789
4.6804e-005,0.0400528
4.6808e-005,0.0398544
4.6812e-005,0.0418882
4.6816e-005,0.0421114
4.682e-005,0.0416352
4.6824e-005,0.0431879
4.6828e-005,0.0430093
4.6832e-005,0.0426621
4.6836e-005,0.0435054
4.684e-005,0.0440163
4.6844e-005,0.0429448
4.6848e-005,0.0446116
4.6852e-005,0.0447158
4.6856e-005,0.0447654
4.686e-005,0.0447356
4.6864e-005,0.0451324
4.6868e-005,0.0443239
4.6872e-005,0.0445025
4.6876e-005,0.0460601
4.688e-005,0.0444429
4.6884e-005,0.0453557
4.6888e-005,0.0455045
4.6892e-005,0.0452614
4.6896e-005,0.0457575
4.69e-005,0.0451523
4.6904e-005,0.0452465
4.6908e-005,0.0455144
4.6912e-005,0.0449588
4.6916e-005,0.045817
4.692e-005,0.0457972
4.6924e-005,0.0457724
4.6928e-005,0.0458517
4.6932e-005,0.0459212
4.6936e-005,0.0455541
4.694e-005,0.0451771
4.6944e-005,0.0456533
4.6948e-005,0.045812
4.6952e-005,0.0455243
4.6956e-005,0.0462238
4.696e-005,0.0457476
4.6964e-005,0.0461494
4.6968e-005,0.045817
4.6972e-005,0.045946
4.6976e-005,0.0463329
4.698e-005,0.0460849
4.6984e-005,0.0455392
4.6988e-005,0.0457872
4.6992e-005,0.0462635
4.6996e-005,0.0459361
4.7e-005,0.0453805
4.7004e-005,0.0455888
4.7008e-005,0.0457476
4.7012e-005,0.0453706
4.7016e-005,0.0456781
4.702e-005,0.0450035
4.7024e-005,0.0456483
4.7028e-005,0.046075
4.7032e-005,0.0457376
4.7036e-005,0.0448943
4.704e-005,0.0455144
4.7044e-005,0.0453209
4.7048e-005,0.0457376
4.7052e-005,0.0462684
4.7056e-005,0.0453904
4.706e-005,0.0452713
4.7064e-005,0.0462982
4.7068e-005,0.0457228
4.7072e-005,0.0455194
4.7076e-005,0.0459013
4.708e-005,0.045435
4.7084e-005,0.0460601
4.7088e-005,0.0459609
4.7092e-005,0.0454995
4.7096e-005,0.0455591
4.71e-005,0.0458617
4.7104e-005,0.0455144
4.7108e-005,0.0460204
4.7112e-005,0.0462089
4.7116e-005,0.0460898
4.712e-005,0.0455739
4.7124e-005,0.0467942
4.7128e-005,0.0457773
4.7132e-005,0.0462684
4.7136e-005,0.0460254
4.714e-005,0.0461642
4.7144e-005,0.0452118
4.7148e-005,0.0460551
4.7152e-005,0.0460502
4.7156e-005,0.045698
4.716e-005,0.0462635
4.7164e-005,0.0461047
4.7168e-005,0.0455541
4.7172e-005,0.0464024
4.7176e-005,0.0453458
4.718e-005,0.0455144
4.7184e-005,0.0460154
4.7188e-005,0.0461394
4.7192e-005,0.046318
4.7196e-005,0.0464073
4.72e-005,0.0455987
4.7204e-005,0.0457277
4.7208e-005,0.0466355
4.7212e-005,0.0463379
4.7216e-005,0.0461791
4.722e-005,0.0471216
4.7224e-005,0.0461196
4.7228e-005,0.0456087
4.7232e-005,0.0461394
4.7236e-005,0.0457327
4.724e-005,0.0458914
4.7244e-005,0.045817
4.7248e-005,0.0460601
4.7252e-005,0.0457674
4.7256e-005,0.0465016
4.726e-005,0.045435
4.7264e-005,0.0455591
4.7268e-005,0.0458765
4.7272e-005,0.0453259
4.7276e-005,0.0463676
4.728e-005,0.0464321
4.7284e-005,0.0464867
4.7288e-005,0.0462883
4.7292e-005,0.0463776
4.7296e-005,0.046447
4.73e-005,0.0462734
4.7304e-005,0.0465363
4.7308e-005,0.0462883
4.7312e-005,0.0458071
4.7316e-005,0.0463428
4.732e-005,0.0463875
4.7324e-005,0.0460898
4.7328e-005,0.0458964
4.7332e-005,0.0458517
4.7336e-005,0.0455591
4.734e-005,0.0459162
4.7344e-005,0.0454846
4.7348e-005,0.0457823
4.7352e-005,0.0456037
4.7356e-005,0.0471316
4.736e-005,0.0459162
4.7364e-005,0.0459361
4.7368e-005,0.0464668
4.7372e-005,0.0460105
4.7376e-005,0.0462535
4.738e-005,0.0465264
4.7384e-005,0.0466107
4.7388e-005,0.0469034
4.7392e-005,0.046829
4.7396e-005,0.0463974
4.74e-005,0.0459559
4.7404e-005,0.0462783
4.7408e-005,0.0459013
4.7412e-005,0.0471167
4.7416e-005,0.0462238
4.742e-005,0.0465611
4.7424e-005,0.0467
4.7428e-005,0.0456583
4.7432e-005,0.0446959
4.7436e-005,0.0421809
4.744e-005,0.0381678
4.7444e-005,0.0364613
4.7448e-005,0.035752
4.7452e-005,0.0352162
4.7456e-005,0.0345168
4.746e-005,0.0268427
4.7464e-005,0.0203543
4.7468e-005,0.0203642
4.7472e-005,0.0199376
4.7476e-005,0.0190992
4.748e-005,0.0191191
4.7484e-005,0.00864232
4.7488e-005,0.00115182
4.7492e-005,0.00145442
4.7496e-005,0.000635918
4.75e-005,0.000854184
4.7504e-005,0.00057143
4.7508e-005,0.00141969
4.7512e-005,0.00107245
4.7516e-005,6.54498e-005
4.752e-005,-0.000157777
4.7524e-005,0.00980806
4.7528e-005,0.018499
4.7532e-005,0.0186478
4.7536e-005,0.0192481
4.754e-005,0.0183056
4.7544e-005,0.0185585
4.7548e-005,0.0167827
4.7552e-005,0.01649
4.7556e-005,0.016996
4.756e-005,0.0168719
4.7564e-005,0.0171547
4.7568e-005,0.0161874
4.7572e-005,0.016356
4.7576e-005,0.0165247
4.758e-005,0.0166735
4.7584e-005,0.0172936
4.7588e-005,0.0160237
4.7592e-005,0.0164453
4.7596e-005,0.0172539
4.76e-005,0.0162171
4.7604e-005,0.0171646
4.7608e-005,0.0163759
4.7612e-005,0.0159939
4.7616e-005,0.0168273
4.762e-005,0.0164156
4.7624e-005,0.0165297
4.7628e-005,0.0164304
4.7632e-005,0.0169017
4.7636e-005,0.0155475
4.764e-005,0.01586
4.7644e-005,0.0166338
4.7648e-005,0.0160138
4.7652e-005,0.016361
4.7656e-005,0.0160187
4.766e-005,0.0166686
4.7664e-005,0.0162072
4.7668e-005,0.0161775
4.7672e-005,0.0167182
4.7676e-005,0.0158401
4.768e-005,0.0161675
4.7684e-005,0.0164751
4.7688e-005,0.0161031
4.7692e-005,0.0163511
4.7696e-005,0.0161626
4.77e-005,0.0159642
4.7704e-005,0.0168075
4.7708e-005,0.017115
4.7712e-005,0.0162171
4.7716e-005,0.0168273
4.772e-005,0.0170704
4.7724e-005,0.0166686
4.7728e-005,0.0172291
4.7732e-005,0.016733
4.7736e-005,0.01649
4.774e-005,0.0167132
4.7744e-005,0.0164701
4.7748e-005,0.0171497
4.7752e-005,0.0172886
4.7756e-005,0.0166438
4.776e-005,0.0174523
4.7764e-005,0.0174325
4.7768e-005,0.0167578
4.7772e-005,0.0164156
4.7776e-005,0.0172787
4.778e-005,0.0165892
4.7784e-005,0.0166785
4.7788e-005,0.0167975
4.7792e-005,0.0174027
4.7796e-005,0.016867
4.78e-005,0.0165197
4.7804e-005,0.0165247
4.7808e-005,0.0169067
4.7812e-005,0.0166388
4.7816e-005,0.016867
4.782e-005,0.0173531
4.7824e-005,0.0172787
4.7828e-005,0.016862
4.7832e-005,0.0166388
4.7836e-005,0.0175813
4.784e-005,0.0169315
4.7844e-005,0.0165098
4.7848e-005,0.0168521
4.7852e-005,0.0166388
4.7856e-005,0.0167876
4.786e-005,0.0165297
4.7864e-005,0.0173035
4.7868e-005,0.0172192
4.7872e-005,0.0170009
4.7876e-005,0.0169414
4.788e-005,0.0164949
4.7884e-005,0.0164553
4.7888e-005,0.0167926
4.7892e-005,0.017244
4.7896e-005,0.0161824
4.79e-005,0.0164007
4.7904e-005,0.0167876
4.7908e-005,0.0171894
4.7912e-005,0.0168025
4.7916e-005,0.0169612
4.792e-005,0.016609
4.7924e-005,0.0171547
4.7928e-005,0.0163015
4.7932e-005,0.0165793
4.7936e-005,0.0165396
4.794e-005,0.0163114
4.7944e-005,0.017239
4.7948e-005,0.0167231
4.7952e-005,0.0163461
4.7956e-005,0.0174523
4.796e-005,0.0170406
4.7964e-005,0.0164701
4.7968e-005,0.0167926
4.7972e-005,0.0164007
4.7976e-005,0.0162221
4.798e-005,0.0168273
4.7984e-005,0.0159493
4.7988e-005,0.0167678
4.7992e-005,0.0170356
4.7996e-005,0.0164354
4.8e-005,0.0166338
4.8004e-005,0.0164503
4.8008e-005,0.0161279
4.8012e-005,0.0167926
4.8016e-005,0.0157508
4.802e-005,0.016485
4.8024e-005,0.0165346
4.8028e-005,0.0162866
4.8032e-005,0.0161675
4.8036e-005,0.0164602
4.804e-005,0.016733
4.8044e-005,0.0169017
4.8048e-005,0.0164156
4.8052e-005,0.0164404
4.8056e-005,0.0165743
4.806e-005,0.0169116
4.8064e-005,0.016743
4.8068e-005,0.0166884
4.8072e-005,0.0169563
4.8076e-005,0.0167132
4.808e-005,0.0162767
4.8084e-005,0.0164156
4.8088e-005,0.0163213
4.8092e-005,0.016738
4.8096e-005,0.0169166
4.81e-005,0.0170952
4.8104e-005,0.0165793
4.8108e-005,0.0169563
4.8112e-005,0.0166834
4.8116e-005,0.0165445
4.812e-005,0.0163908
4.8124e-005,0.0169265
4.8128e-005,0.0163362
4.8132e-005,0.0167628
4.8136e-005,0.0163461
4.814e-005,0.0164999
4.8144e-005,0.017115
4.8148e-005,0.0170059
4.8152e-005,0.016619
4.8156e-005,0.0162072
4.816e-005,0.0158798
4.8164e-005,0.0163064
4.8168e-005,0.0157856
4.8172e-005,0.0165049
4.8176e-005,0.0168769
4.818e-005,0.0169612
4.8184e-005,0.0165991
4.8188e-005,0.0164007
4.8192e-005,0.0165594
4.8196e-005,0.0159294
4.82e-005,0.0162667
4.8204e-005,0.0173035
4.8208e-005,0.0181617
4.8212e-005,0.0187371
4.8216e-005,0.0188661
4.822e-005,0.0190794
4.8224e-005,0.0193622
4.8228e-005,0.0183552
4.8232e-005,0.019134
4.8236e-005,0.0190397
4.824e-005,0.018251
4.8244e-005,0.0188909
4.8248e-005,0.0188413
4.8252e-005,0.00844885
4.8256e-005,0.0015189
4.826e-005,0.0013056
4.8264e-005,0.000427573
4.8268e-005,0.000501982
4.8272e-005,8.03316e-005
4.8276e-005,0.0011667
4.828e-005,0.000804578
4.8284e-005,0.000874027
4.8288e-005,-1.88803e-005
4.8292e-005,0.00891515
4.8296e-005,0.0188363
4.83e-005,0.0196499
4.8304e-005,0.0197838
4.8308e-005,0.0204336
4.8312e-005,0.02152
4.8316e-005,0.0219962
4.832e-005,0.0217631
4.8324e-005,0.0231917
4.8328e-005,0.023539
4.8332e-005,0.0231322
4.8336e-005,0.0242087
4.834e-005,0.0248188
4.8344e-005,0.0243476
4.8348e-005,0.0238366
4.8352e-005,0.0247146
4.8356e-005,0.0244021
4.836e-005,0.0250123
4.8364e-005,0.024665
4.8368e-005,0.0239904
4.8372e-005,0.0238664
4.8376e-005,0.0253298
4.838e-005,0.0246452
4.8384e-005,0.0251115
4.8388e-005,0.0253347
4.8392e-005,0.0251462
4.8396e-005,0.0252454
4.84e-005,0.024799
4.8404e-005,0.0247444
4.8408e-005,0.0244368
4.8412e-005,0.0251016
4.8416e-005,0.024164
4.842e-005,0.0242781
4.8424e-005,0.024675
4.8428e-005,0.02404
4.8432e-005,0.0241243
4.8436e-005,0.0242583
4.844e-005,0.0241343
4.8444e-005,0.0248238
4.8448e-005,0.0249627
4.8452e-005,0.0244617
4.8456e-005,0.0243724
4.846e-005,0.0243823
4.8464e-005,0.0249031
4.8468e-005,0.0249329
4.8472e-005,0.0251214
4.8476e-005,0.025052
4.848e-005,0.0252702
4.8484e-005,0.0244319
4.8488e-005,0.0246254
4.8492e-005,0.024665
4.8496e-005,0.0246799
4.85e-005,0.0244468
4.8504e-005,0.0246254
4.8508e-005,0.0246998
4.8512e-005,0.0242186
4.8516e-005,0.0244468
4.852e-005,0.0248436
4.8524e-005,0.0245212
4.8528e-005,0.0243277
4.8532e-005,0.0243624
4.8536e-005,0.024665
4.854e-005,0.0243575
4.8544e-005,0.0244765
4.8548e-005,0.0243773
4.8552e-005,0.0239904
4.8556e-005,0.025672
4.856e-005,0.0245906
4.8564e-005,0.0245906
4.8568e-005,0.0249875
4.8572e-005,0.0242831
4.8576e-005,0.0243178
4.858e-005,0.0248932
4.8584e-005,0.0242136
4.8588e-005,0.0247444
4.8592e-005,0.0249279
4.8596e-005,0.0249031
4.86e-005,0.0239805
4.8604e-005,0.0244319
4.8608e-005,0.0245162
4.8612e-005,0.0249031
4.8616e-005,0.0243079
4.862e-005,0.0241491
4.8624e-005,0.024541
4.8628e-005,0.0248833
4.8632e-005,0.0245708
4.8636e-005,0.0242087
4.864e-005,0.024412
4.8644e-005,0.0245807
4.8648e-005,0.0245609
4.8652e-005,0.0244468
4.8656e-005,0.0248535
4.866e-005,0.0247394
4.8664e-005,0.0247841
4.8668e-005,0.0242186
4.8672e-005,0.0240549
4.8676e-005,0.0245063
4.868e-005,0.0236432
4.8684e-005,0.0239854
4.8688e-005,0.0243079
4.8692e-005,0.0241987
4.8696e-005,0.0241243
4.87e-005,0.0245807
4.8704e-005,0.0237969
4.8708e-005,0.0243525
4.8712e-005,0.0245063
4.8716e-005,0.0247097
4.872e-005,0.0247841
4.8724e-005,0.0247295
4.8728e-005,0.024288
4.8732e-005,0.0248635
4.8736e-005,0.0244418
4.874e-005,0.0243972
4.8744e-005,0.024923
4.8748e-005,0.0249577
4.8752e-005,0.0248684
4.8756e-005,0.0251115
4.876e-005,0.0247295
4.8764e-005,0.0240896
4.8768e-005,0.0246502
4.8772e-005,0.0246254
4.8776e-005,0.0248783
4.878e-005,0.0254339
4.8784e-005,0.0244517
4.8788e-005,0.0240747
4.8792e-005,0.024164
4.8796e-005,0.0243773
4.88e-005,0.0241293
4.8804e-005,0.0248635
4.8808e-005,0.024412
4.8812e-005,0.0247791
4.8816e-005,0.0244617
4.882e-005,0.0248436
4.8824e-005,0.0251016
4.8828e-005,0.0252355
4.8832e-005,0.0251561
4.8836e-005,0.0249825
4.884e-005,0.024665
4.8844e-005,0.0246402
4.8848e-005,0.0244964
4.8852e-005,0.0249627
4.8856e-005,0.0252454
4.886e-005,0.0246402
4.8864e-005,0.0247791
4.8868e-005,0.0244021
4.8872e-005,0.0243624
4.8876e-005,0.024293
4.888e-005,0.0250619
4.8884e-005,0.0249031
4.8888e-005,0.0243029
4.8892e-005,0.0250222
4.8896e-005,0.0245708
4.89e-005,0.0244468
4.8904e-005,0.0247097
4.8908e-005,0.0248932
4.8912e-005,0.0247891
4.8916e-005,0.0247196
4.892e-005,0.0244666
4.8924e-005,0.0244468
4.8928e-005,0.0250024
4.8932e-005,0.0245807
4.8936e-005,0.0251016
4.894e-005,0.0245807
4.8944e-005,0.0246551
4.8948e-005,0.0247791
4.8952e-005,0.0249081
4.8956e-005,0.0251164
4.896e-005,0.0257068
4.8964e-005,0.0241243
4.8968e-005,0.0242384
4.8972e-005,0.025424
4.8976e-005,0.025171
4.898e-005,0.0252603
4.8984e-005,0.0252553
4.8988e-005,0.0258357
4.8992e-005,0.0256472
4.8996e-005,0.0211629
4.9e-005,0.0196747
4.9004e-005,0.0192381
4.9008e-005,0.0195407
4.9012e-005,0.0197044
4.9016e-005,0.0187173
4.902e-005,0.00859767
4.9024e-005,0.00120143
4.9028e-005,0.00175701
4.9032e-005,-0.000222265
4.9036e-005,0.00015474
4.904e-005,0.000596233
4.9044e-005,0.000710327
4.9048e-005,0.000730169
4.9052e-005,0.000665682
4.9056e-005,-0.000663758
4.906e-005,0.00945585
4.9064e-005,0.0190943
4.9068e-005,0.0209744
4.9072e-005,0.0227155
4.9076e-005,0.0243674
4.908e-005,0.0268626
4.9084e-005,0.0274678
4.9088e-005,0.0285442
4.9092e-005,0.0299977
4.9096e-005,0.0305781
4.91e-005,0.0310592
4.9104e-005,0.0330187
4.9108e-005,0.0327806
4.9112e-005,0.0333312
4.9116e-005,0.034234
4.912e-005,0.0348144
4.9124e-005,0.0342539
4.9128e-005,0.0355188
4.9132e-005,0.0350922
4.9136e-005,0.0342836
4.914e-005,0.0355833
4.9144e-005,0.0357817
4.9148e-005,0.035747
4.9152e-005,0.0357867
4.9156e-005,0.036506
4.916e-005,0.0359653
4.9164e-005,0.0356478
4.9168e-005,0.0353353
4.9172e-005,0.0360794
4.9176e-005,0.0357371
4.918e-005,0.0355932
4.9184e-005,0.0350823
4.9188e-005,0.0355635
4.9192e-005,0.0358462
4.9196e-005,0.0357817
4.92e-005,0.0358264
4.9204e-005,0.0361141
4.9208e-005,0.0361687
4.9212e-005,0.0356428
4.9216e-005,0.0353154
4.922e-005,0.0350128
4.9224e-005,0.0359305
4.9228e-005,0.036005
4.9232e-005,0.035623
4.9236e-005,0.0355635
4.924e-005,0.0355436
4.9244e-005,0.0359603
4.9248e-005,0.0355089
4.9252e-005,0.0357371
4.9256e-005,0.0358363
4.926e-005,0.0355188
4.9264e-005,0.0356825
4.9268e-005,0.0362778
4.9272e-005,0.0350972
4.9276e-005,0.0356279
4.928e-005,0.0351269
4.9284e-005,0.0356875
4.9288e-005,0.0351071
4.9292e-005,0.035246
4.9296e-005,0.0355188
4.93e-005,0.0354146
4.9304e-005,0.0348442
4.9308e-005,0.0353998
4.9312e-005,0.0352063
4.9316e-005,0.0352807
4.932e-005,0.0355387
4.9324e-005,0.0356379
4.9328e-005,0.034745
4.9332e-005,0.0353105
4.9336e-005,0.0353353
4.934e-005,0.0354097
4.9344e-005,0.0361141
4.9348e-005,0.0350823
4.9352e-005,0.0363621
4.9356e-005,0.0349831
4.936e-005,0.0356875
4.9364e-005,0.0360397
4.9368e-005,0.0350674
4.9372e-005,0.0351517
4.9376e-005,0.0350972
4.938e-005,0.0359256
4.9384e-005,0.0362629
4.9388e-005,0.035365
4.9392e-005,0.0351865
4.9396e-005,0.0354642
4.94e-005,0.0352609
4.9404e-005,0.0355883
4.9408e-005,0.0355436
4.9412e-005,0.035752
4.9416e-005,0.0359653
4.942e-005,0.0358214
4.9424e-005,0.0359802
4.9428e-005,0.0362431
4.9432e-005,0.0356081
4.9436e-005,0.0353005
4.944e-005,0.0359305
4.9444e-005,0.0353601
4.9448e-005,0.035494
4.9452e-005,0.0357668
4.9456e-005,0.0357619
4.946e-005,0.0358512
4.9464e-005,0.0356974
4.9468e-005,0.034864
4.9472e-005,0.0352361
4.9476e-005,0.0354345
4.948e-005,0.0354642
4.9484e-005,0.0355089
4.9488e-005,0.0356279
4.9492e-005,0.0359504
4.9496e-005,0.035494
4.95e-005,0.0353154
4.9504e-005,0.0353055
4.9508e-005,0.0354692
4.9512e-005,0.035871
4.9516e-005,0.0358214
4.952e-005,0.0352757
4.9524e-005,0.0359206
4.9528e-005,0.035876
4.9532e-005,0.0353898
4.9536e-005,0.0354841
4.954e-005,0.035375
4.9544e-005,0.0354047
4.9548e-005,0.0356081
4.9552e-005,0.0353601
4.9556e-005,0.0356131
4.956e-005,0.0360794
4.9564e-005,0.0357966
4.9568e-005,0.0356478
4.9572e-005,0.036119
4.9576e-005,0.0360546
4.958e-005,0.0356031
4.9584e-005,0.035494
4.9588e-005,0.0356875
4.9592e-005,0.0356081
4.9596e-005,0.0356776
4.96e-005,0.0354494
4.9604e-005,0.0352509
4.9608e-005,0.034998
4.9612e-005,0.0359206
4.9616e-005,0.0352013
4.962e-005,0.0352807
4.9624e-005,0.0352509
4.9628e-005,0.035494
4.9632e-005,0.0354097
4.9636e-005,0.0352906
4.964e-005,0.0349235
4.9644e-005,0.0356875
4.9648e-005,0.0357817
4.9652e-005,0.035117
4.9656e-005,0.0353601
4.966e-005,0.0357817
4.9664e-005,0.0355684
4.9668e-005,0.0351021
4.9672e-005,0.035752
4.9676e-005,0.0347946
4.968e-005,0.0357619
4.9684e-005,0.0354692
4.9688e-005,0.0352757
4.9692e-005,0.0360198
4.9696e-005,0.0356478
4.97e-005,0.0350376
4.9704e-005,0.0349186
4.9708e-005,0.0354543
4.9712e-005,0.0356974
4.9716e-005,0.0353551
4.972e-005,0.0349831
4.9724e-005,0.0362728
4.9728e-005,0.0364415
4.9732e-005,0.0351368
4.9736e-005,0.0347202
4.974e-005,0.0331278
4.9744e-005,0.0326516
4.9748e-005,0.0317884
4.9752e-005,0.0315652
4.9756e-005,0.0316942
4.976e-005,0.0312477
4.9764e-005,0.0250569
4.9768e-005,0.0208702
4.9772e-005,0.0203989
4.9776e-005,0.0197243
4.978e-005,0.0191042
4.9784e-005,0.0192927
4.9788e-005,0.00951042
4.9792e-005,0.00098812
4.9796e-005,0.00117166
4.98e-005,0.000516864
4.9804e-005,0.000447416
4.9808e-005,0.0013552
4.9812e-005,0.000859145
4.9816e-005,0.000214268
4.982e-005,0.000194425
4.9824e-005,0.000184504
4.9828e-005,0.00970884
4.9832e-005,0.0194266
4.9836e-005,0.0220756
4.984e-005,0.0247543
4.9844e-005,0.028445
4.9848e-005,0.0306723
4.9852e-005,0.0316148
4.9856e-005,0.033604
4.986e-005,0.0358958
4.9864e-005,0.0366548
4.9868e-005,0.0370169
4.9872e-005,0.039016
4.9876e-005,0.0395121
4.988e-005,0.0398693
4.9884e-005,0.0414467
4.9888e-005,0.040911
4.9892e-005,0.0415063
4.9896e-005,0.0430143
4.99e-005,0.0428158
4.9904e-005,0.0427613
4.9908e-005,0.0435699
4.9912e-005,0.0443239
4.9916e-005,0.0439419
4.992e-005,0.0450035
4.9924e-005,0.0445471
4.9928e-005,0.0441552
4.9932e-005,0.0448001
4.9936e-005,0.0450184
4.994e-005,0.0454301
4.9944e-005,0.0457376
4.9948e-005,0.0457823
4.9952e-005,0.0450233
4.9956e-005,0.0459609
4.996e-005,0.0453755
4.9964e-005,0.0450928
4.9968e-005,0.0451473
4.9972e-005,0.046447
4.9976e-005,0.0453854
4.998e-005,0.0457724
4.9984e-005,0.0454698
4.9988e-005,0.0454896
4.9992e-005,0.0463924
4.9996e-005,0.0453706
5e-005,0.0450233
5.0004e-005,0.0460452
5.0008e-005,0.0459757
5.0012e-005,0.0450878
5.0016e-005,0.0456732
5.002e-005,0.0455888
5.0024e-005,0.0451275
5.0028e-005,0.0461444
5.0032e-005,0.045812
5.0036e-005,0.0453805
5.004e-005,0.0461841
5.0044e-005,0.0458716
5.0048e-005,0.0453011
5.0052e-005,0.0457674
5.0056e-005,0.0452961
5.006e-005,0.0450084
5.0064e-005,0.0458567
5.0068e-005,0.0455144
5.0072e-005,0.0454549
5.0076e-005,0.0455839
5.008e-005,0.0457624
5.0084e-005,0.0461196
5.0088e-005,0.0458865
5.0092e-005,0.0461742
5.0096e-005,0.0452019
5.01e-005,0.045941
5.0104e-005,0.0456781
5.0108e-005,0.0462188
5.0112e-005,0.0462635
5.0116e-005,0.0457773
5.012e-005,0.0459162
5.0124e-005,0.0460998
5.0128e-005,0.0462883
5.0132e-005,0.0459212
5.0136e-005,0.0461295
5.014e-005,0.045822
5.0144e-005,0.045445
5.0148e-005,0.0464668
5.0152e-005,0.0457773
5.0156e-005,0.0450035
5.016e-005,0.0460948
5.0164e-005,0.0461742
5.0168e-005,0.0460998
5.0172e-005,0.0462139
5.0176e-005,0.0463825
5.018e-005,0.0462982
5.0184e-005,0.0465512
5.0188e-005,0.0457327
5.0192e-005,0.0460353
5.0196e-005,0.0470621
5.02e-005,0.0460105
5.0204e-005,0.0457773
5.0208e-005,0.0456384
5.0212e-005,0.045946
5.0216e-005,0.0466504
5.022e-005,0.0463081
5.0224e-005,0.0452217
5.0228e-005,0.0460601
5.0232e-005,0.0455541
5.0236e-005,0.0457624
5.024e-005,0.0457376
5.0244e-005,0.0460998
5.0248e-005,0.0451821
5.0252e-005,0.045822
5.0256e-005,0.0457277
5.026e-005,0.0463031
5.0264e-005,0.0457872
5.0268e-005,0.0460254
5.0272e-005,0.0457128
5.0276e-005,0.0459013
5.028e-005,0.0456781
5.0284e-005,0.0456235
5.0288e-005,0.0458071
5.0292e-005,0.0463627
5.0296e-005,0.0460502
5.03e-005,0.0458964
5.0304e-005,0.0451771
5.0308e-005,0.0461692
5.0312e-005,0.0454003
5.0316e-005,0.0456335
5.032e-005,0.0460154
5.0324e-005,0.0452813
5.0328e-005,0.0459757
5.0332e-005,0.0451969
5.0336e-005,0.045445
5.034e-005,0.0450481
5.0344e-005,0.0456037
5.0348e-005,0.0456235
5.0352e-005,0.0457178
5.0356e-005,0.045316
5.036e-005,0.0452713
5.0364e-005,0.045812
5.0368e-005,0.0461295
5.0372e-005,0.0456434
5.0376e-005,0.0461047
5.038e-005,0.0453557
5.0384e-005,0.0452366
5.0388e-005,0.0461791
5.0392e-005,0.0460303
5.0396e-005,0.0460303
5.04e-005,0.0454053
5.0404e-005,0.0456632
5.0408e-005,0.0450928
5.0412e-005,0.0464123
5.0416e-005,0.0458319
5.042e-005,0.0460353
5.0424e-005,0.0458815
5.0428e-005,0.0456037
5.0432e-005,0.0457277
5.0436e-005,0.0459311
5.044e-005,0.0458815
5.0444e-005,0.0457773
5.0448e-005,0.0461494
5.0452e-005,0.0462287
5.0456e-005,0.0455491
5.046e-005,0.045192
5.0464e-005,0.0458666
5.0468e-005,0.0458468
5.0472e-005,0.0461246
5.0476e-005,0.0462734
5.048e-005,0.0452614
5.0484e-005,0.0458567
5.0488e-005,0.0461692
5.0492e-005,0.0455987
5.0496e-005,0.0466057
5.05e-005,0.0452713
5.0504e-005,0.0452961
5.0508e-005,0.0417394
5.0512e-005,0.0381777
5.0516e-005,0.036878
5.052e-005,0.036119
5.0524e-005,0.0354642
5.0528e-005,0.0353005
5.0532e-005,0.0267286
5.0536e-005,0.0207065
5.054e-005,0.0198731
5.0544e-005,0.0195606
5.0548e-005,0.019129
5.0552e-005,0.0190844
5.0556e-005,0.00899948
5.056e-005,0.0014941
5.0564e-005,0.00153875
5.0568e-005,-0.000128013
5.0572e-005,0.000730169
5.0576e-005,0.000244031
5.058e-005,0.000764894
5.0584e-005,0.00124607
5.0588e-005,0.000660721
5.0592e-005,-0.00043557
5.0596e-005,0.0104777
5.06e-005,0.0192332
5.0604e-005,0.0186429
5.0608e-005,0.018251
5.0612e-005,0.0184891
5.0616e-005,0.0176756
5.062e-005,0.017368
5.0624e-005,0.0175267
5.0628e-005,0.0187967
5.0632e-005,0.016743
5.0636e-005,0.0169215
5.064e-005,0.0173333
5.0644e-005,0.0173382
5.0648e-005,0.0172688
5.0652e-005,0.0168918
5.0656e-005,0.0174821
5.066e-005,0.0161775
5.0664e-005,0.016862
5.0668e-005,0.0167479
5.0672e-005,0.0164007
5.0676e-005,0.0164701
5.068e-005,0.0171944
5.0684e-005,0.0166338
5.0688e-005,0.0161378
5.0692e-005,0.0175317
5.0696e-005,0.0168273
5.07e-005,0.0167628
5.0704e-005,0.016986
5.0708e-005,0.0171349
5.0712e-005,0.0164602
5.0716e-005,0.0170059
5.072e-005,0.0168025
5.0724e-005,0.017497
5.0728e-005,0.0165049
5.0732e-005,0.0175763
5.0736e-005,0.016862
5.074e-005,0.0167033
5.0744e-005,0.0173382
5.0748e-005,0.0166735
5.0752e-005,0.0170208
5.0756e-005,0.0166487
5.076e-005,0.0165148
5.0764e-005,0.0175863
5.0768e-005,0.0173482
5.0772e-005,0.0173482
5.0776e-005,0.0161923
5.078e-005,0.0166785
5.0784e-005,0.0168471
5.0788e-005,0.0169761
5.0792e-005,0.0170009
5.0796e-005,0.0168571
5.08e-005,0.0165346
5.0804e-005,0.016991
5.0808e-005,0.017492
5.0812e-005,0.0165644
5.0816e-005,0.0171597
5.082e-005,0.016867
5.0824e-005,0.0168819
5.0828e-005,0.0165842
5.0832e-005,0.0162122
5.0836e-005,0.0170307
5.084e-005,0.0169414
5.0844e-005,0.0166586
5.0848e-005,0.0173482
5.0852e-005,0.0172241
5.0856e-005,0.0172589
5.086e-005,0.0170803
5.0864e-005,0.0167678
5.0868e-005,0.0179087
5.0872e-005,0.0175069
5.0876e-005,0.0164553
5.088e-005,0.0170555
5.0884e-005,0.0168422
5.0888e-005,0.01712
5.0892e-005,0.0171398
5.0896e-005,0.0169464
5.09e-005,0.016738
5.0904e-005,0.0164156
5.0908e-005,0.0171398
5.0912e-005,0.0170753
5.0916e-005,0.0170009
5.092e-005,0.0165991
5.0924e-005,0.0167827
5.0928e-005,0.0173432
5.0932e-005,0.0174126
5.0936e-005,0.0171299
5.094e-005,0.017373
5.0944e-005,0.0174374
5.0948e-005,0.0174077
5.0952e-005,0.0174126
5.0956e-005,0.0169414
5.096e-005,0.016991
5.0964e-005,0.0173482
5.0968e-005,0.0171249
5.0972e-005,0.0176904
5.0976e-005,0.0170902
5.098e-005,0.0171845
5.0984e-005,0.0174176
5.0988e-005,0.0169215
5.0992e-005,0.0167777
5.0996e-005,0.0168323
5.1e-005,0.0171894
5.1004e-005,0.0174523
5.1008e-005,0.016991
5.1012e-005,0.0171051
5.1016e-005,0.0168819
5.102e-005,0.0167231
5.1024e-005,0.016996
5.1028e-005,0.0170952
5.1032e-005,0.0171795
5.1036e-005,0.0163412
5.104e-005,0.0167033
5.1044e-005,0.0172489
5.1048e-005,0.0173482
5.1052e-005,0.0167182
5.1056e-005,0.0169712
5.106e-005,0.0182212
5.1064e-005,0.0164354
5.1068e-005,0.016614
5.1072e-005,0.0166834
5.1076e-005,0.0173333
5.108e-005,0.0171795
5.1084e-005,0.0171845
5.1088e-005,0.0174424
5.1092e-005,0.0174275
5.1096e-005,0.0171349
5.11e-005,0.0174126
5.1104e-005,0.0172142
5.1108e-005,0.0174226
5.1112e-005,0.0165594
5.1116e-005,0.0171845
5.112e-005,0.0162271
5.1124e-005,0.0174523
5.1128e-005,0.0168223
5.1132e-005,0.0169364
5.1136e-005,0.0164304
5.114e-005,0.0173134
5.1144e-005,0.016867
5.1148e-005,0.0168918
5.1152e-005,0.0170059
5.1156e-005,0.0176458
5.116e-005,0.0169612
5.1164e-005,0.0173829
5.1168e-005,0.016619
5.1172e-005,0.0171547
5.1176e-005,0.0168471
5.118e-005,0.0168075
5.1184e-005,0.017244
5.1188e-005,0.0166934
5.1192e-005,0.0169116
5.1196e-005,0.0169712
5.12e-005,0.0174523
5.1204e-005,0.0170158
5.1208e-005,0.0172738
5.1212e-005,0.0177053
5.1216e-005,0.0168323
5.122e-005,0.0169811
5.1224e-005,0.0169364
5.1228e-005,0.0171547
5.1232e-005,0.0169017
5.1236e-005,0.016991
5.124e-005,0.0174871
5.1244e-005,0.0169116
5.1248e-005,0.0173085
5.1252e-005,0.0167628
5.1256e-005,0.0167628
5.126e-005,0.0179782
