LECROYWR104MXi,20621,Waveform
Segments,1,SegmentSize,2501
Segment,TrigTime,TimeSinceSegment1
#1,21-May-2015 13:59:34,0                 
Time,Ampl
4.126e-005,0.0411739
4.1264e-005,0.0427464
4.1268e-005,0.0433516
4.1272e-005,0.0441205
4.1276e-005,0.0457525
4.128e-005,0.0461394
4.1284e-005,0.0462039
4.1288e-005,0.0474094
4.1292e-005,0.0481634
4.1296e-005,0.0479699
4.13e-005,0.0487735
4.1304e-005,0.0493688
4.1308e-005,0.0496218
4.1312e-005,0.0496565
4.1316e-005,0.0497111
4.132e-005,0.0504502
4.1324e-005,0.0502567
4.1328e-005,0.0507082
4.1332e-005,0.0510653
4.1336e-005,0.0506089
4.134e-005,0.0514969
4.1344e-005,0.0511794
4.1348e-005,0.0511447
4.1352e-005,0.0521765
4.1356e-005,0.0521666
4.136e-005,0.0513133
4.1364e-005,0.0520822
4.1368e-005,0.0518937
4.1372e-005,0.052494
4.1376e-005,0.0522856
4.138e-005,0.0525188
4.1384e-005,0.0522063
4.1388e-005,0.0529702
4.1392e-005,0.0528611
4.1396e-005,0.0530099
4.14e-005,0.0526825
4.1404e-005,0.0525188
4.1408e-005,0.0519681
4.1412e-005,0.0525585
4.1416e-005,0.0524989
4.142e-005,0.05299
4.1424e-005,0.0530248
4.1428e-005,0.0526229
4.1432e-005,0.0526924
4.1436e-005,0.0528114
4.144e-005,0.0525634
4.1444e-005,0.0520326
4.1448e-005,0.0530099
4.1452e-005,0.0525833
4.1456e-005,0.052742
4.146e-005,0.0529355
4.1464e-005,0.0527866
4.1468e-005,0.0530148
4.1472e-005,0.0530099
4.1476e-005,0.0529255
4.148e-005,0.0525138
4.1484e-005,0.0533125
4.1488e-005,0.0524592
4.1492e-005,0.0529007
4.1496e-005,0.0528164
4.15e-005,0.0528214
4.1504e-005,0.053114
4.1508e-005,0.0534018
4.1512e-005,0.0533373
4.1516e-005,0.0527817
4.152e-005,0.0537242
4.1524e-005,0.0529603
4.1528e-005,0.0532133
4.1532e-005,0.0531041
4.1536e-005,0.0531885
4.154e-005,0.0522559
4.1544e-005,0.0525932
4.1548e-005,0.053754
4.1552e-005,0.0529702
4.1556e-005,0.0526626
4.156e-005,0.0526229
4.1564e-005,0.053501
4.1568e-005,0.0528759
4.1572e-005,0.053243
4.1576e-005,0.0527817
4.158e-005,0.0527817
4.1584e-005,0.0532033
4.1588e-005,0.0534662
4.1592e-005,0.0530198
4.1596e-005,0.0531587
4.16e-005,0.0527966
4.1604e-005,0.0533075
4.1608e-005,0.0530396
4.1612e-005,0.0531488
4.1616e-005,0.0526974
4.162e-005,0.0532133
4.1624e-005,0.0532331
4.1628e-005,0.0528859
4.1632e-005,0.0528214
4.1636e-005,0.0526676
4.164e-005,0.0535803
4.1644e-005,0.0531587
4.1648e-005,0.0524096
4.1652e-005,0.0532629
4.1656e-005,0.0535952
4.166e-005,0.0530347
4.1664e-005,0.0529851
4.1668e-005,0.0533522
4.1672e-005,0.0530744
4.1676e-005,0.0530049
4.168e-005,0.0525833
4.1684e-005,0.0529156
4.1688e-005,0.0532877
4.1692e-005,0.0536647
4.1696e-005,0.0528263
4.17e-005,0.0529503
4.1704e-005,0.0533075
4.1708e-005,0.0532381
4.1712e-005,0.0524394
4.1716e-005,0.0525684
4.172e-005,0.0526924
4.1724e-005,0.05236
4.1728e-005,0.0520426
4.1732e-005,0.0527519
4.1736e-005,0.0526626
4.174e-005,0.0525932
4.1744e-005,0.0535258
4.1748e-005,0.0524741
4.1752e-005,0.0524344
4.1756e-005,0.0526676
4.176e-005,0.0530793
4.1764e-005,0.0534166
4.1768e-005,0.0530099
4.1772e-005,0.0532728
4.1776e-005,0.0530446
4.178e-005,0.0533174
4.1784e-005,0.0527668
4.1788e-005,0.0526626
4.1792e-005,0.052871
4.1796e-005,0.0528164
4.18e-005,0.0530446
4.1804e-005,0.0527519
4.1808e-005,0.0530843
4.1812e-005,0.0526775
4.1816e-005,0.052489
4.182e-005,0.0531984
4.1824e-005,0.0532529
4.1828e-005,0.0524096
4.1832e-005,0.0526924
4.1836e-005,0.053124
4.184e-005,0.0527073
4.1844e-005,0.0529057
4.1848e-005,0.0522807
4.1852e-005,0.0530049
4.1856e-005,0.0533075
4.186e-005,0.0529007
4.1864e-005,0.0530744
4.1868e-005,0.0532033
4.1872e-005,0.0537192
4.1876e-005,0.0528809
4.188e-005,0.0533125
4.1884e-005,0.0531041
4.1888e-005,0.0534166
4.1892e-005,0.0527718
4.1896e-005,0.0512687
4.19e-005,0.0449886
4.1904e-005,0.0404496
4.1908e-005,0.038396
4.1912e-005,0.0368235
4.1916e-005,0.0357817
4.192e-005,0.0354295
4.1924e-005,0.0248535
4.1928e-005,0.02089
4.1932e-005,0.0192778
4.1936e-005,0.0197193
4.194e-005,0.0189901
4.1944e-005,0.0182659
4.1948e-005,0.00743193
4.1952e-005,0.00127583
4.1956e-005,0.0013552
4.196e-005,0.00014978
4.1964e-005,0.000705366
4.1968e-005,0.00098316
4.1972e-005,0.00090379
4.1976e-005,0.000750012
4.198e-005,0.000551588
4.1984e-005,-0.000385964
4.1988e-005,0.0108746
4.1992e-005,0.0202551
4.1996e-005,0.0240648
4.2e-005,0.0289808
4.2004e-005,0.0336437
4.2008e-005,0.0360446
4.2012e-005,0.0384505
4.2016e-005,0.0403356
4.202e-005,0.0416104
4.2024e-005,0.0433962
4.2028e-005,0.04481
4.2032e-005,0.0458567
4.2036e-005,0.0470919
4.204e-005,0.0473052
4.2044e-005,0.0480195
4.2048e-005,0.0492597
4.2052e-005,0.0494234
4.2056e-005,0.0510455
4.206e-005,0.0511248
4.2064e-005,0.0513034
4.2068e-005,0.0523253
4.2072e-005,0.0523997
4.2076e-005,0.0528214
4.208e-005,0.0535853
4.2084e-005,0.052737
4.2088e-005,0.0535109
4.2092e-005,0.0540863
4.2096e-005,0.0549693
4.21e-005,0.0545625
4.2104e-005,0.0545774
4.2108e-005,0.0546915
4.2112e-005,0.0550586
4.2116e-005,0.0554852
4.212e-005,0.0558523
4.2124e-005,0.0561797
4.2128e-005,0.0561698
4.2132e-005,0.0554753
4.2136e-005,0.0565071
4.214e-005,0.0559515
4.2144e-005,0.0560507
4.2148e-005,0.055887
4.2152e-005,0.0564773
4.2156e-005,0.0562888
4.216e-005,0.0568345
4.2164e-005,0.0572115
4.2168e-005,0.0569436
4.2172e-005,0.0566956
4.2176e-005,0.0564724
4.218e-005,0.056775
4.2184e-005,0.0566807
4.2188e-005,0.0573107
4.2192e-005,0.0563087
4.2196e-005,0.0568047
4.22e-005,0.0575042
4.2204e-005,0.0572165
4.2208e-005,0.0574694
4.2212e-005,0.0573752
4.2216e-005,0.0573504
4.222e-005,0.0573107
4.2224e-005,0.0572363
4.2228e-005,0.0575736
4.2232e-005,0.0572661
4.2236e-005,0.0578961
4.224e-005,0.0574496
4.2244e-005,0.0573802
4.2248e-005,0.0576629
4.2252e-005,0.0572809
4.2256e-005,0.0573157
4.226e-005,0.0570825
4.2264e-005,0.0569932
4.2268e-005,0.0570081
4.2272e-005,0.0572462
4.2276e-005,0.0575637
4.228e-005,0.05803
4.2284e-005,0.0577423
4.2288e-005,0.0579258
4.2292e-005,0.0578266
4.2296e-005,0.0574298
4.23e-005,0.0576083
4.2304e-005,0.0577125
4.2308e-005,0.0577423
4.2312e-005,0.0578514
4.2316e-005,0.0576976
4.232e-005,0.0577621
4.2324e-005,0.0576331
4.2328e-005,0.0575637
4.2332e-005,0.0571817
4.2336e-005,0.0565865
4.234e-005,0.0576629
4.2344e-005,0.0578316
4.2348e-005,0.0581143
4.2352e-005,0.0575141
4.2356e-005,0.0576877
4.236e-005,0.0573603
4.2364e-005,0.057777
4.2368e-005,0.0576282
4.2372e-005,0.0578415
4.2376e-005,0.0579705
4.238e-005,0.0573851
4.2384e-005,0.0580647
4.2388e-005,0.0572958
4.2392e-005,0.0574
4.2396e-005,0.0569486
4.24e-005,0.0569932
4.2404e-005,0.0574446
4.2408e-005,0.057395
4.2412e-005,0.0573504
4.2416e-005,0.0576331
4.242e-005,0.0575935
4.2424e-005,0.0575786
4.2428e-005,0.0576431
4.2432e-005,0.0576679
4.2436e-005,0.0573157
4.244e-005,0.0575687
4.2444e-005,0.0578514
4.2448e-005,0.0579605
4.2452e-005,0.0583623
4.2456e-005,0.057901
4.246e-005,0.0582383
4.2464e-005,0.0576579
4.2468e-005,0.0575786
4.2472e-005,0.0578117
4.2476e-005,0.0578911
4.248e-005,0.0580101
4.2484e-005,0.0578365
4.2488e-005,0.0582532
4.2492e-005,0.0573702
4.2496e-005,0.0573504
4.25e-005,0.0580151
4.2504e-005,0.0579407
4.2508e-005,0.0577373
4.2512e-005,0.0572909
4.2516e-005,0.0574744
4.252e-005,0.0577423
4.2524e-005,0.0579407
4.2528e-005,0.0580846
4.2532e-005,0.0580846
4.2536e-005,0.0576083
4.254e-005,0.0580151
4.2544e-005,0.0577968
4.2548e-005,0.0574298
4.2552e-005,0.0574248
4.2556e-005,0.0575389
4.256e-005,0.057653
4.2564e-005,0.0573901
4.2568e-005,0.0578613
4.2572e-005,0.0576827
4.2576e-005,0.0578911
4.258e-005,0.0577671
4.2584e-005,0.0580449
4.2588e-005,0.0575488
4.2592e-005,0.058154
4.2596e-005,0.0580598
4.26e-005,0.0577274
4.2604e-005,0.0582582
4.2608e-005,0.0577919
4.2612e-005,0.0578068
4.2616e-005,0.0580895
4.262e-005,0.0582334
4.2624e-005,0.0577423
4.2628e-005,0.0578415
4.2632e-005,0.0575885
4.2636e-005,0.0579953
4.264e-005,0.0576282
4.2644e-005,0.0575687
4.2648e-005,0.0579357
4.2652e-005,0.0575141
4.2656e-005,0.0584368
4.266e-005,0.0573256
4.2664e-005,0.056398
4.2668e-005,0.0484461
4.2672e-005,0.0423595
4.2676e-005,0.0399288
4.268e-005,0.0384654
4.2684e-005,0.0373741
4.2688e-005,0.0366399
4.2692e-005,0.0254687
4.2696e-005,0.0210835
4.27e-005,0.0201906
4.2704e-005,0.0194118
4.2708e-005,0.018251
4.2712e-005,0.0186429
4.2716e-005,0.00831988
4.272e-005,0.00147922
4.2724e-005,0.00133536
4.2728e-005,0.000144819
4.2732e-005,0.000199386
4.2736e-005,0.00103277
4.274e-005,0.000229149
4.2744e-005,0.00108237
4.2748e-005,0.000531746
4.2752e-005,-0.000658797
4.2756e-005,0.0119659
4.276e-005,0.0201757
4.2764e-005,0.0209694
4.2768e-005,0.0227155
4.2772e-005,0.0255827
4.2776e-005,0.0271106
4.278e-005,0.027066
4.2784e-005,0.029333
4.2788e-005,0.0302507
4.2792e-005,0.0310146
4.2796e-005,0.0316793
4.28e-005,0.0325524
4.2804e-005,0.0331824
4.2808e-005,0.0335296
4.2812e-005,0.0346209
4.2816e-005,0.0342588
4.282e-005,0.0350872
4.2824e-005,0.0349781
4.2828e-005,0.0354791
4.2832e-005,0.0347896
4.2836e-005,0.0355238
4.284e-005,0.0355684
4.2844e-005,0.0354146
4.2848e-005,0.0353452
4.2852e-005,0.0358909
4.2856e-005,0.0356379
4.286e-005,0.0352063
4.2864e-005,0.0354246
4.2868e-005,0.0359107
4.2872e-005,0.0355585
4.2876e-005,0.0358313
4.288e-005,0.0355188
4.2884e-005,0.0357768
4.2888e-005,0.0354196
4.2892e-005,0.0362083
4.2896e-005,0.0360694
4.29e-005,0.0356031
4.2904e-005,0.0361587
4.2908e-005,0.0350128
4.2912e-005,0.0355734
4.2916e-005,0.0357321
4.292e-005,0.0348789
4.2924e-005,0.0357371
4.2928e-005,0.0349037
4.2932e-005,0.03537
4.2936e-005,0.0349533
4.294e-005,0.0353898
4.2944e-005,0.0350029
4.2948e-005,0.0354146
4.2952e-005,0.0356974
4.2956e-005,0.0352708
4.296e-005,0.0349632
4.2964e-005,0.0355734
4.2968e-005,0.0352509
4.2972e-005,0.0349632
4.2976e-005,0.0351418
4.298e-005,0.0347251
4.2984e-005,0.0345912
4.2988e-005,0.0351716
4.2992e-005,0.0350972
4.2996e-005,0.0352509
4.3e-005,0.035365
4.3004e-005,0.0348045
4.3008e-005,0.0351716
4.3012e-005,0.0344076
4.3016e-005,0.0355188
4.302e-005,0.0355883
4.3024e-005,0.0355039
4.3028e-005,0.0349136
4.3032e-005,0.0348293
4.3036e-005,0.034998
4.304e-005,0.0343779
4.3044e-005,0.0347648
4.3048e-005,0.0345664
4.3052e-005,0.0351914
4.3056e-005,0.034864
4.306e-005,0.0353303
4.3064e-005,0.0349632
4.3068e-005,0.034735
4.3072e-005,0.0347301
4.3076e-005,0.0347598
4.308e-005,0.0347598
4.3084e-005,0.0348491
4.3088e-005,0.0350079
4.3092e-005,0.034115
4.3096e-005,0.0350674
4.31e-005,0.0350476
4.3104e-005,0.0348293
4.3108e-005,0.0347698
4.3112e-005,0.0349186
4.3116e-005,0.0346011
4.312e-005,0.034492
4.3124e-005,0.0343928
4.3128e-005,0.0347648
4.3132e-005,0.034993
4.3136e-005,0.0346904
4.314e-005,0.0348194
4.3144e-005,0.0346259
4.3148e-005,0.0348591
4.3152e-005,0.0352212
4.3156e-005,0.0348888
4.316e-005,0.0352311
4.3164e-005,0.035246
4.3168e-005,0.0353898
4.3172e-005,0.0347648
4.3176e-005,0.0344424
4.318e-005,0.0347549
4.3184e-005,0.0351964
4.3188e-005,0.0348442
4.3192e-005,0.0347747
4.3196e-005,0.0350029
4.32e-005,0.0344572
4.3204e-005,0.0349186
4.3208e-005,0.0341199
4.3212e-005,0.0347301
4.3216e-005,0.0355287
4.322e-005,0.0344027
4.3224e-005,0.0348491
4.3228e-005,0.0350624
4.3232e-005,0.0348789
4.3236e-005,0.0348541
4.324e-005,0.0359901
4.3244e-005,0.0347003
4.3248e-005,0.0345565
4.3252e-005,0.0353452
4.3256e-005,0.0358115
4.326e-005,0.03537
4.3264e-005,0.0354295
4.3268e-005,0.0352956
4.3272e-005,0.0350624
4.3276e-005,0.0352013
4.328e-005,0.0346209
4.3284e-005,0.0353303
4.3288e-005,0.0354047
4.3292e-005,0.0347747
4.3296e-005,0.0351716
4.33e-005,0.0353303
4.3304e-005,0.0355585
4.3308e-005,0.0346061
4.3312e-005,0.0349434
4.3316e-005,0.0350376
4.332e-005,0.0348987
4.3324e-005,0.0350823
4.3328e-005,0.0347747
4.3332e-005,0.0351666
4.3336e-005,0.0348541
4.334e-005,0.0343184
4.3344e-005,0.0345217
4.3348e-005,0.0345069
4.3352e-005,0.0351319
4.3356e-005,0.0351368
4.336e-005,0.0352857
4.3364e-005,0.0349037
4.3368e-005,0.0352311
4.3372e-005,0.0352063
4.3376e-005,0.0352212
4.338e-005,0.0353402
4.3384e-005,0.0349235
4.3388e-005,0.0347797
4.3392e-005,0.0349087
4.3396e-005,0.0342836
4.34e-005,0.0349682
4.3404e-005,0.0350674
4.3408e-005,0.0351368
4.3412e-005,0.0349632
4.3416e-005,0.0347549
4.342e-005,0.0348392
4.3424e-005,0.0352212
4.3428e-005,0.034487
4.3432e-005,0.0342142
4.3436e-005,0.0331377
4.344e-005,0.0321903
4.3444e-005,0.0319323
4.3448e-005,0.0325524
4.3452e-005,0.031719
4.3456e-005,0.0314263
4.346e-005,0.0237672
4.3464e-005,0.0200963
4.3468e-005,0.0198582
4.3472e-005,0.0197491
4.3476e-005,0.0188711
4.348e-005,0.0180228
4.3484e-005,0.00720374
4.3488e-005,0.0015189
4.3492e-005,0.00143953
4.3496e-005,7.5371e-005
4.35e-005,0.000442455
4.3504e-005,0.000616076
4.3508e-005,0.000258913
4.3512e-005,4.06468e-005
4.3516e-005,0.000531746
4.352e-005,-4.86439e-005
4.3524e-005,0.010314
4.3528e-005,0.0196896
4.3532e-005,0.0215994
4.3536e-005,0.0249031
4.354e-005,0.0285145
4.3544e-005,0.0301911
4.3548e-005,0.0312477
4.3552e-005,0.0338818
4.3556e-005,0.0349781
4.356e-005,0.0360694
4.3564e-005,0.0369078
4.3568e-005,0.0382769
4.3572e-005,0.0386489
4.3576e-005,0.0394079
4.358e-005,0.0401024
4.3584e-005,0.0402562
4.3588e-005,0.0415063
4.3592e-005,0.0422305
4.3596e-005,0.0435252
4.36e-005,0.0428853
4.3604e-005,0.0432375
4.3608e-005,0.0430143
4.3612e-005,0.0438427
4.3616e-005,0.0434508
4.362e-005,0.0438873
4.3624e-005,0.0442346
4.3628e-005,0.0439717
4.3632e-005,0.0440461
4.3636e-005,0.0442594
4.364e-005,0.0445421
4.3644e-005,0.045068
4.3648e-005,0.045192
4.3652e-005,0.0440758
4.3656e-005,0.044562
4.366e-005,0.044691
4.3664e-005,0.0435351
4.3668e-005,0.0449638
4.3672e-005,0.0442891
4.3676e-005,0.0444181
4.368e-005,0.044304
4.3684e-005,0.0442693
4.3688e-005,0.04481
4.3692e-005,0.0442941
4.3696e-005,0.0446017
4.37e-005,0.0446959
4.3704e-005,0.044815
4.3708e-005,0.0447108
4.3712e-005,0.0451821
4.3716e-005,0.0449142
4.372e-005,0.0445769
4.3724e-005,0.0445173
4.3728e-005,0.0447703
4.3732e-005,0.0447257
4.3736e-005,0.0446761
4.374e-005,0.0448894
4.3744e-005,0.0451176
4.3748e-005,0.0442147
4.3752e-005,0.0451126
4.3756e-005,0.0445471
4.376e-005,0.0449787
4.3764e-005,0.0442445
4.3768e-005,0.0447951
4.3772e-005,0.0442346
4.3776e-005,0.0442842
4.378e-005,0.0452862
4.3784e-005,0.0448745
4.3788e-005,0.0443338
4.3792e-005,0.0448298
4.3796e-005,0.0444429
4.38e-005,0.0440262
4.3804e-005,0.044557
4.3808e-005,0.0445421
4.3812e-005,0.0444231
4.3816e-005,0.0446612
4.382e-005,0.0452168
4.3824e-005,0.0442395
4.3828e-005,0.0449142
4.3832e-005,0.0443338
4.3836e-005,0.0441949
4.384e-005,0.0452912
4.3844e-005,0.0444876
4.3848e-005,0.0445372
4.3852e-005,0.0450035
4.3856e-005,0.0446662
4.386e-005,0.0450531
4.3864e-005,0.0447257
4.3868e-005,0.0444628
4.3872e-005,0.0448695
4.3876e-005,0.0448298
4.388e-005,0.0447654
4.3884e-005,0.0448646
4.3888e-005,0.0447703
4.3892e-005,0.0446265
4.3896e-005,0.0446513
4.39e-005,0.0445421
4.3904e-005,0.0442792
4.3908e-005,0.0446562
4.3912e-005,0.0444479
4.3916e-005,0.0450531
4.392e-005,0.0444628
4.3924e-005,0.0447852
4.3928e-005,0.0441304
4.3932e-005,0.0443834
4.3936e-005,0.0440858
4.394e-005,0.0447306
4.3944e-005,0.0442594
4.3948e-005,0.0447306
4.3952e-005,0.0450928
4.3956e-005,0.0446265
4.396e-005,0.0447852
4.3964e-005,0.0443388
4.3968e-005,0.0448993
4.3972e-005,0.0452317
4.3976e-005,0.0447158
4.398e-005,0.0445025
4.3984e-005,0.0457327
4.3988e-005,0.043927
4.3992e-005,0.0450332
4.3996e-005,0.0450432
4.4e-005,0.04481
4.4004e-005,0.0446562
4.4008e-005,0.0449588
4.4012e-005,0.0444826
4.4016e-005,0.0452416
4.402e-005,0.0448596
4.4024e-005,0.0449241
4.4028e-005,0.0444479
4.4032e-005,0.0443834
4.4036e-005,0.0446463
4.404e-005,0.0444132
4.4044e-005,0.0447158
4.4048e-005,0.0443933
4.4052e-005,0.0442395
4.4056e-005,0.0445521
4.406e-005,0.0444677
4.4064e-005,0.044428
4.4068e-005,0.0449092
4.4072e-005,0.0449142
4.4076e-005,0.0442544
4.408e-005,0.0455541
4.4084e-005,0.0443338
4.4088e-005,0.0442395
4.4092e-005,0.0444826
4.4096e-005,0.0441899
4.41e-005,0.0445372
4.4104e-005,0.0442643
4.4108e-005,0.0445719
4.4112e-005,0.0442296
4.4116e-005,0.0445769
4.412e-005,0.044304
4.4124e-005,0.0440709
4.4128e-005,0.0442743
4.4132e-005,0.0444628
4.4136e-005,0.0446513
4.414e-005,0.0443388
4.4144e-005,0.0448199
4.4148e-005,0.0444181
4.4152e-005,0.0439072
4.4156e-005,0.0445223
4.416e-005,0.0447753
4.4164e-005,0.0444975
4.4168e-005,0.0449687
4.4172e-005,0.0442098
4.4176e-005,0.044939
4.418e-005,0.0445669
4.4184e-005,0.044433
4.4188e-005,0.0442395
4.4192e-005,0.0447455
4.4196e-005,0.0441751
4.42e-005,0.0436046
4.4204e-005,0.0398048
4.4208e-005,0.0375675
4.4212e-005,0.0353799
4.4216e-005,0.0350972
4.422e-005,0.0348541
4.4224e-005,0.0340753
4.4228e-005,0.0253198
4.4232e-005,0.0202203
4.4236e-005,0.0198136
4.424e-005,0.0193076
4.4244e-005,0.0186627
4.4248e-005,0.0185238
4.4252e-005,0.0080272
4.4256e-005,0.0013056
4.426e-005,0.00106253
4.4264e-005,0.00056647
4.4268e-005,0.00111214
4.4272e-005,0.000794657
4.4276e-005,0.000472218
4.428e-005,0.000328361
4.4284e-005,0.0004871
4.4288e-005,-0.000574467
4.4292e-005,0.0108448
4.4296e-005,0.0204336
4.43e-005,0.0236084
4.4304e-005,0.027309
4.4308e-005,0.031089
4.4312e-005,0.0331228
4.4316e-005,0.0350724
4.432e-005,0.0375031
4.4324e-005,0.0389218
4.4328e-005,0.0405737
4.4332e-005,0.0415509
4.4336e-005,0.0428704
4.434e-005,0.044061
4.4344e-005,0.044815
4.4348e-005,0.0454003
4.4352e-005,0.0467546
4.4356e-005,0.0468141
4.436e-005,0.0478211
4.4364e-005,0.047826
4.4368e-005,0.0482477
4.4372e-005,0.0490811
4.4376e-005,0.049468
4.438e-005,0.0496912
4.4384e-005,0.0497061
4.4388e-005,0.0502022
4.4392e-005,0.0500881
4.4396e-005,0.0508024
4.44e-005,0.0511596
4.4404e-005,0.0510802
4.4408e-005,0.0513729
4.4412e-005,0.0514026
4.4416e-005,0.0509264
4.442e-005,0.0515663
4.4424e-005,0.0517499
4.4428e-005,0.0522509
4.4432e-005,0.0514026
4.4436e-005,0.0525783
4.444e-005,0.0522608
4.4444e-005,0.0524692
4.4448e-005,0.0524444
4.4452e-005,0.0530793
4.4456e-005,0.0524096
4.446e-005,0.0529255
4.4464e-005,0.0527718
4.4468e-005,0.051988
4.4472e-005,0.0530694
4.4476e-005,0.0525436
4.448e-005,0.0525981
4.4484e-005,0.0518739
4.4488e-005,0.0528114
4.4492e-005,0.053124
4.4496e-005,0.0527519
4.45e-005,0.0522063
4.4504e-005,0.0525981
4.4508e-005,0.0530942
4.4512e-005,0.0524692
4.4516e-005,0.0531636
4.452e-005,0.0530396
4.4524e-005,0.0527618
4.4528e-005,0.0529553
4.4532e-005,0.0528412
4.4536e-005,0.0526081
4.454e-005,0.052866
4.4544e-005,0.0531736
4.4548e-005,0.0524592
4.4552e-005,0.0527519
4.4556e-005,0.0533174
4.456e-005,0.0527122
4.4564e-005,0.0528412
4.4568e-005,0.0534166
4.4572e-005,0.052995
4.4576e-005,0.0532331
4.458e-005,0.0526329
4.4584e-005,0.0532976
4.4588e-005,0.0535754
4.4592e-005,0.053501
4.4596e-005,0.0530843
4.46e-005,0.0536498
4.4604e-005,0.0532133
4.4608e-005,0.0536944
4.4612e-005,0.0536547
4.4616e-005,0.0538284
4.462e-005,0.0529652
4.4624e-005,0.0535109
4.4628e-005,0.0532033
4.4632e-005,0.0530545
4.4636e-005,0.0530694
4.464e-005,0.0533968
4.4644e-005,0.0536448
4.4648e-005,0.0535158
4.4652e-005,0.0529404
4.4656e-005,0.0534414
4.466e-005,0.0532976
4.4664e-005,0.0528214
4.4668e-005,0.0534365
4.4672e-005,0.0535555
4.4676e-005,0.053491
4.468e-005,0.0532281
4.4684e-005,0.0529553
4.4688e-005,0.0534762
4.4692e-005,0.0530347
4.4696e-005,0.0535803
4.47e-005,0.0528214
4.4704e-005,0.0536944
4.4708e-005,0.0528759
4.4712e-005,0.0531736
4.4716e-005,0.0529107
4.472e-005,0.0533571
4.4724e-005,0.0529057
4.4728e-005,0.0531934
4.4732e-005,0.0530297
4.4736e-005,0.0537242
4.474e-005,0.0530892
4.4744e-005,0.0534514
4.4748e-005,0.0528561
4.4752e-005,0.0531587
4.4756e-005,0.0536101
4.476e-005,0.0531934
4.4764e-005,0.0534712
4.4768e-005,0.0530446
4.4772e-005,0.0529652
4.4776e-005,0.0533174
4.478e-005,0.0528164
4.4784e-005,0.0530396
4.4788e-005,0.0533273
4.4792e-005,0.053873
4.4796e-005,0.0531488
4.48e-005,0.0533869
4.4804e-005,0.0539127
4.4808e-005,0.0529206
4.4812e-005,0.0526874
4.4816e-005,0.0526676
4.482e-005,0.0533819
4.4824e-005,0.0533125
4.4828e-005,0.0533224
4.4832e-005,0.053248
4.4836e-005,0.0530446
4.484e-005,0.0526031
4.4844e-005,0.0535655
4.4848e-005,0.0531636
4.4852e-005,0.0533522
4.4856e-005,0.0532381
4.486e-005,0.0534811
4.4864e-005,0.0530248
4.4868e-005,0.0537044
4.4872e-005,0.0530545
4.4876e-005,0.0535655
4.488e-005,0.0531835
4.4884e-005,0.0526081
4.4888e-005,0.0536349
4.4892e-005,0.053496
4.4896e-005,0.0538284
4.49e-005,0.0531587
4.4904e-005,0.0533224
4.4908e-005,0.0533621
4.4912e-005,0.0531289
4.4916e-005,0.0536647
4.492e-005,0.0535258
4.4924e-005,0.0529503
4.4928e-005,0.0535655
4.4932e-005,0.0532728
4.4936e-005,0.0531339
4.494e-005,0.0529454
4.4944e-005,0.0540962
4.4948e-005,0.0535456
4.4952e-005,0.052995
4.4956e-005,0.0539127
4.496e-005,0.053754
4.4964e-005,0.0525585
4.4968e-005,0.0515614
4.4972e-005,0.045445
4.4976e-005,0.0412037
4.498e-005,0.0390706
4.4984e-005,0.0370864
4.4988e-005,0.0366697
4.4992e-005,0.0360298
4.4996e-005,0.025677
4.5e-005,0.0208851
4.5004e-005,0.0200864
4.5008e-005,0.0190645
4.5012e-005,0.0187619
4.5016e-005,0.018623
4.502e-005,0.00758571
4.5024e-005,0.00134032
4.5028e-005,0.000893869
4.5032e-005,0.000427573
4.5036e-005,0.000943475
4.504e-005,0.00130064
4.5044e-005,0.000283716
4.5048e-005,0.001003
4.5052e-005,9.02528e-005
4.5056e-005,-0.000123053
4.506e-005,0.0108547
4.5064e-005,0.0204882
4.5068e-005,0.0239706
4.5072e-005,0.028827
4.5076e-005,0.0334304
4.508e-005,0.0362629
4.5084e-005,0.0373394
4.5088e-005,0.0397353
4.5092e-005,0.042166
4.5096e-005,0.0429597
4.51e-005,0.0441502
4.5104e-005,0.0456682
4.5108e-005,0.0465462
4.5112e-005,0.0471464
4.5116e-005,0.0486396
4.512e-005,0.0490265
4.5124e-005,0.0495424
4.5128e-005,0.0495375
4.5132e-005,0.0508421
4.5136e-005,0.051477
4.514e-005,0.0520574
4.5144e-005,0.052995
4.5148e-005,0.0525684
4.5152e-005,0.0526676
4.5156e-005,0.0531736
4.516e-005,0.0532381
4.5164e-005,0.053491
4.5168e-005,0.054121
4.5172e-005,0.0542996
4.5176e-005,0.054508
4.518e-005,0.0544336
4.5184e-005,0.0544137
4.5188e-005,0.0549346
4.5192e-005,0.0556687
4.5196e-005,0.0554257
4.52e-005,0.0552769
4.5204e-005,0.0559713
4.5208e-005,0.0559416
4.5212e-005,0.0566658
4.5216e-005,0.056011
4.522e-005,0.0562739
4.5224e-005,0.0566956
4.5228e-005,0.0557729
4.5232e-005,0.056388
4.5236e-005,0.0564674
4.524e-005,0.0564376
4.5244e-005,0.0569783
4.5248e-005,0.0561797
4.5252e-005,0.05677
4.5256e-005,0.0567254
4.526e-005,0.0569039
4.5264e-005,0.057018
4.5268e-005,0.0568295
4.5272e-005,0.0574496
4.5276e-005,0.0569139
4.528e-005,0.0570081
4.5284e-005,0.056641
4.5288e-005,0.0572016
4.5292e-005,0.0573057
4.5296e-005,0.0572661
4.53e-005,0.0571222
4.5304e-005,0.0574149
4.5308e-005,0.057147
4.5312e-005,0.0571222
4.5316e-005,0.0569635
4.532e-005,0.0572214
4.5324e-005,0.0575935
4.5328e-005,0.0576331
4.5332e-005,0.0568047
4.5336e-005,0.0572065
4.534e-005,0.0577423
4.5344e-005,0.057147
4.5348e-005,0.0569684
4.5352e-005,0.0574298
4.5356e-005,0.0572313
4.536e-005,0.0569089
4.5364e-005,0.0571272
4.5368e-005,0.057018
4.5372e-005,0.057648
4.5376e-005,0.0572016
4.538e-005,0.0572065
4.5384e-005,0.0575736
4.5388e-005,0.0574595
4.5392e-005,0.0578415
4.5396e-005,0.0576381
4.54e-005,0.0568394
4.5404e-005,0.0574446
4.5408e-005,0.0575042
4.5412e-005,0.0572264
4.5416e-005,0.0575637
4.542e-005,0.057018
4.5424e-005,0.0575141
4.5428e-005,0.0577373
4.5432e-005,0.057772
4.5436e-005,0.0576728
4.544e-005,0.0572165
4.5444e-005,0.0573752
4.5448e-005,0.0573702
4.5452e-005,0.056775
4.5456e-005,0.0578911
4.546e-005,0.0574496
4.5464e-005,0.0573802
4.5468e-005,0.0578564
4.5472e-005,0.0581292
4.5476e-005,0.0570577
4.548e-005,0.0571867
4.5484e-005,0.0576728
4.5488e-005,0.0577472
4.5492e-005,0.0573256
4.5496e-005,0.0579457
4.55e-005,0.0578812
4.5504e-005,0.0574744
4.5508e-005,0.0578464
4.5512e-005,0.0576976
4.5516e-005,0.0568692
4.552e-005,0.0577621
4.5524e-005,0.0577076
4.5528e-005,0.0571024
4.5532e-005,0.0575488
4.5536e-005,0.0573454
4.554e-005,0.0577175
4.5544e-005,0.0573553
4.5548e-005,0.0573305
4.5552e-005,0.0573851
4.5556e-005,0.0576083
4.556e-005,0.0575339
4.5564e-005,0.0574546
4.5568e-005,0.0574446
4.5572e-005,0.0576976
4.5576e-005,0.0582731
4.558e-005,0.0578117
4.5584e-005,0.0574744
4.5588e-005,0.0574893
4.5592e-005,0.0580647
4.5596e-005,0.0577224
4.56e-005,0.0574298
4.5604e-005,0.0575389
4.5608e-005,0.056398
4.5612e-005,0.057142
4.5616e-005,0.0571718
4.562e-005,0.0575538
4.5624e-005,0.057028
4.5628e-005,0.0572165
4.5632e-005,0.0577621
4.5636e-005,0.0570528
4.564e-005,0.0575736
4.5644e-005,0.0578713
4.5648e-005,0.0583425
4.5652e-005,0.0579705
4.5656e-005,0.0574992
4.566e-005,0.0573653
4.5664e-005,0.0577076
4.5668e-005,0.0574446
4.5672e-005,0.0578266
4.5676e-005,0.0577919
4.568e-005,0.0578167
4.5684e-005,0.0573305
4.5688e-005,0.0573008
4.5692e-005,0.0570776
4.5696e-005,0.0572413
4.57e-005,0.0575835
4.5704e-005,0.057906
4.5708e-005,0.0572115
4.5712e-005,0.0576728
4.5716e-005,0.0580548
4.572e-005,0.0569982
4.5724e-005,0.0577572
4.5728e-005,0.0578167
4.5732e-005,0.057152
4.5736e-005,0.0559813
4.574e-005,0.0482973
4.5744e-005,0.042925
4.5748e-005,0.0386936
4.5752e-005,0.0376122
4.5756e-005,0.0367788
4.576e-005,0.0349136
4.5764e-005,0.0251115
4.5768e-005,0.0202997
4.5772e-005,0.0204138
4.5776e-005,0.0188909
4.578e-005,0.0184792
4.5784e-005,0.0190695
4.5788e-005,0.00824051
4.5792e-005,0.0011171
4.5796e-005,0.00209929
4.58e-005,-0.000381004
4.5804e-005,0.0004871
4.5808e-005,0.000774815
4.5812e-005,0.000670642
4.5816e-005,0.000789697
4.582e-005,0.000219228
4.5824e-005,-0.000311555
4.5828e-005,0.0118221
4.5832e-005,0.0196003
4.5836e-005,0.0212769
4.584e-005,0.0227949
4.5844e-005,0.0254935
4.5848e-005,0.0266145
4.5852e-005,0.0271701
4.5856e-005,0.0285988
4.586e-005,0.0307021
4.5864e-005,0.0304838
4.5868e-005,0.0316297
4.5872e-005,0.0327558
4.5876e-005,0.0331328
4.588e-005,0.0332965
4.5884e-005,0.0344473
4.5888e-005,0.0337082
4.5892e-005,0.0343977
4.5896e-005,0.0346209
4.59e-005,0.0350724
4.5904e-005,0.0348888
4.5908e-005,0.0355287
4.5912e-005,0.0352063
4.5916e-005,0.0350525
4.592e-005,0.0352807
4.5924e-005,0.0357619
4.5928e-005,0.0353452
4.5932e-005,0.0355287
4.5936e-005,0.0355387
4.594e-005,0.0354642
4.5944e-005,0.0350079
4.5948e-005,0.0345961
4.5952e-005,0.0350228
4.5956e-005,0.0346408
4.596e-005,0.034869
4.5964e-005,0.0351765
4.5968e-005,0.0348194
4.5972e-005,0.0349583
4.5976e-005,0.0351418
4.598e-005,0.0346309
4.5984e-005,0.0352857
4.5988e-005,0.0344572
4.5992e-005,0.0354146
4.5996e-005,0.0346954
4.6e-005,0.03474
4.6004e-005,0.0350872
4.6008e-005,0.0351716
4.6012e-005,0.03537
4.6016e-005,0.0349285
4.602e-005,0.035246
4.6024e-005,0.0354196
4.6028e-005,0.0351021
4.6032e-005,0.0345713
4.6036e-005,0.0349384
4.604e-005,0.034993
4.6044e-005,0.0346458
4.6048e-005,0.0347846
4.6052e-005,0.0347896
4.6056e-005,0.0346309
4.606e-005,0.0349682
4.6064e-005,0.0351765
4.6068e-005,0.0352113
4.6072e-005,0.0347846
4.6076e-005,0.0350128
4.608e-005,0.0348343
4.6084e-005,0.034487
4.6088e-005,0.0350277
4.6092e-005,0.0349731
4.6096e-005,0.0348541
4.61e-005,0.0347747
4.6104e-005,0.0340257
4.6108e-005,0.0344374
4.6112e-005,0.0349335
4.6116e-005,0.0352361
4.612e-005,0.0345862
4.6124e-005,0.0355337
4.6128e-005,0.0345912
4.6132e-005,0.0348343
4.6136e-005,0.0347202
4.614e-005,0.0346854
4.6144e-005,0.0353402
4.6148e-005,0.0353005
4.6152e-005,0.0351716
4.6156e-005,0.0347946
4.616e-005,0.0349186
4.6164e-005,0.0344969
4.6168e-005,0.034993
4.6172e-005,0.0346061
4.6176e-005,0.0346755
4.618e-005,0.0345912
4.6184e-005,0.0347152
4.6188e-005,0.0348045
4.6192e-005,0.0345118
4.6196e-005,0.035122
4.62e-005,0.0343035
4.6204e-005,0.0348243
4.6208e-005,0.0349235
4.6212e-005,0.0340951
4.6216e-005,0.0342687
4.622e-005,0.0345862
4.6224e-005,0.034363
4.6228e-005,0.0343729
4.6232e-005,0.0343878
4.6236e-005,0.0343878
4.624e-005,0.0349434
4.6244e-005,0.0346755
4.6248e-005,0.0343977
4.6252e-005,0.0346854
4.6256e-005,0.0340207
4.626e-005,0.0350674
4.6264e-005,0.0351468
4.6268e-005,0.0351269
4.6272e-005,0.0349335
4.6276e-005,0.0350327
4.628e-005,0.0352906
4.6284e-005,0.0343878
4.6288e-005,0.0348739
4.6292e-005,0.0350277
4.6296e-005,0.0346061
4.63e-005,0.0344622
4.6304e-005,0.0345614
4.6308e-005,0.034735
4.6312e-005,0.0345019
4.6316e-005,0.0348094
4.632e-005,0.0348045
4.6324e-005,0.035623
4.6328e-005,0.0354097
4.6332e-005,0.034998
4.6336e-005,0.0353452
4.634e-005,0.0344176
4.6344e-005,0.0347102
4.6348e-005,0.0345813
4.6352e-005,0.034993
4.6356e-005,0.0348938
4.636e-005,0.0344572
4.6364e-005,0.0347896
4.6368e-005,0.0350327
4.6372e-005,0.0348888
4.6376e-005,0.0349087
4.638e-005,0.0350922
4.6384e-005,0.0346309
4.6388e-005,0.0349583
4.6392e-005,0.0340654
4.6396e-005,0.0346557
4.64e-005,0.0350128
4.6404e-005,0.0347946
4.6408e-005,0.0347598
4.6412e-005,0.0348987
4.6416e-005,0.034611
4.642e-005,0.0346061
4.6424e-005,0.0345465
4.6428e-005,0.0345069
4.6432e-005,0.0349583
4.6436e-005,0.0346854
4.644e-005,0.0345614
4.6444e-005,0.0344821
4.6448e-005,0.0352063
4.6452e-005,0.0340108
4.6456e-005,0.0349235
4.646e-005,0.0353353
4.6464e-005,0.0352807
4.6468e-005,0.0345961
4.6472e-005,0.0341547
4.6476e-005,0.0345565
4.648e-005,0.0351815
4.6484e-005,0.0345366
4.6488e-005,0.0344672
4.6492e-005,0.0350724
4.6496e-005,0.0341447
4.65e-005,0.0340654
4.6504e-005,0.0343729
4.6508e-005,0.0332121
4.6512e-005,0.0319869
4.6516e-005,0.0315553
4.652e-005,0.0317686
4.6524e-005,0.0317488
4.6528e-005,0.0311833
4.6532e-005,0.0231967
4.6536e-005,0.0199674
4.654e-005,0.0199822
4.6544e-005,0.0192977
4.6548e-005,0.0186925
4.6552e-005,0.0184097
4.6556e-005,0.00761051
4.656e-005,0.00180166
4.6564e-005,0.000948436
4.6568e-005,0.000422613
4.6572e-005,0.000358125
4.6576e-005,0.000611115
4.658e-005,0.000779775
4.6584e-005,0.000368046
4.6588e-005,0.000343243
4.6592e-005,0.000745051
4.6596e-005,0.0110532
4.66e-005,0.0196499
4.6604e-005,0.021401
4.6608e-005,0.0242483
4.6612e-005,0.0277406
4.6616e-005,0.0301266
4.662e-005,0.0311188
4.6624e-005,0.0336189
4.6628e-005,0.0348094
4.6632e-005,0.0361538
4.6636e-005,0.0370318
4.664e-005,0.0381579
4.6644e-005,0.0390012
4.6648e-005,0.0396212
4.6652e-005,0.0397502
4.6656e-005,0.0400478
4.666e-005,0.0412185
4.6664e-005,0.041913
4.6668e-005,0.0417096
4.6672e-005,0.0424736
4.6676e-005,0.0427613
4.668e-005,0.0428407
4.6684e-005,0.0432375
4.6688e-005,0.0434855
4.6692e-005,0.0441354
4.6696e-005,0.044433
4.67e-005,0.0439865
4.6704e-005,0.0443487
4.6708e-005,0.0443388
4.6712e-005,0.043932
4.6716e-005,0.0443834
4.672e-005,0.0444776
4.6724e-005,0.0442693
4.6728e-005,0.0442643
4.6732e-005,0.0450828
4.6736e-005,0.044304
4.674e-005,0.0447703
4.6744e-005,0.044934
4.6748e-005,0.043927
4.6752e-005,0.0454152
4.6756e-005,0.0448596
4.676e-005,0.0447108
4.6764e-005,0.045058
4.6768e-005,0.0449787
4.6772e-005,0.0443735
4.6776e-005,0.044815
4.678e-005,0.0450283
4.6784e-005,0.0447158
4.6788e-005,0.0446612
4.6792e-005,0.0443388
4.6796e-005,0.0450779
4.68e-005,0.0450134
4.6804e-005,0.0453755
4.6808e-005,0.0447902
4.6812e-005,0.044805
4.6816e-005,0.0454846
4.682e-005,0.0443586
4.6824e-005,0.044562
4.6828e-005,0.044805
4.6832e-005,0.0440659
4.6836e-005,0.044304
4.684e-005,0.0446364
4.6844e-005,0.0449539
4.6848e-005,0.0448894
4.6852e-005,0.0453755
4.6856e-005,0.0452366
4.686e-005,0.0445372
4.6864e-005,0.0448795
4.6868e-005,0.0448249
4.6872e-005,0.0447306
4.6876e-005,0.0449886
4.688e-005,0.0450432
4.6884e-005,0.0445818
4.6888e-005,0.0452118
4.6892e-005,0.0446215
4.6896e-005,0.044557
4.69e-005,0.045445
4.6904e-005,0.0451721
4.6908e-005,0.0445273
4.6912e-005,0.0443784
4.6916e-005,0.0448199
4.692e-005,0.0446215
4.6924e-005,0.0439568
4.6928e-005,0.0444876
4.6932e-005,0.0440312
4.6936e-005,0.0449043
4.694e-005,0.0447306
4.6944e-005,0.0444727
4.6948e-005,0.0444429
4.6952e-005,0.0445471
4.6956e-005,0.0442395
4.696e-005,0.045068
4.6964e-005,0.0448199
4.6968e-005,0.0442495
4.6972e-005,0.0439816
4.6976e-005,0.0445471
4.698e-005,0.0443388
4.6984e-005,0.0440163
4.6988e-005,0.044681
4.6992e-005,0.044428
4.6996e-005,0.0438625
4.7e-005,0.0441651
4.7004e-005,0.0438427
4.7008e-005,0.0449241
4.7012e-005,0.0440709
4.7016e-005,0.0443288
4.702e-005,0.0453209
4.7024e-005,0.0446612
4.7028e-005,0.0448199
4.7032e-005,0.0446959
4.7036e-005,0.0441205
4.704e-005,0.0444181
4.7044e-005,0.0442098
4.7048e-005,0.0443536
4.7052e-005,0.0446265
4.7056e-005,0.0448547
4.706e-005,0.0443636
4.7064e-005,0.044686
4.7068e-005,0.0442147
4.7072e-005,0.0447951
4.7076e-005,0.0444032
4.708e-005,0.0453061
4.7084e-005,0.0439865
4.7088e-005,0.0446662
4.7092e-005,0.0443636
4.7096e-005,0.0442296
4.71e-005,0.0446215
4.7104e-005,0.0449241
4.7108e-005,0.0443933
4.7112e-005,0.0449241
4.7116e-005,0.0448795
4.712e-005,0.0439518
4.7124e-005,0.0442842
4.7128e-005,0.0446711
4.7132e-005,0.0438179
4.7136e-005,0.0445719
4.714e-005,0.0446116
4.7144e-005,0.0444181
4.7148e-005,0.0443288
4.7152e-005,0.0447009
4.7156e-005,0.0441899
4.716e-005,0.0447802
4.7164e-005,0.0446165
4.7168e-005,0.0443884
4.7172e-005,0.044939
4.7176e-005,0.0445471
4.718e-005,0.0442346
4.7184e-005,0.0445917
4.7188e-005,0.0453507
4.7192e-005,0.0447207
4.7196e-005,0.0448943
4.72e-005,0.0444528
4.7204e-005,0.044815
4.7208e-005,0.0445917
4.7212e-005,0.0445521
4.7216e-005,0.0450531
4.722e-005,0.0445273
4.7224e-005,0.0447009
4.7228e-005,0.0442643
4.7232e-005,0.0453656
4.7236e-005,0.0449439
4.724e-005,0.0442445
4.7244e-005,0.0444727
4.7248e-005,0.0443536
4.7252e-005,0.0441701
4.7256e-005,0.044438
4.726e-005,0.0442842
4.7264e-005,0.0450233
4.7268e-005,0.0444578
4.7272e-005,0.0435351
4.7276e-005,0.0399982
4.728e-005,0.0373245
4.7284e-005,0.0362331
4.7288e-005,0.0349037
4.7292e-005,0.0344225
4.7296e-005,0.0341844
4.73e-005,0.0246452
4.7304e-005,0.0206966
4.7308e-005,0.0198086
4.7312e-005,0.0188859
4.7316e-005,0.0189355
4.732e-005,0.0184544
4.7324e-005,0.00864232
4.7328e-005,0.00160819
4.7332e-005,0.00103277
4.7336e-005,0.000313479
4.734e-005,0.000750012
4.7344e-005,0.000695445
4.7348e-005,-0.000227225
4.7352e-005,8.52922e-005
4.7356e-005,0.000353164
4.736e-005,-0.000237146
4.7364e-005,0.0110085
4.7368e-005,0.019258
4.7372e-005,0.0232165
4.7376e-005,0.0269469
4.738e-005,0.0302804
4.7384e-005,0.033733
4.7388e-005,0.0352113
4.7392e-005,0.0373096
4.7396e-005,0.0389515
4.74e-005,0.040534
4.7404e-005,0.041541
4.7408e-005,0.0431036
4.7412e-005,0.0434161
4.7416e-005,0.0447306
4.742e-005,0.0453954
4.7424e-005,0.0465611
4.7428e-005,0.0463875
4.7432e-005,0.0473101
4.7436e-005,0.0477764
4.744e-005,0.0487537
4.7444e-005,0.0491952
4.7448e-005,0.049349
4.7452e-005,0.0501823
4.7456e-005,0.0497855
4.746e-005,0.0502964
4.7464e-005,0.0509363
4.7468e-005,0.0508074
4.7472e-005,0.050604
4.7476e-005,0.0510901
4.748e-005,0.0515167
4.7484e-005,0.0521368
4.7488e-005,0.0513034
4.7492e-005,0.051363
4.7496e-005,0.0518144
4.75e-005,0.051859
4.7504e-005,0.0517548
4.7508e-005,0.0518342
4.7512e-005,0.0523501
4.7516e-005,0.0523501
4.752e-005,0.0520574
4.7524e-005,0.0525981
4.7528e-005,0.0527668
4.7532e-005,0.0520029
4.7536e-005,0.0530496
4.754e-005,0.0522459
4.7544e-005,0.0521616
4.7548e-005,0.0527668
4.7552e-005,0.0521914
4.7556e-005,0.0527519
4.756e-005,0.053119
4.7564e-005,0.0528759
4.7568e-005,0.053248
4.7572e-005,0.0526378
4.7576e-005,0.0529652
4.758e-005,0.0528462
4.7584e-005,0.0533125
4.7588e-005,0.0531289
4.7592e-005,0.0526577
4.7596e-005,0.0534266
4.76e-005,0.0525981
4.7604e-005,0.0530942
4.7608e-005,0.0535357
4.7612e-005,0.0530347
4.7616e-005,0.0534712
4.762e-005,0.0532877
4.7624e-005,0.0530892
4.7628e-005,0.0522162
4.7632e-005,0.0532777
4.7636e-005,0.0529702
4.764e-005,0.0528462
4.7644e-005,0.0530148
4.7648e-005,0.0528759
4.7652e-005,0.0529702
4.7656e-005,0.0531438
4.766e-005,0.0526676
4.7664e-005,0.053372
4.7668e-005,0.0530496
4.7672e-005,0.0529553
4.7676e-005,0.0531686
4.768e-005,0.0528611
4.7684e-005,0.0531438
4.7688e-005,0.0527718
4.7692e-005,0.0532182
4.7696e-005,0.05299
4.77e-005,0.0531438
4.7704e-005,0.0527817
4.7708e-005,0.0528313
4.7712e-005,0.0526081
4.7716e-005,0.0527321
4.772e-005,0.0526974
4.7724e-005,0.0526428
4.7728e-005,0.0530099
4.7732e-005,0.0532678
4.7736e-005,0.0525237
4.774e-005,0.0532381
4.7744e-005,0.053491
4.7748e-005,0.0525882
4.7752e-005,0.0524444
4.7756e-005,0.0525535
4.776e-005,0.0528462
4.7764e-005,0.0528214
4.7768e-005,0.0523948
4.7772e-005,0.0534514
4.7776e-005,0.0525882
4.778e-005,0.0527122
4.7784e-005,0.0532232
4.7788e-005,0.0525585
4.7792e-005,0.0529206
4.7796e-005,0.0528313
4.78e-005,0.0532629
4.7804e-005,0.0539127
4.7808e-005,0.0531785
4.7812e-005,0.0532232
4.7816e-005,0.0537242
4.782e-005,0.0535109
4.7824e-005,0.0531339
4.7828e-005,0.0528958
4.7832e-005,0.0532381
4.7836e-005,0.0527916
4.784e-005,0.0528958
4.7844e-005,0.0525634
4.7848e-005,0.0530396
4.7852e-005,0.0525783
4.7856e-005,0.0527718
4.786e-005,0.0526081
4.7864e-005,0.0524245
4.7868e-005,0.0533869
4.7872e-005,0.0529255
4.7876e-005,0.0523997
4.788e-005,0.052747
4.7884e-005,0.0534067
4.7888e-005,0.0528908
4.7892e-005,0.0526874
4.7896e-005,0.0530198
4.79e-005,0.0523451
4.7904e-005,0.053124
4.7908e-005,0.0527073
4.7912e-005,0.0531736
4.7916e-005,0.0530049
4.792e-005,0.0530396
4.7924e-005,0.0521021
4.7928e-005,0.0532331
4.7932e-005,0.0534662
4.7936e-005,0.053124
4.794e-005,0.0532678
4.7944e-005,0.0528362
4.7948e-005,0.0525833
4.7952e-005,0.052866
4.7956e-005,0.0534514
4.796e-005,0.0535952
4.7964e-005,0.0533025
4.7968e-005,0.053119
4.7972e-005,0.0528859
4.7976e-005,0.0531339
4.798e-005,0.0531835
4.7984e-005,0.0529553
4.7988e-005,0.0526725
4.7992e-005,0.0529107
4.7996e-005,0.0525733
4.8e-005,0.052866
4.8004e-005,0.0529503
4.8008e-005,0.052747
4.8012e-005,0.0519037
4.8016e-005,0.0535803
4.802e-005,0.0527122
4.8024e-005,0.0531091
4.8028e-005,0.0538333
4.8032e-005,0.0533819
4.8036e-005,0.0526477
4.804e-005,0.0520822
4.8044e-005,0.0458914
4.8048e-005,0.0411243
4.8052e-005,0.0390855
4.8056e-005,0.0371062
4.806e-005,0.0363224
4.8064e-005,0.0353055
4.8068e-005,0.0247295
4.8072e-005,0.0203989
4.8076e-005,0.020265
4.808e-005,0.0192332
4.8084e-005,0.0190695
4.8088e-005,0.0184296
4.8092e-005,0.00842405
4.8096e-005,0.00190087
4.81e-005,0.00111214
4.8104e-005,8.52922e-005
4.8108e-005,0.000591273
4.8112e-005,0.00127583
4.8116e-005,0.00105757
4.812e-005,0.000809539
4.8124e-005,0.000313479
4.8128e-005,-0.000470294
4.8132e-005,0.0105075
4.8136e-005,0.0204436
4.814e-005,0.0235836
4.8144e-005,0.0286484
4.8148e-005,0.0333014
4.8152e-005,0.0362778
4.8156e-005,0.0378007
4.816e-005,0.040787
4.8164e-005,0.0419279
4.8168e-005,0.043173
4.8172e-005,0.0445025
4.8176e-005,0.04481
4.818e-005,0.045941
4.8184e-005,0.0470968
4.8188e-005,0.048084
4.8192e-005,0.0483618
4.8196e-005,0.0496367
4.82e-005,0.0497954
4.8204e-005,0.0508024
4.8208e-005,0.0508024
4.8212e-005,0.0516407
4.8216e-005,0.0525783
4.822e-005,0.0520872
4.8224e-005,0.0531587
4.8228e-005,0.0528362
4.8232e-005,0.0536647
4.8236e-005,0.0533224
4.824e-005,0.053997
4.8244e-005,0.0537341
4.8248e-005,0.0548304
4.8252e-005,0.0544633
4.8256e-005,0.0554058
4.826e-005,0.0553215
4.8264e-005,0.0555001
4.8268e-005,0.0556191
4.8272e-005,0.0555447
4.8276e-005,0.0552967
4.828e-005,0.0556936
4.8284e-005,0.055515
4.8288e-005,0.0560805
4.8292e-005,0.05614
4.8296e-005,0.056388
4.83e-005,0.0563732
4.8304e-005,0.0566609
4.8308e-005,0.0566013
4.8312e-005,0.0564228
4.8316e-005,0.0564972
4.832e-005,0.0566807
4.8324e-005,0.0564426
4.8328e-005,0.0561053
4.8332e-005,0.0565865
4.8336e-005,0.0572016
4.834e-005,0.0559614
4.8344e-005,0.0566757
4.8348e-005,0.0577274
4.8352e-005,0.0575835
4.8356e-005,0.056641
4.836e-005,0.0576034
4.8364e-005,0.05677
4.8368e-005,0.0572264
4.8372e-005,0.0575339
4.8376e-005,0.0575885
4.838e-005,0.0571272
4.8384e-005,0.058025
4.8388e-005,0.0569932
4.8392e-005,0.0573454
4.8396e-005,0.0578812
4.84e-005,0.0574645
4.8404e-005,0.0572462
4.8408e-005,0.0573752
4.8412e-005,0.0577869
4.8416e-005,0.057276
4.842e-005,0.0577373
4.8424e-005,0.0569635
4.8428e-005,0.0575488
4.8432e-005,0.0574446
4.8436e-005,0.0574992
4.844e-005,0.0574198
4.8444e-005,0.0575736
4.8448e-005,0.0572214
4.8452e-005,0.0573107
4.8456e-005,0.0573305
4.846e-005,0.0576431
4.8464e-005,0.0576431
4.8468e-005,0.057276
4.8472e-005,0.0581838
4.8476e-005,0.0572214
4.848e-005,0.0577522
4.8484e-005,0.0572413
4.8488e-005,0.0571569
4.8492e-005,0.0570676
4.8496e-005,0.0579258
4.85e-005,0.0573603
4.8504e-005,0.0580796
4.8508e-005,0.0573305
4.8512e-005,0.0579109
4.8516e-005,0.0576034
4.852e-005,0.0575637
4.8524e-005,0.0576083
4.8528e-005,0.0579754
4.8532e-005,0.0573752
4.8536e-005,0.0574
4.854e-005,0.0572611
4.8544e-005,0.0580002
4.8548e-005,0.0577373
4.8552e-005,0.0578266
4.8556e-005,0.0581887
4.856e-005,0.0577423
4.8564e-005,0.0579407
4.8568e-005,0.058025
4.8572e-005,0.0572561
4.8576e-005,0.0577621
4.858e-005,0.0578861
4.8584e-005,0.0579754
4.8588e-005,0.0577869
4.8592e-005,0.0577125
4.8596e-005,0.0577968
4.86e-005,0.0580697
4.8604e-005,0.0576679
4.8608e-005,0.0578464
4.8612e-005,0.0579556
4.8616e-005,0.0570329
4.862e-005,0.0575935
4.8624e-005,0.0576579
4.8628e-005,0.0578762
4.8632e-005,0.0582582
4.8636e-005,0.0576183
4.864e-005,0.0573752
4.8644e-005,0.0572363
4.8648e-005,0.0580598
4.8652e-005,0.0578812
4.8656e-005,0.0581193
4.866e-005,0.058035
4.8664e-005,0.0580052
4.8668e-005,0.0579258
4.8672e-005,0.0581044
4.8676e-005,0.0579556
4.868e-005,0.0582383
4.8684e-005,0.0576629
4.8688e-005,0.0579109
4.8692e-005,0.0577026
4.8696e-005,0.0581887
4.87e-005,0.0574992
4.8704e-005,0.0576877
4.8708e-005,0.0578018
4.8712e-005,0.0577373
4.8716e-005,0.0572016
4.872e-005,0.0579853
4.8724e-005,0.0576778
4.8728e-005,0.057777
4.8732e-005,0.0577076
4.8736e-005,0.0580895
4.874e-005,0.0578415
4.8744e-005,0.0577671
4.8748e-005,0.0578861
4.8752e-005,0.0576728
4.8756e-005,0.0576679
4.876e-005,0.0574694
4.8764e-005,0.057653
4.8768e-005,0.058025
4.8772e-005,0.0577373
4.8776e-005,0.0572859
4.878e-005,0.0579109
4.8784e-005,0.0581987
4.8788e-005,0.0576133
4.8792e-005,0.0579109
4.8796e-005,0.0573405
4.88e-005,0.0574744
4.8804e-005,0.057901
4.8808e-005,0.0558821
4.8812e-005,0.0481832
4.8816e-005,0.0426571
4.882e-005,0.0396411
4.8824e-005,0.0379644
4.8828e-005,0.0366598
4.8832e-005,0.0354642
4.8836e-005,0.0249279
4.884e-005,0.0207908
4.8844e-005,0.0195259
4.8848e-005,0.0192729
4.8852e-005,0.0183899
4.8856e-005,0.0193622
4.886e-005,0.00833972
4.8864e-005,0.00172229
4.8868e-005,0.00136513
4.8872e-005,0.000348204
4.8876e-005,0.000387888
4.888e-005,0.000750012
4.8884e-005,7.5371e-005
4.8888e-005,9.02528e-005
4.8892e-005,0.000541667
4.8896e-005,0.000184504
4.89e-005,0.0113855
4.8904e-005,0.0198433
4.8908e-005,0.020637
4.8912e-005,0.0222889
4.8916e-005,0.0248982
4.892e-005,0.0269469
4.8924e-005,0.0274678
4.8928e-005,0.0291445
4.8932e-005,0.029834
4.8936e-005,0.0306078
4.894e-005,0.0310196
4.8944e-005,0.0322994
4.8948e-005,0.0323589
4.8952e-005,0.0329889
4.8956e-005,0.0337181
4.896e-005,0.0339215
4.8964e-005,0.0335544
4.8968e-005,0.0346259
4.8972e-005,0.0343977
4.8976e-005,0.0335197
4.898e-005,0.0345317
4.8984e-005,0.0348541
4.8988e-005,0.0352361
4.8992e-005,0.0351071
4.8996e-005,0.0342935
4.9e-005,0.0349186
4.9004e-005,0.0344473
4.9008e-005,0.034869
4.9012e-005,0.0348343
4.9016e-005,0.0347102
4.902e-005,0.0345465
4.9024e-005,0.0349186
4.9028e-005,0.0347549
4.9032e-005,0.0351319
4.9036e-005,0.0345515
4.904e-005,0.0344176
4.9044e-005,0.0349384
4.9048e-005,0.0354295
4.9052e-005,0.0342291
4.9056e-005,0.0344721
4.906e-005,0.0349136
4.9064e-005,0.0354642
4.9068e-005,0.0348839
4.9072e-005,0.0349285
4.9076e-005,0.034864
4.908e-005,0.0345961
4.9084e-005,0.0349136
4.9088e-005,0.03474
4.9092e-005,0.0342539
4.9096e-005,0.0344275
4.91e-005,0.0352212
4.9104e-005,0.0345416
4.9108e-005,0.0351418
4.9112e-005,0.0343432
4.9116e-005,0.0347251
4.912e-005,0.03411
4.9124e-005,0.0337826
4.9128e-005,0.0342241
4.9132e-005,0.0341547
4.9136e-005,0.0338719
4.914e-005,0.034358
4.9144e-005,0.034988
4.9148e-005,0.0341497
4.9152e-005,0.0345267
4.9156e-005,0.0347003
4.916e-005,0.0346954
4.9164e-005,0.0343134
4.9168e-005,0.0347549
4.9172e-005,0.0346209
4.9176e-005,0.0351716
4.918e-005,0.0345168
4.9184e-005,0.0348789
4.9188e-005,0.0346408
4.9192e-005,0.0349583
4.9196e-005,0.034616
4.92e-005,0.034239
4.9204e-005,0.0343035
4.9208e-005,0.0349037
4.9212e-005,0.034864
4.9216e-005,0.0349087
4.922e-005,0.0348591
4.9224e-005,0.0344572
4.9228e-005,0.0343035
4.9232e-005,0.0340902
4.9236e-005,0.0342935
4.924e-005,0.0338273
4.9244e-005,0.0345713
4.9248e-005,0.0343779
4.9252e-005,0.0342638
4.9256e-005,0.0345713
4.926e-005,0.0345317
4.9264e-005,0.0345366
4.9268e-005,0.0347747
4.9272e-005,0.0334899
4.9276e-005,0.034998
4.928e-005,0.0346458
4.9284e-005,0.0340058
4.9288e-005,0.034487
4.9292e-005,0.0342886
4.9296e-005,0.0343332
4.93e-005,0.0337925
4.9304e-005,0.034234
4.9308e-005,0.0343134
4.9312e-005,0.0346011
4.9316e-005,0.0342787
4.932e-005,0.0347251
4.9324e-005,0.0351765
4.9328e-005,0.0341249
4.9332e-005,0.0341646
4.9336e-005,0.0344572
4.934e-005,0.0346458
4.9344e-005,0.034105
4.9348e-005,0.0345465
4.9352e-005,0.0341844
4.9356e-005,0.0343828
4.936e-005,0.0342638
4.9364e-005,0.035122
4.9368e-005,0.0343729
4.9372e-005,0.0342489
4.9376e-005,0.0341646
4.938e-005,0.0345862
4.9384e-005,0.0346458
4.9388e-005,0.0344275
4.9392e-005,0.0341348
4.9396e-005,0.03474
4.94e-005,0.0346259
4.9404e-005,0.0337776
4.9408e-005,0.0341993
4.9412e-005,0.0348144
4.9416e-005,0.0342787
4.942e-005,0.0344275
4.9424e-005,0.0344126
4.9428e-005,0.0334205
4.9432e-005,0.0342539
4.9436e-005,0.034864
4.944e-005,0.0339661
4.9444e-005,0.03411
4.9448e-005,0.0345713
4.9452e-005,0.0346458
4.9456e-005,0.0340257
4.946e-005,0.0344324
4.9464e-005,0.0344473
4.9468e-005,0.0342539
4.9472e-005,0.0349136
4.9476e-005,0.0343878
4.948e-005,0.0339761
4.9484e-005,0.0341348
4.9488e-005,0.0342638
4.9492e-005,0.0340207
4.9496e-005,0.0340902
4.95e-005,0.0337231
4.9504e-005,0.0343531
4.9508e-005,0.0348293
4.9512e-005,0.0334701
4.9516e-005,0.0337628
4.952e-005,0.0339711
4.9524e-005,0.0339711
4.9528e-005,0.0344374
4.9532e-005,0.0352609
4.9536e-005,0.034616
4.954e-005,0.0342489
4.9544e-005,0.0344821
4.9548e-005,0.034358
4.9552e-005,0.0345664
4.9556e-005,0.0344374
4.956e-005,0.0340306
4.9564e-005,0.0344126
4.9568e-005,0.0350922
4.9572e-005,0.0336834
4.9576e-005,0.0332816
4.958e-005,0.0330683
4.9584e-005,0.0314759
4.9588e-005,0.0305731
4.9592e-005,0.0314759
4.9596e-005,0.0314958
4.96e-005,0.0307864
4.9604e-005,0.023162
4.9608e-005,0.0191935
4.9612e-005,0.019
4.9616e-005,0.0191985
4.962e-005,0.0182907
4.9624e-005,0.0191588
4.9628e-005,0.00740713
4.9632e-005,0.00090379
4.9636e-005,0.00142961
4.964e-005,0.000472218
4.9644e-005,0.000387888
4.9648e-005,0.000248992
4.9652e-005,0.000224189
4.9656e-005,0.000333322
4.966e-005,0.000263874
4.9664e-005,0.000110095
4.9668e-005,0.0108795
4.9672e-005,0.0182956
4.9676e-005,0.0213266
4.968e-005,0.023911
4.9684e-005,0.0275521
4.9688e-005,0.0293131
4.9692e-005,0.0311088
4.9696e-005,0.0331576
4.97e-005,0.034492
4.9704e-005,0.0360992
4.9708e-005,0.0366349
4.9712e-005,0.0377858
4.9716e-005,0.0382174
4.972e-005,0.0390557
4.9724e-005,0.0403405
4.9728e-005,0.0403802
4.9732e-005,0.0409507
4.9736e-005,0.0419229
4.974e-005,0.041789
4.9744e-005,0.0422652
4.9748e-005,0.0420866
4.9752e-005,0.0427365
4.9756e-005,0.042414
4.976e-005,0.0427514
4.9764e-005,0.0431631
4.9768e-005,0.0433863
4.9772e-005,0.0427266
4.9776e-005,0.0433417
4.978e-005,0.0440213
4.9784e-005,0.0438179
4.9788e-005,0.0437336
4.9792e-005,0.0438228
4.9796e-005,0.0435897
4.98e-005,0.0438625
4.9804e-005,0.0442247
4.9808e-005,0.0440858
4.9812e-005,0.0437484
4.9816e-005,0.0441205
4.982e-005,0.0436641
4.9824e-005,0.0441354
4.9828e-005,0.0434954
4.9832e-005,0.0444628
4.9836e-005,0.0444528
4.984e-005,0.0445669
4.9844e-005,0.0438377
4.9848e-005,0.0442247
4.9852e-005,0.044051
4.9856e-005,0.0441354
4.986e-005,0.044309
4.9864e-005,0.0443933
4.9868e-005,0.0444082
4.9872e-005,0.0445521
4.9876e-005,0.0439419
4.988e-005,0.0449836
4.9884e-005,0.0446463
4.9888e-005,0.0449043
4.9892e-005,0.0440709
4.9896e-005,0.0441304
4.99e-005,0.0443288
4.9904e-005,0.0442495
4.9908e-005,0.0445173
4.9912e-005,0.0449291
4.9916e-005,0.0446165
4.992e-005,0.0445124
4.9924e-005,0.0447604
4.9928e-005,0.0438278
4.9932e-005,0.0442594
4.9936e-005,0.0447654
4.994e-005,0.0445173
4.9944e-005,0.0443586
4.9948e-005,0.0442941
4.9952e-005,0.0448844
4.9956e-005,0.0446413
4.996e-005,0.0444677
4.9964e-005,0.0449935
4.9968e-005,0.0447207
4.9972e-005,0.0444826
4.9976e-005,0.0446017
4.998e-005,0.0442247
4.9984e-005,0.0448795
4.9988e-005,0.0442941
4.9992e-005,0.044934
4.9996e-005,0.0442643
5e-005,0.0442395
5.0004e-005,0.0446761
5.0008e-005,0.0452912
5.0012e-005,0.0439072
5.0016e-005,0.0444429
5.002e-005,0.0443139
5.0024e-005,0.0445769
5.0028e-005,0.044557
5.0032e-005,0.0446761
5.0036e-005,0.0441155
5.004e-005,0.0449985
5.0044e-005,0.0445124
5.0048e-005,0.0444181
5.0052e-005,0.0440262
5.0056e-005,0.0446463
5.006e-005,0.0446612
5.0064e-005,0.0444032
5.0068e-005,0.0439369
5.0072e-005,0.0448943
5.0076e-005,0.0445868
5.008e-005,0.0442693
5.0084e-005,0.0448844
5.0088e-005,0.0445967
5.0092e-005,0.0443139
5.0096e-005,0.0438923
5.01e-005,0.0445322
5.0104e-005,0.0446066
5.0108e-005,0.0447455
5.0112e-005,0.0449985
5.0116e-005,0.043555
5.012e-005,0.0446017
5.0124e-005,0.0445273
5.0128e-005,0.0443536
5.0132e-005,0.0439816
5.0136e-005,0.043684
5.014e-005,0.0445124
5.0144e-005,0.0443288
5.0148e-005,0.0445669
5.0152e-005,0.0440114
5.0156e-005,0.0440808
5.016e-005,0.0434458
5.0164e-005,0.0439369
5.0168e-005,0.0438824
5.0172e-005,0.043803
5.0176e-005,0.0443983
5.018e-005,0.043932
5.0184e-005,0.044433
5.0188e-005,0.0448894
5.0192e-005,0.0443536
5.0196e-005,0.0443834
5.02e-005,0.0447505
5.0204e-005,0.0438973
5.0208e-005,0.0443884
5.0212e-005,0.044562
5.0216e-005,0.0453458
5.022e-005,0.0446711
5.0224e-005,0.0445025
5.0228e-005,0.0440362
5.0232e-005,0.044438
5.0236e-005,0.0445322
5.024e-005,0.0438923
5.0244e-005,0.0443933
5.0248e-005,0.0446562
5.0252e-005,0.0449291
5.0256e-005,0.0444727
5.026e-005,0.0442147
5.0264e-005,0.0441106
5.0268e-005,0.0442941
5.0272e-005,0.04418
5.0276e-005,0.0437286
5.028e-005,0.0442594
5.0284e-005,0.0445669
5.0288e-005,0.0441254
5.0292e-005,0.0444132
5.0296e-005,0.0442346
5.03e-005,0.0443288
5.0304e-005,0.043674
5.0308e-005,0.0442098
5.0312e-005,0.0445074
5.0316e-005,0.0440907
5.032e-005,0.0443983
5.0324e-005,0.0447852
5.0328e-005,0.0444876
5.0332e-005,0.0441403
5.0336e-005,0.0447306
5.034e-005,0.0436145
5.0344e-005,0.0427563
5.0348e-005,0.0396708
5.0352e-005,0.0372848
5.0356e-005,0.0357867
5.036e-005,0.034616
5.0364e-005,0.033609
5.0368e-005,0.0330931
5.0372e-005,0.0249081
5.0376e-005,0.0195507
5.038e-005,0.0195953
5.0384e-005,0.0197838
5.0388e-005,0.0187917
5.0392e-005,0.0186578
5.0396e-005,0.00807185
5.04e-005,0.00173717
5.0404e-005,0.00157843
5.0408e-005,-0.000629033
5.0412e-005,0.000869066
5.0416e-005,0.000809539
5.042e-005,0.000477179
5.0424e-005,0.000893869
5.0428e-005,0.000511903
5.0432e-005,-0.000207383
5.0436e-005,0.0107754
5.044e-005,0.0203096
5.0444e-005,0.0234993
5.0448e-005,0.0270213
5.0452e-005,0.0306574
5.0456e-005,0.0337628
5.046e-005,0.0350476
5.0464e-005,0.0374187
5.0468e-005,0.0393484
5.0472e-005,0.0403207
5.0476e-005,0.0416402
5.048e-005,0.0432177
5.0484e-005,0.0439865
5.0488e-005,0.0447406
5.0492e-005,0.045812
5.0496e-005,0.0465016
5.05e-005,0.047077
5.0504e-005,0.0477864
5.0508e-005,0.04796
5.0512e-005,0.0485007
5.0516e-005,0.0483171
5.052e-005,0.0495275
5.0524e-005,0.0495325
5.0528e-005,0.0500782
5.0532e-005,0.0499988
5.0536e-005,0.0498847
5.054e-005,0.0501923
5.0544e-005,0.0508123
5.0548e-005,0.0507478
5.0552e-005,0.0503708
5.0556e-005,0.0510554
5.056e-005,0.0521616
5.0564e-005,0.0513084
5.0568e-005,0.0514969
5.0572e-005,0.0518838
5.0576e-005,0.0514671
5.058e-005,0.0516904
5.0584e-005,0.0518937
5.0588e-005,0.0513878
5.0592e-005,0.0520525
5.0596e-005,0.0523154
5.06e-005,0.0525882
5.0604e-005,0.0518392
5.0608e-005,0.0526428
5.0612e-005,0.0525386
5.0616e-005,0.0527569
5.062e-005,0.052618
5.0624e-005,0.0525237
5.0628e-005,0.0533918
5.0632e-005,0.0529603
5.0636e-005,0.0527767
5.064e-005,0.0525733
5.0644e-005,0.0522459
5.0648e-005,0.0521864
5.0652e-005,0.052112
5.0656e-005,0.0518689
5.066e-005,0.0523253
5.0664e-005,0.0524096
5.0668e-005,0.0519979
5.0672e-005,0.0531736
5.0676e-005,0.0520624
5.068e-005,0.0532629
5.0684e-005,0.0524146
5.0688e-005,0.0529057
5.0692e-005,0.052866
5.0696e-005,0.0521814
5.07e-005,0.0533819
5.0704e-005,0.0526676
5.0708e-005,0.0530644
5.0712e-005,0.0528908
5.0716e-005,0.0533025
5.072e-005,0.0521566
5.0724e-005,0.0527122
5.0728e-005,0.0530049
5.0732e-005,0.0528759
5.0736e-005,0.052618
5.074e-005,0.052489
5.0744e-005,0.0530446
5.0748e-005,0.0529007
5.0752e-005,0.0530496
5.0756e-005,0.0532976
5.076e-005,0.0529503
5.0764e-005,0.0528362
5.0768e-005,0.0523451
5.0772e-005,0.0524989
5.0776e-005,0.0529851
5.078e-005,0.0526378
5.0784e-005,0.0531091
5.0788e-005,0.0536101
5.0792e-005,0.0526825
5.0796e-005,0.0524543
5.08e-005,0.0524196
5.0804e-005,0.0526081
5.0808e-005,0.0523799
5.0812e-005,0.0528958
5.0816e-005,0.0532926
5.082e-005,0.0524592
5.0824e-005,0.0525833
5.0828e-005,0.0530396
5.0832e-005,0.0528611
5.0836e-005,0.0532331
5.084e-005,0.0526775
5.0844e-005,0.0529057
5.0848e-005,0.0530843
5.0852e-005,0.0527172
5.0856e-005,0.0525386
5.086e-005,0.0532331
5.0864e-005,0.0529156
5.0868e-005,0.0528958
5.0872e-005,0.0528561
5.0876e-005,0.0533273
5.088e-005,0.0526676
5.0884e-005,0.0527668
5.0888e-005,0.0529255
5.0892e-005,0.0530992
5.0896e-005,0.0524444
5.09e-005,0.0530595
5.0904e-005,0.0524444
5.0908e-005,0.0527668
5.0912e-005,0.0527222
5.0916e-005,0.0529305
5.092e-005,0.0533224
5.0924e-005,0.0531339
5.0928e-005,0.0534018
5.0932e-005,0.0531091
5.0936e-005,0.0529751
5.094e-005,0.0527073
5.0944e-005,0.0538929
5.0948e-005,0.0532133
5.0952e-005,0.0529702
5.0956e-005,0.0527023
5.096e-005,0.0534811
5.0964e-005,0.0528313
5.0968e-005,0.052737
5.0972e-005,0.0531785
5.0976e-005,0.0531339
5.098e-005,0.0529454
5.0984e-005,0.0533472
5.0988e-005,0.0529999
5.0992e-005,0.0530942
5.0996e-005,0.0527966
5.1e-005,0.0530198
5.1004e-005,0.0530595
5.1008e-005,0.0531587
5.1012e-005,0.0522707
5.1016e-005,0.05299
5.102e-005,0.0528164
5.1024e-005,0.0526577
5.1028e-005,0.0530545
5.1032e-005,0.0530049
5.1036e-005,0.0531041
5.104e-005,0.0531339
5.1044e-005,0.0526279
5.1048e-005,0.0535407
5.1052e-005,0.0537143
5.1056e-005,0.0528114
5.106e-005,0.0530545
5.1064e-005,0.0525436
5.1068e-005,0.0528412
5.1072e-005,0.0531736
5.1076e-005,0.0525485
5.108e-005,0.0526229
5.1084e-005,0.0538681
5.1088e-005,0.0528015
5.1092e-005,0.0528164
5.1096e-005,0.0528908
5.11e-005,0.0534018
5.1104e-005,0.0538581
5.1108e-005,0.0526428
5.1112e-005,0.0514969
5.1116e-005,0.0447058
5.112e-005,0.0407969
5.1124e-005,0.0378255
5.1128e-005,0.0371509
5.1132e-005,0.0363373
5.1136e-005,0.0360248
5.114e-005,0.0247295
5.1144e-005,0.0200566
5.1148e-005,0.0198136
5.1152e-005,0.0195159
5.1156e-005,0.0191241
5.116e-005,0.0183353
5.1164e-005,0.00807185
5.1168e-005,0.00167268
5.1172e-005,0.00126095
5.1176e-005,9.02528e-005
5.118e-005,0.000219228
5.1184e-005,0.00112702
5.1188e-005,0.000427573
5.1192e-005,0.000437494
5.1196e-005,0.000968278
5.12e-005,-0.000619112
5.1204e-005,0.0103587
5.1208e-005,0.0207164
5.1212e-005,0.0243426
5.1216e-005,0.0284599
5.122e-005,0.0334552
5.1224e-005,0.0360546
5.1228e-005,0.0375824
5.1232e-005,0.0404397
5.1236e-005,0.0417344
5.124e-005,0.0425926
5.1244e-005,0.044061
5.1248e-005,0.0453954
5.1252e-005,0.0460402
5.1256e-005,0.0480146
5.126e-005,0.0483568
