LECROYWR104MXi,20621,Waveform
Segments,1,SegmentSize,2501
Segment,TrigTime,TimeSinceSegment1
#1,21-May-2015 13:59:34,0                 
Time,Ampl
4.126e-005,0.0524543
4.1264e-005,0.0520426
4.1268e-005,0.0524295
4.1272e-005,0.0519731
4.1276e-005,0.0529007
4.128e-005,0.0531984
4.1284e-005,0.0529851
4.1288e-005,0.0526676
4.1292e-005,0.0528561
4.1296e-005,0.0530694
4.13e-005,0.0527271
4.1304e-005,0.0530942
4.1308e-005,0.0529156
4.1312e-005,0.0531587
4.1316e-005,0.0537738
4.132e-005,0.0528412
4.1324e-005,0.0535307
4.1328e-005,0.0527668
4.1332e-005,0.0536547
4.1336e-005,0.0528611
4.134e-005,0.0531686
4.1344e-005,0.0534414
4.1348e-005,0.0529206
4.1352e-005,0.0529156
4.1356e-005,0.0535158
4.136e-005,0.0527916
4.1364e-005,0.0532976
4.1368e-005,0.0539772
4.1372e-005,0.0541558
4.1376e-005,0.0532678
4.138e-005,0.0539772
4.1384e-005,0.0539226
4.1388e-005,0.0532232
4.1392e-005,0.0531785
4.1396e-005,0.0532232
4.14e-005,0.0535357
4.1404e-005,0.0538333
4.1408e-005,0.0538681
4.1412e-005,0.0532976
4.1416e-005,0.0531388
4.142e-005,0.0535952
4.1424e-005,0.0538333
4.1428e-005,0.0532926
4.1432e-005,0.0534613
4.1436e-005,0.0535059
4.144e-005,0.0538631
4.1444e-005,0.0541458
4.1448e-005,0.0536845
4.1452e-005,0.0539623
4.1456e-005,0.0537887
4.146e-005,0.0537093
4.1464e-005,0.0537837
4.1468e-005,0.0545377
4.1472e-005,0.0542401
4.1476e-005,0.0532777
4.148e-005,0.0543145
4.1484e-005,0.0540119
4.1488e-005,0.0542599
4.1492e-005,0.0536597
4.1496e-005,0.0537044
4.15e-005,0.0542748
4.1504e-005,0.0538929
4.1508e-005,0.0536845
4.1512e-005,0.0542054
4.1516e-005,0.0539871
4.152e-005,0.0539921
4.1524e-005,0.0537044
4.1528e-005,0.0542153
4.1532e-005,0.0538184
4.1536e-005,0.0542004
4.154e-005,0.0543939
4.1544e-005,0.0537143
4.1548e-005,0.0537143
4.1552e-005,0.0539077
4.1556e-005,0.0539673
4.156e-005,0.0538085
4.1564e-005,0.0530248
4.1568e-005,0.0533075
4.1572e-005,0.0532133
4.1576e-005,0.0540714
4.158e-005,0.0541508
4.1584e-005,0.0543443
4.1588e-005,0.053873
4.1592e-005,0.0537242
4.1596e-005,0.0535605
4.16e-005,0.0544088
4.1604e-005,0.0533273
4.1608e-005,0.0540318
4.1612e-005,0.0534166
4.1616e-005,0.053744
4.162e-005,0.0542699
4.1624e-005,0.0540119
4.1628e-005,0.0531587
4.1632e-005,0.0544683
4.1636e-005,0.0536895
4.164e-005,0.0543393
4.1644e-005,0.0544385
4.1648e-005,0.0536349
4.1652e-005,0.0538829
4.1656e-005,0.0541955
4.166e-005,0.0536647
4.1664e-005,0.0539077
4.1668e-005,0.0540367
4.1672e-005,0.0538532
4.1676e-005,0.0536151
4.168e-005,0.0533422
4.1684e-005,0.053744
4.1688e-005,0.0536647
4.1692e-005,0.0538829
4.1696e-005,0.053878
4.17e-005,0.0538234
4.1704e-005,0.0539722
4.1708e-005,0.0536547
4.1712e-005,0.0537093
4.1716e-005,0.0538978
4.172e-005,0.053501
4.1724e-005,0.0539375
4.1728e-005,0.0536299
4.1732e-005,0.0530694
4.1736e-005,0.0533025
4.174e-005,0.0539722
4.1744e-005,0.0530248
4.1748e-005,0.0535258
4.1752e-005,0.0534563
4.1756e-005,0.0537887
4.176e-005,0.0538184
4.1764e-005,0.0540318
4.1768e-005,0.053749
4.1772e-005,0.0535258
4.1776e-005,0.0545774
4.178e-005,0.0536498
4.1784e-005,0.0530248
4.1788e-005,0.0540814
4.1792e-005,0.0539673
4.1796e-005,0.0533472
4.18e-005,0.0514721
4.1804e-005,0.0460998
4.1808e-005,0.0411243
4.1812e-005,0.0392343
4.1816e-005,0.0374882
4.182e-005,0.0366449
4.1824e-005,0.0361091
4.1828e-005,0.026555
4.1832e-005,0.0206817
4.1836e-005,0.019759
4.184e-005,0.0197094
4.1844e-005,0.0193969
4.1848e-005,0.0190794
4.1852e-005,0.0091731
4.1856e-005,0.00254079
4.186e-005,0.00126591
4.1864e-005,0.000506943
4.1868e-005,0.000263874
4.1872e-005,0.00131552
4.1876e-005,0.000670642
4.188e-005,0.000343243
4.1884e-005,0.000779775
4.1888e-005,-0.000326437
4.1892e-005,0.0109093
4.1896e-005,0.0195903
4.19e-005,0.0201608
4.1904e-005,0.0201955
4.1908e-005,0.0216589
4.1912e-005,0.0226907
4.1916e-005,0.0228197
4.192e-005,0.0241194
4.1924e-005,0.0241789
4.1928e-005,0.0238813
4.1932e-005,0.0243872
4.1936e-005,0.0252851
4.194e-005,0.025047
4.1944e-005,0.0247097
4.1948e-005,0.0255183
4.1952e-005,0.0254687
4.1956e-005,0.0253248
4.196e-005,0.0259994
4.1964e-005,0.0248387
4.1968e-005,0.0253893
4.1972e-005,0.0256472
4.1976e-005,0.0251561
4.198e-005,0.0259498
4.1984e-005,0.0256423
4.1988e-005,0.0255331
4.1992e-005,0.0255034
4.1996e-005,0.0253595
4.2e-005,0.0248932
4.2004e-005,0.0257415
4.2008e-005,0.0259647
4.2012e-005,0.0252504
4.2016e-005,0.0252206
4.202e-005,0.0252157
4.2024e-005,0.0256572
4.2028e-005,0.0251809
4.2032e-005,0.0254984
4.2036e-005,0.0253942
4.204e-005,0.025305
4.2044e-005,0.0248585
4.2048e-005,0.0254637
4.2052e-005,0.0259498
4.2056e-005,0.0251462
4.206e-005,0.0250916
4.2064e-005,0.0251264
4.2068e-005,0.025424
4.2072e-005,0.0248783
4.2076e-005,0.0249329
4.208e-005,0.0257068
4.2084e-005,0.025171
4.2088e-005,0.0254984
4.2092e-005,0.0251462
4.2096e-005,0.025419
4.21e-005,0.0251164
4.2104e-005,0.0253496
4.2108e-005,0.0254488
4.2112e-005,0.0251313
4.2116e-005,0.0249131
4.212e-005,0.0254687
4.2124e-005,0.0252504
4.2128e-005,0.0253694
4.2132e-005,0.0254736
4.2136e-005,0.025429
4.214e-005,0.0252206
4.2144e-005,0.0248039
4.2148e-005,0.0243922
4.2152e-005,0.0252851
4.2156e-005,0.0251859
4.216e-005,0.0251313
4.2164e-005,0.0252206
4.2168e-005,0.0252256
4.2172e-005,0.0248585
4.2176e-005,0.0254091
4.218e-005,0.0249726
4.2184e-005,0.0253694
4.2188e-005,0.0256472
4.2192e-005,0.0253397
4.2196e-005,0.0251115
4.22e-005,0.0248585
4.2204e-005,0.024288
4.2208e-005,0.025682
4.2212e-005,0.025047
4.2216e-005,0.0247593
4.222e-005,0.025424
4.2224e-005,0.0247146
4.2228e-005,0.0247394
4.2232e-005,0.0248139
4.2236e-005,0.0259201
4.224e-005,0.0250916
4.2244e-005,0.0251115
4.2248e-005,0.0253
4.2252e-005,0.0253893
4.2256e-005,0.0251661
4.226e-005,0.0248833
4.2264e-005,0.0249478
4.2268e-005,0.0255579
4.2272e-005,0.0250172
4.2276e-005,0.0250569
4.228e-005,0.0249875
4.2284e-005,0.0258357
4.2288e-005,0.0255579
4.2292e-005,0.0254538
4.2296e-005,0.025553
4.23e-005,0.0256274
4.2304e-005,0.0253744
4.2308e-005,0.0254637
4.2312e-005,0.0252405
4.2316e-005,0.0260689
4.232e-005,0.026049
4.2324e-005,0.025429
4.2328e-005,0.025429
4.2332e-005,0.0252454
4.2336e-005,0.0252752
4.234e-005,0.0253347
4.2344e-005,0.0246998
4.2348e-005,0.0250073
4.2352e-005,0.0255679
4.2356e-005,0.0254687
4.236e-005,0.0247543
4.2364e-005,0.0248635
4.2368e-005,0.0251611
4.2372e-005,0.0251859
4.2376e-005,0.0247097
4.238e-005,0.0252405
4.2384e-005,0.024799
4.2388e-005,0.0251214
4.2392e-005,0.0254687
4.2396e-005,0.0258209
4.24e-005,0.0253744
4.2404e-005,0.0255282
4.2408e-005,0.0244815
4.2412e-005,0.0248783
4.2416e-005,0.025052
4.242e-005,0.0253
4.2424e-005,0.0253149
4.2428e-005,0.0249974
4.2432e-005,0.0247047
4.2436e-005,0.0252305
4.244e-005,0.0257861
4.2444e-005,0.0254885
4.2448e-005,0.0258556
4.2452e-005,0.0253
4.2456e-005,0.025295
4.246e-005,0.0251611
4.2464e-005,0.0255927
4.2468e-005,0.0253099
4.2472e-005,0.0244815
4.2476e-005,0.0250569
4.248e-005,0.0250123
4.2484e-005,0.0251214
4.2488e-005,0.0250321
4.2492e-005,0.0251363
4.2496e-005,0.0254736
4.25e-005,0.0254984
4.2504e-005,0.0251661
4.2508e-005,0.0244617
4.2512e-005,0.0252603
4.2516e-005,0.0250768
4.252e-005,0.0257961
4.2524e-005,0.0253099
4.2528e-005,0.025047
4.2532e-005,0.0252305
4.2536e-005,0.0260292
4.254e-005,0.0250073
4.2544e-005,0.0252901
4.2548e-005,0.0252801
4.2552e-005,0.0253397
4.2556e-005,0.0250024
4.256e-005,0.0252851
4.2564e-005,0.0243376
4.2568e-005,0.0247394
4.2572e-005,0.0257415
4.2576e-005,0.025672
4.258e-005,0.0259052
4.2584e-005,0.0265649
4.2588e-005,0.0263764
4.2592e-005,0.0261135
4.2596e-005,0.0215696
4.26e-005,0.0194564
4.2604e-005,0.0202848
4.2608e-005,0.0195953
4.2612e-005,0.0196846
4.2616e-005,0.018876
4.262e-005,0.00761547
4.2624e-005,0.00154371
4.2628e-005,0.00174213
4.2632e-005,-3.37621e-005
4.2636e-005,0.000298598
4.264e-005,0.000685524
4.2644e-005,0.000849224
4.2648e-005,0.000497021
4.2652e-005,0.000432534
4.2656e-005,-0.000549664
4.266e-005,0.00952034
4.2664e-005,0.018633
4.2668e-005,0.0207412
4.2672e-005,0.0216738
4.2676e-005,0.0243277
4.268e-005,0.0259201
4.2684e-005,0.0276712
4.2688e-005,0.0288964
4.2692e-005,0.0296554
4.2696e-005,0.0294222
4.27e-005,0.031724
4.2704e-005,0.0325573
4.2708e-005,0.0329889
4.2712e-005,0.0333213
4.2716e-005,0.0342687
4.272e-005,0.0340356
4.2724e-005,0.0343134
4.2728e-005,0.0348491
4.2732e-005,0.0350823
4.2736e-005,0.035375
4.274e-005,0.0361042
4.2744e-005,0.0355089
4.2748e-005,0.0356776
4.2752e-005,0.0360595
4.2756e-005,0.0359008
4.276e-005,0.0361042
4.2764e-005,0.0361637
4.2768e-005,0.0364216
4.2772e-005,0.0357668
4.2776e-005,0.0361637
4.278e-005,0.0361538
4.2784e-005,0.0364613
4.2788e-005,0.0362083
4.2792e-005,0.0356875
4.2796e-005,0.0354295
4.28e-005,0.0356577
4.2804e-005,0.0352658
4.2808e-005,0.0366449
4.2812e-005,0.0359305
4.2816e-005,0.0357222
4.282e-005,0.0358512
4.2824e-005,0.0360446
4.2828e-005,0.0356031
4.2832e-005,0.0366796
4.2836e-005,0.0358016
4.284e-005,0.0358264
4.2844e-005,0.0355535
4.2848e-005,0.0351716
4.2852e-005,0.0355287
4.2856e-005,0.0361687
4.286e-005,0.0363621
4.2864e-005,0.035876
4.2868e-005,0.0362331
4.2872e-005,0.0358313
4.2876e-005,0.0354047
4.288e-005,0.0359454
4.2884e-005,0.035375
4.2888e-005,0.0350823
4.2892e-005,0.0363919
4.2896e-005,0.0360496
4.29e-005,0.0354543
4.2904e-005,0.0356379
4.2908e-005,0.0358512
4.2912e-005,0.0356428
4.2916e-005,0.0354543
4.292e-005,0.0355783
4.2924e-005,0.0360744
4.2928e-005,0.0356478
4.2932e-005,0.0356329
4.2936e-005,0.0357371
4.294e-005,0.0356329
4.2944e-005,0.0359305
4.2948e-005,0.0355337
4.2952e-005,0.0357668
4.2956e-005,0.0358512
4.296e-005,0.0354593
4.2964e-005,0.0357718
4.2968e-005,0.0360794
4.2972e-005,0.0354394
4.2976e-005,0.0362431
4.298e-005,0.0355387
4.2984e-005,0.0348293
4.2988e-005,0.0354444
4.2992e-005,0.0357966
4.2996e-005,0.0355436
4.3e-005,0.0356329
4.3004e-005,0.0358214
4.3008e-005,0.0356131
4.3012e-005,0.0359603
4.3016e-005,0.035499
4.302e-005,0.0353254
4.3024e-005,0.036382
4.3028e-005,0.0358363
4.3032e-005,0.0360893
4.3036e-005,0.0360198
4.304e-005,0.0357619
4.3044e-005,0.0359206
4.3048e-005,0.0359008
4.3052e-005,0.0354295
4.3056e-005,0.0352509
4.306e-005,0.0360298
4.3064e-005,0.0352956
4.3068e-005,0.0359553
4.3072e-005,0.0354494
4.3076e-005,0.0360843
4.308e-005,0.0360198
4.3084e-005,0.0358661
4.3088e-005,0.0359008
4.3092e-005,0.0358611
4.3096e-005,0.0358413
4.31e-005,0.0358611
4.3104e-005,0.0353948
4.3108e-005,0.0366697
4.3112e-005,0.0354642
4.3116e-005,0.0356528
4.312e-005,0.0358909
4.3124e-005,0.0355982
4.3128e-005,0.0353601
4.3132e-005,0.0359256
4.3136e-005,0.0358413
4.314e-005,0.0353452
4.3144e-005,0.0358165
4.3148e-005,0.0359454
4.3152e-005,0.0353898
4.3156e-005,0.0351319
4.316e-005,0.0350922
4.3164e-005,0.0352757
4.3168e-005,0.0348591
4.3172e-005,0.035623
4.3176e-005,0.0352956
4.318e-005,0.0355287
4.3184e-005,0.0349781
4.3188e-005,0.0353005
4.3192e-005,0.0350029
4.3196e-005,0.0350228
4.32e-005,0.0347846
4.3204e-005,0.0355833
4.3208e-005,0.035494
4.3212e-005,0.0355287
4.3216e-005,0.0357867
4.322e-005,0.0360248
4.3224e-005,0.035995
4.3228e-005,0.0350773
4.3232e-005,0.0360496
4.3236e-005,0.0350972
4.324e-005,0.0347648
4.3244e-005,0.0362232
4.3248e-005,0.0344176
4.3252e-005,0.0356478
4.3256e-005,0.0352757
4.326e-005,0.0353353
4.3264e-005,0.0353898
4.3268e-005,0.0358413
4.3272e-005,0.0349186
4.3276e-005,0.035241
4.328e-005,0.035494
4.3284e-005,0.0353948
4.3288e-005,0.0354791
4.3292e-005,0.0357371
4.3296e-005,0.0353998
4.33e-005,0.0350029
4.3304e-005,0.035995
4.3308e-005,0.0347896
4.3312e-005,0.0353303
4.3316e-005,0.0356031
4.332e-005,0.0349483
4.3324e-005,0.0352609
4.3328e-005,0.035623
4.3332e-005,0.0344572
4.3336e-005,0.0337578
4.334e-005,0.0327558
4.3344e-005,0.0312825
4.3348e-005,0.0314462
4.3352e-005,0.0310394
4.3356e-005,0.0303201
4.336e-005,0.0304739
4.3364e-005,0.02467
4.3368e-005,0.0199029
4.3372e-005,0.0202303
4.3376e-005,0.01963
4.338e-005,0.0194564
4.3384e-005,0.0191489
4.3388e-005,0.00813138
4.3392e-005,0.000839302
4.3396e-005,0.00185126
4.34e-005,0.000348204
4.3404e-005,-8.3368e-005
4.3408e-005,0.00137505
4.3412e-005,0.000740091
4.3416e-005,0.000531746
4.342e-005,0.000288677
4.3424e-005,-5.36045e-005
4.3428e-005,0.0101206
4.3432e-005,0.018633
4.3436e-005,0.021773
4.344e-005,0.0243277
4.3444e-005,0.0281573
4.3448e-005,0.0298042
4.3452e-005,0.0323639
4.3456e-005,0.0335643
4.346e-005,0.0356875
4.3464e-005,0.0369276
4.3468e-005,0.0371161
4.3472e-005,0.0390954
4.3476e-005,0.0394129
4.348e-005,0.0403852
4.3484e-005,0.0405836
4.3488e-005,0.0405985
4.3492e-005,0.0422999
4.3496e-005,0.0420569
4.35e-005,0.0430093
4.3504e-005,0.0431135
4.3508e-005,0.0436641
4.3512e-005,0.043932
4.3516e-005,0.0435153
4.352e-005,0.043674
4.3524e-005,0.0436294
4.3528e-005,0.0443189
4.3532e-005,0.0444429
4.3536e-005,0.0446265
4.354e-005,0.0450184
4.3544e-005,0.0442594
4.3548e-005,0.0444925
4.3552e-005,0.0450134
4.3556e-005,0.0449737
4.356e-005,0.0442544
4.3564e-005,0.0451424
4.3568e-005,0.0450134
4.3572e-005,0.0451374
4.3576e-005,0.0461494
4.358e-005,0.0451572
4.3584e-005,0.0439369
4.3588e-005,0.0448844
4.3592e-005,0.0448844
4.3596e-005,0.0444528
4.36e-005,0.0450828
4.3604e-005,0.0453011
4.3608e-005,0.0446513
4.3612e-005,0.0455739
4.3616e-005,0.0440709
4.362e-005,0.0450184
4.3624e-005,0.0450283
4.3628e-005,0.0446761
4.3632e-005,0.0447356
4.3636e-005,0.0446215
4.364e-005,0.0454648
4.3644e-005,0.0444528
4.3648e-005,0.0455194
4.3652e-005,0.0455491
4.3656e-005,0.0444925
4.366e-005,0.0449142
4.3664e-005,0.04481
4.3668e-005,0.0452961
4.3672e-005,0.0458319
4.3676e-005,0.0455243
4.368e-005,0.0449687
4.3684e-005,0.0453358
4.3688e-005,0.0451969
4.3692e-005,0.0452317
4.3696e-005,0.0452267
4.37e-005,0.0446761
4.3704e-005,0.0450283
4.3708e-005,0.0450928
4.3712e-005,0.0454251
4.3716e-005,0.0447108
4.372e-005,0.0450283
4.3724e-005,0.0449787
4.3728e-005,0.0448844
4.3732e-005,0.0454152
4.3736e-005,0.0445719
4.374e-005,0.0447951
4.3744e-005,0.0447951
4.3748e-005,0.0449439
4.3752e-005,0.0452069
4.3756e-005,0.0455095
4.376e-005,0.0452862
4.3764e-005,0.045187
4.3768e-005,0.0456682
4.3772e-005,0.0449787
4.3776e-005,0.0449191
4.378e-005,0.0455591
4.3784e-005,0.0449291
4.3788e-005,0.0449687
4.3792e-005,0.0453904
4.3796e-005,0.0450184
4.38e-005,0.0452763
4.3804e-005,0.0450828
4.3808e-005,0.0452912
4.3812e-005,0.0454251
4.3816e-005,0.0451721
4.382e-005,0.0455293
4.3824e-005,0.045058
4.3828e-005,0.0456434
4.3832e-005,0.0453854
4.3836e-005,0.0445421
4.384e-005,0.0454747
4.3844e-005,0.0454251
4.3848e-005,0.0446662
4.3852e-005,0.0455293
4.3856e-005,0.0448993
4.386e-005,0.0442197
4.3864e-005,0.0456186
4.3868e-005,0.0444975
4.3872e-005,0.0446413
4.3876e-005,0.0454598
4.388e-005,0.0448894
4.3884e-005,0.0449588
4.3888e-005,0.0449935
4.3892e-005,0.0449241
4.3896e-005,0.0447108
4.39e-005,0.0446364
4.3904e-005,0.0449588
4.3908e-005,0.0449539
4.3912e-005,0.0456434
4.3916e-005,0.0447604
4.392e-005,0.0448745
4.3924e-005,0.0457128
4.3928e-005,0.0451027
4.3932e-005,0.0448596
4.3936e-005,0.0454202
4.394e-005,0.0450828
4.3944e-005,0.0444628
4.3948e-005,0.045192
4.3952e-005,0.045316
4.3956e-005,0.0456186
4.396e-005,0.0454747
4.3964e-005,0.0449836
4.3968e-005,0.0453309
4.3972e-005,0.0453805
4.3976e-005,0.0456583
4.398e-005,0.044691
4.3984e-005,0.045569
4.3988e-005,0.0448298
4.3992e-005,0.0448001
4.3996e-005,0.0450779
4.4e-005,0.045316
4.4004e-005,0.0452217
4.4008e-005,0.0455491
4.4012e-005,0.0446761
4.4016e-005,0.0446165
4.402e-005,0.0445223
4.4024e-005,0.0453854
4.4028e-005,0.0445868
4.4032e-005,0.0449588
4.4036e-005,0.0457972
4.404e-005,0.0450332
4.4044e-005,0.0453209
4.4048e-005,0.0448596
4.4052e-005,0.0452713
4.4056e-005,0.0446017
4.406e-005,0.0452267
4.4064e-005,0.0449043
4.4068e-005,0.0454053
4.4072e-005,0.045192
4.4076e-005,0.0449191
4.408e-005,0.0456483
4.4084e-005,0.0457674
4.4088e-005,0.0459063
4.4092e-005,0.0457872
4.4096e-005,0.0460898
4.41e-005,0.0450233
4.4104e-005,0.0445818
4.4108e-005,0.0400925
4.4112e-005,0.0380983
4.4116e-005,0.0364961
4.412e-005,0.0359504
4.4124e-005,0.034998
4.4128e-005,0.0347598
4.4132e-005,0.0255827
4.4136e-005,0.0204932
4.414e-005,0.0199425
4.4144e-005,0.0195755
4.4148e-005,0.0192878
4.4152e-005,0.0190844
4.4156e-005,0.0081413
4.416e-005,0.00152386
4.4164e-005,0.00154867
4.4168e-005,-0.000252028
4.4172e-005,0.000492061
4.4176e-005,0.000670642
4.418e-005,0.000363085
4.4184e-005,0.000516864
4.4188e-005,0.000288677
4.4192e-005,-0.000217304
4.4196e-005,0.00942609
4.42e-005,0.020012
4.4204e-005,0.0228048
4.4208e-005,0.0269419
4.4212e-005,0.0314958
4.4216e-005,0.0333709
4.422e-005,0.0352559
4.4224e-005,0.0377213
4.4228e-005,0.038768
4.4232e-005,0.0405786
4.4236e-005,0.0422404
4.424e-005,0.0437187
4.4244e-005,0.0441751
4.4248e-005,0.0453656
4.4252e-005,0.0456186
4.4256e-005,0.0466603
4.426e-005,0.0469133
4.4264e-005,0.0482279
4.4268e-005,0.0484412
4.4272e-005,0.0493638
4.4276e-005,0.0490265
4.428e-005,0.0492448
4.4284e-005,0.0499194
4.4288e-005,0.0505593
4.4292e-005,0.0502071
4.4296e-005,0.0507627
4.43e-005,0.0512786
4.4304e-005,0.0516904
4.4308e-005,0.0518392
4.4312e-005,0.0511794
4.4316e-005,0.0508173
4.432e-005,0.0517251
4.4324e-005,0.0520922
4.4328e-005,0.0518838
4.4332e-005,0.052484
4.4336e-005,0.0525386
4.434e-005,0.052236
4.4344e-005,0.0529355
4.4348e-005,0.0528015
4.4352e-005,0.0532182
4.4356e-005,0.0528462
4.436e-005,0.0530396
4.4364e-005,0.052241
4.4368e-005,0.0532579
4.4372e-005,0.0528561
4.4376e-005,0.0527569
4.438e-005,0.0523501
4.4384e-005,0.0528611
4.4388e-005,0.0521566
4.4392e-005,0.0529107
4.4396e-005,0.0535754
4.44e-005,0.0530446
4.4404e-005,0.0532232
4.4408e-005,0.0534365
4.4412e-005,0.0530843
4.4416e-005,0.0535605
4.442e-005,0.0538631
4.4424e-005,0.0530793
4.4428e-005,0.0532777
4.4432e-005,0.0534365
4.4436e-005,0.053248
4.444e-005,0.0533522
4.4444e-005,0.0536696
4.4448e-005,0.0540814
4.4452e-005,0.0535208
4.4456e-005,0.0536399
4.446e-005,0.0536795
4.4464e-005,0.0537589
4.4468e-005,0.0535258
4.4472e-005,0.0531636
4.4476e-005,0.0535158
4.448e-005,0.0531736
4.4484e-005,0.0536647
4.4488e-005,0.0535803
4.4492e-005,0.0536845
4.4496e-005,0.0537391
4.45e-005,0.0542351
4.4504e-005,0.053496
4.4508e-005,0.054002
4.4512e-005,0.054002
4.4516e-005,0.0538532
4.452e-005,0.0532232
4.4524e-005,0.0536994
4.4528e-005,0.053248
4.4532e-005,0.0529007
4.4536e-005,0.053377
4.454e-005,0.0539276
4.4544e-005,0.0532777
4.4548e-005,0.0535407
4.4552e-005,0.0540119
4.4556e-005,0.0542252
4.456e-005,0.0539921
4.4564e-005,0.0537688
4.4568e-005,0.0534712
4.4572e-005,0.0538929
4.4576e-005,0.0533174
4.458e-005,0.0533224
4.4584e-005,0.0533025
4.4588e-005,0.0533224
4.4592e-005,0.0539623
4.4596e-005,0.0537143
4.46e-005,0.0536547
4.4604e-005,0.0532133
4.4608e-005,0.0536448
4.4612e-005,0.0532976
4.4616e-005,0.0535208
4.462e-005,0.0537688
4.4624e-005,0.0530992
4.4628e-005,0.0536051
4.4632e-005,0.05362
4.4636e-005,0.0543393
4.464e-005,0.0536696
4.4644e-005,0.053377
4.4648e-005,0.0533918
4.4652e-005,0.0539226
4.4656e-005,0.0543988
4.466e-005,0.0541458
4.4664e-005,0.054498
4.4668e-005,0.0539623
4.4672e-005,0.0539127
4.4676e-005,0.054131
4.468e-005,0.0540218
4.4684e-005,0.0540516
4.4688e-005,0.0534365
4.4692e-005,0.0535307
4.4696e-005,0.0540169
4.47e-005,0.0536299
4.4704e-005,0.0540466
4.4708e-005,0.0542401
4.4712e-005,0.0535803
4.4716e-005,0.0536299
4.472e-005,0.0533224
4.4724e-005,0.053749
4.4728e-005,0.0541012
4.4732e-005,0.0534762
4.4736e-005,0.0532629
4.474e-005,0.0535357
4.4744e-005,0.0540119
4.4748e-005,0.0536746
4.4752e-005,0.0535853
4.4756e-005,0.0532331
4.476e-005,0.053873
4.4764e-005,0.0534563
4.4768e-005,0.0535704
4.4772e-005,0.0534018
4.4776e-005,0.053491
4.478e-005,0.0535208
4.4784e-005,0.0533025
4.4788e-005,0.0535506
4.4792e-005,0.0535555
4.4796e-005,0.0535704
4.48e-005,0.0540714
4.4804e-005,0.0540516
4.4808e-005,0.0532629
4.4812e-005,0.0532877
4.4816e-005,0.0542054
4.482e-005,0.0534563
4.4824e-005,0.0540268
4.4828e-005,0.053491
4.4832e-005,0.0534216
4.4836e-005,0.0538681
4.484e-005,0.053873
4.4844e-005,0.0539871
4.4848e-005,0.0539573
4.4852e-005,0.0535208
4.4856e-005,0.0534762
4.486e-005,0.0541905
4.4864e-005,0.054255
4.4868e-005,0.0533472
4.4872e-005,0.0524146
4.4876e-005,0.0465512
4.488e-005,0.0408812
4.4884e-005,0.0396411
4.4888e-005,0.037379
4.4892e-005,0.036506
4.4896e-005,0.0351716
4.49e-005,0.0261135
4.4904e-005,0.0202997
4.4908e-005,0.0204336
4.4912e-005,0.0198632
4.4916e-005,0.0192282
4.492e-005,0.0186925
4.4924e-005,0.00927727
4.4928e-005,0.00195544
4.4932e-005,0.00161316
4.4936e-005,0.000526785
4.494e-005,0.000878987
4.4944e-005,0.000844263
4.4948e-005,0.00107245
4.4952e-005,-0.000128013
4.4956e-005,0.000764894
4.496e-005,-0.000256989
4.4964e-005,0.0109391
4.4968e-005,0.0193225
4.4972e-005,0.0202055
4.4976e-005,0.0208255
4.498e-005,0.0224278
4.4984e-005,0.0224973
4.4988e-005,0.0228495
4.4992e-005,0.0237622
4.4996e-005,0.0245757
4.5e-005,0.0241739
4.5004e-005,0.0250966
4.5008e-005,0.026555
4.5012e-005,0.0252355
4.5016e-005,0.0260094
4.502e-005,0.0257712
4.5024e-005,0.026178
4.5028e-005,0.0263963
4.5032e-005,0.0264161
4.5036e-005,0.026555
4.504e-005,0.0263764
4.5044e-005,0.0257415
4.5048e-005,0.026813
4.5052e-005,0.0257117
4.5056e-005,0.0268427
4.506e-005,0.0263566
4.5064e-005,0.0262425
4.5068e-005,0.0264558
4.5072e-005,0.0263913
4.5076e-005,0.0265897
4.508e-005,0.0262673
4.5084e-005,0.0255927
4.5088e-005,0.0259647
4.5092e-005,0.0260342
4.5096e-005,0.0257812
4.51e-005,0.0260094
4.5104e-005,0.0259697
4.5108e-005,0.026183
4.5112e-005,0.0254835
4.5116e-005,0.0262326
4.512e-005,0.0256919
4.5124e-005,0.0259201
4.5128e-005,0.0257514
4.5132e-005,0.0257018
4.5136e-005,0.0259349
4.514e-005,0.0262574
4.5144e-005,0.0263169
4.5148e-005,0.0263516
4.5152e-005,0.0257316
4.5156e-005,0.0260639
4.516e-005,0.025548
4.5164e-005,0.0259846
4.5168e-005,0.0252901
4.5172e-005,0.0253694
4.5176e-005,0.026054
4.518e-005,0.0257415
4.5184e-005,0.0260143
4.5188e-005,0.0258705
4.5192e-005,0.0251016
4.5196e-005,0.0253099
4.52e-005,0.0253496
4.5204e-005,0.025176
4.5208e-005,0.0249776
4.5212e-005,0.0252206
4.5216e-005,0.0247196
4.522e-005,0.0253347
4.5224e-005,0.0251016
4.5228e-005,0.025176
4.5232e-005,0.0254538
4.5236e-005,0.0254438
4.524e-005,0.0249676
4.5244e-005,0.0251809
4.5248e-005,0.0251561
4.5252e-005,0.0253744
4.5256e-005,0.0252008
4.526e-005,0.025672
4.5264e-005,0.0253397
4.5268e-005,0.0251462
4.5272e-005,0.0249527
4.5276e-005,0.0260193
4.528e-005,0.0245956
4.5284e-005,0.0248436
4.5288e-005,0.0247742
4.5292e-005,0.0249379
4.5296e-005,0.0246849
4.53e-005,0.0247791
4.5304e-005,0.025672
4.5308e-005,0.0248635
4.5312e-005,0.0245559
4.5316e-005,0.0251909
4.532e-005,0.0253149
4.5324e-005,0.0247593
4.5328e-005,0.0245509
4.5332e-005,0.024794
4.5336e-005,0.0254141
4.534e-005,0.0260639
4.5344e-005,0.0252305
4.5348e-005,0.0257316
4.5352e-005,0.0256919
4.5356e-005,0.0251313
4.536e-005,0.0257117
4.5364e-005,0.0253794
4.5368e-005,0.0255381
4.5372e-005,0.0253198
4.5376e-005,0.0253942
4.538e-005,0.025553
4.5384e-005,0.0250768
4.5388e-005,0.0253099
4.5392e-005,0.0249924
4.5396e-005,0.0252901
4.54e-005,0.0249379
4.5404e-005,0.0250222
4.5408e-005,0.0247642
4.5412e-005,0.0253794
4.5416e-005,0.0245559
4.542e-005,0.0252504
4.5424e-005,0.0255133
4.5428e-005,0.0255183
4.5432e-005,0.0248833
4.5436e-005,0.0255877
4.544e-005,0.0248039
4.5444e-005,0.0250123
4.5448e-005,0.0246254
4.5452e-005,0.0250172
4.5456e-005,0.0249329
4.546e-005,0.0250966
4.5464e-005,0.0245807
4.5468e-005,0.0254042
4.5472e-005,0.0252752
4.5476e-005,0.0256572
4.548e-005,0.0247047
4.5484e-005,0.0253744
4.5488e-005,0.0255927
4.5492e-005,0.0250371
4.5496e-005,0.0257415
4.55e-005,0.0256373
4.5504e-005,0.0251016
4.5508e-005,0.0253645
4.5512e-005,0.0255282
4.5516e-005,0.0255927
4.552e-005,0.0259449
4.5524e-005,0.0257961
4.5528e-005,0.0252653
4.5532e-005,0.0257861
4.5536e-005,0.0259101
4.554e-005,0.0250817
4.5544e-005,0.0256522
4.5548e-005,0.025677
4.5552e-005,0.0252553
4.5556e-005,0.0261284
4.556e-005,0.0254736
4.5564e-005,0.0252057
4.5568e-005,0.0264707
4.5572e-005,0.0254687
4.5576e-005,0.0256125
4.558e-005,0.0262177
4.5584e-005,0.0256472
4.5588e-005,0.0254339
4.5592e-005,0.025682
4.5596e-005,0.0254885
4.56e-005,0.0254736
4.5604e-005,0.0261284
4.5608e-005,0.0256224
4.5612e-005,0.0251313
4.5616e-005,0.0248089
4.562e-005,0.0260391
4.5624e-005,0.0252653
4.5628e-005,0.0253645
4.5632e-005,0.0261929
4.5636e-005,0.0248436
4.564e-005,0.0247891
4.5644e-005,0.0256869
4.5648e-005,0.0252653
4.5652e-005,0.0254637
4.5656e-005,0.0253744
4.566e-005,0.0261879
4.5664e-005,0.0262971
4.5668e-005,0.0220012
4.5672e-005,0.0192729
4.5676e-005,0.0196846
4.568e-005,0.0192133
4.5684e-005,0.0190298
4.5688e-005,0.0189554
4.5692e-005,0.00901436
4.5696e-005,0.00137009
4.57e-005,0.00130064
4.5704e-005,-0.000321477
4.5708e-005,0.000993081
4.5712e-005,0.000581352
4.5716e-005,0.000526785
4.572e-005,0.000442455
4.5724e-005,0.000348204
4.5728e-005,-0.000142895
4.5732e-005,0.0108696
4.5736e-005,0.0185189
4.574e-005,0.0203196
4.5744e-005,0.0221103
4.5748e-005,0.0247593
4.5752e-005,0.0261731
4.5756e-005,0.0272297
4.576e-005,0.0283756
4.5764e-005,0.0300721
4.5768e-005,0.030335
4.5772e-005,0.0309451
4.5776e-005,0.0323589
4.578e-005,0.0318976
4.5784e-005,0.0328798
4.5788e-005,0.0339612
4.5792e-005,0.0339017
4.5796e-005,0.0338223
4.58e-005,0.0349831
4.5804e-005,0.0343184
4.5808e-005,0.0344821
4.5812e-005,0.0348541
4.5816e-005,0.035494
4.582e-005,0.0361637
4.5824e-005,0.0354891
4.5828e-005,0.03537
4.5832e-005,0.0347946
4.5836e-005,0.0357867
4.584e-005,0.0359355
4.5844e-005,0.036129
4.5848e-005,0.0360794
4.5852e-005,0.0356726
4.5856e-005,0.0354692
4.586e-005,0.0357222
4.5864e-005,0.0354246
4.5868e-005,0.035747
4.5872e-005,0.0364514
4.5876e-005,0.0353154
4.588e-005,0.0362778
4.5884e-005,0.0359851
4.5888e-005,0.0354742
4.5892e-005,0.0361637
4.5896e-005,0.035995
4.59e-005,0.0352857
4.5904e-005,0.0359256
4.5908e-005,0.0357817
4.5912e-005,0.0358313
4.5916e-005,0.0360744
4.592e-005,0.0358661
4.5924e-005,0.0358363
4.5928e-005,0.0353502
4.5932e-005,0.0354791
4.5936e-005,0.0351765
4.594e-005,0.0355684
4.5944e-005,0.0354196
4.5948e-005,0.0352857
4.5952e-005,0.0353005
4.5956e-005,0.0349483
4.596e-005,0.0354394
4.5964e-005,0.0353005
4.5968e-005,0.0353799
4.5972e-005,0.0346706
4.5976e-005,0.0352311
4.598e-005,0.0350922
4.5984e-005,0.0350178
4.5988e-005,0.0340802
4.5992e-005,0.0347251
4.5996e-005,0.0346954
4.6e-005,0.0351865
4.6004e-005,0.0349335
4.6008e-005,0.0350773
4.6012e-005,0.0348938
4.6016e-005,0.0344969
4.602e-005,0.0348343
4.6024e-005,0.0345565
4.6028e-005,0.0344969
4.6032e-005,0.034368
4.6036e-005,0.0352261
4.604e-005,0.0351716
4.6044e-005,0.0352559
4.6048e-005,0.034998
4.6052e-005,0.0355387
4.6056e-005,0.0344969
4.606e-005,0.035499
4.6064e-005,0.0353005
4.6068e-005,0.0350972
4.6072e-005,0.0349384
4.6076e-005,0.0347648
4.608e-005,0.0358165
4.6084e-005,0.0348739
4.6088e-005,0.0356379
4.6092e-005,0.0351071
4.6096e-005,0.0350724
4.61e-005,0.0342985
4.6104e-005,0.0345862
4.6108e-005,0.0355486
4.6112e-005,0.0355238
4.6116e-005,0.0351617
4.612e-005,0.0351071
4.6124e-005,0.0345565
4.6128e-005,0.0351468
4.6132e-005,0.0348045
4.6136e-005,0.035375
4.614e-005,0.0354841
4.6144e-005,0.0354642
4.6148e-005,0.0351319
4.6152e-005,0.0344721
4.6156e-005,0.0350327
4.616e-005,0.0343184
4.6164e-005,0.0351021
4.6168e-005,0.0357916
4.6172e-005,0.034998
4.6176e-005,0.0352757
4.618e-005,0.0352559
4.6184e-005,0.0358264
4.6188e-005,0.0351567
4.6192e-005,0.0351765
4.6196e-005,0.0351468
4.62e-005,0.0349682
4.6204e-005,0.0348392
4.6208e-005,0.0344424
4.6212e-005,0.0350922
4.6216e-005,0.0352906
4.622e-005,0.0358909
4.6224e-005,0.0350128
4.6228e-005,0.0351319
4.6232e-005,0.0359603
4.6236e-005,0.034988
4.624e-005,0.0353353
4.6244e-005,0.0358413
4.6248e-005,0.0348541
4.6252e-005,0.0351368
4.6256e-005,0.0359355
4.626e-005,0.0354047
4.6264e-005,0.035246
4.6268e-005,0.0360446
4.6272e-005,0.0351418
4.6276e-005,0.0351815
4.628e-005,0.0354494
4.6284e-005,0.0354791
4.6288e-005,0.0352609
4.6292e-005,0.0357073
4.6296e-005,0.0348591
4.63e-005,0.035499
4.6304e-005,0.0349483
4.6308e-005,0.0354295
4.6312e-005,0.0348839
4.6316e-005,0.0355238
4.632e-005,0.0350575
4.6324e-005,0.0349731
4.6328e-005,0.034358
4.6332e-005,0.034993
4.6336e-005,0.035241
4.634e-005,0.0352906
4.6344e-005,0.0351269
4.6348e-005,0.0358313
4.6352e-005,0.0353502
4.6356e-005,0.0355585
4.636e-005,0.0356379
4.6364e-005,0.0352559
4.6368e-005,0.034998
4.6372e-005,0.0354494
4.6376e-005,0.0355387
4.638e-005,0.0357966
4.6384e-005,0.0358611
4.6388e-005,0.0356825
4.6392e-005,0.0352559
4.6396e-005,0.0352559
4.64e-005,0.0357619
4.6404e-005,0.0344672
4.6408e-005,0.0351418
4.6412e-005,0.0338223
4.6416e-005,0.0320712
4.642e-005,0.0314015
4.6424e-005,0.0316446
4.6428e-005,0.0306922
4.6432e-005,0.0311684
4.6436e-005,0.0242483
4.644e-005,0.020389
4.6444e-005,0.0198433
4.6448e-005,0.0195903
4.6452e-005,0.0192629
4.6456e-005,0.0190992
4.646e-005,0.00845381
4.6464e-005,0.00102781
4.6468e-005,0.00147426
4.6472e-005,-0.000212343
4.6476e-005,0.000348204
4.648e-005,0.00109229
4.6484e-005,0.000586312
4.6488e-005,0.00073513
4.6492e-005,0.000854184
4.6496e-005,-0.000653836
4.65e-005,0.0100908
4.6504e-005,0.0201906
4.6508e-005,0.0215746
4.6512e-005,0.024665
4.6516e-005,0.0284946
4.652e-005,0.0305533
4.6524e-005,0.03159
4.6528e-005,0.0338719
4.6532e-005,0.0357123
4.6536e-005,0.0362579
4.654e-005,0.038262
4.6544e-005,0.0393186
4.6548e-005,0.0397502
4.6552e-005,0.040281
4.6556e-005,0.0409159
4.656e-005,0.0414914
4.6564e-005,0.0410548
4.6568e-005,0.0423793
4.6572e-005,0.0431432
4.6576e-005,0.0434111
4.658e-005,0.0433962
4.6584e-005,0.0440014
4.6588e-005,0.044304
4.6592e-005,0.0444578
4.6596e-005,0.0450382
4.66e-005,0.0447257
4.6604e-005,0.0442445
4.6608e-005,0.0454598
4.6612e-005,0.0454747
4.6616e-005,0.0456235
4.662e-005,0.0447951
4.6624e-005,0.0447158
4.6628e-005,0.0451672
4.6632e-005,0.0448596
4.6636e-005,0.0453904
4.664e-005,0.0452813
4.6644e-005,0.0450332
4.6648e-005,0.0463081
4.6652e-005,0.0455938
4.6656e-005,0.0449687
4.666e-005,0.0454598
4.6664e-005,0.0456186
4.6668e-005,0.0453458
4.6672e-005,0.0460551
4.6676e-005,0.0458666
4.668e-005,0.0449737
4.6684e-005,0.0457872
4.6688e-005,0.0457277
4.6692e-005,0.0454102
4.6696e-005,0.0454896
4.67e-005,0.0454698
4.6704e-005,0.0450134
4.6708e-005,0.0455739
4.6712e-005,0.0456235
4.6716e-005,0.0456533
4.672e-005,0.0460353
4.6724e-005,0.0456533
4.6728e-005,0.0455293
4.6732e-005,0.0461543
4.6736e-005,0.0453904
4.674e-005,0.0452416
4.6744e-005,0.0455144
4.6748e-005,0.0452713
4.6752e-005,0.0456087
4.6756e-005,0.0458716
4.676e-005,0.0458716
4.6764e-005,0.0454747
4.6768e-005,0.0451523
4.6772e-005,0.0454499
4.6776e-005,0.044686
4.678e-005,0.0453606
4.6784e-005,0.0450828
4.6788e-005,0.0453259
4.6792e-005,0.045316
4.6796e-005,0.0458765
4.68e-005,0.0453854
4.6804e-005,0.0463329
4.6808e-005,0.0453954
4.6812e-005,0.0454152
4.6816e-005,0.045435
4.682e-005,0.0456235
4.6824e-005,0.0452317
4.6828e-005,0.0458617
4.6832e-005,0.0452614
4.6836e-005,0.0450481
4.684e-005,0.0456136
4.6844e-005,0.045316
4.6848e-005,0.045817
4.6852e-005,0.0453259
4.6856e-005,0.0450531
4.686e-005,0.0456087
4.6864e-005,0.0454202
4.6868e-005,0.0456087
4.6872e-005,0.0448745
4.6876e-005,0.0460799
4.688e-005,0.0453209
4.6884e-005,0.0457277
4.6888e-005,0.0459609
4.6892e-005,0.045941
4.6896e-005,0.0456037
4.69e-005,0.0460105
4.6904e-005,0.0456632
4.6908e-005,0.045698
4.6912e-005,0.045058
4.6916e-005,0.045822
4.692e-005,0.045192
4.6924e-005,0.0460154
4.6928e-005,0.045569
4.6932e-005,0.045569
4.6936e-005,0.0453656
4.694e-005,0.0458815
4.6944e-005,0.0457426
4.6948e-005,0.0453259
4.6952e-005,0.0456335
4.6956e-005,0.0456732
4.696e-005,0.0455839
4.6964e-005,0.0459509
4.6968e-005,0.04544
4.6972e-005,0.0464024
4.6976e-005,0.0465809
4.698e-005,0.0456583
4.6984e-005,0.0465313
4.6988e-005,0.0465958
4.6992e-005,0.045192
4.6996e-005,0.0456136
4.7e-005,0.0458716
4.7004e-005,0.045569
4.7008e-005,0.0459509
4.7012e-005,0.0456186
4.7016e-005,0.045068
4.702e-005,0.0465611
4.7024e-005,0.0457724
4.7028e-005,0.0462535
4.7032e-005,0.0460055
4.7036e-005,0.0458716
4.704e-005,0.0454648
4.7044e-005,0.0460551
4.7048e-005,0.0460502
4.7052e-005,0.0455343
4.7056e-005,0.0459956
4.706e-005,0.0464569
4.7064e-005,0.0460849
4.7068e-005,0.0464024
4.7072e-005,0.0460055
4.7076e-005,0.0461246
4.708e-005,0.0458269
4.7084e-005,0.0463329
4.7088e-005,0.0464371
4.7092e-005,0.0460055
4.7096e-005,0.045435
4.71e-005,0.0448249
4.7104e-005,0.0464817
4.7108e-005,0.0448993
4.7112e-005,0.045817
4.7116e-005,0.0458269
4.712e-005,0.0453061
4.7124e-005,0.0462684
4.7128e-005,0.0462635
4.7132e-005,0.0451771
4.7136e-005,0.0452862
4.714e-005,0.0461642
4.7144e-005,0.045946
4.7148e-005,0.0456384
4.7152e-005,0.0457575
4.7156e-005,0.0456682
4.716e-005,0.0459609
4.7164e-005,0.0458517
4.7168e-005,0.0465958
4.7172e-005,0.0454797
4.7176e-005,0.0446165
4.718e-005,0.0412334
4.7184e-005,0.037756
4.7188e-005,0.0365109
4.7192e-005,0.0350872
4.7196e-005,0.0346259
4.72e-005,0.0340604
4.7204e-005,0.0258209
4.7208e-005,0.020384
4.7212e-005,0.0202303
4.7216e-005,0.0195755
4.722e-005,0.0192977
4.7224e-005,0.0188115
4.7228e-005,0.00975349
4.7232e-005,0.00169252
4.7236e-005,0.00192567
4.724e-005,0.000174583
4.7244e-005,0.000373007
4.7248e-005,0.00145442
4.7252e-005,0.000477179
4.7256e-005,0.000705366
4.726e-005,0.000497021
4.7264e-005,0.000328361
4.7268e-005,0.0102545
4.7272e-005,0.0201707
4.7276e-005,0.0231967
4.728e-005,0.0275521
4.7284e-005,0.0315255
4.7288e-005,0.0348094
4.7292e-005,0.035747
4.7296e-005,0.0379396
4.73e-005,0.0398296
4.7304e-005,0.0401719
4.7308e-005,0.042424
4.7312e-005,0.0429746
4.7316e-005,0.0441651
4.732e-005,0.0452317
4.7324e-005,0.0459559
4.7328e-005,0.0468339
4.7332e-005,0.0473945
4.7336e-005,0.0485701
4.734e-005,0.0483965
4.7344e-005,0.0485255
4.7348e-005,0.0490315
4.7352e-005,0.0497458
4.7356e-005,0.049969
4.736e-005,0.0503063
4.7364e-005,0.0509066
4.7368e-005,0.0505941
4.7372e-005,0.0505296
4.7376e-005,0.0515515
4.738e-005,0.0517152
4.7384e-005,0.0513034
4.7388e-005,0.0522906
4.7392e-005,0.0524493
4.7396e-005,0.0519632
4.74e-005,0.0521021
4.7404e-005,0.0532083
4.7408e-005,0.0529107
4.7412e-005,0.0525088
4.7416e-005,0.0526329
4.742e-005,0.0529305
4.7424e-005,0.0526279
4.7428e-005,0.0530297
4.7432e-005,0.0528164
4.7436e-005,0.0532083
4.744e-005,0.0530099
4.7444e-005,0.0538184
4.7448e-005,0.0533869
4.7452e-005,0.0533918
4.7456e-005,0.0535655
4.746e-005,0.0540863
4.7464e-005,0.0537688
4.7468e-005,0.0543244
4.7472e-005,0.0535903
4.7476e-005,0.0538581
4.748e-005,0.054131
4.7484e-005,0.05362
4.7488e-005,0.0539673
4.7492e-005,0.053496
4.7496e-005,0.0536746
4.75e-005,0.0540218
4.7504e-005,0.0540516
4.7508e-005,0.0528015
4.7512e-005,0.0542996
4.7516e-005,0.0542599
4.752e-005,0.0535853
4.7524e-005,0.0540814
4.7528e-005,0.0538929
4.7532e-005,0.0535704
4.7536e-005,0.0535803
4.754e-005,0.0536994
4.7544e-005,0.0528214
4.7548e-005,0.0539623
4.7552e-005,0.0535059
4.7556e-005,0.0535903
4.756e-005,0.0534365
4.7564e-005,0.053501
4.7568e-005,0.0533968
4.7572e-005,0.0535655
4.7576e-005,0.0539573
4.758e-005,0.0532629
4.7584e-005,0.0535407
4.7588e-005,0.0536547
4.7592e-005,0.0534067
4.7596e-005,0.0539028
4.76e-005,0.0534464
4.7604e-005,0.0538978
4.7608e-005,0.0532777
4.7612e-005,0.0532579
4.7616e-005,0.0535307
4.762e-005,0.0540318
4.7624e-005,0.0536051
4.7628e-005,0.0537341
4.7632e-005,0.0534365
4.7636e-005,0.0537688
4.764e-005,0.0534018
4.7644e-005,0.0534613
4.7648e-005,0.0539821
4.7652e-005,0.0535258
4.7656e-005,0.0537192
4.766e-005,0.0541161
4.7664e-005,0.0536002
4.7668e-005,0.0534464
4.7672e-005,0.0533869
4.7676e-005,0.0534613
4.768e-005,0.0534662
4.7684e-005,0.0536101
4.7688e-005,0.0532281
4.7692e-005,0.0543939
4.7696e-005,0.053873
4.77e-005,0.054131
4.7704e-005,0.0539226
4.7708e-005,0.0536647
4.7712e-005,0.0532629
4.7716e-005,0.0540417
4.772e-005,0.0543294
4.7724e-005,0.0537143
4.7728e-005,0.0544088
4.7732e-005,0.0542103
4.7736e-005,0.0537341
4.774e-005,0.0541558
4.7744e-005,0.0540566
4.7748e-005,0.053754
4.7752e-005,0.054121
4.7756e-005,0.0539573
4.776e-005,0.0545923
4.7764e-005,0.0539127
4.7768e-005,0.0529702
4.7772e-005,0.0542996
4.7776e-005,0.0540962
4.778e-005,0.0535605
4.7784e-005,0.053744
4.7788e-005,0.0544931
4.7792e-005,0.0545526
4.7796e-005,0.054384
4.78e-005,0.0542103
4.7804e-005,0.0546419
4.7808e-005,0.0541756
4.7812e-005,0.0547114
4.7816e-005,0.0539722
4.782e-005,0.0541458
4.7824e-005,0.0542302
4.7828e-005,0.0535803
4.7832e-005,0.0537986
4.7836e-005,0.05425
4.784e-005,0.0539573
4.7844e-005,0.054121
4.7848e-005,0.053501
4.7852e-005,0.0532529
4.7856e-005,0.0539871
4.786e-005,0.0540516
4.7864e-005,0.054002
4.7868e-005,0.0543095
4.7872e-005,0.0542252
4.7876e-005,0.0543641
4.788e-005,0.0541111
4.7884e-005,0.054498
4.7888e-005,0.0540516
4.7892e-005,0.053744
4.7896e-005,0.0544088
4.79e-005,0.0534712
4.7904e-005,0.0535853
4.7908e-005,0.0540665
4.7912e-005,0.0542401
4.7916e-005,0.0544038
4.792e-005,0.0541855
4.7924e-005,0.0540069
4.7928e-005,0.0538085
4.7932e-005,0.0548006
4.7936e-005,0.0544881
4.794e-005,0.0530496
4.7944e-005,0.0524543
4.7948e-005,0.0467446
4.7952e-005,0.0410995
4.7956e-005,0.0390508
4.796e-005,0.0372649
4.7964e-005,0.0371161
4.7968e-005,0.0354345
4.7972e-005,0.026178
4.7976e-005,0.0213464
4.798e-005,0.0207511
4.7984e-005,0.0202402
4.7988e-005,0.0190645
4.7992e-005,0.0193324
4.7996e-005,0.00986758
4.8e-005,0.00149906
4.8004e-005,0.00194551
4.8008e-005,0.000506943
4.8012e-005,4.56074e-005
4.8016e-005,0.000630958
4.802e-005,0.000680563
4.8024e-005,0.000908751
4.8028e-005,0.000963317
4.8032e-005,-0.000232186
4.8036e-005,0.0106662
4.804e-005,0.0188115
4.8044e-005,0.0195259
4.8048e-005,0.0204833
4.8052e-005,0.0224278
4.8056e-005,0.0230032
4.806e-005,0.023281
4.8064e-005,0.0233356
4.8068e-005,0.0241392
4.8072e-005,0.0242533
4.8076e-005,0.0244964
4.808e-005,0.0262971
4.8084e-005,0.0252901
4.8088e-005,0.0256175
4.8092e-005,0.0260838
4.8096e-005,0.0255629
4.81e-005,0.0254091
4.8104e-005,0.0259399
4.8108e-005,0.0258903
4.8112e-005,0.0259002
4.8116e-005,0.026307
4.812e-005,0.0257415
4.8124e-005,0.0256423
4.8128e-005,0.0259945
4.8132e-005,0.0260788
4.8136e-005,0.0255778
4.814e-005,0.0251264
4.8144e-005,0.0255183
4.8148e-005,0.0259201
4.8152e-005,0.0253298
4.8156e-005,0.0256026
4.816e-005,0.0258308
4.8164e-005,0.0255183
4.8168e-005,0.0253149
4.8172e-005,0.0255183
4.8176e-005,0.025419
4.818e-005,0.0252851
4.8184e-005,0.0251561
4.8188e-005,0.0256026
4.8192e-005,0.0252305
4.8196e-005,0.0254488
4.82e-005,0.0252851
4.8204e-005,0.0256423
4.8208e-005,0.0254091
4.8212e-005,0.0255778
4.8216e-005,0.0247593
4.822e-005,0.0253794
4.8224e-005,0.025801
4.8228e-005,0.0252702
4.8232e-005,0.0249577
4.8236e-005,0.025047
4.824e-005,0.024412
4.8244e-005,0.025176
4.8248e-005,0.0247742
4.8252e-005,0.0251909
4.8256e-005,0.0248883
4.826e-005,0.0254488
4.8264e-005,0.0247841
4.8268e-005,0.0256869
4.8272e-005,0.0255034
4.8276e-005,0.0254538
4.828e-005,0.0254984
4.8284e-005,0.0253298
4.8288e-005,0.0248982
4.8292e-005,0.0252355
4.8296e-005,0.0250024
4.83e-005,0.0254538
4.8304e-005,0.0256423
4.8308e-005,0.0260887
4.8312e-005,0.0251214
4.8316e-005,0.0251958
4.832e-005,0.0253645
4.8324e-005,0.0256224
4.8328e-005,0.0246849
4.8332e-005,0.0259449
4.8336e-005,0.0256968
4.834e-005,0.0257613
4.8344e-005,0.0256423
4.8348e-005,0.026054
4.8352e-005,0.0259548
4.8356e-005,0.0251561
4.836e-005,0.0253893
4.8364e-005,0.0259449
4.8368e-005,0.0252752
4.8372e-005,0.0257911
4.8376e-005,0.0247791
4.838e-005,0.025042
4.8384e-005,0.0259846
4.8388e-005,0.0247543
4.8392e-005,0.0247692
4.8396e-005,0.0252405
4.84e-005,0.0253
4.8404e-005,0.0249875
4.8408e-005,0.0246948
4.8412e-005,0.0250569
4.8416e-005,0.0248337
4.842e-005,0.0255827
4.8424e-005,0.0255083
4.8428e-005,0.0254488
4.8432e-005,0.0251016
4.8436e-005,0.0254736
4.844e-005,0.0258853
4.8444e-005,0.024918
4.8448e-005,0.025424
4.8452e-005,0.0253149
4.8456e-005,0.0249627
4.846e-005,0.0249776
4.8464e-005,0.0248387
4.8468e-005,0.0256373
4.8472e-005,0.0250569
4.8476e-005,0.025553
4.848e-005,0.0255728
4.8484e-005,0.0252702
4.8488e-005,0.0254984
4.8492e-005,0.0251065
4.8496e-005,0.0256919
4.85e-005,0.0256274
4.8504e-005,0.0249627
4.8508e-005,0.0257216
4.8512e-005,0.025677
4.8516e-005,0.0252107
4.852e-005,0.0253694
4.8524e-005,0.0252702
4.8528e-005,0.0250321
4.8532e-005,0.0249577
4.8536e-005,0.0252157
4.854e-005,0.0251016
4.8544e-005,0.0252305
4.8548e-005,0.0253099
4.8552e-005,0.0250668
4.8556e-005,0.0249329
4.856e-005,0.0246055
4.8564e-005,0.0243773
4.8568e-005,0.0250619
4.8572e-005,0.0253446
4.8576e-005,0.0247742
4.858e-005,0.0251214
4.8584e-005,0.0250768
4.8588e-005,0.025295
4.8592e-005,0.0249627
4.8596e-005,0.0248337
4.86e-005,0.0251859
4.8604e-005,0.0249379
4.8608e-005,0.0249627
4.8612e-005,0.024665
4.8616e-005,0.0249924
4.862e-005,0.0250619
4.8624e-005,0.0252008
4.8628e-005,0.0250668
4.8632e-005,0.0251016
4.8636e-005,0.0250123
4.864e-005,0.0245559
4.8644e-005,0.0247494
4.8648e-005,0.0245757
4.8652e-005,0.025176
4.8656e-005,0.0253992
4.866e-005,0.0254984
4.8664e-005,0.0251214
4.8668e-005,0.0253546
4.8672e-005,0.0252107
4.8676e-005,0.0251016
4.868e-005,0.0253
4.8684e-005,0.0249527
4.8688e-005,0.0253149
4.8692e-005,0.0250123
4.8696e-005,0.0252851
4.87e-005,0.0254835
4.8704e-005,0.0258258
4.8708e-005,0.0246551
4.8712e-005,0.0250867
4.8716e-005,0.0251016
4.872e-005,0.0253843
4.8724e-005,0.0262723
4.8728e-005,0.0261483
4.8732e-005,0.0265153
4.8736e-005,0.0263665
4.874e-005,0.0222393
4.8744e-005,0.0196499
4.8748e-005,0.0199674
4.8752e-005,0.0198632
4.8756e-005,0.0191786
4.876e-005,0.0190397
4.8764e-005,0.00877129
4.8768e-005,0.00108733
4.8772e-005,0.00140481
4.8776e-005,-0.000177619
4.878e-005,0.000809539
4.8784e-005,0.00112206
4.8788e-005,0.000893869
4.8792e-005,-1.88803e-005
4.8796e-005,0.000764894
4.88e-005,-0.000331398
4.8804e-005,0.0103934
4.8808e-005,0.0193473
4.8812e-005,0.0211281
4.8816e-005,0.0227899
4.882e-005,0.025553
4.8824e-005,0.0255927
4.8828e-005,0.0266096
4.8832e-005,0.028326
4.8836e-005,0.0297397
4.884e-005,0.0298042
4.8844e-005,0.0311088
4.8848e-005,0.0322547
4.8852e-005,0.032225
4.8856e-005,0.0331923
4.886e-005,0.033227
4.8864e-005,0.0338372
4.8868e-005,0.0337132
4.8872e-005,0.0343035
4.8876e-005,0.0346954
4.888e-005,0.0339661
4.8884e-005,0.0351865
4.8888e-005,0.0350128
4.8892e-005,0.0352658
4.8896e-005,0.0357718
4.89e-005,0.0355833
4.8904e-005,0.0353601
4.8908e-005,0.0361687
4.8912e-005,0.0349583
4.8916e-005,0.0355585
4.892e-005,0.0356875
4.8924e-005,0.0359851
4.8928e-005,0.0356875
4.8932e-005,0.035876
4.8936e-005,0.0353551
4.894e-005,0.0352361
4.8944e-005,0.035499
4.8948e-005,0.0351468
4.8952e-005,0.035365
4.8956e-005,0.0348987
4.896e-005,0.0351517
4.8964e-005,0.0355238
4.8968e-005,0.0349384
4.8972e-005,0.0352559
4.8976e-005,0.034998
4.898e-005,0.0352906
4.8984e-005,0.0347202
4.8988e-005,0.0357172
4.8992e-005,0.0346259
4.8996e-005,0.0349682
4.9e-005,0.035499
4.9004e-005,0.0343035
4.9008e-005,0.0355188
4.9012e-005,0.0359107
4.9016e-005,0.0352956
4.902e-005,0.0353055
4.9024e-005,0.0350624
4.9028e-005,0.0351319
4.9032e-005,0.0343233
4.9036e-005,0.0348491
4.904e-005,0.035246
4.9044e-005,0.0349583
4.9048e-005,0.0350476
4.9052e-005,0.0353502
4.9056e-005,0.0348392
4.906e-005,0.0350773
4.9064e-005,0.0344672
4.9068e-005,0.0342092
4.9072e-005,0.0348541
4.9076e-005,0.0341298
4.908e-005,0.0343928
4.9084e-005,0.0350178
4.9088e-005,0.0350724
4.9092e-005,0.0345565
4.9096e-005,0.0352013
4.91e-005,0.0347598
4.9104e-005,0.0349831
4.9108e-005,0.0356776
4.9112e-005,0.035122
4.9116e-005,0.0346656
4.912e-005,0.0347846
4.9124e-005,0.0351319
4.9128e-005,0.0347896
4.9132e-005,0.0352609
4.9136e-005,0.0355684
4.914e-005,0.0351865
4.9144e-005,0.0350922
4.9148e-005,0.0352261
4.9152e-005,0.0345118
4.9156e-005,0.0345565
4.916e-005,0.0347102
4.9164e-005,0.0348938
4.9168e-005,0.0351617
4.9172e-005,0.0346061
4.9176e-005,0.0338769
4.918e-005,0.034487
4.9184e-005,0.0347251
4.9188e-005,0.0339513
4.9192e-005,0.0341844
4.9196e-005,0.0346309
4.92e-005,0.0349731
4.9204e-005,0.0340654
4.9208e-005,0.0343084
4.9212e-005,0.0347598
4.9216e-005,0.0348839
4.922e-005,0.0345862
4.9224e-005,0.0344027
4.9228e-005,0.0341001
4.9232e-005,0.0344126
4.9236e-005,0.0352906
4.924e-005,0.034988
4.9244e-005,0.0348987
4.9248e-005,0.0340604
4.9252e-005,0.0345862
4.9256e-005,0.0350922
4.926e-005,0.0345267
4.9264e-005,0.0346755
4.9268e-005,0.0350029
4.9272e-005,0.0340703
4.9276e-005,0.0339711
4.928e-005,0.0345118
4.9284e-005,0.0345515
4.9288e-005,0.0339066
4.9292e-005,0.0347102
4.9296e-005,0.0343184
4.93e-005,0.0349682
4.9304e-005,0.0345366
4.9308e-005,0.0348194
4.9312e-005,0.0352361
4.9316e-005,0.0346259
4.932e-005,0.0346259
4.9324e-005,0.033857
4.9328e-005,0.0347846
4.9332e-005,0.0337528
4.9336e-005,0.0347053
4.934e-005,0.0344374
4.9344e-005,0.0348392
4.9348e-005,0.034998
4.9352e-005,0.0346557
4.9356e-005,0.0357024
4.936e-005,0.0341249
4.9364e-005,0.035241
4.9368e-005,0.0348541
4.9372e-005,0.0347053
4.9376e-005,0.0344176
4.938e-005,0.0346408
4.9384e-005,0.0351468
4.9388e-005,0.0348144
4.9392e-005,0.0343134
4.9396e-005,0.0345614
4.94e-005,0.0347102
4.9404e-005,0.0348392
4.9408e-005,0.0347499
4.9412e-005,0.0348194
4.9416e-005,0.0346606
4.942e-005,0.0349731
4.9424e-005,0.0350178
4.9428e-005,0.0348938
4.9432e-005,0.0344771
4.9436e-005,0.0345713
4.944e-005,0.0349037
4.9444e-005,0.034239
4.9448e-005,0.0343084
4.9452e-005,0.0346358
4.9456e-005,0.0344572
4.946e-005,0.0347301
4.9464e-005,0.0346606
4.9468e-005,0.034988
4.9472e-005,0.0354891
4.9476e-005,0.034234
4.948e-005,0.033862
4.9484e-005,0.0330385
4.9488e-005,0.0320166
4.9492e-005,0.0316049
4.9496e-005,0.030707
4.95e-005,0.030588
4.9504e-005,0.0302655
4.9508e-005,0.0243178
4.9512e-005,0.0201509
4.9516e-005,0.0200914
4.952e-005,0.0196201
4.9524e-005,0.0193473
4.9528e-005,0.0193026
4.9532e-005,0.00918798
4.9536e-005,0.00117662
4.954e-005,0.00136016
4.9544e-005,0.000586312
4.9548e-005,0.000779775
4.9552e-005,0.000859145
4.9556e-005,0.000829381
4.956e-005,0.000501982
4.9564e-005,0.000174583
4.9568e-005,-0.000321477
4.9572e-005,0.01082
4.9576e-005,0.0193225
4.958e-005,0.0223484
4.9584e-005,0.0249627
4.9588e-005,0.0289113
4.9592e-005,0.0308162
4.9596e-005,0.0317984
4.96e-005,0.0341695
4.9604e-005,0.0358016
4.9608e-005,0.0369177
4.9612e-005,0.0372897
4.9616e-005,0.0392244
4.962e-005,0.0390954
4.9624e-005,0.0402314
4.9628e-005,0.0405687
4.9632e-005,0.0420271
4.9636e-005,0.042042
4.964e-005,0.0424587
4.9644e-005,0.0434508
4.9648e-005,0.0433863
4.9652e-005,0.0439717
4.9656e-005,0.0438129
4.966e-005,0.0444677
4.9664e-005,0.0438625
4.9668e-005,0.0441751
4.9672e-005,0.0445521
4.9676e-005,0.0445273
4.968e-005,0.0442296
4.9684e-005,0.0454301
4.9688e-005,0.0450977
4.9692e-005,0.0445372
4.9696e-005,0.0451027
4.97e-005,0.0452961
4.9704e-005,0.0451969
4.9708e-005,0.0457823
4.9712e-005,0.0455591
4.9716e-005,0.0455491
4.972e-005,0.0454152
4.9724e-005,0.0457624
4.9728e-005,0.0452961
4.9732e-005,0.0453805
4.9736e-005,0.0457376
4.974e-005,0.0449489
4.9744e-005,0.0450729
4.9748e-005,0.0455095
4.9752e-005,0.0450184
4.9756e-005,0.0456682
4.976e-005,0.0454896
4.9764e-005,0.0453408
4.9768e-005,0.0455243
4.9772e-005,0.0463726
4.9776e-005,0.0460254
4.978e-005,0.0457525
4.9784e-005,0.0456781
4.9788e-005,0.0451622
4.9792e-005,0.045569
4.9796e-005,0.0457624
4.98e-005,0.0451721
4.9804e-005,0.0455491
4.9808e-005,0.0459906
4.9812e-005,0.0456831
4.9816e-005,0.0451473
4.982e-005,0.045698
4.9824e-005,0.0452217
4.9828e-005,0.0461047
4.9832e-005,0.0454698
4.9836e-005,0.0450531
4.984e-005,0.045187
4.9844e-005,0.0452118
4.9848e-005,0.0456831
4.9852e-005,0.0454896
4.9856e-005,0.0451821
4.986e-005,0.0455392
4.9864e-005,0.0457376
4.9868e-005,0.0459162
4.9872e-005,0.0456087
4.9876e-005,0.0451622
4.988e-005,0.0463279
4.9884e-005,0.0454846
4.9888e-005,0.0464321
4.9892e-005,0.0461494
4.9896e-005,0.0452614
4.99e-005,0.0457922
4.9904e-005,0.0454102
4.9908e-005,0.0455491
4.9912e-005,0.0454251
4.9916e-005,0.0460898
4.992e-005,0.0456632
4.9924e-005,0.0458567
4.9928e-005,0.0451572
4.9932e-005,0.045058
4.9936e-005,0.0457773
4.994e-005,0.0455442
4.9944e-005,0.0454846
4.9948e-005,0.0457922
4.9952e-005,0.0467198
4.9956e-005,0.0460402
4.996e-005,0.0463528
4.9964e-005,0.0463974
4.9968e-005,0.0453805
4.9972e-005,0.0462684
4.9976e-005,0.0458021
4.998e-005,0.0456732
4.9984e-005,0.0457376
4.9988e-005,0.0456384
4.9992e-005,0.0452168
4.9996e-005,0.0453309
5e-005,0.0453358
5.0004e-005,0.0450432
5.0008e-005,0.0456037
5.0012e-005,0.0450382
5.0016e-005,0.0455789
5.002e-005,0.0458765
5.0024e-005,0.0450779
5.0028e-005,0.0455194
5.0032e-005,0.0457872
5.0036e-005,0.045058
5.004e-005,0.0454846
5.0044e-005,0.0456186
5.0048e-005,0.0454797
5.0052e-005,0.0458468
5.0056e-005,0.0452366
5.006e-005,0.0453358
5.0064e-005,0.0456533
5.0068e-005,0.0455839
5.0072e-005,0.0456384
5.0076e-005,0.0463031
5.008e-005,0.0455095
5.0084e-005,0.0460849
5.0088e-005,0.0454698
5.0092e-005,0.0457277
5.0096e-005,0.045688
5.01e-005,0.0451672
5.0104e-005,0.0457376
5.0108e-005,0.0454747
5.0112e-005,0.0453408
5.0116e-005,0.0460105
5.012e-005,0.0453458
5.0124e-005,0.0459807
5.0128e-005,0.0460551
5.0132e-005,0.0459212
5.0136e-005,0.0457277
5.014e-005,0.0455591
5.0144e-005,0.0456682
5.0148e-005,0.045564
5.0152e-005,0.0462684
5.0156e-005,0.0453854
5.016e-005,0.0450977
5.0164e-005,0.0456037
5.0168e-005,0.0452713
5.0172e-005,0.0458071
5.0176e-005,0.0460799
5.018e-005,0.0460799
5.0184e-005,0.0449638
5.0188e-005,0.0462039
5.0192e-005,0.0454499
5.0196e-005,0.0453507
5.02e-005,0.0460502
5.0204e-005,0.0458617
5.0208e-005,0.0451126
5.0212e-005,0.0459609
5.0216e-005,0.0452416
5.022e-005,0.0450035
5.0224e-005,0.0456136
5.0228e-005,0.0460948
5.0232e-005,0.0451374
5.0236e-005,0.0456136
5.024e-005,0.0459013
5.0244e-005,0.0454053
5.0248e-005,0.04418
5.0252e-005,0.0408515
5.0256e-005,0.0384902
5.026e-005,0.0366349
5.0264e-005,0.0358561
5.0268e-005,0.0354593
5.0272e-005,0.0344225
5.0276e-005,0.0259598
5.028e-005,0.0196995
5.0284e-005,0.0203196
5.0288e-005,0.0198136
5.0292e-005,0.0200616
5.0296e-005,0.0188909
5.03e-005,0.00905405
5.0304e-005,0.00106749
5.0308e-005,0.00164788
5.0312e-005,0.00057143
5.0316e-005,0.000670642
5.032e-005,0.0006508
5.0324e-005,0.000392849
5.0328e-005,0.000784736
5.0332e-005,-0.000118092
5.0336e-005,0.000308519
5.034e-005,0.0101652
5.0344e-005,0.020007
5.0348e-005,0.0240797
5.0352e-005,0.0273686
5.0356e-005,0.0306376
5.036e-005,0.0344572
5.0364e-005,0.0352509
5.0368e-005,0.0381281
5.0372e-005,0.03977
5.0376e-005,0.0410102
5.038e-005,0.042047
5.0384e-005,0.0433268
5.0388e-005,0.0442445
5.0392e-005,0.0450382
5.0396e-005,0.046065
5.04e-005,0.0466504
5.0404e-005,0.0476177
5.0408e-005,0.0477268
5.0412e-005,0.0484064
5.0416e-005,0.0491009
5.042e-005,0.0492398
5.0424e-005,0.049721
5.0428e-005,0.0498946
5.0432e-005,0.0503361
5.0436e-005,0.0507875
5.044e-005,0.0507528
5.0444e-005,0.0505693
5.0448e-005,0.0509165
5.0452e-005,0.0511695
5.0456e-005,0.051988
5.046e-005,0.0517995
5.0464e-005,0.052112
5.0468e-005,0.0525039
5.0472e-005,0.0517747
5.0476e-005,0.0527966
5.048e-005,0.0531587
5.0484e-005,0.0522658
5.0488e-005,0.0526974
5.0492e-005,0.0527271
5.0496e-005,0.0526428
5.05e-005,0.0527321
5.0504e-005,0.0527916
5.0508e-005,0.0521467
5.0512e-005,0.0528462
5.0516e-005,0.0530248
5.052e-005,0.0529355
5.0524e-005,0.0531686
5.0528e-005,0.0535555
5.0532e-005,0.0532232
5.0536e-005,0.0535258
5.054e-005,0.0530446
5.0544e-005,0.0531984
5.0548e-005,0.0537044
5.0552e-005,0.0535754
5.0556e-005,0.0533174
5.056e-005,0.053496
5.0564e-005,0.0538234
5.0568e-005,0.0534315
5.0572e-005,0.0534464
5.0576e-005,0.0528462
5.058e-005,0.0529751
5.0584e-005,0.0538234
5.0588e-005,0.0532926
5.0592e-005,0.0534067
5.0596e-005,0.0540566
5.06e-005,0.0529255
5.0604e-005,0.0536101
5.0608e-005,0.0538631
5.0612e-005,0.0536895
5.0616e-005,0.0536448
5.062e-005,0.0537093
5.0624e-005,0.0537242
5.0628e-005,0.0531388
5.0632e-005,0.0536101
5.0636e-005,0.0535456
5.064e-005,0.0534365
5.0644e-005,0.0532281
5.0648e-005,0.0532281
5.0652e-005,0.0534861
5.0656e-005,0.0539623
5.066e-005,0.0536399
5.0664e-005,0.0541905
5.0668e-005,0.0539226
5.0672e-005,0.0533025
5.0676e-005,0.0536746
5.068e-005,0.0540417
5.0684e-005,0.0528412
5.0688e-005,0.0535158
5.0692e-005,0.0534662
5.0696e-005,0.0541607
5.07e-005,0.0533422
5.0704e-005,0.0534365
5.0708e-005,0.0540218
5.0712e-005,0.0537192
5.0716e-005,0.0541012
5.072e-005,0.0542054
5.0724e-005,0.0534018
5.0728e-005,0.0539127
5.0732e-005,0.0534662
5.0736e-005,0.0534315
5.074e-005,0.0539325
5.0744e-005,0.0538581
5.0748e-005,0.0537143
5.0752e-005,0.0533422
5.0756e-005,0.0535704
5.076e-005,0.0538929
5.0764e-005,0.0535456
5.0768e-005,0.0540119
5.0772e-005,0.0529652
5.0776e-005,0.0541855
5.078e-005,0.0533025
5.0784e-005,0.0540119
5.0788e-005,0.0540913
5.0792e-005,0.0533025
5.0796e-005,0.0532381
5.08e-005,0.0542649
5.0804e-005,0.0539673
5.0808e-005,0.0538432
5.0812e-005,0.0540516
5.0816e-005,0.0545229
5.082e-005,0.0538333
5.0824e-005,0.0540962
5.0828e-005,0.0536944
5.0832e-005,0.053744
5.0836e-005,0.0536597
5.084e-005,0.0537292
5.0844e-005,0.0538234
5.0848e-005,0.0547312
5.0852e-005,0.0542153
5.0856e-005,0.0529305
5.086e-005,0.0537143
5.0864e-005,0.0541409
5.0868e-005,0.0538184
5.0872e-005,0.0537887
5.0876e-005,0.0542203
5.088e-005,0.0538333
5.0884e-005,0.0541855
5.0888e-005,0.05425
5.0892e-005,0.054255
5.0896e-005,0.0545973
5.09e-005,0.0534514
5.0904e-005,0.0539375
5.0908e-005,0.0539772
5.0912e-005,0.0538383
5.0916e-005,0.0538135
5.092e-005,0.0536597
5.0924e-005,0.0536498
5.0928e-005,0.0538879
5.0932e-005,0.0543988
5.0936e-005,0.0547907
5.094e-005,0.0538234
5.0944e-005,0.054761
5.0948e-005,0.0533025
5.0952e-005,0.0534861
5.0956e-005,0.0538581
5.096e-005,0.0540318
5.0964e-005,0.053997
5.0968e-005,0.0531587
5.0972e-005,0.0543095
5.0976e-005,0.0541905
5.098e-005,0.0536151
5.0984e-005,0.0537986
5.0988e-005,0.053878
5.0992e-005,0.0538036
5.0996e-005,0.0543244
5.1e-005,0.0538135
5.1004e-005,0.0541607
5.1008e-005,0.0542103
5.1012e-005,0.0531984
5.1016e-005,0.0525882
5.102e-005,0.0461394
5.1024e-005,0.0409655
5.1028e-005,0.0391549
5.1032e-005,0.0379793
5.1036e-005,0.036501
5.104e-005,0.0355188
5.1044e-005,0.0263963
5.1048e-005,0.0211281
5.1052e-005,0.0203543
5.1056e-005,0.019764
5.106e-005,0.0190844
5.1064e-005,0.0195209
5.1068e-005,0.00911357
5.1072e-005,0.0013552
5.1076e-005,0.00157347
5.108e-005,0.000516864
5.1084e-005,0.000516864
5.1088e-005,0.00113198
5.1092e-005,0.000407731
5.1096e-005,0.00098316
5.11e-005,0.000531746
5.1104e-005,-0.000271871
5.1108e-005,0.0114004
5.1112e-005,0.0194465
5.1116e-005,0.0199376
5.112e-005,0.0205775
5.1124e-005,0.0217978
5.1128e-005,0.0230132
5.1132e-005,0.0231818
5.1136e-005,0.0234943
5.114e-005,0.0248238
5.1144e-005,0.023787
5.1148e-005,0.0241144
5.1152e-005,0.0253298
5.1156e-005,0.0255133
5.116e-005,0.0261681
5.1164e-005,0.0261185
5.1168e-005,0.0260689
5.1172e-005,0.0259052
5.1176e-005,0.0261631
5.118e-005,0.0262177
5.1184e-005,0.0261284
5.1188e-005,0.0259895
5.1192e-005,0.0260738
5.1196e-005,0.0261879
5.12e-005,0.026555
5.1204e-005,0.0257514
5.1208e-005,0.0262326
5.1212e-005,0.0262772
5.1216e-005,0.0259151
5.122e-005,0.0262177
5.1224e-005,0.0258804
5.1228e-005,0.0256423
5.1232e-005,0.0261929
5.1236e-005,0.0256373
5.124e-005,0.0259598
5.1244e-005,0.0259201
5.1248e-005,0.0259647
5.1252e-005,0.0254538
5.1256e-005,0.0258407
5.126e-005,0.0258209
