LECROYWR104MXi,20621,Waveform
Segments,1,SegmentSize,2501
Segment,TrigTime,TimeSinceSegment1
#1,21-May-2015 13:59:34,0                 
Time,Ampl
4.126e-005,0.0490414
4.1264e-005,0.0489372
4.1268e-005,0.0488182
4.1272e-005,0.0489819
4.1276e-005,0.0484015
4.128e-005,0.0483965
4.1284e-005,0.0494085
4.1288e-005,0.0489967
4.1292e-005,0.0488479
4.1296e-005,0.04922
4.13e-005,0.0496367
4.1304e-005,0.0494134
4.1308e-005,0.0486743
4.1312e-005,0.0492646
4.1316e-005,0.047955
4.132e-005,0.0472556
4.1324e-005,0.0422057
4.1328e-005,0.0387978
4.1332e-005,0.0376221
4.1336e-005,0.0364167
4.134e-005,0.0353452
4.1344e-005,0.0347648
4.1348e-005,0.0258159
4.1352e-005,0.0206866
4.1356e-005,0.0196796
4.136e-005,0.0195854
4.1364e-005,0.0190298
4.1368e-005,0.0189504
4.1372e-005,0.00859767
4.1376e-005,0.00165284
4.138e-005,0.00140977
4.1384e-005,0.000685524
4.1388e-005,0.000447416
4.1392e-005,0.000586312
4.1396e-005,0.000888908
4.14e-005,0.0011419
4.1404e-005,0.000660721
4.1408e-005,-0.000212343
4.1412e-005,0.00881594
4.1416e-005,0.0193622
4.142e-005,0.0232463
4.1424e-005,0.0281325
4.1428e-005,0.0319819
4.1432e-005,0.0348839
4.1436e-005,0.0360694
4.144e-005,0.038773
4.1444e-005,0.0402512
4.1448e-005,0.0406977
4.1452e-005,0.0432028
4.1456e-005,0.044562
4.146e-005,0.0453011
4.1464e-005,0.0461791
4.1468e-005,0.0464668
4.1472e-005,0.0478211
4.1476e-005,0.0477764
4.148e-005,0.0491406
4.1484e-005,0.0489075
4.1488e-005,0.0499293
4.1492e-005,0.0507726
4.1496e-005,0.0509264
4.15e-005,0.0509859
4.1504e-005,0.0513977
4.1508e-005,0.0521021
4.1512e-005,0.052747
4.1516e-005,0.0524741
4.152e-005,0.0520822
4.1524e-005,0.0536349
4.1528e-005,0.0533323
4.1532e-005,0.0534811
4.1536e-005,0.0539871
4.154e-005,0.0530892
4.1544e-005,0.0532629
4.1548e-005,0.0540367
4.1552e-005,0.0539028
4.1556e-005,0.0539821
4.156e-005,0.0550437
4.1564e-005,0.0544782
4.1568e-005,0.0541558
4.1572e-005,0.0544584
4.1576e-005,0.0543343
4.158e-005,0.0543889
4.1584e-005,0.0552967
4.1588e-005,0.0547858
4.1592e-005,0.0550437
4.1596e-005,0.0549594
4.16e-005,0.055386
4.1604e-005,0.0554852
4.1608e-005,0.0555745
4.1612e-005,0.0546469
4.1616e-005,0.0552719
4.162e-005,0.0558076
4.1624e-005,0.0550884
4.1628e-005,0.0556291
4.1632e-005,0.055639
4.1636e-005,0.0550834
4.164e-005,0.0554554
4.1644e-005,0.0549941
4.1648e-005,0.0552769
4.1652e-005,0.0557729
4.1656e-005,0.0553116
4.166e-005,0.0560209
4.1664e-005,0.0552471
4.1668e-005,0.0556886
4.1672e-005,0.0551528
4.1676e-005,0.0558225
4.168e-005,0.056135
4.1684e-005,0.0555695
4.1688e-005,0.0555695
4.1692e-005,0.0557828
4.1696e-005,0.0557184
4.17e-005,0.0553463
4.1704e-005,0.0557928
4.1708e-005,0.0556191
4.1712e-005,0.0557233
4.1716e-005,0.056398
4.172e-005,0.056016
4.1724e-005,0.0560557
4.1728e-005,0.0561053
4.1732e-005,0.0558821
4.1736e-005,0.0555348
4.174e-005,0.0551826
4.1744e-005,0.0555844
4.1748e-005,0.0555646
4.1752e-005,0.0557283
4.1756e-005,0.0549991
4.176e-005,0.0555249
4.1764e-005,0.0559912
4.1768e-005,0.0560656
4.1772e-005,0.0558573
4.1776e-005,0.0561747
4.178e-005,0.055758
4.1784e-005,0.0563682
4.1788e-005,0.0560706
4.1792e-005,0.0562491
4.1796e-005,0.0553562
4.18e-005,0.0564128
4.1804e-005,0.0559217
4.1808e-005,0.0557729
4.1812e-005,0.0554852
4.1816e-005,0.0556787
4.182e-005,0.0551975
4.1824e-005,0.0557779
4.1828e-005,0.0559961
4.1832e-005,0.0563434
4.1836e-005,0.056011
4.184e-005,0.0560011
4.1844e-005,0.0553463
4.1848e-005,0.0555646
4.1852e-005,0.0562541
4.1856e-005,0.0559565
4.186e-005,0.055758
4.1864e-005,0.0557729
4.1868e-005,0.0555199
4.1872e-005,0.0559366
4.1876e-005,0.0559267
4.188e-005,0.056388
4.1884e-005,0.0563781
4.1888e-005,0.0560904
4.1892e-005,0.0557878
4.1896e-005,0.0563732
4.19e-005,0.0556439
4.1904e-005,0.0559813
4.1908e-005,0.0563583
4.1912e-005,0.0553959
4.1916e-005,0.0554654
4.192e-005,0.0561598
4.1924e-005,0.0560805
4.1928e-005,0.0557779
4.1932e-005,0.0554406
4.1936e-005,0.0548453
4.194e-005,0.0555596
4.1944e-005,0.0564525
4.1948e-005,0.0557382
4.1952e-005,0.0554604
4.1956e-005,0.0568742
4.196e-005,0.0555795
4.1964e-005,0.0554356
4.1968e-005,0.0558622
4.1972e-005,0.0563186
4.1976e-005,0.0562739
4.198e-005,0.0562491
4.1984e-005,0.0561896
4.1988e-005,0.0565716
4.1992e-005,0.0558225
4.1996e-005,0.056011
4.2e-005,0.0556588
4.2004e-005,0.0565716
4.2008e-005,0.0557035
4.2012e-005,0.0556588
4.2016e-005,0.0544534
4.202e-005,0.0559465
4.2024e-005,0.0559019
4.2028e-005,0.055634
4.2032e-005,0.0557828
4.2036e-005,0.0550685
4.204e-005,0.0560557
4.2044e-005,0.0555199
4.2048e-005,0.0554207
4.2052e-005,0.0559069
4.2056e-005,0.0555745
4.206e-005,0.0563831
4.2064e-005,0.0552818
4.2068e-005,0.056264
4.2072e-005,0.0557382
4.2076e-005,0.0559118
4.208e-005,0.0564228
4.2084e-005,0.0558721
4.2088e-005,0.0538532
4.2092e-005,0.0479352
4.2096e-005,0.0412185
4.21e-005,0.040033
4.2104e-005,0.03789
4.2108e-005,0.0368334
4.2112e-005,0.0350178
4.2116e-005,0.0266046
4.212e-005,0.0207412
4.2124e-005,0.0197243
4.2128e-005,0.0189455
4.2132e-005,0.0195011
4.2136e-005,0.0187867
4.214e-005,0.00831988
4.2144e-005,0.00131056
4.2148e-005,0.0013056
4.2152e-005,0.00031844
4.2156e-005,0.00112702
4.216e-005,0.00098316
4.2164e-005,0.000630958
4.2168e-005,0.000834342
4.2172e-005,0.000288677
4.2176e-005,-0.000167698
4.218e-005,0.00956995
4.2184e-005,0.0190546
4.2188e-005,0.019764
4.2192e-005,0.0216242
4.2196e-005,0.0232265
4.22e-005,0.023663
4.2204e-005,0.0244865
4.2208e-005,0.0260242
4.2212e-005,0.0267038
4.2216e-005,0.0271453
4.222e-005,0.0284549
4.2224e-005,0.028703
4.2228e-005,0.0288915
4.2232e-005,0.0285194
4.2236e-005,0.0292933
4.224e-005,0.02971
4.2244e-005,0.0296008
4.2248e-005,0.0296604
4.2252e-005,0.0300721
4.2256e-005,0.029705
4.226e-005,0.0298885
4.2264e-005,0.0299183
4.2268e-005,0.0295959
4.2272e-005,0.0299133
4.2276e-005,0.0296604
4.228e-005,0.0295115
4.2284e-005,0.0299977
4.2288e-005,0.0294371
4.2292e-005,0.0293726
4.2296e-005,0.029576
4.23e-005,0.0297199
4.2304e-005,0.0294917
4.2308e-005,0.0302259
4.2312e-005,0.0298538
4.2316e-005,0.0300076
4.232e-005,0.0299729
4.2324e-005,0.0296207
4.2328e-005,0.0294123
4.2332e-005,0.0296653
4.2336e-005,0.02908
4.234e-005,0.0297992
4.2344e-005,0.0295264
4.2348e-005,0.0299381
4.2352e-005,0.0294768
4.2356e-005,0.0297248
4.236e-005,0.0293925
4.2364e-005,0.0292734
4.2368e-005,0.0291593
4.2372e-005,0.0292189
4.2376e-005,0.0299084
4.238e-005,0.0294222
4.2384e-005,0.0291048
4.2388e-005,0.030077
4.2392e-005,0.0298687
4.2396e-005,0.0296008
4.24e-005,0.0295016
4.2404e-005,0.0294123
4.2408e-005,0.0295611
4.2412e-005,0.0296802
4.2416e-005,0.029834
4.242e-005,0.0295215
4.2424e-005,0.0296405
4.2428e-005,0.0296058
4.2432e-005,0.0296703
4.2436e-005,0.0296008
4.244e-005,0.0294024
4.2444e-005,0.0298588
4.2448e-005,0.0288121
4.2452e-005,0.0292585
4.2456e-005,0.0297298
4.246e-005,0.0299828
4.2464e-005,0.0288915
4.2468e-005,0.0285839
4.2472e-005,0.0290502
4.2476e-005,0.0288667
4.248e-005,0.029328
4.2484e-005,0.0286633
4.2488e-005,0.029829
4.2492e-005,0.0290204
4.2496e-005,0.0291494
4.25e-005,0.0291196
4.2504e-005,0.0296107
4.2508e-005,0.0291345
4.2512e-005,0.0289311
4.2516e-005,0.0285591
4.252e-005,0.0295016
4.2524e-005,0.0291792
4.2528e-005,0.0293875
4.2532e-005,0.0293528
4.2536e-005,0.0284202
4.254e-005,0.0284748
4.2544e-005,0.0286732
4.2548e-005,0.0289559
4.2552e-005,0.0281027
4.2556e-005,0.0291593
4.256e-005,0.0285343
4.2564e-005,0.0288518
4.2568e-005,0.0289708
4.2572e-005,0.0287625
4.2576e-005,0.028569
4.258e-005,0.028951
4.2584e-005,0.0294619
4.2588e-005,0.0288567
4.2592e-005,0.0284996
4.2596e-005,0.0292536
4.26e-005,0.0286782
4.2604e-005,0.0285591
4.2608e-005,0.029323
4.2612e-005,0.0290006
4.2616e-005,0.0291792
4.262e-005,0.0286831
4.2624e-005,0.0287129
4.2628e-005,0.029576
4.2632e-005,0.0285789
4.2636e-005,0.0291395
4.264e-005,0.0289361
4.2644e-005,0.0290998
4.2648e-005,0.0283508
4.2652e-005,0.0288319
4.2656e-005,0.02908
4.266e-005,0.0282714
4.2664e-005,0.0290105
4.2668e-005,0.0287774
4.2672e-005,0.028693
4.2676e-005,0.0291891
4.268e-005,0.0290056
4.2684e-005,0.0282863
4.2688e-005,0.0291643
4.2692e-005,0.0286087
4.2696e-005,0.0290353
4.27e-005,0.0290998
4.2704e-005,0.0292833
4.2708e-005,0.0291643
4.2712e-005,0.029581
4.2716e-005,0.0292486
4.272e-005,0.0285889
4.2724e-005,0.0290899
4.2728e-005,0.0289956
4.2732e-005,0.0289361
4.2736e-005,0.0287278
4.274e-005,0.0286285
4.2744e-005,0.0292387
4.2748e-005,0.0287327
4.2752e-005,0.029075
4.2756e-005,0.0285393
4.276e-005,0.0296504
4.2764e-005,0.0286236
4.2768e-005,0.0290403
4.2772e-005,0.0283855
4.2776e-005,0.0288964
4.278e-005,0.0284152
4.2784e-005,0.0289758
4.2788e-005,0.0291345
4.2792e-005,0.0293677
4.2796e-005,0.0286583
4.28e-005,0.0294222
4.2804e-005,0.028316
4.2808e-005,0.0288518
4.2812e-005,0.0283607
4.2816e-005,0.0291048
4.282e-005,0.0288766
4.2824e-005,0.0288518
4.2828e-005,0.0285839
4.2832e-005,0.0294074
4.2836e-005,0.0281573
4.284e-005,0.0288319
4.2844e-005,0.0292486
4.2848e-005,0.0294818
4.2852e-005,0.0282565
4.2856e-005,0.0283557
4.286e-005,0.0282962
4.2864e-005,0.0280333
4.2868e-005,0.0287674
4.2872e-005,0.0287377
4.2876e-005,0.0286285
4.288e-005,0.0279688
4.2884e-005,0.0222343
4.2888e-005,0.0198582
4.2892e-005,0.0196648
4.2896e-005,0.0192431
4.29e-005,0.0189207
4.2904e-005,0.0179534
4.2908e-005,0.00787839
4.2912e-005,0.00114686
4.2916e-005,0.000784736
4.292e-005,-0.000162738
4.2924e-005,0.000244031
4.2928e-005,0.00105757
4.2932e-005,0.000943475
4.2936e-005,0.000412691
4.294e-005,0.000606155
4.2944e-005,-0.00043061
4.2948e-005,0.00993207
4.2952e-005,0.0194515
4.2956e-005,0.0216738
4.296e-005,0.023028
4.2964e-005,0.0266294
4.2968e-005,0.0281722
4.2972e-005,0.0281077
4.2976e-005,0.0309203
4.298e-005,0.0313966
4.2984e-005,0.0322349
4.2988e-005,0.0338818
4.2992e-005,0.0345416
4.2996e-005,0.0348094
4.3e-005,0.0357916
4.3004e-005,0.0361488
4.3008e-005,0.0367838
4.3012e-005,0.0374386
4.3016e-005,0.0374683
4.302e-005,0.0384604
4.3024e-005,0.0382471
4.3028e-005,0.0379743
4.3032e-005,0.0386638
4.3036e-005,0.0385547
4.304e-005,0.0387482
4.3044e-005,0.0389367
4.3048e-005,0.0396907
4.3052e-005,0.0392641
4.3056e-005,0.0389763
4.306e-005,0.0402413
4.3064e-005,0.0389168
4.3068e-005,0.0392045
4.3072e-005,0.0394823
4.3076e-005,0.0393534
4.308e-005,0.039403
4.3084e-005,0.0391202
4.3088e-005,0.0389912
4.3092e-005,0.0389267
4.3096e-005,0.0398593
4.31e-005,0.0392938
4.3104e-005,0.0393583
4.3108e-005,0.039775
4.3112e-005,0.0388771
4.3116e-005,0.0396311
4.312e-005,0.0394774
4.3124e-005,0.0391748
4.3128e-005,0.0388623
4.3132e-005,0.0394228
4.3136e-005,0.0394476
4.314e-005,0.0393633
4.3144e-005,0.0391996
4.3148e-005,0.0390607
4.3152e-005,0.0393534
4.3156e-005,0.0389565
4.316e-005,0.0390508
4.3164e-005,0.0390408
4.3168e-005,0.0391053
4.3172e-005,0.0392145
4.3176e-005,0.0393732
4.318e-005,0.0395171
4.3184e-005,0.0398792
4.3188e-005,0.0391252
4.3192e-005,0.0390111
4.3196e-005,0.0392889
4.32e-005,0.0391301
4.3204e-005,0.0394526
4.3208e-005,0.0392442
4.3212e-005,0.0390607
4.3216e-005,0.0395915
4.322e-005,0.0391351
4.3224e-005,0.0391748
4.3228e-005,0.0400379
4.3232e-005,0.0393087
4.3236e-005,0.0393087
4.324e-005,0.0395766
4.3244e-005,0.0391599
4.3248e-005,0.0388623
4.3252e-005,0.0397155
4.3256e-005,0.0396163
4.326e-005,0.0394228
4.3264e-005,0.0392244
4.3268e-005,0.0394426
4.3272e-005,0.0391053
4.3276e-005,0.0397899
4.328e-005,0.0396609
4.3284e-005,0.0394377
4.3288e-005,0.0391946
4.3292e-005,0.0388722
4.3296e-005,0.03914
4.33e-005,0.0398048
4.3304e-005,0.0389763
4.3308e-005,0.0398941
4.3312e-005,0.039021
4.3316e-005,0.0389168
4.332e-005,0.0394228
4.3324e-005,0.0396758
4.3328e-005,0.0389664
4.3332e-005,0.0389863
4.3336e-005,0.0393782
4.334e-005,0.0391847
4.3344e-005,0.0391004
4.3348e-005,0.0392789
4.3352e-005,0.039393
4.3356e-005,0.0391152
4.336e-005,0.0391301
4.3364e-005,0.0385993
4.3368e-005,0.0391053
4.3372e-005,0.0395964
4.3376e-005,0.0394476
4.338e-005,0.0390458
4.3384e-005,0.0390904
4.3388e-005,0.0392889
4.3392e-005,0.0393881
4.3396e-005,0.0395865
4.34e-005,0.0392988
4.3404e-005,0.0390408
4.3408e-005,0.0396956
4.3412e-005,0.0390111
4.3416e-005,0.0385696
4.342e-005,0.0391103
4.3424e-005,0.0389168
4.3428e-005,0.0390756
4.3432e-005,0.0385448
4.3436e-005,0.0382967
4.344e-005,0.0389714
4.3444e-005,0.0391301
4.3448e-005,0.0387531
4.3452e-005,0.0387234
4.3456e-005,0.0392194
4.346e-005,0.0387134
4.3464e-005,0.038897
4.3468e-005,0.0387531
4.3472e-005,0.0387035
4.3476e-005,0.0390012
4.348e-005,0.0391053
4.3484e-005,0.0385597
4.3488e-005,0.0386738
4.3492e-005,0.0393137
4.3496e-005,0.0393534
4.35e-005,0.03915
4.3504e-005,0.0391797
4.3508e-005,0.0388573
4.3512e-005,0.039269
4.3516e-005,0.0391698
4.352e-005,0.039522
4.3524e-005,0.0392442
4.3528e-005,0.0394228
4.3532e-005,0.0388722
4.3536e-005,0.0388126
4.354e-005,0.03915
4.3544e-005,0.0390061
4.3548e-005,0.0389714
4.3552e-005,0.0392541
4.3556e-005,0.0392343
4.356e-005,0.0392095
4.3564e-005,0.0395071
4.3568e-005,0.0392988
4.3572e-005,0.0394575
4.3576e-005,0.0397452
4.358e-005,0.0394972
4.3584e-005,0.0389813
4.3588e-005,0.0392343
4.3592e-005,0.038639
4.3596e-005,0.0392145
4.36e-005,0.0395468
4.3604e-005,0.0396808
4.3608e-005,0.0394377
4.3612e-005,0.039527
4.3616e-005,0.0393037
4.362e-005,0.0387333
4.3624e-005,0.0389019
4.3628e-005,0.0364663
4.3632e-005,0.0342439
4.3636e-005,0.0340257
4.364e-005,0.0329393
4.3644e-005,0.0329889
4.3648e-005,0.0326863
4.3652e-005,0.0242682
4.3656e-005,0.0203493
4.366e-005,0.0199425
4.3664e-005,0.0192332
4.3668e-005,0.0191241
4.3672e-005,0.0189306
4.3676e-005,0.00829011
4.368e-005,0.00122623
4.3684e-005,0.00167764
4.3688e-005,-0.000247068
4.3692e-005,-0.000445491
4.3696e-005,0.000829381
4.37e-005,0.000675603
4.3704e-005,3.56862e-005
4.3708e-005,0.000412691
4.3712e-005,-0.000460373
4.3716e-005,0.00945089
4.372e-005,0.0194663
4.3724e-005,0.02278
4.3728e-005,0.0254042
4.3732e-005,0.0296554
4.3736e-005,0.0324184
4.374e-005,0.0329393
4.3744e-005,0.0359107
4.3748e-005,0.0370616
4.3752e-005,0.0376965
4.3756e-005,0.0396262
4.376e-005,0.0413773
4.3764e-005,0.0415112
4.3768e-005,0.0426869
4.3772e-005,0.0428605
4.3776e-005,0.0437832
4.378e-005,0.0446066
4.3784e-005,0.044691
4.3788e-005,0.0453557
4.3792e-005,0.046199
4.3796e-005,0.046447
4.38e-005,0.0468935
4.3804e-005,0.0465363
4.3808e-005,0.046819
4.3812e-005,0.047454
4.3816e-005,0.0474738
4.382e-005,0.0472209
4.3824e-005,0.0476872
4.3828e-005,0.0480294
4.3832e-005,0.0480344
4.3836e-005,0.0472853
4.384e-005,0.0481187
4.3844e-005,0.0484164
4.3848e-005,0.0480592
4.3852e-005,0.0484263
4.3856e-005,0.0479203
4.386e-005,0.0480294
4.3864e-005,0.0485056
4.3868e-005,0.0480939
4.3872e-005,0.0478905
4.3876e-005,0.0486545
4.388e-005,0.0487735
4.3884e-005,0.0483668
4.3888e-005,0.0488182
4.3892e-005,0.0486247
4.3896e-005,0.048466
4.39e-005,0.0489918
4.3904e-005,0.0489323
4.3908e-005,0.0488727
4.3912e-005,0.049086
4.3916e-005,0.0486644
4.392e-005,0.0489719
4.3924e-005,0.0489323
4.3928e-005,0.0492249
4.3932e-005,0.0490513
4.3936e-005,0.0493291
4.394e-005,0.0491307
4.3944e-005,0.0483717
4.3948e-005,0.0487983
4.3952e-005,0.0490811
4.3956e-005,0.0488975
4.396e-005,0.0495077
4.3964e-005,0.0484957
4.3968e-005,0.048838
4.3972e-005,0.0489025
4.3976e-005,0.0486644
4.398e-005,0.0485701
4.3984e-005,0.0487735
4.3988e-005,0.0479451
4.3992e-005,0.0486495
4.3996e-005,0.0489323
4.4e-005,0.0484015
4.4004e-005,0.0492249
4.4008e-005,0.0484164
4.4012e-005,0.0486644
4.4016e-005,0.0486247
4.402e-005,0.0490414
4.4024e-005,0.0491158
4.4028e-005,0.0486644
4.4032e-005,0.0488479
4.4036e-005,0.0481286
4.404e-005,0.0488033
4.4044e-005,0.0494035
4.4048e-005,0.0493043
4.4052e-005,0.0491257
4.4056e-005,0.0489422
4.406e-005,0.0487041
4.4064e-005,0.0486049
4.4068e-005,0.0494829
4.4072e-005,0.0489471
4.4076e-005,0.0482626
4.408e-005,0.0490265
4.4084e-005,0.0489273
4.4088e-005,0.0485255
4.4092e-005,0.0494829
4.4096e-005,0.0497111
4.41e-005,0.0489174
4.4104e-005,0.0487785
4.4108e-005,0.0488281
4.4112e-005,0.0481783
4.4116e-005,0.0486842
4.412e-005,0.0489967
4.4124e-005,0.0485602
4.4128e-005,0.049344
4.4132e-005,0.0489075
4.4136e-005,0.048332
4.414e-005,0.0486197
4.4144e-005,0.0483916
4.4148e-005,0.0486892
4.4152e-005,0.0493688
4.4156e-005,0.0487934
4.416e-005,0.048967
4.4164e-005,0.0486942
4.4168e-005,0.0490761
4.4172e-005,0.0486594
4.4176e-005,0.0491158
4.418e-005,0.0493093
4.4184e-005,0.0489273
4.4188e-005,0.0488876
4.4192e-005,0.0492349
4.4196e-005,0.0485949
4.42e-005,0.0491406
4.4204e-005,0.0493638
4.4208e-005,0.0491356
4.4212e-005,0.0487289
4.4216e-005,0.0484312
4.422e-005,0.0490216
4.4224e-005,0.0486346
4.4228e-005,0.048461
4.4232e-005,0.0489571
4.4236e-005,0.0487983
4.424e-005,0.0487636
4.4244e-005,0.0492448
4.4248e-005,0.0489223
4.4252e-005,0.0491555
4.4256e-005,0.0488281
4.426e-005,0.0491406
4.4264e-005,0.0481584
4.4268e-005,0.0487487
4.4272e-005,0.0494283
4.4276e-005,0.048962
4.428e-005,0.0489967
4.4284e-005,0.0486743
4.4288e-005,0.0485602
4.4292e-005,0.048843
4.4296e-005,0.0489918
4.43e-005,0.0477268
4.4304e-005,0.0484213
4.4308e-005,0.0485999
4.4312e-005,0.0484957
4.4316e-005,0.0485602
4.432e-005,0.0495375
4.4324e-005,0.0486892
4.4328e-005,0.0496714
4.4332e-005,0.0493936
4.4336e-005,0.0486545
4.434e-005,0.0482179
4.4344e-005,0.0490563
4.4348e-005,0.0491356
4.4352e-005,0.0491009
4.4356e-005,0.0486445
4.436e-005,0.0490464
4.4364e-005,0.0489323
4.4368e-005,0.0487239
4.4372e-005,0.048719
4.4376e-005,0.0487388
4.438e-005,0.0490414
4.4384e-005,0.0495127
4.4388e-005,0.0481038
4.4392e-005,0.0475582
4.4396e-005,0.0426075
4.44e-005,0.0387779
4.4404e-005,0.0367986
4.4408e-005,0.0355486
4.4412e-005,0.0346507
4.4416e-005,0.0344622
4.442e-005,0.0258754
4.4424e-005,0.0207362
4.4428e-005,0.0198433
4.4432e-005,0.0195655
4.4436e-005,0.0190348
4.444e-005,0.0177897
4.4444e-005,0.00780894
4.4448e-005,0.0011667
4.4452e-005,0.00200008
4.4456e-005,0.000457337
4.446e-005,0.000630958
4.4464e-005,0.000596233
4.4468e-005,0.0004871
4.4472e-005,0.00014978
4.4476e-005,0.000675603
4.448e-005,-0.000331398
4.4484e-005,0.00926735
4.4488e-005,0.0194415
4.4492e-005,0.0236233
4.4496e-005,0.027056
4.45e-005,0.0321853
4.4504e-005,0.0345912
4.4508e-005,0.0362034
4.4512e-005,0.0390954
4.4516e-005,0.0403107
4.452e-005,0.0414765
4.4524e-005,0.0431135
4.4528e-005,0.0443338
4.4532e-005,0.0457079
4.4536e-005,0.0461394
4.454e-005,0.0472655
4.4544e-005,0.0475929
4.4548e-005,0.0484114
4.4552e-005,0.049339
4.4556e-005,0.0497805
4.456e-005,0.0496317
4.4564e-005,0.0507776
4.4568e-005,0.0510504
4.4572e-005,0.0513828
4.4576e-005,0.0516011
4.458e-005,0.0525981
4.4584e-005,0.0523898
4.4588e-005,0.0520475
4.4592e-005,0.0526725
4.4596e-005,0.0529156
4.46e-005,0.0533918
4.4604e-005,0.053372
4.4608e-005,0.0535605
4.4612e-005,0.0538829
4.4616e-005,0.0537738
4.462e-005,0.0536895
4.4624e-005,0.053754
4.4628e-005,0.053878
4.4632e-005,0.0544038
4.4636e-005,0.0546072
4.464e-005,0.0540169
4.4644e-005,0.0543641
4.4648e-005,0.0539871
4.4652e-005,0.0543343
4.4656e-005,0.0549643
4.466e-005,0.0547362
4.4664e-005,0.055004
4.4668e-005,0.0545774
4.4672e-005,0.0547213
4.4676e-005,0.0543939
4.468e-005,0.0559118
4.4684e-005,0.0546717
4.4688e-005,0.055128
4.4692e-005,0.0556092
4.4696e-005,0.0548651
4.47e-005,0.0547262
4.4704e-005,0.0549792
4.4708e-005,0.0544832
4.4712e-005,0.0556588
4.4716e-005,0.0553265
4.472e-005,0.0553761
4.4724e-005,0.0551032
4.4728e-005,0.0560011
4.4732e-005,0.0556985
4.4736e-005,0.0552074
4.474e-005,0.0555447
4.4744e-005,0.0553413
4.4748e-005,0.0548552
4.4752e-005,0.0560854
4.4756e-005,0.0557184
4.476e-005,0.0556737
4.4764e-005,0.0550933
4.4768e-005,0.0553612
4.4772e-005,0.0555447
4.4776e-005,0.0559317
4.478e-005,0.0558324
4.4784e-005,0.0559069
4.4788e-005,0.0555447
4.4792e-005,0.0556092
4.4796e-005,0.0555447
4.48e-005,0.0558672
4.4804e-005,0.0550636
4.4808e-005,0.0556439
4.4812e-005,0.0554554
4.4816e-005,0.0552669
4.482e-005,0.0557283
4.4824e-005,0.0557432
4.4828e-005,0.0559664
4.4832e-005,0.0554703
4.4836e-005,0.05614
4.484e-005,0.0559664
4.4844e-005,0.0555596
4.4848e-005,0.0561053
4.4852e-005,0.0565021
4.4856e-005,0.0561152
4.486e-005,0.0561648
4.4864e-005,0.0558821
4.4868e-005,0.0559862
4.4872e-005,0.0559217
4.4876e-005,0.0553761
4.488e-005,0.0560507
4.4884e-005,0.0555745
4.4888e-005,0.0563087
4.4892e-005,0.0561846
4.4896e-005,0.0557977
4.49e-005,0.0563632
4.4904e-005,0.0558225
4.4908e-005,0.0553265
4.4912e-005,0.0556191
4.4916e-005,0.0558225
4.492e-005,0.0552868
4.4924e-005,0.0563831
4.4928e-005,0.0555993
4.4932e-005,0.0559912
4.4936e-005,0.05551
4.494e-005,0.0551925
4.4944e-005,0.0560706
4.4948e-005,0.0561202
4.4952e-005,0.0565319
4.4956e-005,0.0557035
4.496e-005,0.0560755
4.4964e-005,0.0556439
4.4968e-005,0.0556489
4.4972e-005,0.0552223
4.4976e-005,0.0555894
4.498e-005,0.0556291
4.4984e-005,0.0559317
4.4988e-005,0.0554654
4.4992e-005,0.056393
4.4996e-005,0.0557828
4.5e-005,0.0556638
4.5004e-005,0.0555348
4.5008e-005,0.0564327
4.5012e-005,0.0556191
4.5016e-005,0.0558225
4.502e-005,0.0561499
4.5024e-005,0.0552868
4.5028e-005,0.0554951
4.5032e-005,0.0562293
4.5036e-005,0.0558076
4.504e-005,0.0561995
4.5044e-005,0.0560309
4.5048e-005,0.0556241
4.5052e-005,0.0557332
4.5056e-005,0.0561301
4.506e-005,0.0562789
4.5064e-005,0.0561797
4.5068e-005,0.0557283
4.5072e-005,0.0554009
4.5076e-005,0.0555249
4.508e-005,0.0559664
4.5084e-005,0.0554207
4.5088e-005,0.0559465
4.5092e-005,0.0560706
4.5096e-005,0.0563335
4.51e-005,0.056011
4.5104e-005,0.0560755
4.5108e-005,0.0560557
4.5112e-005,0.056016
4.5116e-005,0.0558176
4.512e-005,0.0551677
4.5124e-005,0.0555447
4.5128e-005,0.0563235
4.5132e-005,0.056388
4.5136e-005,0.0562789
4.514e-005,0.0564426
4.5144e-005,0.0559763
4.5148e-005,0.0567303
4.5152e-005,0.0562739
4.5156e-005,0.0551429
4.516e-005,0.0537738
4.5164e-005,0.0466057
4.5168e-005,0.042166
4.5172e-005,0.0393881
4.5176e-005,0.0372451
4.518e-005,0.036382
4.5184e-005,0.0350079
4.5188e-005,0.0258953
4.5192e-005,0.0213861
4.5196e-005,0.0201509
4.52e-005,0.0198384
4.5204e-005,0.0194018
4.5208e-005,0.0186429
4.5212e-005,0.00852326
4.5216e-005,0.00134528
4.522e-005,0.00121135
4.5224e-005,0.000710327
4.5228e-005,0.000611115
4.5232e-005,0.00105757
4.5236e-005,0.000472218
4.524e-005,0.000184504
4.5244e-005,0.00106749
4.5248e-005,-0.000157777
4.5252e-005,0.0101851
4.5256e-005,0.0192034
4.526e-005,0.019382
4.5264e-005,0.0209744
4.5268e-005,0.0238664
4.5272e-005,0.0247394
4.5276e-005,0.0248089
4.528e-005,0.0258407
4.5284e-005,0.0267832
4.5288e-005,0.0266394
4.5292e-005,0.0271205
4.5296e-005,0.0288419
4.53e-005,0.028192
4.5304e-005,0.0281375
4.5308e-005,0.0284004
4.5312e-005,0.0287575
4.5316e-005,0.0294818
4.532e-005,0.0292437
4.5324e-005,0.0288667
4.5328e-005,0.0288071
4.5332e-005,0.029328
4.5336e-005,0.0294818
4.534e-005,0.0294173
4.5344e-005,0.0296604
4.5348e-005,0.0297645
4.5352e-005,0.029333
4.5356e-005,0.0296455
4.536e-005,0.0297844
4.5364e-005,0.0297744
4.5368e-005,0.0292982
4.5372e-005,0.0290056
4.5376e-005,0.0297596
4.538e-005,0.0296058
4.5384e-005,0.0292536
4.5388e-005,0.0296455
4.5392e-005,0.0288121
4.5396e-005,0.0292536
4.54e-005,0.0299183
4.5404e-005,0.0296653
4.5408e-005,0.029447
4.5412e-005,0.029328
4.5416e-005,0.029447
4.542e-005,0.0293032
4.5424e-005,0.0292982
4.5428e-005,0.0290353
4.5432e-005,0.0293925
4.5436e-005,0.0292734
4.544e-005,0.0290254
4.5444e-005,0.0288964
4.5448e-005,0.0295165
4.5452e-005,0.0293627
4.5456e-005,0.0292734
4.546e-005,0.0289956
4.5464e-005,0.0289361
4.5468e-005,0.0284202
4.5472e-005,0.0293627
4.5476e-005,0.0292536
4.548e-005,0.0282119
4.5484e-005,0.0295115
4.5488e-005,0.0299679
4.5492e-005,0.0292288
4.5496e-005,0.0289708
4.55e-005,0.0291891
4.5504e-005,0.0287377
4.5508e-005,0.0297199
4.5512e-005,0.0292933
4.5516e-005,0.0295959
4.552e-005,0.0294123
4.5524e-005,0.0294669
4.5528e-005,0.0291196
4.5532e-005,0.028574
4.5536e-005,0.0297447
4.554e-005,0.0288815
4.5544e-005,0.0286831
4.5548e-005,0.0293082
4.5552e-005,0.0291693
4.5556e-005,0.0297348
4.556e-005,0.0296852
4.5564e-005,0.0291593
4.5568e-005,0.0292437
4.5572e-005,0.0295661
4.5576e-005,0.0297596
4.558e-005,0.0293826
4.5584e-005,0.0295016
4.5588e-005,0.0294024
4.5592e-005,0.0301465
4.5596e-005,0.029457
4.56e-005,0.0294768
4.5604e-005,0.0299629
4.5608e-005,0.0294768
4.5612e-005,0.0287625
4.5616e-005,0.0298241
4.562e-005,0.0292089
4.5624e-005,0.0290105
4.5628e-005,0.0285789
4.5632e-005,0.0292982
4.5636e-005,0.0294222
4.564e-005,0.0292982
4.5644e-005,0.0286534
4.5648e-005,0.0301961
4.5652e-005,0.0299034
4.5656e-005,0.0290899
4.566e-005,0.0295066
4.5664e-005,0.0299233
4.5668e-005,0.0296306
4.5672e-005,0.0295512
4.5676e-005,0.0293082
4.568e-005,0.0292585
4.5684e-005,0.0293429
4.5688e-005,0.0303648
4.5692e-005,0.0291941
4.5696e-005,0.0294173
4.57e-005,0.0295512
4.5704e-005,0.0294669
4.5708e-005,0.0294768
4.5712e-005,0.029199
4.5716e-005,0.0291593
4.572e-005,0.0293528
4.5724e-005,0.0296802
4.5728e-005,0.0298687
4.5732e-005,0.0294123
4.5736e-005,0.0290452
4.574e-005,0.029834
4.5744e-005,0.0292486
4.5748e-005,0.0296306
4.5752e-005,0.0291097
4.5756e-005,0.0292933
4.576e-005,0.0295264
4.5764e-005,0.0291246
4.5768e-005,0.0290502
4.5772e-005,0.0297199
4.5776e-005,0.0290601
4.578e-005,0.0295661
4.5784e-005,0.0288617
4.5788e-005,0.0291097
4.5792e-005,0.0289262
4.5796e-005,0.029581
4.58e-005,0.0294322
4.5804e-005,0.0292337
4.5808e-005,0.0294917
4.5812e-005,0.0294024
4.5816e-005,0.0288617
4.582e-005,0.0293181
4.5824e-005,0.0291643
4.5828e-005,0.0290155
4.5832e-005,0.0293082
4.5836e-005,0.0292337
4.584e-005,0.0290254
4.5844e-005,0.0289411
4.5848e-005,0.0295363
4.5852e-005,0.0291742
4.5856e-005,0.0290899
4.586e-005,0.0290056
4.5864e-005,0.0287129
4.5868e-005,0.0292685
4.5872e-005,0.0287972
4.5876e-005,0.0287625
4.588e-005,0.0290452
4.5884e-005,0.0290849
4.5888e-005,0.0288915
4.5892e-005,0.0298042
4.5896e-005,0.0289212
4.59e-005,0.0294272
4.5904e-005,0.0290006
4.5908e-005,0.0290006
4.5912e-005,0.0288716
4.5916e-005,0.0290552
4.592e-005,0.0298489
4.5924e-005,0.0287129
4.5928e-005,0.0286732
4.5932e-005,0.0286087
4.5936e-005,0.0283012
4.594e-005,0.0285442
4.5944e-005,0.0290651
4.5948e-005,0.0293875
4.5952e-005,0.0283508
4.5956e-005,0.0228991
4.596e-005,0.0196499
4.5964e-005,0.0201955
4.5968e-005,0.0194465
4.5972e-005,0.0192431
4.5976e-005,0.018623
4.598e-005,0.00667792
4.5984e-005,0.00120143
4.5988e-005,0.00172725
4.5992e-005,1.58439e-005
4.5996e-005,0.000219228
4.6e-005,0.0011171
4.6004e-005,0.000229149
4.6008e-005,0.00143457
4.6012e-005,0.000546627
4.6016e-005,-0.000128013
4.602e-005,0.00995687
4.6024e-005,0.0188463
4.6028e-005,0.0205378
4.6032e-005,0.0230231
4.6036e-005,0.026059
4.604e-005,0.0277257
4.6044e-005,0.0282615
4.6048e-005,0.0301862
4.6052e-005,0.0313866
4.6056e-005,0.0325226
4.606e-005,0.0336387
4.6064e-005,0.034616
4.6068e-005,0.0353154
4.6072e-005,0.036124
4.6076e-005,0.0365655
4.608e-005,0.0369524
4.6084e-005,0.0372401
4.6088e-005,0.0371707
4.6092e-005,0.0380735
4.6096e-005,0.0385249
4.61e-005,0.038009
4.6104e-005,0.0388176
4.6108e-005,0.0386093
4.6112e-005,0.0381628
4.6116e-005,0.0383811
4.612e-005,0.038515
4.6124e-005,0.039145
4.6128e-005,0.038763
4.6132e-005,0.039522
4.6136e-005,0.0389763
4.614e-005,0.0393037
4.6144e-005,0.0393087
4.6148e-005,0.0386539
4.6152e-005,0.0388424
4.6156e-005,0.0395518
4.616e-005,0.0392789
4.6164e-005,0.038639
4.6168e-005,0.0396014
4.6172e-005,0.0389912
4.6176e-005,0.0389714
4.618e-005,0.0399734
4.6184e-005,0.0389664
4.6188e-005,0.0390061
4.6192e-005,0.0393335
4.6196e-005,0.0390855
4.62e-005,0.0392988
4.6204e-005,0.0395964
4.6208e-005,0.0390111
4.6212e-005,0.03915
4.6216e-005,0.0395964
4.622e-005,0.0391996
4.6224e-005,0.0389565
4.6228e-005,0.0390656
4.6232e-005,0.0388126
4.6236e-005,0.0394575
4.624e-005,0.0391549
4.6244e-005,0.0391152
4.6248e-005,0.0394278
4.6252e-005,0.0392839
4.6256e-005,0.0388226
4.626e-005,0.0386539
4.6264e-005,0.038763
4.6268e-005,0.0389069
4.6272e-005,0.0391004
4.6276e-005,0.0398593
4.628e-005,0.0389267
4.6284e-005,0.0387482
4.6288e-005,0.0388474
4.6292e-005,0.0392641
4.6296e-005,0.0391549
4.63e-005,0.0392194
4.6304e-005,0.0390408
4.6308e-005,0.0391004
4.6312e-005,0.0394228
4.6316e-005,0.0389515
4.632e-005,0.0386043
4.6324e-005,0.0394278
4.6328e-005,0.039145
4.6332e-005,0.0391301
4.6336e-005,0.0393583
4.634e-005,0.0389515
4.6344e-005,0.0390061
4.6348e-005,0.0393186
4.6352e-005,0.0386093
4.6356e-005,0.0387382
4.636e-005,0.0388821
4.6364e-005,0.038644
4.6368e-005,0.0389069
4.6372e-005,0.039026
4.6376e-005,0.0390904
4.638e-005,0.0385448
4.6384e-005,0.0393583
4.6388e-005,0.038892
4.6392e-005,0.0385696
4.6396e-005,0.0391847
4.64e-005,0.0391053
4.6404e-005,0.0386936
4.6408e-005,0.0396361
4.6412e-005,0.0386539
4.6416e-005,0.0391252
4.642e-005,0.0387333
4.6424e-005,0.0388771
4.6428e-005,0.0384604
4.6432e-005,0.0386936
4.6436e-005,0.0383811
4.644e-005,0.0384456
4.6444e-005,0.038763
4.6448e-005,0.0382372
4.6452e-005,0.039145
4.6456e-005,0.0388672
4.646e-005,0.038897
4.6464e-005,0.0384009
4.6468e-005,0.039026
4.6472e-005,0.0384902
4.6476e-005,0.0385745
4.648e-005,0.0392492
4.6484e-005,0.0389119
4.6488e-005,0.0386837
4.6492e-005,0.0387085
4.6496e-005,0.03914
4.65e-005,0.0385448
4.6504e-005,0.0394674
4.6508e-005,0.0388523
4.6512e-005,0.0387878
4.6516e-005,0.0394774
4.652e-005,0.0389912
4.6524e-005,0.0391301
4.6528e-005,0.0392839
4.6532e-005,0.0391351
4.6536e-005,0.0391053
4.654e-005,0.0397304
4.6544e-005,0.0393286
4.6548e-005,0.0389763
4.6552e-005,0.0393831
4.6556e-005,0.0389317
4.656e-005,0.0396361
4.6564e-005,0.0397403
4.6568e-005,0.0392789
4.6572e-005,0.0392541
4.6576e-005,0.0390855
4.658e-005,0.0394278
4.6584e-005,0.0392343
4.6588e-005,0.0396262
4.6592e-005,0.0394426
4.6596e-005,0.0392789
4.66e-005,0.0402215
4.6604e-005,0.039269
4.6608e-005,0.0393087
4.6612e-005,0.0385993
4.6616e-005,0.039145
4.662e-005,0.0386886
4.6624e-005,0.0395319
4.6628e-005,0.0395865
4.6632e-005,0.039393
4.6636e-005,0.039026
4.664e-005,0.0391549
4.6644e-005,0.0392343
4.6648e-005,0.0389912
4.6652e-005,0.0387382
4.6656e-005,0.0391847
4.666e-005,0.0390954
4.6664e-005,0.039026
4.6668e-005,0.0384158
4.6672e-005,0.0392492
4.6676e-005,0.0388424
4.668e-005,0.0380834
4.6684e-005,0.0385497
4.6688e-005,0.0391549
4.6692e-005,0.0387333
4.6696e-005,0.0377808
4.67e-005,0.0360546
4.6704e-005,0.0337677
4.6708e-005,0.0337578
4.6712e-005,0.0332369
4.6716e-005,0.0327558
4.672e-005,0.0317587
4.6724e-005,0.0249825
4.6728e-005,0.0202551
4.6732e-005,0.0203989
4.6736e-005,0.0195011
4.674e-005,0.0187322
4.6744e-005,0.0192481
4.6748e-005,0.00745673
4.6752e-005,0.00108733
4.6756e-005,0.00150898
4.676e-005,0.000303558
4.6764e-005,0.000373007
4.6768e-005,0.00090379
4.6772e-005,0.000606155
4.6776e-005,0.00106749
4.678e-005,0.000224189
4.6784e-005,0.000283716
4.6788e-005,0.00946081
4.6792e-005,0.0200814
4.6796e-005,0.0230231
4.68e-005,0.0255282
4.6804e-005,0.0292139
4.6808e-005,0.0315057
4.6812e-005,0.0326417
4.6816e-005,0.0351071
4.682e-005,0.0372649
4.6824e-005,0.0376866
4.6828e-005,0.0395667
4.6832e-005,0.0405985
4.6836e-005,0.0414566
4.684e-005,0.0427018
4.6844e-005,0.0433069
4.6848e-005,0.0427811
4.6852e-005,0.0448447
4.6856e-005,0.0448943
4.686e-005,0.0453458
4.6864e-005,0.0462535
4.6868e-005,0.0460898
4.6872e-005,0.0467843
4.6876e-005,0.046953
4.688e-005,0.0471663
4.6884e-005,0.0466355
4.6888e-005,0.047459
4.6892e-005,0.0474391
4.6896e-005,0.0477219
4.69e-005,0.0482923
4.6904e-005,0.048833
4.6908e-005,0.0480542
4.6912e-005,0.0483965
4.6916e-005,0.0489868
4.692e-005,0.0484908
4.6924e-005,0.0483668
4.6928e-005,0.0486197
4.6932e-005,0.0488231
4.6936e-005,0.0491853
4.694e-005,0.0488876
4.6944e-005,0.04859
4.6948e-005,0.0490017
4.6952e-005,0.0488827
4.6956e-005,0.0491108
4.696e-005,0.0487636
4.6964e-005,0.0487834
4.6968e-005,0.0484015
4.6972e-005,0.0491555
4.6976e-005,0.049091
4.698e-005,0.0482477
4.6984e-005,0.0484511
4.6988e-005,0.0485553
4.6992e-005,0.0484312
4.6996e-005,0.0488727
4.7e-005,0.0484164
4.7004e-005,0.0482725
4.7008e-005,0.0489372
4.7012e-005,0.0483965
4.7016e-005,0.0483717
4.702e-005,0.0489571
4.7024e-005,0.0485701
4.7028e-005,0.0491009
4.7032e-005,0.0485404
4.7036e-005,0.0493093
4.704e-005,0.0484114
4.7044e-005,0.049215
4.7048e-005,0.0487289
4.7052e-005,0.0489422
4.7056e-005,0.0491753
4.706e-005,0.0479054
4.7064e-005,0.0487537
4.7068e-005,0.0490315
4.7072e-005,0.0487239
4.7076e-005,0.0487785
4.708e-005,0.0487636
4.7084e-005,0.0484759
4.7088e-005,0.0489719
4.7092e-005,0.0489174
4.7096e-005,0.0482626
4.71e-005,0.0482576
4.7104e-005,0.048967
4.7108e-005,0.0484957
4.7112e-005,0.0485156
4.7116e-005,0.0491555
4.712e-005,0.0485949
4.7124e-005,0.0485999
4.7128e-005,0.0482328
4.7132e-005,0.0486942
4.7136e-005,0.0485751
4.714e-005,0.0482328
4.7144e-005,0.0489223
4.7148e-005,0.0486743
4.7152e-005,0.0493093
4.7156e-005,0.0485007
4.716e-005,0.0486594
4.7164e-005,0.0491059
4.7168e-005,0.0486297
4.7172e-005,0.0485106
4.7176e-005,0.0493142
4.718e-005,0.047712
4.7184e-005,0.0488182
4.7188e-005,0.0487735
4.7192e-005,0.0491059
4.7196e-005,0.0483717
4.72e-005,0.0485602
4.7204e-005,0.0480642
4.7208e-005,0.0481485
4.7212e-005,0.0492646
4.7216e-005,0.0487934
4.722e-005,0.0488082
4.7224e-005,0.0492101
4.7228e-005,0.048843
4.7232e-005,0.0485205
4.7236e-005,0.0493291
4.724e-005,0.0482923
4.7244e-005,0.0490315
4.7248e-005,0.0487438
4.7252e-005,0.0491803
4.7256e-005,0.0485949
4.726e-005,0.0489868
4.7264e-005,0.0484957
4.7268e-005,0.0489174
4.7272e-005,0.0488529
4.7276e-005,0.04859
4.728e-005,0.04859
4.7284e-005,0.0491654
4.7288e-005,0.0483767
4.7292e-005,0.0487438
4.7296e-005,0.0489571
4.73e-005,0.0492646
4.7304e-005,0.0489471
4.7308e-005,0.0492398
4.7312e-005,0.0485354
4.7316e-005,0.0485553
4.732e-005,0.0487586
4.7324e-005,0.0486049
4.7328e-005,0.0491257
4.7332e-005,0.048337
4.7336e-005,0.0490563
4.734e-005,0.048719
4.7344e-005,0.0488926
4.7348e-005,0.0487636
4.7352e-005,0.0487834
4.7356e-005,0.0491406
4.736e-005,0.0489819
4.7364e-005,0.0492101
4.7368e-005,0.0493241
4.7372e-005,0.0489521
4.7376e-005,0.0486148
4.738e-005,0.0486247
4.7384e-005,0.0489571
4.7388e-005,0.0481485
4.7392e-005,0.0487338
4.7396e-005,0.0487586
4.74e-005,0.0486545
4.7404e-005,0.0493142
4.7408e-005,0.0491356
4.7412e-005,0.0492299
4.7416e-005,0.0489273
4.742e-005,0.0487438
4.7424e-005,0.0487438
4.7428e-005,0.0493093
4.7432e-005,0.0486892
4.7436e-005,0.0491158
4.744e-005,0.0493142
4.7444e-005,0.0495176
4.7448e-005,0.0486247
4.7452e-005,0.0497309
4.7456e-005,0.0494184
4.746e-005,0.048337
4.7464e-005,0.0472357
4.7468e-005,0.0427216
4.7472e-005,0.0393682
4.7476e-005,0.0368879
4.748e-005,0.0359157
4.7484e-005,0.0354444
4.7488e-005,0.0341943
4.7492e-005,0.0256472
4.7496e-005,0.0209694
4.75e-005,0.0204882
4.7504e-005,0.0192878
4.7508e-005,0.01901
4.7512e-005,0.0185883
4.7516e-005,0.00833972
4.752e-005,0.00150898
4.7524e-005,0.000814499
4.7528e-005,-0.000301634
4.7532e-005,0.000124977
4.7536e-005,0.000814499
4.754e-005,0.000963317
4.7544e-005,0.00048214
4.7548e-005,0.000635918
4.7552e-005,5.55286e-005
4.7556e-005,0.00979317
4.756e-005,0.0198384
4.7564e-005,0.0231124
4.7568e-005,0.0276563
4.7572e-005,0.031843
4.7576e-005,0.0343928
4.758e-005,0.0359305
4.7584e-005,0.0385001
4.7588e-005,0.0400974
4.7592e-005,0.0412929
4.7596e-005,0.0425133
4.76e-005,0.0442495
4.7604e-005,0.0461295
4.7608e-005,0.0464916
4.7612e-005,0.0467744
4.7616e-005,0.047831
4.762e-005,0.0490315
4.7624e-005,0.0488082
4.7628e-005,0.0499789
4.7632e-005,0.0507379
4.7636e-005,0.0513977
4.764e-005,0.0510455
4.7644e-005,0.0511546
4.7648e-005,0.051358
4.7652e-005,0.0520326
4.7656e-005,0.052112
4.766e-005,0.0520029
4.7664e-005,0.0530793
4.7668e-005,0.0531934
4.7672e-005,0.0528412
4.7676e-005,0.0535605
4.768e-005,0.0540714
4.7684e-005,0.0533422
4.7688e-005,0.0531934
4.7692e-005,0.053491
4.7696e-005,0.0536944
4.77e-005,0.053496
4.7704e-005,0.05425
4.7708e-005,0.0539821
4.7712e-005,0.0537639
4.7716e-005,0.0542947
4.772e-005,0.0545129
4.7724e-005,0.054255
4.7728e-005,0.0545477
4.7732e-005,0.0546568
4.7736e-005,0.0546568
4.774e-005,0.0549395
4.7744e-005,0.0542996
4.7748e-005,0.05488
4.7752e-005,0.055009
4.7756e-005,0.0544782
4.776e-005,0.054627
4.7764e-005,0.055133
4.7768e-005,0.0551975
4.7772e-005,0.0547064
4.7776e-005,0.0549197
4.778e-005,0.0548354
4.7784e-005,0.055009
4.7788e-005,0.0549147
4.7792e-005,0.0550338
4.7796e-005,0.0545377
4.78e-005,0.055887
4.7804e-005,0.0552074
4.7808e-005,0.0553612
4.7812e-005,0.0553413
4.7816e-005,0.0554802
4.782e-005,0.0550784
4.7824e-005,0.0546667
4.7828e-005,0.0550834
4.7832e-005,0.0553761
4.7836e-005,0.0552273
4.784e-005,0.0548751
4.7844e-005,0.0551082
4.7848e-005,0.0551925
4.7852e-005,0.0554505
4.7856e-005,0.0554902
4.786e-005,0.0555447
4.7864e-005,0.055262
4.7868e-005,0.0557084
4.7872e-005,0.0560557
4.7876e-005,0.0551528
4.788e-005,0.0557828
4.7884e-005,0.0549395
4.7888e-005,0.0552273
4.7892e-005,0.0554207
4.7896e-005,0.0559565
4.79e-005,0.0553413
4.7904e-005,0.0551826
4.7908e-005,0.0558176
4.7912e-005,0.0547014
4.7916e-005,0.055763
4.792e-005,0.0559713
4.7924e-005,0.0557432
4.7928e-005,0.0559019
4.7932e-005,0.0550735
4.7936e-005,0.0556439
4.794e-005,0.0556043
4.7944e-005,0.0558126
4.7948e-005,0.0558721
4.7952e-005,0.0558374
4.7956e-005,0.0555943
4.796e-005,0.0549743
4.7964e-005,0.0559168
4.7968e-005,0.0559763
4.7972e-005,0.0552025
4.7976e-005,0.0559317
4.798e-005,0.0559267
4.7984e-005,0.0549346
4.7988e-005,0.0556985
4.7992e-005,0.0555596
4.7996e-005,0.0558126
4.8e-005,0.0557779
4.8004e-005,0.0557283
4.8008e-005,0.0555745
4.8012e-005,0.0550933
4.8016e-005,0.0556291
4.802e-005,0.0552967
4.8024e-005,0.0559069
4.8028e-005,0.0559515
4.8032e-005,0.0561598
4.8036e-005,0.0554406
4.804e-005,0.0559763
4.8044e-005,0.0558969
4.8048e-005,0.0552124
4.8052e-005,0.0556291
4.8056e-005,0.0555844
4.806e-005,0.055381
4.8064e-005,0.0554306
4.8068e-005,0.0553116
4.8072e-005,0.056269
4.8076e-005,0.0559614
4.808e-005,0.055768
4.8084e-005,0.0557084
4.8088e-005,0.0558374
4.8092e-005,0.0555695
4.8096e-005,0.0552025
4.81e-005,0.0558473
4.8104e-005,0.055768
4.8108e-005,0.0552471
4.8112e-005,0.0556936
4.8116e-005,0.0554802
4.812e-005,0.0560408
4.8124e-005,0.0555001
4.8128e-005,0.0549693
4.8132e-005,0.0548701
4.8136e-005,0.0555001
4.814e-005,0.0553413
4.8144e-005,0.0555348
4.8148e-005,0.0563533
4.8152e-005,0.0561946
4.8156e-005,0.0552074
4.816e-005,0.0558374
4.8164e-005,0.0556092
4.8168e-005,0.0557878
4.8172e-005,0.0557084
4.8176e-005,0.0553066
4.818e-005,0.0556142
4.8184e-005,0.0560854
4.8188e-005,0.0555447
4.8192e-005,0.0554852
4.8196e-005,0.0564823
4.82e-005,0.0558473
4.8204e-005,0.0564624
4.8208e-005,0.0547758
4.8212e-005,0.0558126
4.8216e-005,0.0556241
4.822e-005,0.0562144
4.8224e-005,0.0560209
4.8228e-005,0.0553463
4.8232e-005,0.0539524
4.8236e-005,0.0473746
4.824e-005,0.0417295
4.8244e-005,0.0387333
4.8248e-005,0.0368185
4.8252e-005,0.0357222
4.8256e-005,0.0340852
4.826e-005,0.0262623
4.8264e-005,0.0205676
4.8268e-005,0.0199922
4.8272e-005,0.0192034
4.8276e-005,0.0186032
4.828e-005,0.0189008
4.8284e-005,0.00786846
4.8288e-005,0.00120639
4.8292e-005,0.00173717
4.8296e-005,0.000204346
4.83e-005,0.000601194
4.8304e-005,0.000933554
4.8308e-005,0.000501982
4.8312e-005,0.000710327
4.8316e-005,0.000338282
4.832e-005,-0.000137935
4.8324e-005,0.010071
4.8328e-005,0.0182808
4.8332e-005,0.0199773
4.8336e-005,0.0211926
4.834e-005,0.0233158
4.8344e-005,0.0249974
4.8348e-005,0.0238416
4.8352e-005,0.0253248
4.8356e-005,0.0268427
4.836e-005,0.0268279
4.8364e-005,0.0268477
4.8368e-005,0.0281722
4.8372e-005,0.0285591
4.8376e-005,0.0287972
4.838e-005,0.0286335
4.8384e-005,0.0286137
4.8388e-005,0.02907
4.8392e-005,0.0291296
4.8396e-005,0.02971
4.84e-005,0.0292437
4.8404e-005,0.0290304
4.8408e-005,0.0287922
4.8412e-005,0.0301465
4.8416e-005,0.029705
4.842e-005,0.0291345
4.8424e-005,0.0291097
4.8428e-005,0.029323
4.8432e-005,0.0294768
4.8436e-005,0.0291048
4.844e-005,0.029323
4.8444e-005,0.0290452
4.8448e-005,0.0297
4.8452e-005,0.0292982
4.8456e-005,0.0285393
4.846e-005,0.0292883
4.8464e-005,0.0287724
4.8468e-005,0.0286782
4.8472e-005,0.0290948
4.8476e-005,0.0295512
4.848e-005,0.0291941
4.8484e-005,0.0290899
4.8488e-005,0.0297645
4.8492e-005,0.0294074
4.8496e-005,0.0290204
4.85e-005,0.0291246
4.8504e-005,0.0294024
4.8508e-005,0.0296256
4.8512e-005,0.0292982
4.8516e-005,0.0289262
4.852e-005,0.0293032
4.8524e-005,0.0288171
4.8528e-005,0.0289956
4.8532e-005,0.0290948
4.8536e-005,0.0289113
4.854e-005,0.0286037
4.8544e-005,0.0294272
4.8548e-005,0.0289163
4.8552e-005,0.0291693
4.8556e-005,0.0289311
4.856e-005,0.0289014
4.8564e-005,0.0288518
4.8568e-005,0.0286633
4.8572e-005,0.0290502
4.8576e-005,0.0287873
4.858e-005,0.0296703
4.8584e-005,0.0289411
4.8588e-005,0.0286385
4.8592e-005,0.0288518
4.8596e-005,0.02907
4.86e-005,0.0290304
4.8604e-005,0.0291494
4.8608e-005,0.0287278
4.8612e-005,0.0287724
4.8616e-005,0.0289063
4.862e-005,0.0289659
4.8624e-005,0.0288815
4.8628e-005,0.0289212
4.8632e-005,0.0288567
4.8636e-005,0.0286186
4.864e-005,0.0288766
4.8644e-005,0.0285095
4.8648e-005,0.028698
4.8652e-005,0.0285145
4.8656e-005,0.027939
4.866e-005,0.0280283
4.8664e-005,0.0277902
4.8668e-005,0.0284649
4.8672e-005,0.0288419
4.8676e-005,0.0290849
4.868e-005,0.0287327
4.8684e-005,0.0283012
4.8688e-005,0.028693
4.8692e-005,0.0284004
4.8696e-005,0.0284004
4.87e-005,0.028321
4.8704e-005,0.0284004
4.8708e-005,0.0285095
4.8712e-005,0.0291445
4.8716e-005,0.0290353
4.872e-005,0.0285988
4.8724e-005,0.0286682
4.8728e-005,0.0282912
4.8732e-005,0.0284103
4.8736e-005,0.0286484
4.874e-005,0.0284053
4.8744e-005,0.0288716
4.8748e-005,0.0283309
4.8752e-005,0.0289361
4.8756e-005,0.0285541
4.876e-005,0.0291494
4.8764e-005,0.0285343
4.8768e-005,0.0287526
4.8772e-005,0.0292139
4.8776e-005,0.0286633
4.878e-005,0.0288468
4.8784e-005,0.0284599
4.8788e-005,0.0289113
4.8792e-005,0.0287327
4.8796e-005,0.0288419
4.88e-005,0.0286534
4.8804e-005,0.0288468
4.8808e-005,0.0296504
4.8812e-005,0.0287774
4.8816e-005,0.0288716
4.882e-005,0.0294272
4.8824e-005,0.0281573
4.8828e-005,0.02844
4.8832e-005,0.0288815
4.8836e-005,0.028574
4.884e-005,0.0290353
4.8844e-005,0.0291742
4.8848e-005,0.028703
4.8852e-005,0.0282565
4.8856e-005,0.0287724
4.886e-005,0.028827
4.8864e-005,0.0286682
4.8868e-005,0.0290651
4.8872e-005,0.0283607
4.8876e-005,0.028321
4.888e-005,0.0285839
4.8884e-005,0.028946
4.8888e-005,0.0284698
4.8892e-005,0.0291643
4.8896e-005,0.0285938
4.89e-005,0.0277456
4.8904e-005,0.0286236
4.8908e-005,0.02907
4.8912e-005,0.0289609
4.8916e-005,0.0288815
4.892e-005,0.0288369
4.8924e-005,0.0286682
4.8928e-005,0.0284649
4.8932e-005,0.028574
4.8936e-005,0.0286831
4.894e-005,0.0284152
4.8944e-005,0.0287823
4.8948e-005,0.0283408
4.8952e-005,0.0286137
4.8956e-005,0.0287079
4.896e-005,0.0280184
4.8964e-005,0.0286534
4.8968e-005,0.0290006
4.8972e-005,0.028326
4.8976e-005,0.0284599
4.898e-005,0.0286087
4.8984e-005,0.0288022
4.8988e-005,0.0296107
4.8992e-005,0.0296207
4.8996e-005,0.0283111
4.9e-005,0.0282168
4.9004e-005,0.0279341
4.9008e-005,0.0276215
4.9012e-005,0.0279787
4.9016e-005,0.0280234
4.902e-005,0.0288121
4.9024e-005,0.0285194
4.9028e-005,0.0225865
4.9032e-005,0.0200814
4.9036e-005,0.0194961
4.904e-005,0.0195953
4.9044e-005,0.0188661
4.9048e-005,0.0181915
4.9052e-005,0.00657871
4.9056e-005,0.000546627
4.906e-005,0.00161316
4.9064e-005,0.000640879
4.9068e-005,0.000511903
4.9072e-005,0.000928593
4.9076e-005,0.000630958
4.908e-005,0.000715288
4.9084e-005,0.000864105
4.9088e-005,-0.00043557
4.9092e-005,0.0100114
4.9096e-005,0.0192629
4.91e-005,0.020761
4.9104e-005,0.0230082
4.9108e-005,0.0259548
4.9112e-005,0.0279142
4.9116e-005,0.0284847
4.912e-005,0.0298241
4.9124e-005,0.0312775
4.9128e-005,0.0327359
4.9132e-005,0.0342291
4.9136e-005,0.034735
4.914e-005,0.035618
4.9144e-005,0.0357619
4.9148e-005,0.0365209
4.9152e-005,0.0364018
4.9156e-005,0.0373691
4.916e-005,0.0376816
4.9164e-005,0.0384356
4.9168e-005,0.0380338
4.9172e-005,0.0381975
4.9176e-005,0.038262
4.918e-005,0.0381727
4.9184e-005,0.0390408
4.9188e-005,0.0385745
4.9192e-005,0.0388176
4.9196e-005,0.0391103
4.92e-005,0.0384704
4.9204e-005,0.0397552
4.9208e-005,0.0394873
4.9212e-005,0.0388275
4.9216e-005,0.0392244
4.922e-005,0.0392045
4.9224e-005,0.0387829
4.9228e-005,0.0396163
4.9232e-005,0.0393186
4.9236e-005,0.0389019
4.924e-005,0.0388523
4.9244e-005,0.0390706
4.9248e-005,0.0392789
4.9252e-005,0.0393037
4.9256e-005,0.0394129
4.926e-005,0.0392145
4.9264e-005,0.0389019
4.9268e-005,0.0390756
4.9272e-005,0.0389565
4.9276e-005,0.0387779
4.928e-005,0.0390359
4.9284e-005,0.0388573
4.9288e-005,0.0400131
4.9292e-005,0.0388424
4.9296e-005,0.0388126
4.93e-005,0.0393682
4.9304e-005,0.038515
4.9308e-005,0.0390508
4.9312e-005,0.03977
4.9316e-005,0.0387779
4.932e-005,0.039021
4.9324e-005,0.0393484
4.9328e-005,0.0385448
4.9332e-005,0.039651
4.9336e-005,0.0391897
4.934e-005,0.0391797
4.9344e-005,0.0389912
4.9348e-005,0.0392293
4.9352e-005,0.0391053
4.9356e-005,0.0385249
4.936e-005,0.0391897
4.9364e-005,0.0390607
4.9368e-005,0.0388771
4.9372e-005,0.0388077
4.9376e-005,0.0386192
4.938e-005,0.039145
4.9384e-005,0.040028
4.9388e-005,0.0387878
4.9392e-005,0.0388573
4.9396e-005,0.0391847
4.94e-005,0.0390805
4.9404e-005,0.0387234
4.9408e-005,0.0393236
4.9412e-005,0.0393484
4.9416e-005,0.0390508
4.942e-005,0.0390359
4.9424e-005,0.038892
4.9428e-005,0.0389416
4.9432e-005,0.0390508
4.9436e-005,0.0388275
4.944e-005,0.0386787
4.9444e-005,0.0395319
4.9448e-005,0.038267
4.9452e-005,0.0387333
4.9456e-005,0.0393286
4.946e-005,0.0385349
4.9464e-005,0.0390061
4.9468e-005,0.0390954
4.9472e-005,0.0386589
4.9476e-005,0.0388325
4.948e-005,0.0387234
4.9484e-005,0.0388474
4.9488e-005,0.0386688
4.9492e-005,0.0392244
4.9496e-005,0.0387184
4.95e-005,0.0382372
4.9504e-005,0.0388027
4.9508e-005,0.0391103
4.9512e-005,0.0387035
4.9516e-005,0.0389515
4.952e-005,0.0386192
4.9524e-005,0.0388325
4.9528e-005,0.0388722
4.9532e-005,0.0386986
4.9536e-005,0.0385497
4.954e-005,0.0384158
4.9544e-005,0.0392343
4.9548e-005,0.0384704
4.9552e-005,0.0385993
4.9556e-005,0.0387978
4.956e-005,0.038391
4.9564e-005,0.0390408
4.9568e-005,0.0389863
4.9572e-005,0.0388424
4.9576e-005,0.0394377
4.958e-005,0.0389863
4.9584e-005,0.0380785
4.9588e-005,0.03852
4.9592e-005,0.0386638
4.9596e-005,0.0389714
4.96e-005,0.0385845
4.9604e-005,0.0389615
4.9608e-005,0.0389813
4.9612e-005,0.0388176
4.9616e-005,0.039021
4.962e-005,0.038639
4.9624e-005,0.0387978
4.9628e-005,0.0390508
4.9632e-005,0.0388424
4.9636e-005,0.0392889
4.964e-005,0.0393236
4.9644e-005,0.0388325
4.9648e-005,0.0392789
4.9652e-005,0.0387978
4.9656e-005,0.0388573
4.966e-005,0.0384257
4.9664e-005,0.0382174
4.9668e-005,0.0384902
4.9672e-005,0.0390855
4.9676e-005,0.0385349
4.968e-005,0.0378701
4.9684e-005,0.0386489
4.9688e-005,0.0381827
4.9692e-005,0.0386837
4.9696e-005,0.0381727
4.97e-005,0.0387134
4.9704e-005,0.0379396
4.9708e-005,0.0384406
4.9712e-005,0.0388027
4.9716e-005,0.0385894
4.972e-005,0.0388474
4.9724e-005,0.0388821
4.9728e-005,0.0387978
4.9732e-005,0.0390656
4.9736e-005,0.0386787
4.974e-005,0.0386886
4.9744e-005,0.039016
4.9748e-005,0.0389912
4.9752e-005,0.0390061
4.9756e-005,0.0391847
4.976e-005,0.0386539
4.9764e-005,0.0383364
4.9768e-005,0.0384208
4.9772e-005,0.0364613
4.9776e-005,0.0347251
4.978e-005,0.0336387
4.9784e-005,0.0336288
4.9788e-005,0.0324532
4.9792e-005,0.032091
4.9796e-005,0.0246551
4.98e-005,0.0198483
4.9804e-005,0.0192034
4.9808e-005,0.0188611
4.9812e-005,0.0189207
4.9816e-005,0.0196449
4.982e-005,0.0075361
4.9824e-005,0.000839302
4.9828e-005,0.00110221
4.9832e-005,-0.000247068
4.9836e-005,0.000908751
4.984e-005,0.00124111
4.9844e-005,0.000695445
4.9848e-005,0.000497021
4.9852e-005,-0.000108171
4.9856e-005,-0.000385964
4.986e-005,0.00901436
4.9864e-005,0.019129
4.9868e-005,0.0222591
4.9872e-005,0.0254587
4.9876e-005,0.029452
4.988e-005,0.0313767
4.9884e-005,0.0327111
4.9888e-005,0.0358661
4.9892e-005,0.036506
4.9896e-005,0.0380487
4.99e-005,0.0390904
4.9904e-005,0.0406034
4.9908e-005,0.0406729
4.9912e-005,0.042548
4.9916e-005,0.0424537
4.992e-005,0.0431234
4.9924e-005,0.043798
4.9928e-005,0.0444876
4.9932e-005,0.0456136
4.9936e-005,0.0456483
4.994e-005,0.0459013
4.9944e-005,0.046452
4.9948e-005,0.0467595
4.9952e-005,0.0469728
4.9956e-005,0.0467496
4.996e-005,0.0471415
4.9964e-005,0.0475284
4.9968e-005,0.0473052
4.9972e-005,0.0480046
4.9976e-005,0.0476276
4.998e-005,0.047459
4.9984e-005,0.0480394
4.9988e-005,0.0474937
4.9992e-005,0.0475879
4.9996e-005,0.0485106
5e-005,0.0473498
5.0004e-005,0.0474689
5.0008e-005,0.0477467
5.0012e-005,0.0484114
5.0016e-005,0.048466
5.002e-005,0.0481882
5.0024e-005,0.0478657
5.0028e-005,0.0482179
5.0032e-005,0.0481683
5.0036e-005,0.0476723
5.004e-005,0.0482725
5.0044e-005,0.0485007
5.0048e-005,0.0494531
5.0052e-005,0.0482378
5.0056e-005,0.0486297
5.006e-005,0.0478806
5.0064e-005,0.0484064
5.0068e-005,0.0486148
5.0072e-005,0.0488727
5.0076e-005,0.0486098
5.008e-005,0.0479302
5.0084e-005,0.0482031
5.0088e-005,0.0487884
5.0092e-005,0.0490116
5.0096e-005,0.0489174
5.01e-005,0.0485106
5.0104e-005,0.0493291
5.0108e-005,0.0485056
5.0112e-005,0.0488132
5.0116e-005,0.0492845
5.012e-005,0.0486396
5.0124e-005,0.0487834
5.0128e-005,0.0488479
5.0132e-005,0.0483618
5.0136e-005,0.0482328
5.014e-005,0.0486297
5.0144e-005,0.0490712
5.0148e-005,0.0484015
5.0152e-005,0.0488479
5.0156e-005,0.0488033
5.016e-005,0.048714
5.0164e-005,0.0494283
5.0168e-005,0.0487983
5.0172e-005,0.0498797
5.0176e-005,0.0497359
5.018e-005,0.0491406
5.0184e-005,0.0489422
5.0188e-005,0.0493192
5.0192e-005,0.0489571
5.0196e-005,0.0486049
5.02e-005,0.0494878
5.0204e-005,0.0487239
5.0208e-005,0.0482328
5.0212e-005,0.049344
5.0216e-005,0.0488628
5.022e-005,0.0487834
5.0224e-005,0.0486148
5.0228e-005,0.048843
5.0232e-005,0.0488033
5.0236e-005,0.0491604
5.024e-005,0.0482824
5.0244e-005,0.0485751
5.0248e-005,0.0491456
5.0252e-005,0.0489422
5.0256e-005,0.0490563
5.026e-005,0.0488479
5.0264e-005,0.0488082
5.0268e-005,0.0486197
5.0272e-005,0.0487785
5.0276e-005,0.0479501
5.028e-005,0.0486644
5.0284e-005,0.0486743
5.0288e-005,0.0486247
5.0292e-005,0.0486743
5.0296e-005,0.0487983
5.03e-005,0.048456
5.0304e-005,0.0488033
5.0308e-005,0.0494283
5.0312e-005,0.0481187
5.0316e-005,0.048461
5.032e-005,0.0488678
5.0324e-005,0.0491307
5.0328e-005,0.0485007
5.0332e-005,0.0487537
5.0336e-005,0.0487487
5.034e-005,0.0486495
5.0344e-005,0.0490464
5.0348e-005,0.0486247
5.0352e-005,0.0483568
5.0356e-005,0.048208
5.036e-005,0.0483072
5.0364e-005,0.0487785
5.0368e-005,0.0490315
5.0372e-005,0.049215
5.0376e-005,0.0481237
5.038e-005,0.0491853
5.0384e-005,0.0485056
5.0388e-005,0.0493738
5.0392e-005,0.0489174
5.0396e-005,0.0493688
5.04e-005,0.0485354
5.0404e-005,0.0492349
5.0408e-005,0.0486743
5.0412e-005,0.0488579
5.0416e-005,0.0492894
5.042e-005,0.0485305
5.0424e-005,0.0485652
5.0428e-005,0.0480741
5.0432e-005,0.0482626
5.0436e-005,0.0491902
5.044e-005,0.0491803
5.0444e-005,0.048714
5.0448e-005,0.0487735
5.0452e-005,0.0495077
5.0456e-005,0.0488727
5.046e-005,0.0489372
5.0464e-005,0.0483668
5.0468e-005,0.0489571
5.0472e-005,0.0484164
5.0476e-005,0.0492845
5.048e-005,0.0489967
5.0484e-005,0.0488678
5.0488e-005,0.0489422
5.0492e-005,0.0494283
5.0496e-005,0.048714
5.05e-005,0.0488182
5.0504e-005,0.048833
5.0508e-005,0.0487239
5.0512e-005,0.049726
5.0516e-005,0.0488926
5.052e-005,0.0484064
5.0524e-005,0.0492993
5.0528e-005,0.0497656
5.0532e-005,0.0482229
5.0536e-005,0.0475433
5.054e-005,0.0423247
5.0544e-005,0.0389515
5.0548e-005,0.0372848
5.0552e-005,0.0361984
5.0556e-005,0.0359702
5.056e-005,0.0339463
5.0564e-005,0.0259548
5.0568e-005,0.0206618
5.0572e-005,0.02026
5.0576e-005,0.0190496
5.058e-005,0.0193473
5.0584e-005,0.0190397
5.0588e-005,0.00854807
5.0592e-005,0.000417652
5.0596e-005,0.00204473
5.06e-005,-6.35257e-005
5.0604e-005,0.00133536
5.0608e-005,0.00102284
5.0612e-005,0.000606155
5.0616e-005,0.000308519
5.062e-005,0.000244031
5.0624e-005,0.000462297
5.0628e-005,0.00975349
5.0632e-005,0.0191538
5.0636e-005,0.0231173
5.064e-005,0.0273438
5.0644e-005,0.0313222
5.0648e-005,0.0341497
5.0652e-005,0.036005
5.0656e-005,0.0386241
5.066e-005,0.0406977
5.0664e-005,0.0424587
5.0668e-005,0.0437484
5.0672e-005,0.0445074
5.0676e-005,0.0456483
5.068e-005,0.0464916
5.0684e-005,0.047449
5.0688e-005,0.0484511
5.0692e-005,0.0482427
5.0696e-005,0.0490166
5.07e-005,0.0498599
5.0704e-005,0.0507429
5.0708e-005,0.0503311
5.0712e-005,0.0509909
5.0716e-005,0.0518789
5.072e-005,0.052494
5.0724e-005,0.0521269
5.0728e-005,0.0528263
5.0732e-005,0.0521467
5.0736e-005,0.0522063
5.074e-005,0.0534514
5.0744e-005,0.0532381
5.0748e-005,0.0538879
5.0752e-005,0.0541062
5.0756e-005,0.0533075
5.076e-005,0.0534365
5.0764e-005,0.0542748
5.0768e-005,0.0540814
5.0772e-005,0.0535704
5.0776e-005,0.0538631
5.078e-005,0.0542351
5.0784e-005,0.0541558
5.0788e-005,0.0539077
5.0792e-005,0.054498
5.0796e-005,0.0542699
5.08e-005,0.0547312
5.0804e-005,0.0541905
5.0808e-005,0.0549743
5.0812e-005,0.0555001
5.0816e-005,0.0547262
5.082e-005,0.0553413
5.0824e-005,0.0548106
5.0828e-005,0.0543492
5.0832e-005,0.0548106
5.0836e-005,0.0554306
5.084e-005,0.0555745
5.0844e-005,0.0550685
5.0848e-005,0.0549098
5.0852e-005,0.0555844
5.0856e-005,0.0555646
5.086e-005,0.0555348
5.0864e-005,0.0553959
5.0868e-005,0.055768
5.0872e-005,0.0551628
5.0876e-005,0.0552273
5.088e-005,0.0551925
5.0884e-005,0.055758
5.0888e-005,0.055386
5.0892e-005,0.0555547
5.0896e-005,0.055262
5.09e-005,0.0559515
5.0904e-005,0.0559862
5.0908e-005,0.0558126
5.0912e-005,0.0554951
5.0916e-005,0.0556191
5.092e-005,0.0557977
5.0924e-005,0.0554009
5.0928e-005,0.0558573
5.0932e-005,0.0553711
5.0936e-005,0.0556985
5.094e-005,0.0554406
5.0944e-005,0.0560755
5.0948e-005,0.0556439
5.0952e-005,0.0562045
5.0956e-005,0.0559565
5.096e-005,0.0557233
5.0964e-005,0.056135
5.0968e-005,0.0559267
5.0972e-005,0.0557184
5.0976e-005,0.0557481
5.098e-005,0.0559912
5.0984e-005,0.0564972
5.0988e-005,0.0552868
5.0992e-005,0.0557035
5.0996e-005,0.0555249
5.1e-005,0.0554158
5.1004e-005,0.056269
5.1008e-005,0.0553314
5.1012e-005,0.0551231
5.1016e-005,0.0554158
5.102e-005,0.0562243
5.1024e-005,0.0560408
5.1028e-005,0.0552173
5.1032e-005,0.0553066
5.1036e-005,0.0559168
5.104e-005,0.0557928
5.1044e-005,0.0549544
5.1048e-005,0.0554406
5.1052e-005,0.0557382
5.1056e-005,0.0554058
5.106e-005,0.0556489
5.1064e-005,0.0556936
5.1068e-005,0.0554654
5.1072e-005,0.055128
5.1076e-005,0.0563037
5.108e-005,0.0555348
5.1084e-005,0.0558225
5.1088e-005,0.0558225
5.1092e-005,0.0559217
5.1096e-005,0.0555745
5.11e-005,0.0558473
5.1104e-005,0.0555199
5.1108e-005,0.0555844
5.1112e-005,0.0560557
5.1116e-005,0.0561846
5.112e-005,0.0553562
5.1124e-005,0.0562987
5.1128e-005,0.0554505
5.1132e-005,0.0553562
5.1136e-005,0.0558622
5.114e-005,0.055639
5.1144e-005,0.0556836
5.1148e-005,0.0558324
5.1152e-005,0.0552967
5.1156e-005,0.0562095
5.116e-005,0.0556687
5.1164e-005,0.0553165
5.1168e-005,0.0558225
5.1172e-005,0.056011
5.1176e-005,0.0561152
5.118e-005,0.0559813
5.1184e-005,0.0561549
5.1188e-005,0.0556886
5.1192e-005,0.0557283
5.1196e-005,0.0557729
5.12e-005,0.056011
5.1204e-005,0.0558424
5.1208e-005,0.0558672
5.1212e-005,0.0556043
5.1216e-005,0.0560061
5.122e-005,0.0552769
5.1224e-005,0.0556737
5.1228e-005,0.0554654
5.1232e-005,0.055505
5.1236e-005,0.0557828
5.124e-005,0.0562194
5.1244e-005,0.0559515
5.1248e-005,0.0559614
5.1252e-005,0.0557928
5.1256e-005,0.0562839
5.126e-005,0.05551
