LECROYWR104MXi,20621,Waveform
Segments,1,SegmentSize,2501
Segment,TrigTime,TimeSinceSegment1
#1,21-May-2015 13:59:34,0                 
Time,Ampl
4.126e-005,0.0499938
4.1264e-005,0.0493192
4.1268e-005,0.0505494
4.1272e-005,0.0501377
4.1276e-005,0.0512092
4.128e-005,0.0513927
4.1284e-005,0.0507726
4.1288e-005,0.0511298
4.1292e-005,0.0509066
4.1296e-005,0.0505891
4.13e-005,0.0511298
4.1304e-005,0.0510107
4.1308e-005,0.0516358
4.1312e-005,0.0515862
4.1316e-005,0.0516953
4.132e-005,0.0519086
4.1324e-005,0.0518094
4.1328e-005,0.0522013
4.1332e-005,0.051606
4.1336e-005,0.052489
4.134e-005,0.0527519
4.1344e-005,0.0519235
4.1348e-005,0.0516358
4.1352e-005,0.0524692
4.1356e-005,0.051864
4.136e-005,0.051859
4.1364e-005,0.0525932
4.1368e-005,0.0521021
4.1372e-005,0.0518888
4.1376e-005,0.0523104
4.138e-005,0.05237
4.1384e-005,0.052484
4.1388e-005,0.0525138
4.1392e-005,0.0517896
4.1396e-005,0.0525634
4.14e-005,0.0521666
4.1404e-005,0.0515713
4.1408e-005,0.0523203
4.1412e-005,0.0525585
4.1416e-005,0.0519582
4.142e-005,0.0522906
4.1424e-005,0.0521666
4.1428e-005,0.0524295
4.1432e-005,0.052489
4.1436e-005,0.0520525
4.144e-005,0.0513133
4.1444e-005,0.0529553
4.1448e-005,0.0520376
4.1452e-005,0.051983
4.1456e-005,0.0520426
4.146e-005,0.0526577
4.1464e-005,0.0526924
4.1468e-005,0.0515465
4.1472e-005,0.0526577
4.1476e-005,0.0519433
4.148e-005,0.0530099
4.1484e-005,0.0524543
4.1488e-005,0.0522658
4.1492e-005,0.0525882
4.1496e-005,0.0526428
4.15e-005,0.0528561
4.1504e-005,0.0524543
4.1508e-005,0.0521963
4.1512e-005,0.0523154
4.1516e-005,0.0526775
4.152e-005,0.0532579
4.1524e-005,0.0526924
4.1528e-005,0.0524245
4.1532e-005,0.052484
4.1536e-005,0.0519533
4.154e-005,0.0522658
4.1544e-005,0.0526081
4.1548e-005,0.0516011
4.1552e-005,0.0522906
4.1556e-005,0.052742
4.156e-005,0.0519483
4.1564e-005,0.0523154
4.1568e-005,0.0524642
4.1572e-005,0.0522063
4.1576e-005,0.0528214
4.158e-005,0.0524989
4.1584e-005,0.0519533
4.1588e-005,0.0517846
4.1592e-005,0.0529702
4.1596e-005,0.0519285
4.16e-005,0.0525981
4.1604e-005,0.0527519
4.1608e-005,0.0522955
4.1612e-005,0.051864
4.1616e-005,0.0523005
4.162e-005,0.0516507
4.1624e-005,0.052484
4.1628e-005,0.0521318
4.1632e-005,0.0521269
4.1636e-005,0.0527271
4.164e-005,0.0522807
4.1644e-005,0.0520376
4.1648e-005,0.051353
4.1652e-005,0.0521269
4.1656e-005,0.0519285
4.166e-005,0.0521914
4.1664e-005,0.0525833
4.1668e-005,0.0513183
4.1672e-005,0.052866
4.1676e-005,0.0523799
4.168e-005,0.052117
4.1684e-005,0.0518243
4.1688e-005,0.0520326
4.1692e-005,0.0520426
4.1696e-005,0.0523005
4.17e-005,0.052489
4.1704e-005,0.0514969
4.1708e-005,0.0523303
4.1712e-005,0.0526378
4.1716e-005,0.0515366
4.172e-005,0.0517945
4.1724e-005,0.0526725
4.1728e-005,0.0517896
4.1732e-005,0.0525237
4.1736e-005,0.052365
4.174e-005,0.0522459
4.1744e-005,0.0521616
4.1748e-005,0.0517251
4.1752e-005,0.0520674
4.1756e-005,0.0529603
4.176e-005,0.0523352
4.1764e-005,0.0522063
4.1768e-005,0.0524096
4.1772e-005,0.0524096
4.1776e-005,0.0520723
4.178e-005,0.0515713
4.1784e-005,0.0529355
4.1788e-005,0.0517052
4.1792e-005,0.052365
4.1796e-005,0.0532529
4.18e-005,0.0526825
4.1804e-005,0.0535754
4.1808e-005,0.0529999
4.1812e-005,0.0526081
4.1816e-005,0.0531537
4.182e-005,0.0528362
4.1824e-005,0.0526626
4.1828e-005,0.0527222
4.1832e-005,0.0505445
4.1836e-005,0.0429051
4.184e-005,0.0400578
4.1844e-005,0.0379991
4.1848e-005,0.0367242
4.1852e-005,0.0361141
4.1856e-005,0.0347995
4.186e-005,0.0246849
4.1864e-005,0.0206271
4.1868e-005,0.0200467
4.1872e-005,0.0192481
4.1876e-005,0.0183204
4.188e-005,0.0184494
4.1884e-005,0.00755595
4.1888e-005,0.00113694
4.1892e-005,0.00182646
4.1896e-005,-0.000202422
4.19e-005,0.000536706
4.1904e-005,0.00160819
4.1908e-005,0.000258913
4.1912e-005,0.00106253
4.1916e-005,0.000263874
4.192e-005,-0.000926669
4.1924e-005,0.0105125
4.1928e-005,0.0199475
4.1932e-005,0.0246055
4.1936e-005,0.0284698
4.194e-005,0.0335048
4.1944e-005,0.0361736
4.1948e-005,0.0378404
4.1952e-005,0.040787
4.1956e-005,0.0421412
4.196e-005,0.0434062
4.1964e-005,0.0447406
4.1968e-005,0.0458319
4.1972e-005,0.0463974
4.1976e-005,0.0477318
4.198e-005,0.0486445
4.1984e-005,0.0488182
4.1988e-005,0.0494333
4.1992e-005,0.0501823
4.1996e-005,0.050346
4.2e-005,0.0510405
4.2004e-005,0.0511943
4.2008e-005,0.0524692
4.2012e-005,0.0526775
4.2016e-005,0.052241
4.202e-005,0.0531587
4.2024e-005,0.0538085
4.2028e-005,0.0536002
4.2032e-005,0.0537391
4.2036e-005,0.0540814
4.204e-005,0.0544385
4.2044e-005,0.0549842
4.2048e-005,0.0550636
4.2052e-005,0.0548502
4.2056e-005,0.0549743
4.206e-005,0.0554356
4.2064e-005,0.0556539
4.2068e-005,0.0560358
4.2072e-005,0.0558275
4.2076e-005,0.0559515
4.208e-005,0.0565021
4.2084e-005,0.0566757
4.2088e-005,0.0555646
4.2092e-005,0.0563632
4.2096e-005,0.0563235
4.21e-005,0.0563583
4.2104e-005,0.057018
4.2108e-005,0.0568444
4.2112e-005,0.0563483
4.2116e-005,0.0567948
4.212e-005,0.0567154
4.2124e-005,0.056894
4.2128e-005,0.056765
4.2132e-005,0.0572214
4.2136e-005,0.0564724
4.214e-005,0.0570031
4.2144e-005,0.057028
4.2148e-005,0.056646
4.2152e-005,0.0567006
4.2156e-005,0.0573355
4.216e-005,0.0566807
4.2164e-005,0.0572065
4.2168e-005,0.0572065
4.2172e-005,0.0569089
4.2176e-005,0.0565865
4.218e-005,0.0568295
4.2184e-005,0.05677
4.2188e-005,0.0575835
4.2192e-005,0.0573454
4.2196e-005,0.0576728
4.22e-005,0.0572809
4.2204e-005,0.0571172
4.2208e-005,0.057018
4.2212e-005,0.0571916
4.2216e-005,0.0576183
4.222e-005,0.0571817
4.2224e-005,0.0571916
4.2228e-005,0.0574843
4.2232e-005,0.0573305
4.2236e-005,0.0572363
4.224e-005,0.0573454
4.2244e-005,0.056646
4.2248e-005,0.0576629
4.2252e-005,0.0570776
4.2256e-005,0.0571123
4.226e-005,0.0580796
4.2264e-005,0.0575984
4.2268e-005,0.0567551
4.2272e-005,0.0576778
4.2276e-005,0.0573802
4.228e-005,0.0569684
4.2284e-005,0.0578762
4.2288e-005,0.0573702
4.2292e-005,0.0579209
4.2296e-005,0.0575339
4.23e-005,0.0574694
4.2304e-005,0.0571222
4.2308e-005,0.0577076
4.2312e-005,0.0572462
4.2316e-005,0.0573157
4.232e-005,0.0571867
4.2324e-005,0.057772
4.2328e-005,0.0571123
4.2332e-005,0.0577919
4.2336e-005,0.0578713
4.234e-005,0.0578564
4.2344e-005,0.0572065
4.2348e-005,0.0578316
4.2352e-005,0.0573057
4.2356e-005,0.057519
4.236e-005,0.0578961
4.2364e-005,0.0578861
4.2368e-005,0.0573057
4.2372e-005,0.0578464
4.2376e-005,0.0576877
4.238e-005,0.0573752
4.2384e-005,0.0575091
4.2388e-005,0.0577423
4.2392e-005,0.0570131
4.2396e-005,0.0573305
4.24e-005,0.0572561
4.2404e-005,0.0571569
4.2408e-005,0.0575587
4.2412e-005,0.0575389
4.2416e-005,0.0576232
4.242e-005,0.0578713
4.2424e-005,0.0570379
4.2428e-005,0.0575389
4.2432e-005,0.0572065
4.2436e-005,0.0574298
4.244e-005,0.0574
4.2444e-005,0.057271
4.2448e-005,0.0569932
4.2452e-005,0.0575042
4.2456e-005,0.0574595
4.246e-005,0.0571321
4.2464e-005,0.0573008
4.2468e-005,0.0577324
4.2472e-005,0.0571768
4.2476e-005,0.0572264
4.248e-005,0.0581937
4.2484e-005,0.0575538
4.2488e-005,0.0569287
4.2492e-005,0.0575141
4.2496e-005,0.0572165
4.25e-005,0.0578117
4.2504e-005,0.0577224
4.2508e-005,0.0565567
4.2512e-005,0.0572016
4.2516e-005,0.0576579
4.252e-005,0.0575736
4.2524e-005,0.057524
4.2528e-005,0.0572214
4.2532e-005,0.0574347
4.2536e-005,0.0578167
4.254e-005,0.0586104
4.2544e-005,0.0568146
4.2548e-005,0.0579357
4.2552e-005,0.0574248
4.2556e-005,0.057777
4.256e-005,0.0575835
4.2564e-005,0.0575538
4.2568e-005,0.0572661
4.2572e-005,0.0570924
4.2576e-005,0.0577621
4.258e-005,0.057653
4.2584e-005,0.0577621
4.2588e-005,0.0579407
4.2592e-005,0.057147
4.2596e-005,0.0573305
4.26e-005,0.0552223
4.2604e-005,0.0472209
4.2608e-005,0.0414666
4.2612e-005,0.039904
4.2616e-005,0.0369623
4.262e-005,0.0366796
4.2624e-005,0.035623
4.2628e-005,0.0242136
4.2632e-005,0.0209644
4.2636e-005,0.0198433
4.264e-005,0.0189703
4.2644e-005,0.0181716
4.2648e-005,0.018757
4.2652e-005,0.00646462
4.2656e-005,0.00152883
4.266e-005,0.00137505
4.2664e-005,-0.000142895
4.2668e-005,0.00108237
4.2672e-005,0.00129568
4.2676e-005,0.000611115
4.268e-005,0.000759933
4.2684e-005,0.000427573
4.2688e-005,-0.000882024
4.2692e-005,0.012958
4.2696e-005,0.0195259
4.27e-005,0.020761
4.2704e-005,0.0233902
4.2708e-005,0.0258804
4.2712e-005,0.0266691
4.2716e-005,0.0270511
4.272e-005,0.0287873
4.2724e-005,0.0297893
4.2728e-005,0.0303102
4.2732e-005,0.0315255
4.2736e-005,0.0322795
4.274e-005,0.0320712
4.2744e-005,0.0330236
4.2748e-005,0.0324284
4.2752e-005,0.0331675
4.2756e-005,0.0335594
4.276e-005,0.0339562
4.2764e-005,0.0342737
4.2768e-005,0.0344225
4.2772e-005,0.0340455
4.2776e-005,0.0344324
4.278e-005,0.0345813
4.2784e-005,0.0344275
4.2788e-005,0.035122
4.2792e-005,0.0350525
4.2796e-005,0.0340554
4.28e-005,0.034492
4.2804e-005,0.0346755
4.2808e-005,0.0342539
4.2812e-005,0.0348938
4.2816e-005,0.0345961
4.282e-005,0.0344176
4.2824e-005,0.0346408
4.2828e-005,0.035499
4.2832e-005,0.0345118
4.2836e-005,0.0347003
4.284e-005,0.0349434
4.2844e-005,0.0341646
4.2848e-005,0.034611
4.2852e-005,0.0348442
4.2856e-005,0.0349831
4.286e-005,0.0345465
4.2864e-005,0.0346954
4.2868e-005,0.0340455
4.2872e-005,0.0342489
4.2876e-005,0.0342985
4.288e-005,0.034115
4.2884e-005,0.0342241
4.2888e-005,0.034616
4.2892e-005,0.03411
4.2896e-005,0.0341547
4.29e-005,0.0344027
4.2904e-005,0.0339711
4.2908e-005,0.0337479
4.2912e-005,0.0335544
4.2916e-005,0.0336487
4.292e-005,0.0338769
4.2924e-005,0.0339761
4.2928e-005,0.03348
4.2932e-005,0.0334106
4.2936e-005,0.0341348
4.294e-005,0.0333758
4.2944e-005,0.0338818
4.2948e-005,0.0345912
4.2952e-005,0.0335445
4.2956e-005,0.0338669
4.296e-005,0.0340108
4.2964e-005,0.0337925
4.2968e-005,0.033351
4.2972e-005,0.0344126
4.2976e-005,0.0332072
4.298e-005,0.0344821
4.2984e-005,0.0337677
4.2988e-005,0.033485
4.2992e-005,0.0340158
4.2996e-005,0.0342935
4.3e-005,0.0340604
4.3004e-005,0.0340902
4.3008e-005,0.0347102
4.3012e-005,0.0338917
4.3016e-005,0.0338868
4.302e-005,0.0340306
4.3024e-005,0.0337231
4.3028e-005,0.0338024
4.3032e-005,0.0336933
4.3036e-005,0.0333163
4.304e-005,0.0339513
4.3044e-005,0.0338868
4.3048e-005,0.0336933
4.3052e-005,0.0334502
4.3056e-005,0.0344672
4.306e-005,0.0338322
4.3064e-005,0.0339463
4.3068e-005,0.0346011
4.3072e-005,0.0331873
4.3076e-005,0.0336338
4.308e-005,0.0337677
4.3084e-005,0.0346209
4.3088e-005,0.0335098
4.3092e-005,0.0341298
4.3096e-005,0.0341894
4.31e-005,0.0337528
4.3104e-005,0.0345416
4.3108e-005,0.0350029
4.3112e-005,0.0342787
4.3116e-005,0.0346408
4.312e-005,0.033728
4.3124e-005,0.0342489
4.3128e-005,0.0342638
4.3132e-005,0.0336784
4.3136e-005,0.0331774
4.314e-005,0.0339513
4.3144e-005,0.0336586
4.3148e-005,0.0336983
4.3152e-005,0.0341348
4.3156e-005,0.0331824
4.316e-005,0.0336239
4.3164e-005,0.034358
4.3168e-005,0.0335495
4.3172e-005,0.0340455
4.3176e-005,0.033862
4.318e-005,0.0335098
4.3184e-005,0.0347003
4.3188e-005,0.0339711
4.3192e-005,0.0331873
4.3196e-005,0.0334304
4.32e-005,0.034239
4.3204e-005,0.0335991
4.3208e-005,0.0341745
4.3212e-005,0.0339066
4.3216e-005,0.0341447
4.322e-005,0.0339017
4.3224e-005,0.0348144
4.3228e-005,0.0338223
4.3232e-005,0.0340158
4.3236e-005,0.0346358
4.324e-005,0.0342638
4.3244e-005,0.0342886
4.3248e-005,0.0341497
4.3252e-005,0.0341199
4.3256e-005,0.0341398
4.326e-005,0.0346309
4.3264e-005,0.0340108
4.3268e-005,0.0345664
4.3272e-005,0.0341695
4.3276e-005,0.0336536
4.328e-005,0.0340108
4.3284e-005,0.0338719
4.3288e-005,0.0337826
4.3292e-005,0.0338372
4.3296e-005,0.0339314
4.33e-005,0.0336685
4.3304e-005,0.0336735
4.3308e-005,0.0349037
4.3312e-005,0.0337578
4.3316e-005,0.0338173
4.332e-005,0.0343432
4.3324e-005,0.0336387
4.3328e-005,0.0344324
4.3332e-005,0.0345019
4.3336e-005,0.0335544
4.334e-005,0.0340406
4.3344e-005,0.0343432
4.3348e-005,0.03348
4.3352e-005,0.0341894
4.3356e-005,0.0342291
4.336e-005,0.0338669
4.3364e-005,0.0333709
4.3368e-005,0.0332717
4.3372e-005,0.0328004
4.3376e-005,0.0321754
4.338e-005,0.0319869
4.3384e-005,0.0311188
4.3388e-005,0.030841
4.3392e-005,0.031466
4.3396e-005,0.0221699
4.34e-005,0.0196003
4.3404e-005,0.0187818
4.3408e-005,0.0192878
4.3412e-005,0.0185635
4.3416e-005,0.0184345
4.342e-005,0.00625627
4.3424e-005,0.00126095
4.3428e-005,0.00146434
4.3432e-005,-0.000371082
4.3436e-005,0.000690485
4.344e-005,0.000943475
4.3444e-005,-1.39197e-005
4.3448e-005,0.000497021
4.3452e-005,0.00023411
4.3456e-005,-0.000753048
4.346e-005,0.0127298
4.3464e-005,0.0194266
4.3468e-005,0.0218474
4.3472e-005,0.0244617
4.3476e-005,0.0282466
4.348e-005,0.0294024
4.3484e-005,0.0309501
4.3488e-005,0.033351
4.3492e-005,0.0346805
4.3496e-005,0.036124
4.35e-005,0.0367788
4.3504e-005,0.0374187
4.3508e-005,0.0390061
4.3512e-005,0.0395617
4.3516e-005,0.0396311
4.352e-005,0.0402512
4.3524e-005,0.0406133
4.3528e-005,0.0409606
4.3532e-005,0.0422007
4.3536e-005,0.0422206
4.354e-005,0.0425777
4.3544e-005,0.0428158
4.3548e-005,0.0426621
4.3552e-005,0.0427266
4.3556e-005,0.0437584
4.356e-005,0.0429795
4.3564e-005,0.042801
4.3568e-005,0.0428258
4.3572e-005,0.0437732
4.3576e-005,0.0435649
4.358e-005,0.0432325
4.3584e-005,0.0433069
4.3588e-005,0.0437633
4.3592e-005,0.0443139
4.3596e-005,0.0440461
4.36e-005,0.0437336
4.3604e-005,0.0436889
4.3608e-005,0.0441453
4.3612e-005,0.0434607
4.3616e-005,0.0442098
4.362e-005,0.0443784
4.3624e-005,0.0441106
4.3628e-005,0.044185
4.3632e-005,0.0442842
4.3636e-005,0.0438774
4.364e-005,0.044562
4.3644e-005,0.0448795
4.3648e-005,0.0439915
4.3652e-005,0.0440709
4.3656e-005,0.0440312
4.366e-005,0.0432474
4.3664e-005,0.0440411
4.3668e-005,0.0442842
4.3672e-005,0.0441899
4.3676e-005,0.0445471
4.368e-005,0.044051
4.3684e-005,0.043927
4.3688e-005,0.0442098
4.3692e-005,0.0439072
4.3696e-005,0.0437931
4.37e-005,0.0441006
4.3704e-005,0.0442147
4.3708e-005,0.0436244
4.3712e-005,0.0440312
4.3716e-005,0.0438973
4.372e-005,0.0439667
4.3724e-005,0.0440312
4.3728e-005,0.0437732
4.3732e-005,0.0435599
4.3736e-005,0.0436492
4.374e-005,0.0442544
4.3744e-005,0.0434458
4.3748e-005,0.0436889
4.3752e-005,0.0440808
4.3756e-005,0.0432772
4.376e-005,0.0438576
4.3764e-005,0.0443487
4.3768e-005,0.0434508
4.3772e-005,0.0433714
4.3776e-005,0.0439121
4.378e-005,0.0435153
4.3784e-005,0.0438129
4.3788e-005,0.0437385
4.3792e-005,0.0439369
4.3796e-005,0.0435947
4.38e-005,0.0439121
4.3804e-005,0.0435798
4.3808e-005,0.0433764
4.3812e-005,0.0437484
4.3816e-005,0.0431681
4.382e-005,0.0439221
4.3824e-005,0.0436939
4.3828e-005,0.043297
4.3832e-005,0.0437732
4.3836e-005,0.0436691
4.384e-005,0.0426174
4.3844e-005,0.0436988
4.3848e-005,0.0437931
4.3852e-005,0.0435947
4.3856e-005,0.0436542
4.386e-005,0.0438328
4.3864e-005,0.04292
4.3868e-005,0.0434409
4.3872e-005,0.0435996
4.3876e-005,0.0431681
4.388e-005,0.0437336
4.3884e-005,0.0439915
4.3888e-005,0.0428109
4.3892e-005,0.0432722
4.3896e-005,0.0444975
4.39e-005,0.0434111
4.3904e-005,0.0433516
4.3908e-005,0.0439717
4.3912e-005,0.0432722
4.3916e-005,0.0437038
4.392e-005,0.0439717
4.3924e-005,0.0434558
4.3928e-005,0.0437435
4.3932e-005,0.0439419
4.3936e-005,0.0434954
4.394e-005,0.044185
4.3944e-005,0.0444429
4.3948e-005,0.0434111
4.3952e-005,0.0445273
4.3956e-005,0.0438328
4.396e-005,0.0438278
4.3964e-005,0.044433
4.3968e-005,0.0435004
4.3972e-005,0.0438328
4.3976e-005,0.0443933
4.398e-005,0.0444231
4.3984e-005,0.0433119
4.3988e-005,0.0443884
4.3992e-005,0.0437881
4.3996e-005,0.0442991
4.4e-005,0.0448993
4.4004e-005,0.044185
4.4008e-005,0.0437881
4.4012e-005,0.0443536
4.4016e-005,0.0439816
4.402e-005,0.0433318
4.4024e-005,0.0439121
4.4028e-005,0.0440014
4.4032e-005,0.0429547
4.4036e-005,0.043555
4.404e-005,0.0440907
4.4044e-005,0.0431085
4.4048e-005,0.0437484
4.4052e-005,0.0445818
4.4056e-005,0.0434458
4.406e-005,0.043932
4.4064e-005,0.04355
4.4068e-005,0.0433814
4.4072e-005,0.0435847
4.4076e-005,0.0441899
4.408e-005,0.0433913
4.4084e-005,0.0439667
4.4088e-005,0.0442048
4.4092e-005,0.0434111
4.4096e-005,0.0441304
4.41e-005,0.0441304
4.4104e-005,0.043426
4.4108e-005,0.0450432
4.4112e-005,0.044438
4.4116e-005,0.0437038
4.412e-005,0.0439568
4.4124e-005,0.0435798
4.4128e-005,0.0437187
4.4132e-005,0.0433218
4.4136e-005,0.0423694
4.414e-005,0.038014
4.4144e-005,0.0366498
4.4148e-005,0.0353799
4.4152e-005,0.0343928
4.4156e-005,0.0335792
4.416e-005,0.0332766
4.4164e-005,0.0238763
4.4168e-005,0.0197888
4.4172e-005,0.0201261
4.4176e-005,0.0191885
4.418e-005,0.0188959
4.4184e-005,0.0193175
4.4188e-005,0.00655887
4.4192e-005,0.000953396
4.4196e-005,0.00176693
4.42e-005,0.000308519
4.4204e-005,0.00107245
4.4208e-005,0.00122127
4.4212e-005,-6.84862e-005
4.4216e-005,0.00157347
4.422e-005,0.000298598
4.4224e-005,-0.000629033
4.4228e-005,0.0120502
4.4232e-005,0.0199872
4.4236e-005,0.0230578
4.424e-005,0.0264856
4.4244e-005,0.0316595
4.4248e-005,0.0330038
4.4252e-005,0.0353105
4.4256e-005,0.0377412
4.426e-005,0.0392591
4.4264e-005,0.0403852
4.4268e-005,0.041784
4.4272e-005,0.042037
4.4276e-005,0.0437782
4.428e-005,0.0451771
4.4284e-005,0.0451572
4.4288e-005,0.0463428
4.4292e-005,0.0464123
4.4296e-005,0.0467694
4.43e-005,0.0471812
4.4304e-005,0.0481832
4.4308e-005,0.048461
4.4312e-005,0.0492051
4.4316e-005,0.0494382
4.432e-005,0.0487586
4.4324e-005,0.0501327
4.4328e-005,0.0503659
4.4332e-005,0.0497607
4.4336e-005,0.0497656
4.434e-005,0.0507032
4.4344e-005,0.0500385
4.4348e-005,0.050475
4.4352e-005,0.0505941
4.4356e-005,0.049726
4.436e-005,0.0507726
4.4364e-005,0.0514274
4.4368e-005,0.0509215
4.4372e-005,0.0513183
4.4376e-005,0.0510901
4.438e-005,0.0510951
4.4384e-005,0.0519979
4.4388e-005,0.0521021
4.4392e-005,0.0517449
4.4396e-005,0.0516606
4.44e-005,0.051859
4.4404e-005,0.0512985
4.4408e-005,0.0521517
4.4412e-005,0.0528759
4.4416e-005,0.0517648
4.442e-005,0.0522063
4.4424e-005,0.0521914
4.4428e-005,0.0518441
4.4432e-005,0.0520922
4.4436e-005,0.0522658
4.444e-005,0.0522509
4.4444e-005,0.0526031
4.4448e-005,0.05236
4.4452e-005,0.0522261
4.4456e-005,0.0522658
4.446e-005,0.0525039
4.4464e-005,0.0520872
4.4468e-005,0.0523352
4.4472e-005,0.0525882
4.4476e-005,0.0519582
4.448e-005,0.0522707
4.4484e-005,0.0522707
4.4488e-005,0.0519384
4.4492e-005,0.0523848
4.4496e-005,0.0528859
4.45e-005,0.0521914
4.4504e-005,0.052484
4.4508e-005,0.052494
4.4512e-005,0.052613
4.4516e-005,0.0530694
4.452e-005,0.0523303
4.4524e-005,0.0522261
4.4528e-005,0.0525039
4.4532e-005,0.053372
4.4536e-005,0.0523005
4.454e-005,0.0523104
4.4544e-005,0.0524791
4.4548e-005,0.0520872
4.4552e-005,0.0536051
4.4556e-005,0.0532281
4.456e-005,0.0521021
4.4564e-005,0.0526527
4.4568e-005,0.0526428
4.4572e-005,0.0517003
4.4576e-005,0.0514076
4.458e-005,0.0529107
4.4584e-005,0.051983
4.4588e-005,0.0524096
4.4592e-005,0.0537292
4.4596e-005,0.0518094
4.46e-005,0.0532678
4.4604e-005,0.0532777
4.4608e-005,0.0524444
4.4612e-005,0.0519483
4.4616e-005,0.0527519
4.462e-005,0.0520128
4.4624e-005,0.0521616
4.4628e-005,0.0531041
4.4632e-005,0.0523303
4.4636e-005,0.052613
4.464e-005,0.0523948
4.4644e-005,0.0514969
4.4648e-005,0.052618
4.4652e-005,0.052241
4.4656e-005,0.0517152
4.466e-005,0.0522013
4.4664e-005,0.05236
4.4668e-005,0.0530446
4.4672e-005,0.0530496
4.4676e-005,0.0526775
4.468e-005,0.0525585
4.4684e-005,0.0525833
4.4688e-005,0.0534861
4.4692e-005,0.0517102
4.4696e-005,0.0530843
4.47e-005,0.0526974
4.4704e-005,0.052742
4.4708e-005,0.0523997
4.4712e-005,0.0522311
4.4716e-005,0.0524444
4.472e-005,0.0524543
4.4724e-005,0.0530099
4.4728e-005,0.0524394
4.4732e-005,0.0530644
4.4736e-005,0.0528859
4.474e-005,0.0525684
4.4744e-005,0.0525981
4.4748e-005,0.0529751
4.4752e-005,0.0520574
4.4756e-005,0.0530248
4.476e-005,0.0533224
4.4764e-005,0.0516159
4.4768e-005,0.0525882
4.4772e-005,0.0526725
4.4776e-005,0.0526626
4.478e-005,0.0531587
4.4784e-005,0.0528859
4.4788e-005,0.0526279
4.4792e-005,0.0526428
4.4796e-005,0.0537738
4.48e-005,0.0524096
4.4804e-005,0.0531686
4.4808e-005,0.0525535
4.4812e-005,0.0529156
4.4816e-005,0.0532331
4.482e-005,0.0530248
4.4824e-005,0.0520326
4.4828e-005,0.0531488
4.4832e-005,0.0526974
4.4836e-005,0.0534365
4.484e-005,0.0526825
4.4844e-005,0.0529503
4.4848e-005,0.0524245
4.4852e-005,0.0527668
4.4856e-005,0.0525882
4.486e-005,0.0525287
4.4864e-005,0.0524543
4.4868e-005,0.0528958
4.4872e-005,0.0523352
4.4876e-005,0.052618
4.488e-005,0.0527916
4.4884e-005,0.0525634
4.4888e-005,0.0530892
4.4892e-005,0.0527172
4.4896e-005,0.0522112
4.49e-005,0.0534315
4.4904e-005,0.0503411
4.4908e-005,0.0439072
4.4912e-005,0.0408564
4.4916e-005,0.038892
4.492e-005,0.0365506
4.4924e-005,0.0361141
4.4928e-005,0.0354047
4.4932e-005,0.0245757
4.4936e-005,0.0197044
4.494e-005,0.0201906
4.4944e-005,0.0193969
4.4948e-005,0.01963
4.4952e-005,0.0197044
4.4956e-005,0.00675233
4.496e-005,0.00113694
4.4964e-005,0.0016578
4.4968e-005,0.00056647
4.4972e-005,0.000526785
4.4976e-005,0.00140977
4.498e-005,0.000129938
4.4984e-005,0.000601194
4.4988e-005,0.000809539
4.4992e-005,-0.00059927
4.4996e-005,0.0119064
4.5e-005,0.0200666
4.5004e-005,0.0240598
4.5008e-005,0.0284252
4.5012e-005,0.0342142
4.5016e-005,0.0351021
4.502e-005,0.0377808
4.5024e-005,0.0403207
4.5028e-005,0.0415211
4.5032e-005,0.0426373
4.5036e-005,0.0450432
4.504e-005,0.0461295
4.5044e-005,0.0470522
4.5048e-005,0.0469034
4.5052e-005,0.0482973
4.5056e-005,0.0488479
4.506e-005,0.0496615
4.5064e-005,0.0497111
4.5068e-005,0.0508173
4.5072e-005,0.0505147
4.5076e-005,0.051606
4.508e-005,0.0523451
4.5084e-005,0.0528462
4.5088e-005,0.0520822
4.5092e-005,0.0528313
4.5096e-005,0.0535903
4.51e-005,0.0525535
4.5104e-005,0.0533571
4.5108e-005,0.053873
4.5112e-005,0.0542153
4.5116e-005,0.0541558
4.512e-005,0.0546221
4.5124e-005,0.0547163
4.5128e-005,0.0553116
4.5132e-005,0.0547014
4.5136e-005,0.0550536
4.514e-005,0.0557035
4.5144e-005,0.0563037
4.5148e-005,0.0556936
4.5152e-005,0.0560557
4.5156e-005,0.0555795
4.516e-005,0.0554406
4.5164e-005,0.0555398
4.5168e-005,0.0564277
4.5172e-005,0.0569238
4.5176e-005,0.0559069
4.518e-005,0.0567055
4.5184e-005,0.0565517
4.5188e-005,0.0566609
4.5192e-005,0.0558721
4.5196e-005,0.0566361
4.52e-005,0.0566013
4.5204e-005,0.0568345
4.5208e-005,0.0559961
4.5212e-005,0.0565319
4.5216e-005,0.0571569
4.522e-005,0.0573405
4.5224e-005,0.0567898
4.5228e-005,0.0566658
4.5232e-005,0.0565517
4.5236e-005,0.0563583
4.524e-005,0.0564575
4.5244e-005,0.0569585
4.5248e-005,0.0571718
4.5252e-005,0.0570131
4.5256e-005,0.0563732
4.526e-005,0.0569139
4.5264e-005,0.0571668
4.5268e-005,0.0558573
4.5272e-005,0.0567006
4.5276e-005,0.0565765
4.528e-005,0.0566956
4.5284e-005,0.0570428
4.5288e-005,0.0572512
4.5292e-005,0.0565567
4.5296e-005,0.0569535
4.53e-005,0.0570627
4.5304e-005,0.0559118
4.5308e-005,0.0573653
4.5312e-005,0.0570329
4.5316e-005,0.0563533
4.532e-005,0.0570528
4.5324e-005,0.0570379
4.5328e-005,0.057152
4.5332e-005,0.0569535
4.5336e-005,0.0572859
4.534e-005,0.0568791
4.5344e-005,0.0576133
4.5348e-005,0.0574198
4.5352e-005,0.0572115
4.5356e-005,0.057395
4.536e-005,0.0574446
4.5364e-005,0.0568146
4.5368e-005,0.0574149
4.5372e-005,0.0566509
4.5376e-005,0.056641
4.538e-005,0.0570031
4.5384e-005,0.0573256
4.5388e-005,0.057028
4.5392e-005,0.0569833
4.5396e-005,0.0567998
4.54e-005,0.0571272
4.5404e-005,0.0569734
4.5408e-005,0.0572958
4.5412e-005,0.0567998
4.5416e-005,0.0566559
4.542e-005,0.0575687
4.5424e-005,0.0570379
4.5428e-005,0.057271
4.5432e-005,0.0571073
4.5436e-005,0.0572165
4.544e-005,0.0572661
4.5444e-005,0.0575736
4.5448e-005,0.0570726
4.5452e-005,0.0573802
4.5456e-005,0.0574298
4.546e-005,0.0572859
4.5464e-005,0.0574942
4.5468e-005,0.0575786
4.5472e-005,0.0573057
4.5476e-005,0.0574347
4.548e-005,0.0573752
4.5484e-005,0.0570924
4.5488e-005,0.0570528
4.5492e-005,0.0576133
4.5496e-005,0.0571768
4.55e-005,0.0572809
4.5504e-005,0.0573107
4.5508e-005,0.0570428
4.5512e-005,0.0570875
4.5516e-005,0.0572264
4.552e-005,0.0567799
4.5524e-005,0.056894
4.5528e-005,0.0571867
4.5532e-005,0.0569139
4.5536e-005,0.0572115
4.554e-005,0.0572809
4.5544e-005,0.0573256
4.5548e-005,0.0572413
4.5552e-005,0.0570379
4.5556e-005,0.0567154
4.556e-005,0.0571718
4.5564e-005,0.057519
4.5568e-005,0.0567204
4.5572e-005,0.0571867
4.5576e-005,0.0573107
4.558e-005,0.0570379
4.5584e-005,0.0575935
4.5588e-005,0.0570081
4.5592e-005,0.0573256
4.5596e-005,0.0576579
4.56e-005,0.057524
4.5604e-005,0.0573851
4.5608e-005,0.0569734
4.5612e-005,0.0576232
4.5616e-005,0.057276
4.562e-005,0.0576183
4.5624e-005,0.0565666
4.5628e-005,0.0569486
4.5632e-005,0.0573851
4.5636e-005,0.0570776
4.564e-005,0.0568146
4.5644e-005,0.0574298
4.5648e-005,0.0576133
4.5652e-005,0.0570031
4.5656e-005,0.0567303
4.566e-005,0.0576381
4.5664e-005,0.0566857
4.5668e-005,0.0568097
4.5672e-005,0.0552124
4.5676e-005,0.0468091
4.568e-005,0.0413525
4.5684e-005,0.0386489
4.5688e-005,0.0367292
4.5692e-005,0.0364266
4.5696e-005,0.0347648
4.57e-005,0.0236332
4.5704e-005,0.0201757
4.5708e-005,0.0194167
4.5712e-005,0.0192431
4.5716e-005,0.0184693
4.572e-005,0.0181617
4.5724e-005,0.00730792
4.5728e-005,0.00148418
4.5732e-005,0.00169252
4.5736e-005,-0.000296674
4.574e-005,0.00118158
4.5744e-005,0.000918672
4.5748e-005,0.000164662
4.5752e-005,0.000214268
4.5756e-005,0.000596233
4.576e-005,-0.000286752
4.5764e-005,0.0120205
4.5768e-005,0.0189207
4.5772e-005,0.0209496
4.5776e-005,0.0223534
4.578e-005,0.0250966
4.5784e-005,0.0261681
4.5788e-005,0.0274678
4.5792e-005,0.0279886
4.5796e-005,0.0291593
4.58e-005,0.0302358
4.5804e-005,0.0314908
4.5808e-005,0.0326913
4.5812e-005,0.0323341
4.5816e-005,0.0324532
4.582e-005,0.0335792
4.5824e-005,0.0338769
4.5828e-005,0.0342836
4.5832e-005,0.0339513
4.5836e-005,0.0333461
4.584e-005,0.0347301
4.5844e-005,0.0345267
4.5848e-005,0.0348045
4.5852e-005,0.0353601
4.5856e-005,0.0347846
4.586e-005,0.0349731
4.5864e-005,0.0346458
4.5868e-005,0.0346061
4.5872e-005,0.0350079
4.5876e-005,0.034998
4.588e-005,0.0348194
4.5884e-005,0.0346507
4.5888e-005,0.0349533
4.5892e-005,0.0349335
4.5896e-005,0.0347747
4.59e-005,0.0353452
4.5904e-005,0.034492
4.5908e-005,0.034988
4.5912e-005,0.0349682
4.5916e-005,0.0349781
4.592e-005,0.0346408
4.5924e-005,0.0346061
4.5928e-005,0.0344027
4.5932e-005,0.0348739
4.5936e-005,0.0352658
4.594e-005,0.035112
4.5944e-005,0.034358
4.5948e-005,0.0346507
4.5952e-005,0.0346706
4.5956e-005,0.0342191
4.596e-005,0.034358
4.5964e-005,0.0340505
4.5968e-005,0.0345118
4.5972e-005,0.0350972
4.5976e-005,0.0345862
4.598e-005,0.0352013
4.5984e-005,0.0349335
4.5988e-005,0.0342539
4.5992e-005,0.0343828
4.5996e-005,0.0340207
4.6e-005,0.0347102
4.6004e-005,0.0344176
4.6008e-005,0.0347797
4.6012e-005,0.0337826
4.6016e-005,0.0349731
4.602e-005,0.0344424
4.6024e-005,0.0345366
4.6028e-005,0.0351468
4.6032e-005,0.0343084
4.6036e-005,0.0339562
4.604e-005,0.0346259
4.6044e-005,0.0346408
4.6048e-005,0.0343134
4.6052e-005,0.0343531
4.6056e-005,0.0349186
4.606e-005,0.0348194
4.6064e-005,0.034988
4.6068e-005,0.0346408
4.6072e-005,0.0337826
4.6076e-005,0.0341199
4.608e-005,0.0347797
4.6084e-005,0.033986
4.6088e-005,0.0342142
4.6092e-005,0.0349037
4.6096e-005,0.0345664
4.61e-005,0.0341695
4.6104e-005,0.0347301
4.6108e-005,0.0340108
4.6112e-005,0.0346259
4.6116e-005,0.0350575
4.612e-005,0.0345217
4.6124e-005,0.0347251
4.6128e-005,0.0347152
4.6132e-005,0.0340356
4.6136e-005,0.034368
4.614e-005,0.0347102
4.6144e-005,0.0346309
4.6148e-005,0.0339413
4.6152e-005,0.0345862
4.6156e-005,0.0341249
4.616e-005,0.034358
4.6164e-005,0.0350228
4.6168e-005,0.0335544
4.6172e-005,0.034115
4.6176e-005,0.0342191
4.618e-005,0.0341795
4.6184e-005,0.03411
4.6188e-005,0.03411
4.6192e-005,0.0338024
4.6196e-005,0.0349434
4.62e-005,0.0345813
4.6204e-005,0.0340009
4.6208e-005,0.0343184
4.6212e-005,0.0339116
4.6216e-005,0.033862
4.622e-005,0.0339215
4.6224e-005,0.0348392
4.6228e-005,0.034616
4.6232e-005,0.0343928
4.6236e-005,0.0345813
4.624e-005,0.0341993
4.6244e-005,0.0347102
4.6248e-005,0.0347598
4.6252e-005,0.0345217
4.6256e-005,0.0346209
4.626e-005,0.0339711
4.6264e-005,0.0342935
4.6268e-005,0.0338322
4.6272e-005,0.0351269
4.6276e-005,0.034368
4.628e-005,0.0341249
4.6284e-005,0.0340554
4.6288e-005,0.0347251
4.6292e-005,0.0344572
4.6296e-005,0.0337231
4.63e-005,0.0337876
4.6304e-005,0.034864
4.6308e-005,0.0347549
4.6312e-005,0.0344672
4.6316e-005,0.0348739
4.632e-005,0.0337677
4.6324e-005,0.0338372
4.6328e-005,0.0344622
4.6332e-005,0.0343828
4.6336e-005,0.0339165
4.634e-005,0.0344225
4.6344e-005,0.0335643
4.6348e-005,0.0333858
4.6352e-005,0.0338967
4.6356e-005,0.0342886
4.636e-005,0.0335445
4.6364e-005,0.0338223
4.6368e-005,0.0342043
4.6372e-005,0.033738
4.6376e-005,0.0340505
4.638e-005,0.0340306
4.6384e-005,0.0341943
4.6388e-005,0.0343134
4.6392e-005,0.0345217
4.6396e-005,0.033986
4.64e-005,0.0336139
4.6404e-005,0.0342787
4.6408e-005,0.0344374
4.6412e-005,0.0341695
4.6416e-005,0.0342588
4.642e-005,0.0339612
4.6424e-005,0.0340257
4.6428e-005,0.0353898
4.6432e-005,0.0343928
4.6436e-005,0.0336239
4.644e-005,0.0338223
4.6444e-005,0.0319819
4.6448e-005,0.0314065
4.6452e-005,0.0314859
4.6456e-005,0.0311585
4.646e-005,0.0310245
4.6464e-005,0.0307368
4.6468e-005,0.0227155
4.6472e-005,0.020017
4.6476e-005,0.0195011
4.648e-005,0.0187818
4.6484e-005,0.0182559
4.6488e-005,0.0182808
4.6492e-005,0.0066928
4.6496e-005,0.00098316
4.65e-005,0.00115182
4.6504e-005,0.00040277
4.6508e-005,0.000700406
4.6512e-005,0.000740091
4.6516e-005,0.000586312
4.652e-005,0.000110095
4.6524e-005,0.000759933
4.6528e-005,-0.000738166
4.6532e-005,0.012204
4.6536e-005,0.0194118
4.654e-005,0.021778
4.6544e-005,0.025047
4.6548e-005,0.0281424
4.6552e-005,0.0296951
4.6556e-005,0.0319869
4.656e-005,0.0334899
4.6564e-005,0.03474
4.6568e-005,0.0356379
4.6572e-005,0.0371955
4.6576e-005,0.0379445
4.658e-005,0.0390607
4.6584e-005,0.0393583
4.6588e-005,0.0396857
4.6592e-005,0.0406977
4.6596e-005,0.0414765
4.66e-005,0.0412185
4.6604e-005,0.0421015
4.6608e-005,0.042677
4.6612e-005,0.0419974
4.6616e-005,0.0437088
4.662e-005,0.0431432
4.6624e-005,0.0431085
4.6628e-005,0.0436244
4.6632e-005,0.0435401
4.6636e-005,0.0427613
4.664e-005,0.0436492
4.6644e-005,0.0439617
4.6648e-005,0.0436691
4.6652e-005,0.0443487
4.6656e-005,0.0446364
4.666e-005,0.0437931
4.6664e-005,0.0438675
4.6668e-005,0.0448249
4.6672e-005,0.0439419
4.6676e-005,0.0440411
4.668e-005,0.044557
4.6684e-005,0.0433615
4.6688e-005,0.0444975
4.6692e-005,0.0439518
4.6696e-005,0.0437832
4.67e-005,0.0444776
4.6704e-005,0.0440461
4.6708e-005,0.0435947
4.6712e-005,0.0443933
4.6716e-005,0.0439121
4.672e-005,0.0437484
4.6724e-005,0.0443735
4.6728e-005,0.0444925
4.6732e-005,0.0439469
4.6736e-005,0.0440014
4.674e-005,0.0443784
4.6744e-005,0.0433615
4.6748e-005,0.0447654
4.6752e-005,0.0443784
4.6756e-005,0.0442048
4.676e-005,0.043798
4.6764e-005,0.0449241
4.6768e-005,0.0429994
4.6772e-005,0.0437187
4.6776e-005,0.044438
4.678e-005,0.043932
4.6784e-005,0.0439568
4.6788e-005,0.0438725
4.6792e-005,0.043798
4.6796e-005,0.0446761
4.68e-005,0.0438179
4.6804e-005,0.0437633
4.6808e-005,0.0443884
4.6812e-005,0.0446612
4.6816e-005,0.0433318
4.682e-005,0.0441701
4.6824e-005,0.0437782
4.6828e-005,0.043679
4.6832e-005,0.0437286
4.6836e-005,0.0448199
4.684e-005,0.0440957
4.6844e-005,0.0446463
4.6848e-005,0.0441106
4.6852e-005,0.0436294
4.6856e-005,0.0444528
4.686e-005,0.0446761
4.6864e-005,0.0435947
4.6868e-005,0.0445322
4.6872e-005,0.0447802
4.6876e-005,0.0433318
4.688e-005,0.0449935
4.6884e-005,0.0441354
4.6888e-005,0.0433466
4.6892e-005,0.0442296
4.6896e-005,0.0445273
4.69e-005,0.0437683
4.6904e-005,0.0439915
4.6908e-005,0.0445669
4.6912e-005,0.0443288
4.6916e-005,0.0449191
4.692e-005,0.0446662
4.6924e-005,0.044185
4.6928e-005,0.0444975
4.6932e-005,0.0447604
4.6936e-005,0.043803
4.694e-005,0.0440709
4.6944e-005,0.0450134
4.6948e-005,0.0442247
4.6952e-005,0.0447207
4.6956e-005,0.0443735
4.696e-005,0.0443586
4.6964e-005,0.0440213
4.6968e-005,0.0442395
4.6972e-005,0.0443388
4.6976e-005,0.0442147
4.698e-005,0.0443437
4.6984e-005,0.0447207
4.6988e-005,0.0440014
4.6992e-005,0.0440709
4.6996e-005,0.0435153
4.7e-005,0.0436195
4.7004e-005,0.044185
4.7008e-005,0.0445372
4.7012e-005,0.044438
4.7016e-005,0.0451424
4.702e-005,0.0440312
4.7024e-005,0.0443636
4.7028e-005,0.0444727
4.7032e-005,0.0438228
4.7036e-005,0.0443536
4.704e-005,0.0446215
4.7044e-005,0.0435103
4.7048e-005,0.0439469
4.7052e-005,0.0442495
4.7056e-005,0.0437881
4.706e-005,0.0439865
4.7064e-005,0.0444479
4.7068e-005,0.0440014
4.7072e-005,0.0446959
4.7076e-005,0.0445917
4.708e-005,0.0435947
4.7084e-005,0.04481
4.7088e-005,0.0447306
4.7092e-005,0.0432871
4.7096e-005,0.0442991
4.71e-005,0.0447158
4.7104e-005,0.0435103
4.7108e-005,0.0442296
4.7112e-005,0.0447703
4.7116e-005,0.0432177
4.712e-005,0.0443636
4.7124e-005,0.0441651
4.7128e-005,0.0436591
4.7132e-005,0.0443487
4.7136e-005,0.0441453
4.714e-005,0.0438377
4.7144e-005,0.0439072
4.7148e-005,0.0448298
4.7152e-005,0.0432623
4.7156e-005,0.0439816
4.716e-005,0.0439221
4.7164e-005,0.043555
4.7168e-005,0.0439022
4.7172e-005,0.0438625
4.7176e-005,0.0429101
4.718e-005,0.0437683
4.7184e-005,0.0446165
4.7188e-005,0.043674
4.7192e-005,0.0443189
4.7196e-005,0.0449539
4.72e-005,0.0435947
4.7204e-005,0.0432425
4.7208e-005,0.0425331
4.7212e-005,0.0384952
4.7216e-005,0.0365209
4.722e-005,0.0357073
4.7224e-005,0.0346259
4.7228e-005,0.0335891
4.7232e-005,0.0334106
4.7236e-005,0.0237275
4.724e-005,0.0200715
4.7244e-005,0.0195854
4.7248e-005,0.019387
4.7252e-005,0.0184147
4.7256e-005,0.0189901
4.726e-005,0.00763532
4.7264e-005,0.00199016
4.7268e-005,0.00165284
4.7272e-005,-0.000336358
4.7276e-005,0.000467258
4.728e-005,0.000859145
4.7284e-005,0.000497021
4.7288e-005,0.000219228
4.7292e-005,0.000556549
4.7296e-005,-0.000500058
4.73e-005,0.012457
4.7304e-005,0.0198781
4.7308e-005,0.0233455
4.7312e-005,0.0272247
4.7316e-005,0.0314065
4.732e-005,0.0339017
4.7324e-005,0.0356776
4.7328e-005,0.0371955
4.7332e-005,0.0388573
4.7336e-005,0.0405885
4.734e-005,0.0416948
4.7344e-005,0.0427216
4.7348e-005,0.0435748
4.7352e-005,0.0440312
4.7356e-005,0.0441205
4.736e-005,0.0460204
4.7364e-005,0.0463875
4.7368e-005,0.046824
4.7372e-005,0.0477368
4.7376e-005,0.048342
4.738e-005,0.0477417
4.7384e-005,0.0486495
4.7388e-005,0.0494134
4.7392e-005,0.0485503
4.7396e-005,0.0505246
4.74e-005,0.0500087
4.7404e-005,0.0501724
4.7408e-005,0.050723
4.7412e-005,0.0510802
4.7416e-005,0.0509264
4.742e-005,0.0507082
4.7424e-005,0.0515862
4.7428e-005,0.0505941
4.7432e-005,0.0513034
4.7436e-005,0.051363
4.744e-005,0.0508371
4.7444e-005,0.0513431
4.7448e-005,0.0519731
4.7452e-005,0.0514126
4.7456e-005,0.0515812
4.746e-005,0.0520674
4.7464e-005,0.0513977
4.7468e-005,0.0523501
4.7472e-005,0.0516308
4.7476e-005,0.0520574
4.748e-005,0.0525436
4.7484e-005,0.0517598
4.7488e-005,0.0522112
4.7492e-005,0.0525088
4.7496e-005,0.0522459
4.75e-005,0.0521963
4.7504e-005,0.0523352
4.7508e-005,0.0528859
4.7512e-005,0.0517945
4.7516e-005,0.0525684
4.752e-005,0.0517896
4.7524e-005,0.0518739
4.7528e-005,0.0517548
4.7532e-005,0.0522261
4.7536e-005,0.0517697
4.754e-005,0.0525088
4.7544e-005,0.0526577
4.7548e-005,0.0520426
4.7552e-005,0.052613
4.7556e-005,0.0524295
4.756e-005,0.0523352
4.7564e-005,0.0523303
4.7568e-005,0.0517846
4.7572e-005,0.0523203
4.7576e-005,0.0526477
4.758e-005,0.0520773
4.7584e-005,0.0518243
4.7588e-005,0.0524245
4.7592e-005,0.0521418
4.7596e-005,0.051983
4.76e-005,0.0519433
4.7604e-005,0.0521914
4.7608e-005,0.0525634
4.7612e-005,0.0522013
4.7616e-005,0.0523551
4.762e-005,0.0521418
4.7624e-005,0.0522559
4.7628e-005,0.0525981
4.7632e-005,0.0524692
4.7636e-005,0.0520971
4.764e-005,0.0521021
4.7644e-005,0.0524741
4.7648e-005,0.0523005
4.7652e-005,0.0528859
4.7656e-005,0.0519681
4.766e-005,0.0527966
4.7664e-005,0.0530446
4.7668e-005,0.0523551
4.7672e-005,0.0523501
4.7676e-005,0.0524295
4.768e-005,0.0528214
4.7684e-005,0.0526974
4.7688e-005,0.0530545
4.7692e-005,0.052241
4.7696e-005,0.0524642
4.77e-005,0.0521517
4.7704e-005,0.052494
4.7708e-005,0.052613
4.7712e-005,0.0521864
4.7716e-005,0.0523352
4.772e-005,0.0523055
4.7724e-005,0.052742
4.7728e-005,0.0520624
4.7732e-005,0.0522063
4.7736e-005,0.0529454
4.774e-005,0.0524146
4.7744e-005,0.0523253
4.7748e-005,0.0526477
4.7752e-005,0.0520326
4.7756e-005,0.0523303
4.776e-005,0.052742
4.7764e-005,0.0521963
4.7768e-005,0.0528611
4.7772e-005,0.0527519
4.7776e-005,0.0526626
4.778e-005,0.0520525
4.7784e-005,0.052613
4.7788e-005,0.0525337
4.7792e-005,0.0526279
4.7796e-005,0.0523154
4.78e-005,0.0516358
4.7804e-005,0.0520525
4.7808e-005,0.0523898
4.7812e-005,0.0522261
4.7816e-005,0.0530694
4.782e-005,0.0532579
4.7824e-005,0.0524592
4.7828e-005,0.0531636
4.7832e-005,0.0529702
4.7836e-005,0.0523501
4.784e-005,0.0527817
4.7844e-005,0.0526081
4.7848e-005,0.0527122
4.7852e-005,0.0527222
4.7856e-005,0.0527271
4.786e-005,0.0524642
4.7864e-005,0.051487
4.7868e-005,0.0522757
4.7872e-005,0.0522013
4.7876e-005,0.0517648
4.788e-005,0.0517548
4.7884e-005,0.0522807
4.7888e-005,0.0522955
4.7892e-005,0.0524493
4.7896e-005,0.0517152
4.79e-005,0.0525436
4.7904e-005,0.0519136
4.7908e-005,0.0522459
4.7912e-005,0.0522112
4.7916e-005,0.0521467
4.792e-005,0.051983
4.7924e-005,0.0523203
4.7928e-005,0.0526031
4.7932e-005,0.0519086
4.7936e-005,0.052489
4.794e-005,0.0522807
4.7944e-005,0.0520227
4.7948e-005,0.052117
4.7952e-005,0.052866
4.7956e-005,0.0521765
4.796e-005,0.0526378
4.7964e-005,0.0525535
4.7968e-005,0.0522856
4.7972e-005,0.0518342
4.7976e-005,0.0503808
4.798e-005,0.0436443
4.7984e-005,0.0398792
4.7988e-005,0.037885
4.7992e-005,0.0364762
4.7996e-005,0.0355387
4.8e-005,0.0350228
4.8004e-005,0.0244418
4.8008e-005,0.0205775
4.8012e-005,0.0195804
4.8016e-005,0.0194515
4.802e-005,0.018499
4.8024e-005,0.018246
4.8028e-005,0.00712437
4.8032e-005,0.00110221
4.8036e-005,0.0013056
4.804e-005,-0.000118092
4.8044e-005,0.000720248
4.8048e-005,0.000854184
4.8052e-005,0.000283716
4.8056e-005,0.000457337
4.806e-005,0.000353164
4.8064e-005,-0.000643915
4.8068e-005,0.011579
4.8072e-005,0.020007
4.8076e-005,0.0240896
4.808e-005,0.0278646
4.8084e-005,0.0327062
4.8088e-005,0.0358115
4.8092e-005,0.0375527
4.8096e-005,0.0400826
4.81e-005,0.0411144
4.8104e-005,0.0427414
4.8108e-005,0.0444231
4.8112e-005,0.0455095
4.8116e-005,0.0460551
4.812e-005,0.0465413
4.8124e-005,0.0474441
4.8128e-005,0.0483717
4.8132e-005,0.049597
4.8136e-005,0.0494333
4.814e-005,0.0503311
4.8144e-005,0.0508669
4.8148e-005,0.0505742
4.8152e-005,0.0514175
4.8156e-005,0.0521021
4.816e-005,0.0525485
4.8164e-005,0.0527321
4.8168e-005,0.0533918
4.8172e-005,0.0533918
4.8176e-005,0.0540169
4.818e-005,0.054131
4.8184e-005,0.0533373
4.8188e-005,0.0540764
4.8192e-005,0.0545824
4.8196e-005,0.0545179
4.82e-005,0.0541409
4.8204e-005,0.0546171
4.8208e-005,0.0539524
4.8212e-005,0.0555993
4.8216e-005,0.0555894
4.822e-005,0.0549544
4.8224e-005,0.0559217
4.8228e-005,0.0557779
4.8232e-005,0.0553314
4.8236e-005,0.0563087
4.824e-005,0.0562293
4.8244e-005,0.0561995
4.8248e-005,0.0558523
4.8252e-005,0.0566708
4.8256e-005,0.0562045
4.826e-005,0.0564277
4.8264e-005,0.0566807
4.8268e-005,0.0561846
4.8272e-005,0.0567204
4.8276e-005,0.0559217
4.828e-005,0.0566559
4.8284e-005,0.0570329
4.8288e-005,0.0573157
4.8292e-005,0.0564327
4.8296e-005,0.0565716
4.83e-005,0.0561797
4.8304e-005,0.0568891
4.8308e-005,0.056517
4.8312e-005,0.0571916
4.8316e-005,0.0571817
4.832e-005,0.0571222
4.8324e-005,0.0571073
4.8328e-005,0.0569436
4.8332e-005,0.0570825
4.8336e-005,0.0574298
4.834e-005,0.0566956
4.8344e-005,0.0574149
4.8348e-005,0.0574694
4.8352e-005,0.0564624
4.8356e-005,0.0571222
4.836e-005,0.0572413
4.8364e-005,0.056899
4.8368e-005,0.056522
4.8372e-005,0.0577274
4.8376e-005,0.0559862
4.838e-005,0.0571817
4.8384e-005,0.0571817
4.8388e-005,0.0568643
4.8392e-005,0.057395
4.8396e-005,0.0578464
4.84e-005,0.0572561
4.8404e-005,0.0575835
4.8408e-005,0.0574099
4.8412e-005,0.0569684
4.8416e-005,0.0574347
4.842e-005,0.0569684
4.8424e-005,0.0569883
4.8428e-005,0.057395
4.8432e-005,0.0568891
4.8436e-005,0.0570676
4.844e-005,0.0569436
4.8444e-005,0.0564624
4.8448e-005,0.0571024
4.8452e-005,0.0573454
4.8456e-005,0.0575935
4.846e-005,0.0568196
4.8464e-005,0.0569734
4.8468e-005,0.0574446
4.8472e-005,0.0569238
4.8476e-005,0.0570825
4.848e-005,0.0578514
4.8484e-005,0.0573157
4.8488e-005,0.0576331
4.8492e-005,0.057524
4.8496e-005,0.0572611
4.85e-005,0.0574347
4.8504e-005,0.0572214
4.8508e-005,0.0568394
4.8512e-005,0.0572016
4.8516e-005,0.0571073
4.852e-005,0.0568543
4.8524e-005,0.0572363
4.8528e-005,0.0574546
4.8532e-005,0.0567402
4.8536e-005,0.0568891
4.854e-005,0.0571321
4.8544e-005,0.0575389
4.8548e-005,0.0570478
4.8552e-005,0.0567998
4.8556e-005,0.0569188
4.856e-005,0.0570577
4.8564e-005,0.0573405
4.8568e-005,0.0570379
4.8572e-005,0.0575637
4.8576e-005,0.0570676
4.858e-005,0.0569337
4.8584e-005,0.0568791
4.8588e-005,0.0573008
4.8592e-005,0.0571222
4.8596e-005,0.0572909
4.86e-005,0.0576431
4.8604e-005,0.057405
4.8608e-005,0.0575339
4.8612e-005,0.0570924
4.8616e-005,0.0562095
4.862e-005,0.0572165
4.8624e-005,0.0577224
4.8628e-005,0.0576183
4.8632e-005,0.0573851
4.8636e-005,0.0573256
4.864e-005,0.0572611
4.8644e-005,0.0572909
4.8648e-005,0.0575736
4.8652e-005,0.0573157
4.8656e-005,0.0567452
4.866e-005,0.0570081
4.8664e-005,0.0570428
4.8668e-005,0.0573851
4.8672e-005,0.0570031
4.8676e-005,0.0572909
4.868e-005,0.0573157
4.8684e-005,0.0574298
4.8688e-005,0.0569684
4.8692e-005,0.057524
4.8696e-005,0.0569139
4.87e-005,0.0574446
4.8704e-005,0.0571172
4.8708e-005,0.057276
4.8712e-005,0.0573901
4.8716e-005,0.0572561
4.872e-005,0.0575935
4.8724e-005,0.0574347
4.8728e-005,0.0571867
4.8732e-005,0.0574595
4.8736e-005,0.0572413
4.874e-005,0.0569337
4.8744e-005,0.0549941
4.8748e-005,0.0469083
4.8752e-005,0.0419428
4.8756e-005,0.0386093
4.876e-005,0.0375824
4.8764e-005,0.0358065
4.8768e-005,0.0351071
4.8772e-005,0.0241491
4.8776e-005,0.0211976
4.878e-005,0.0194266
4.8784e-005,0.0189405
4.8788e-005,0.0184395
4.8792e-005,0.0187619
4.8796e-005,0.00752122
4.88e-005,0.00246142
4.8804e-005,0.000814499
4.8808e-005,7.5371e-005
4.8812e-005,0.00111214
4.8816e-005,0.000809539
4.882e-005,-0.000132974
4.8824e-005,0.000239071
4.8828e-005,0.00101788
4.8832e-005,-7.84074e-005
4.8836e-005,0.0119113
4.884e-005,0.0186082
4.8844e-005,0.0208007
4.8848e-005,0.0226659
4.8852e-005,0.0255927
4.8856e-005,0.0261185
4.886e-005,0.026684
4.8864e-005,0.0291693
4.8868e-005,0.0295314
4.8872e-005,0.0287526
4.8876e-005,0.0302755
4.888e-005,0.0316396
4.8884e-005,0.031466
4.8888e-005,0.0326317
4.8892e-005,0.0328004
4.8896e-005,0.0327756
4.89e-005,0.0336239
4.8904e-005,0.0340505
4.8908e-005,0.0335495
4.8912e-005,0.0341596
4.8916e-005,0.0340108
4.892e-005,0.0337826
4.8924e-005,0.0338322
4.8928e-005,0.032726
4.8932e-005,0.0336189
4.8936e-005,0.0342191
4.894e-005,0.0341894
4.8944e-005,0.034611
4.8948e-005,0.0338669
4.8952e-005,0.0335842
4.8956e-005,0.0333659
4.896e-005,0.0338372
4.8964e-005,0.0338322
4.8968e-005,0.0336239
4.8972e-005,0.0342092
4.8976e-005,0.0343928
4.898e-005,0.0336487
4.8984e-005,0.0341745
4.8988e-005,0.0342985
4.8992e-005,0.034492
4.8996e-005,0.0339364
4.9e-005,0.0341844
4.9004e-005,0.0344176
4.9008e-005,0.0342291
4.9012e-005,0.0348293
4.9016e-005,0.0333758
4.902e-005,0.0335098
4.9024e-005,0.033733
4.9028e-005,0.0340108
4.9032e-005,0.0338421
4.9036e-005,0.0332419
4.904e-005,0.0335792
4.9044e-005,0.0339265
4.9048e-005,0.0334106
4.9052e-005,0.0342737
4.9056e-005,0.0335247
4.906e-005,0.0336735
4.9064e-005,0.0333858
4.9068e-005,0.0335693
4.9072e-005,0.0336338
4.9076e-005,0.0336239
4.908e-005,0.0333659
4.9084e-005,0.033604
4.9088e-005,0.0336189
4.9092e-005,0.0338074
4.9096e-005,0.0334155
4.91e-005,0.033733
4.9104e-005,0.0338769
4.9108e-005,0.0334254
4.9112e-005,0.0337181
4.9116e-005,0.0339761
4.912e-005,0.0338372
4.9124e-005,0.0335643
4.9128e-005,0.0339165
4.9132e-005,0.0342142
4.9136e-005,0.0341199
4.914e-005,0.034492
4.9144e-005,0.0337528
4.9148e-005,0.0335842
4.9152e-005,0.0340703
4.9156e-005,0.0342092
4.916e-005,0.0342241
4.9164e-005,0.0341298
4.9168e-005,0.0337132
4.9172e-005,0.0339066
4.9176e-005,0.0336685
4.918e-005,0.0343531
4.9184e-005,0.034105
4.9188e-005,0.0344324
4.9192e-005,0.0338173
4.9196e-005,0.0342241
4.92e-005,0.0342043
4.9204e-005,0.0335891
4.9208e-005,0.0340703
4.9212e-005,0.0338669
4.9216e-005,0.0338124
4.922e-005,0.033103
4.9224e-005,0.0341795
4.9228e-005,0.0334006
4.9232e-005,0.0333907
4.9236e-005,0.034115
4.924e-005,0.033485
4.9244e-005,0.0342737
4.9248e-005,0.0341547
4.9252e-005,0.0336239
4.9256e-005,0.0338322
4.926e-005,0.0338074
4.9264e-005,0.0331228
4.9268e-005,0.0343233
4.9272e-005,0.0337578
4.9276e-005,0.0336288
4.928e-005,0.0337925
4.9284e-005,0.0340604
4.9288e-005,0.0336189
4.9292e-005,0.0333858
4.9296e-005,0.0339761
4.93e-005,0.0342638
4.9304e-005,0.0343035
4.9308e-005,0.0338669
4.9312e-005,0.0340902
4.9316e-005,0.0334502
4.932e-005,0.0338372
4.9324e-005,0.0338273
4.9328e-005,0.0343432
4.9332e-005,0.0339463
4.9336e-005,0.0336239
4.934e-005,0.0341298
4.9344e-005,0.0337132
4.9348e-005,0.0332717
4.9352e-005,0.0340406
4.9356e-005,0.0340356
4.936e-005,0.0337032
4.9364e-005,0.0333014
4.9368e-005,0.0336784
4.9372e-005,0.0334254
4.9376e-005,0.0334552
4.938e-005,0.0340554
4.9384e-005,0.033103
4.9388e-005,0.0339066
4.9392e-005,0.0334751
4.9396e-005,0.0340505
4.94e-005,0.0337231
4.9404e-005,0.0334155
4.9408e-005,0.0335743
4.9412e-005,0.0334651
4.9416e-005,0.034234
4.942e-005,0.0333709
4.9424e-005,0.0334899
4.9428e-005,0.0337677
4.9432e-005,0.0334651
4.9436e-005,0.0335941
4.944e-005,0.0340207
4.9444e-005,0.0336735
4.9448e-005,0.033356
4.9452e-005,0.0335147
4.9456e-005,0.0336884
4.946e-005,0.0333858
4.9464e-005,0.0344076
4.9468e-005,0.0333858
4.9472e-005,0.0340554
4.9476e-005,0.033738
4.948e-005,0.0337876
4.9484e-005,0.0336288
4.9488e-005,0.0333907
4.9492e-005,0.0335048
4.9496e-005,0.0333659
4.95e-005,0.0335792
4.9504e-005,0.033485
4.9508e-005,0.032979
4.9512e-005,0.0327756
4.9516e-005,0.0317091
4.952e-005,0.0313618
4.9524e-005,0.0317984
4.9528e-005,0.0304937
4.9532e-005,0.0313767
4.9536e-005,0.0307963
4.954e-005,0.0224625
4.9544e-005,0.0195606
4.9548e-005,0.0195804
4.9552e-005,0.0190397
4.9556e-005,0.019
4.956e-005,0.0185883
4.9564e-005,0.00587431
4.9568e-005,0.0019604
4.9572e-005,0.0012808
4.9576e-005,0.000100174
4.958e-005,0.000467258
4.9584e-005,0.00135024
4.9588e-005,0.000541667
4.9592e-005,0.000229149
4.9596e-005,0.000358125
4.96e-005,-0.000891945
4.9604e-005,0.0119907
4.9608e-005,0.0194217
4.9612e-005,0.02152
4.9616e-005,0.0250073
4.962e-005,0.0282218
4.9624e-005,0.0298885
4.9628e-005,0.0313569
4.9632e-005,0.0335544
4.9636e-005,0.0347549
4.964e-005,0.0351468
4.9644e-005,0.036372
4.9648e-005,0.0377511
4.9652e-005,0.0383811
4.9656e-005,0.0388672
4.966e-005,0.039522
4.9664e-005,0.0407374
4.9668e-005,0.0409854
4.9672e-005,0.0412979
4.9676e-005,0.0417692
4.968e-005,0.0422206
4.9684e-005,0.0423595
4.9688e-005,0.042801
4.9692e-005,0.042801
4.9696e-005,0.0421908
4.97e-005,0.0425678
4.9704e-005,0.0432524
4.9708e-005,0.0426025
4.9712e-005,0.0431184
4.9716e-005,0.0435748
4.972e-005,0.0426422
4.9724e-005,0.0432474
4.9728e-005,0.0440411
4.9732e-005,0.0433318
4.9736e-005,0.0437187
4.974e-005,0.0432425
4.9744e-005,0.0433863
4.9748e-005,0.0438427
4.9752e-005,0.0434012
4.9756e-005,0.0429349
4.976e-005,0.043297
4.9764e-005,0.0437484
4.9768e-005,0.043426
4.9772e-005,0.0435203
4.9776e-005,0.0433516
4.978e-005,0.0431432
4.9784e-005,0.0436095
4.9788e-005,0.0434657
4.9792e-005,0.0433466
4.9796e-005,0.0431135
4.98e-005,0.0433069
4.9804e-005,0.0434111
4.9808e-005,0.0436988
4.9812e-005,0.0443239
4.9816e-005,0.0436145
4.982e-005,0.0433913
4.9824e-005,0.0438129
4.9828e-005,0.0434012
4.9832e-005,0.0441651
4.9836e-005,0.0435798
4.984e-005,0.0437236
4.9844e-005,0.0437633
4.9848e-005,0.0444181
4.9852e-005,0.043679
4.9856e-005,0.0439171
4.986e-005,0.0438477
4.9864e-005,0.0428407
4.9868e-005,0.0440659
4.9872e-005,0.0437038
4.9876e-005,0.0433466
4.988e-005,0.0442891
4.9884e-005,0.0438427
4.9888e-005,0.0426174
4.9892e-005,0.0437633
4.9896e-005,0.0439816
4.99e-005,0.0435103
4.9904e-005,0.0437435
4.9908e-005,0.0435748
4.9912e-005,0.0429349
4.9916e-005,0.0433913
4.992e-005,0.0437832
4.9924e-005,0.0434905
4.9928e-005,0.0441453
4.9932e-005,0.0437484
4.9936e-005,0.0440014
4.994e-005,0.0448298
4.9944e-005,0.0439915
4.9948e-005,0.043178
4.9952e-005,0.0444429
4.9956e-005,0.0437584
4.996e-005,0.0438427
4.9964e-005,0.0443933
4.9968e-005,0.0440163
4.9972e-005,0.0432077
4.9976e-005,0.0439915
4.998e-005,0.0438923
4.9984e-005,0.0436393
4.9988e-005,0.0439419
4.9992e-005,0.0439419
4.9996e-005,0.043808
5e-005,0.0436095
5.0004e-005,0.0438824
5.0008e-005,0.0435153
5.0012e-005,0.0435103
5.0016e-005,0.0435103
5.002e-005,0.0438725
5.0024e-005,0.0439965
5.0028e-005,0.0442197
5.0032e-005,0.0433516
5.0036e-005,0.0437336
5.004e-005,0.0442098
5.0044e-005,0.0436244
5.0048e-005,0.0439022
5.0052e-005,0.0441254
5.0056e-005,0.0431135
5.006e-005,0.0435252
5.0064e-005,0.0439717
5.0068e-005,0.0432772
5.0072e-005,0.0436691
5.0076e-005,0.0441304
5.008e-005,0.0438179
5.0084e-005,0.0448745
5.0088e-005,0.0450729
5.0092e-005,0.0440014
5.0096e-005,0.0446562
5.01e-005,0.0448795
5.0104e-005,0.0440957
5.0108e-005,0.0449539
5.0112e-005,0.0440858
5.0116e-005,0.0439965
5.012e-005,0.0445471
5.0124e-005,0.0442296
5.0128e-005,0.0434657
5.0132e-005,0.0443586
5.0136e-005,0.0445769
5.014e-005,0.0435401
5.0144e-005,0.043679
5.0148e-005,0.0442445
5.0152e-005,0.0433119
5.0156e-005,0.0444479
5.016e-005,0.0447951
5.0164e-005,0.0438179
5.0168e-005,0.0451622
5.0172e-005,0.0447753
5.0176e-005,0.0443388
5.018e-005,0.0445421
5.0184e-005,0.0444826
5.0188e-005,0.0442991
5.0192e-005,0.044056
5.0196e-005,0.0441999
5.02e-005,0.0437236
5.0204e-005,0.0438526
5.0208e-005,0.044051
5.0212e-005,0.0438625
5.0216e-005,0.044557
5.022e-005,0.0441701
5.0224e-005,0.043555
5.0228e-005,0.0439766
5.0232e-005,0.0446711
5.0236e-005,0.0433516
5.024e-005,0.0441155
5.0244e-005,0.044438
5.0248e-005,0.0435897
5.0252e-005,0.0449489
5.0256e-005,0.0443884
5.026e-005,0.0437534
5.0264e-005,0.0440758
5.0268e-005,0.0442296
5.0272e-005,0.0434657
5.0276e-005,0.0431432
5.028e-005,0.0429647
5.0284e-005,0.0393732
5.0288e-005,0.0365953
5.0292e-005,0.0365903
5.0296e-005,0.0342935
5.03e-005,0.034988
5.0304e-005,0.0342489
5.0308e-005,0.0235737
5.0312e-005,0.0197739
5.0316e-005,0.0199574
5.032e-005,0.019129
5.0324e-005,0.0182361
5.0328e-005,0.0182708
5.0332e-005,0.00671761
5.0336e-005,0.00148418
5.034e-005,0.00117662
5.0344e-005,-8.83286e-005
5.0348e-005,0.000382928
5.0352e-005,0.000725209
5.0356e-005,0.000333322
5.036e-005,0.000630958
5.0364e-005,0.000358125
5.0368e-005,-0.000202422
5.0372e-005,0.0117824
5.0376e-005,0.0202848
5.038e-005,0.0233158
5.0384e-005,0.0262276
5.0388e-005,0.0306971
5.0392e-005,0.0333262
5.0396e-005,0.0346954
5.04e-005,0.0371608
5.0404e-005,0.0391252
5.0408e-005,0.040281
5.0412e-005,0.0416104
5.0416e-005,0.0419229
5.042e-005,0.0434657
5.0424e-005,0.0444528
5.0428e-005,0.0454053
5.0432e-005,0.0458815
5.0436e-005,0.0467347
5.044e-005,0.0467942
5.0444e-005,0.0477516
5.0448e-005,0.0481733
5.0452e-005,0.0480542
5.0456e-005,0.0493341
5.046e-005,0.0503361
5.0464e-005,0.0489422
5.0468e-005,0.0494382
5.0472e-005,0.0501129
5.0476e-005,0.0502915
5.048e-005,0.0500236
5.0484e-005,0.0510802
5.0488e-005,0.0505395
5.0492e-005,0.0508768
5.0496e-005,0.0515465
5.05e-005,0.0512737
5.0504e-005,0.0516507
5.0508e-005,0.0519086
5.0512e-005,0.0514622
5.0516e-005,0.052365
5.052e-005,0.0519384
5.0524e-005,0.0512191
5.0528e-005,0.0521566
5.0532e-005,0.0526477
5.0536e-005,0.0513927
5.054e-005,0.0524245
5.0544e-005,0.0522559
5.0548e-005,0.0517548
5.0552e-005,0.0516259
5.0556e-005,0.0525237
5.056e-005,0.0520227
5.0564e-005,0.0523203
5.0568e-005,0.0530942
5.0572e-005,0.0518243
5.0576e-005,0.0522757
5.058e-005,0.0528263
5.0584e-005,0.0522211
5.0588e-005,0.0519285
5.0592e-005,0.0525337
5.0596e-005,0.0520376
5.06e-005,0.0526626
5.0604e-005,0.0529156
5.0608e-005,0.0519235
5.0612e-005,0.0526527
5.0616e-005,0.0530892
5.062e-005,0.0524245
5.0624e-005,0.0524741
5.0628e-005,0.0527172
5.0632e-005,0.0532381
5.0636e-005,0.0526924
5.064e-005,0.0524146
5.0644e-005,0.05237
5.0648e-005,0.0528958
5.0652e-005,0.0531686
5.0656e-005,0.0525981
5.066e-005,0.0523253
5.0664e-005,0.0532182
5.0668e-005,0.0526279
5.0672e-005,0.052489
5.0676e-005,0.0525535
5.068e-005,0.052489
5.0684e-005,0.0525337
5.0688e-005,0.0530892
5.0692e-005,0.052365
5.0696e-005,0.052494
5.07e-005,0.0530545
5.0704e-005,0.052613
5.0708e-005,0.0523551
5.0712e-005,0.0526527
5.0716e-005,0.0521318
5.072e-005,0.0523799
5.0724e-005,0.0523203
5.0728e-005,0.0519235
5.0732e-005,0.0519582
5.0736e-005,0.0527222
5.074e-005,0.0530992
5.0744e-005,0.0529553
5.0748e-005,0.0522856
5.0752e-005,0.0520922
5.0756e-005,0.0521864
5.076e-005,0.0525386
5.0764e-005,0.0518441
5.0768e-005,0.0522261
5.0772e-005,0.0523104
5.0776e-005,0.052494
5.078e-005,0.0521914
5.0784e-005,0.0525733
5.0788e-005,0.0524592
5.0792e-005,0.0527122
5.0796e-005,0.0523799
5.08e-005,0.0513481
5.0804e-005,0.0527519
5.0808e-005,0.0520475
5.0812e-005,0.0515018
5.0816e-005,0.0521269
5.082e-005,0.0521814
5.0824e-005,0.0518094
5.0828e-005,0.0521219
5.0832e-005,0.0520922
5.0836e-005,0.051864
5.084e-005,0.0517003
5.0844e-005,0.0530644
5.0848e-005,0.052737
5.0852e-005,0.0526527
5.0856e-005,0.0525634
5.086e-005,0.0520674
5.0864e-005,0.0526725
5.0868e-005,0.0522509
5.0872e-005,0.051353
5.0876e-005,0.0530099
5.088e-005,0.0525088
5.0884e-005,0.0517201
5.0888e-005,0.0525337
5.0892e-005,0.0527767
5.0896e-005,0.052112
5.09e-005,0.0521566
5.0904e-005,0.0526874
5.0908e-005,0.0520426
5.0912e-005,0.0523898
5.0916e-005,0.0519731
5.092e-005,0.0523005
5.0924e-005,0.0516407
5.0928e-005,0.052737
5.0932e-005,0.051983
5.0936e-005,0.0524146
5.094e-005,0.0531091
5.0944e-005,0.051735
5.0948e-005,0.0525287
5.0952e-005,0.0521963
5.0956e-005,0.0521318
5.096e-005,0.0525287
5.0964e-005,0.0529255
5.0968e-005,0.0520277
5.0972e-005,0.0522955
5.0976e-005,0.0525535
5.098e-005,0.0523451
5.0984e-005,0.0519235
5.0988e-005,0.052112
5.0992e-005,0.05174
5.0996e-005,0.0519433
5.1e-005,0.0524295
5.1004e-005,0.0525237
5.1008e-005,0.0524146
5.1012e-005,0.0526527
5.1016e-005,0.0527222
5.102e-005,0.0525287
5.1024e-005,0.0532133
5.1028e-005,0.0529305
5.1032e-005,0.0528958
5.1036e-005,0.0531984
5.104e-005,0.0523303
5.1044e-005,0.0525585
5.1048e-005,0.0504849
5.1052e-005,0.0436443
5.1056e-005,0.0403058
5.106e-005,0.0382273
5.1064e-005,0.0369276
5.1068e-005,0.0361687
5.1072e-005,0.0348938
5.1076e-005,0.0247196
5.108e-005,0.0204733
5.1084e-005,0.0191836
5.1088e-005,0.0195407
5.1092e-005,0.0184941
5.1096e-005,0.0187421
5.11e-005,0.00717894
5.1104e-005,0.00154371
5.1108e-005,0.00175205
5.1112e-005,-0.000390925
5.1116e-005,0.000695445
5.112e-005,0.000640879
5.1124e-005,0.000229149
5.1128e-005,0.00056647
5.1132e-005,0.000387888
5.1136e-005,-0.000381004
5.114e-005,0.0120502
5.1144e-005,0.0206569
5.1148e-005,0.0242781
5.1152e-005,0.0289609
5.1156e-005,0.0341795
5.116e-005,0.0359901
5.1164e-005,0.0377808
5.1168e-005,0.0402115
5.1172e-005,0.0414418
5.1176e-005,0.043049
5.118e-005,0.0447604
5.1184e-005,0.0452118
5.1188e-005,0.046829
5.1192e-005,0.0471713
5.1196e-005,0.0478509
5.12e-005,0.0494134
5.1204e-005,0.0496565
5.1208e-005,0.0496714
5.1212e-005,0.0510058
5.1216e-005,0.0515267
5.122e-005,0.0515415
5.1224e-005,0.0523997
5.1228e-005,0.0537143
5.1232e-005,0.0532678
5.1236e-005,0.0538879
5.124e-005,0.0538978
5.1244e-005,0.0537391
5.1248e-005,0.0545328
5.1252e-005,0.0547312
5.1256e-005,0.0537837
5.126e-005,0.0546469
