LECROYWR104MXi,20621,Waveform
Segments,1,SegmentSize,2501
Segment,TrigTime,TimeSinceSegment1
#1,21-May-2015 13:59:34,0                 
Time,Ampl
4.126e-005,0.0430093
4.1264e-005,0.038763
4.1268e-005,0.0366002
4.1272e-005,0.0361935
4.1276e-005,0.0360149
4.128e-005,0.0339463
4.1284e-005,0.0265699
4.1288e-005,0.0207958
4.1292e-005,0.019764
4.1296e-005,0.0194663
4.13e-005,0.0192679
4.1304e-005,0.0187074
4.1308e-005,0.0102495
4.1312e-005,0.00186615
4.1316e-005,0.00112206
4.132e-005,0.000611115
4.1324e-005,0.000437494
4.1328e-005,0.000878987
4.1332e-005,0.000368046
4.1336e-005,0.000690485
4.134e-005,0.00023411
4.1344e-005,0.000422613
4.1348e-005,0.00767004
4.1352e-005,0.0189802
4.1356e-005,0.0234249
4.136e-005,0.0265253
4.1364e-005,0.0310295
4.1368e-005,0.0342043
4.1372e-005,0.0359851
4.1376e-005,0.0383662
4.138e-005,0.0404645
4.1384e-005,0.0411491
4.1388e-005,0.0426819
4.1392e-005,0.0440064
4.1396e-005,0.04481
4.14e-005,0.0457525
4.1404e-005,0.0463875
4.1408e-005,0.046824
4.1412e-005,0.0480195
4.1416e-005,0.0483816
4.142e-005,0.048714
4.1424e-005,0.048719
4.1428e-005,0.0491704
4.1432e-005,0.0501327
4.1436e-005,0.0505693
4.144e-005,0.0505742
4.1444e-005,0.0509314
4.1448e-005,0.0517846
4.1452e-005,0.0519731
4.1456e-005,0.051983
4.146e-005,0.0521219
4.1464e-005,0.0527767
4.1468e-005,0.0523352
4.1472e-005,0.0518739
4.1476e-005,0.0527519
4.148e-005,0.053749
4.1484e-005,0.0535258
4.1488e-005,0.0528065
4.1492e-005,0.0525188
4.1496e-005,0.0530297
4.15e-005,0.0538284
4.1504e-005,0.0531091
4.1508e-005,0.0534712
4.1512e-005,0.0540169
4.1516e-005,0.0535208
4.152e-005,0.0533125
4.1524e-005,0.0538681
4.1528e-005,0.0537936
4.1532e-005,0.0543542
4.1536e-005,0.0542897
4.154e-005,0.0536299
4.1544e-005,0.053501
4.1548e-005,0.0544435
4.1552e-005,0.0540962
4.1556e-005,0.054498
4.156e-005,0.0543542
4.1564e-005,0.054379
4.1568e-005,0.054384
4.1572e-005,0.0542351
4.1576e-005,0.0550536
4.158e-005,0.0542897
4.1584e-005,0.0542351
4.1588e-005,0.054503
4.1592e-005,0.0546469
4.1596e-005,0.0549098
4.16e-005,0.0544633
4.1604e-005,0.0547411
4.1608e-005,0.0544881
4.1612e-005,0.0542699
4.1616e-005,0.0542649
4.162e-005,0.055138
4.1624e-005,0.0548751
4.1628e-005,0.0547659
4.1632e-005,0.0545824
4.1636e-005,0.0542947
4.164e-005,0.0552372
4.1644e-005,0.0553017
4.1648e-005,0.0550288
4.1652e-005,0.0547411
4.1656e-005,0.0553314
4.166e-005,0.0547362
4.1664e-005,0.0544782
4.1668e-005,0.0549643
4.1672e-005,0.0546915
4.1676e-005,0.0542996
4.168e-005,0.0557779
4.1684e-005,0.0551975
4.1688e-005,0.0553413
4.1692e-005,0.0548354
4.1696e-005,0.0545725
4.17e-005,0.0549197
4.1704e-005,0.0553662
4.1708e-005,0.0546369
4.1712e-005,0.0547461
4.1716e-005,0.055004
4.172e-005,0.0548751
4.1724e-005,0.055004
4.1728e-005,0.0544732
4.1732e-005,0.0552868
4.1736e-005,0.054751
4.174e-005,0.0552372
4.1744e-005,0.0552025
4.1748e-005,0.0541905
4.1752e-005,0.0550884
4.1756e-005,0.0545973
4.176e-005,0.0548254
4.1764e-005,0.0556142
4.1768e-005,0.0551479
4.1772e-005,0.0548651
4.1776e-005,0.0551876
4.178e-005,0.0549941
4.1784e-005,0.0549743
4.1788e-005,0.0552421
4.1792e-005,0.0548403
4.1796e-005,0.0553761
4.18e-005,0.0555943
4.1804e-005,0.0550884
4.1808e-005,0.0548006
4.1812e-005,0.0556787
4.1816e-005,0.0554306
4.182e-005,0.0553017
4.1824e-005,0.0544435
4.1828e-005,0.0550636
4.1832e-005,0.0556539
4.1836e-005,0.0552124
4.184e-005,0.0551132
4.1844e-005,0.0546965
4.1848e-005,0.0547213
4.1852e-005,0.0548403
4.1856e-005,0.0556043
4.186e-005,0.0555993
4.1864e-005,0.0547659
4.1868e-005,0.0556142
4.1872e-005,0.0555497
4.1876e-005,0.0552669
4.188e-005,0.0547362
4.1884e-005,0.0551628
4.1888e-005,0.0547659
4.1892e-005,0.0544732
4.1896e-005,0.0549891
4.19e-005,0.0556886
4.1904e-005,0.055515
4.1908e-005,0.0554505
4.1912e-005,0.0555398
4.1916e-005,0.0549247
4.192e-005,0.0552025
4.1924e-005,0.0547709
4.1928e-005,0.0550586
4.1932e-005,0.0553463
4.1936e-005,0.054761
4.194e-005,0.0558771
4.1944e-005,0.0549495
4.1948e-005,0.0554306
4.1952e-005,0.0554108
4.1956e-005,0.0549395
4.196e-005,0.0547858
4.1964e-005,0.0546717
4.1968e-005,0.0548701
4.1972e-005,0.0549296
4.1976e-005,0.0548999
4.198e-005,0.0555547
4.1984e-005,0.0548701
4.1988e-005,0.055262
4.1992e-005,0.055133
4.1996e-005,0.0559317
4.2e-005,0.0550933
4.2004e-005,0.0546369
4.2008e-005,0.0545179
4.2012e-005,0.0550338
4.2016e-005,0.0552173
4.202e-005,0.0538681
4.2024e-005,0.0535803
4.2028e-005,0.0468736
4.2032e-005,0.0408614
4.2036e-005,0.039527
4.204e-005,0.0375874
4.2044e-005,0.0365804
4.2048e-005,0.0351021
4.2052e-005,0.0270957
4.2056e-005,0.0202501
4.206e-005,0.0204237
4.2064e-005,0.0199872
4.2068e-005,0.0188314
4.2072e-005,0.0194564
4.2076e-005,0.0109043
4.208e-005,0.00202488
4.2084e-005,0.00168756
4.2088e-005,0.000740091
4.2092e-005,0.000630958
4.2096e-005,0.00126095
4.21e-005,0.000779775
4.2104e-005,0.000918672
4.2108e-005,7.04104e-005
4.2112e-005,-0.000142895
4.2116e-005,0.00891019
4.212e-005,0.0184941
4.2124e-005,0.0204783
4.2128e-005,0.0211728
4.2132e-005,0.022909
4.2136e-005,0.0244815
4.214e-005,0.0243178
4.2144e-005,0.0247394
4.2148e-005,0.0262127
4.2152e-005,0.0263864
4.2156e-005,0.0266592
4.216e-005,0.027443
4.2164e-005,0.0276265
4.2168e-005,0.0274182
4.2172e-005,0.0285194
4.2176e-005,0.0285938
4.218e-005,0.0284053
4.2184e-005,0.0291097
4.2188e-005,0.0291891
4.2192e-005,0.028569
4.2196e-005,0.0284996
4.22e-005,0.0289907
4.2204e-005,0.028693
4.2208e-005,0.0288319
4.2212e-005,0.0285789
4.2216e-005,0.0292139
4.222e-005,0.0282069
4.2224e-005,0.0289113
4.2228e-005,0.0285145
4.2232e-005,0.0291097
4.2236e-005,0.0284599
4.224e-005,0.0289609
4.2244e-005,0.0291742
4.2248e-005,0.0281821
4.2252e-005,0.0284698
4.2256e-005,0.0283359
4.226e-005,0.0278398
4.2264e-005,0.0278646
4.2268e-005,0.0283309
4.2272e-005,0.02844
4.2276e-005,0.0282515
4.228e-005,0.0287278
4.2284e-005,0.028703
4.2288e-005,0.0283756
4.2292e-005,0.0283408
4.2296e-005,0.0283557
4.23e-005,0.0283359
4.2304e-005,0.0285938
4.2308e-005,0.0285938
4.2312e-005,0.028326
4.2316e-005,0.0282763
4.232e-005,0.0284599
4.2324e-005,0.0284797
4.2328e-005,0.0280978
4.2332e-005,0.0283111
4.2336e-005,0.0285194
4.234e-005,0.0280482
4.2344e-005,0.0283756
4.2348e-005,0.0284351
4.2352e-005,0.0289609
4.2356e-005,0.0286236
4.236e-005,0.0277257
4.2364e-005,0.0283061
4.2368e-005,0.0285145
4.2372e-005,0.0282863
4.2376e-005,0.0286087
4.238e-005,0.0280829
4.2384e-005,0.0282367
4.2388e-005,0.0284797
4.2392e-005,0.0274628
4.2396e-005,0.0280234
4.24e-005,0.0278795
4.2404e-005,0.0281871
4.2408e-005,0.0289609
4.2412e-005,0.0278349
4.2416e-005,0.0284649
4.242e-005,0.0285789
4.2424e-005,0.0280928
4.2428e-005,0.0282367
4.2432e-005,0.0278646
4.2436e-005,0.0276811
4.244e-005,0.0277604
4.2444e-005,0.0277406
4.2448e-005,0.0278696
4.2452e-005,0.0283656
4.2456e-005,0.0277852
4.246e-005,0.0281424
4.2464e-005,0.0278696
4.2468e-005,0.0277406
4.2472e-005,0.0285393
4.2476e-005,0.0281275
4.248e-005,0.0278051
4.2484e-005,0.0282664
4.2488e-005,0.0281672
4.2492e-005,0.0275124
4.2496e-005,0.0280382
4.25e-005,0.0280035
4.2504e-005,0.0275918
4.2508e-005,0.0275323
4.2512e-005,0.0275967
4.2516e-005,0.0283359
4.252e-005,0.0279043
4.2524e-005,0.0283061
4.2528e-005,0.0282714
4.2532e-005,0.0282119
4.2536e-005,0.0287823
4.254e-005,0.0281623
4.2544e-005,0.0288071
4.2548e-005,0.0279886
4.2552e-005,0.0282367
4.2556e-005,0.0282367
4.256e-005,0.0278597
4.2564e-005,0.0280829
4.2568e-005,0.0284797
4.2572e-005,0.0284351
4.2576e-005,0.02844
4.258e-005,0.0281375
4.2584e-005,0.0280581
4.2588e-005,0.0282218
4.2592e-005,0.0286385
4.2596e-005,0.028326
4.26e-005,0.0283954
4.2604e-005,0.0280382
4.2608e-005,0.0282119
4.2612e-005,0.0287228
4.2616e-005,0.0283756
4.262e-005,0.0285095
4.2624e-005,0.0286037
4.2628e-005,0.0285889
4.2632e-005,0.0286236
4.2636e-005,0.0285839
4.264e-005,0.0282019
4.2644e-005,0.0282615
4.2648e-005,0.0279291
4.2652e-005,0.0293131
4.2656e-005,0.0281573
4.266e-005,0.0281325
4.2664e-005,0.0281424
4.2668e-005,0.0284649
4.2672e-005,0.0283954
4.2676e-005,0.0281672
4.268e-005,0.0278497
4.2684e-005,0.0280779
4.2688e-005,0.0284748
4.2692e-005,0.0281573
4.2696e-005,0.0285641
4.27e-005,0.0278249
4.2704e-005,0.0280283
4.2708e-005,0.0277654
4.2712e-005,0.0282367
4.2716e-005,0.0285145
4.272e-005,0.0284103
4.2724e-005,0.0283012
4.2728e-005,0.0286583
4.2732e-005,0.02844
4.2736e-005,0.0283309
4.274e-005,0.0280928
4.2744e-005,0.0280829
4.2748e-005,0.0284252
4.2752e-005,0.0272346
4.2756e-005,0.0281623
4.276e-005,0.0281424
4.2764e-005,0.0279589
4.2768e-005,0.0278051
4.2772e-005,0.0280978
4.2776e-005,0.0279787
4.278e-005,0.028822
4.2784e-005,0.0285145
4.2788e-005,0.0273983
4.2792e-005,0.027309
4.2796e-005,0.0275967
4.28e-005,0.0278894
4.2804e-005,0.0275273
4.2808e-005,0.0282615
4.2812e-005,0.0285194
4.2816e-005,0.0278497
4.282e-005,0.0228544
4.2824e-005,0.0198037
4.2828e-005,0.0196945
4.2832e-005,0.0190943
4.2836e-005,0.0187371
4.284e-005,0.0180178
4.2844e-005,0.0100065
4.2848e-005,0.0011419
4.2852e-005,0.00169252
4.2856e-005,0.00048214
4.286e-005,0.000422613
4.2864e-005,0.000343243
4.2868e-005,0.000953396
4.2872e-005,0.000144819
4.2876e-005,3.07256e-005
4.288e-005,4.56074e-005
4.2884e-005,0.00804705
4.2888e-005,0.0187173
4.2892e-005,0.0211777
4.2896e-005,0.0235687
4.29e-005,0.0253397
4.2904e-005,0.028192
4.2908e-005,0.0281375
4.2912e-005,0.0293429
4.2916e-005,0.0316644
4.292e-005,0.0323688
4.2924e-005,0.0319373
4.2928e-005,0.0339761
4.2932e-005,0.0339661
4.2936e-005,0.0350525
4.294e-005,0.0362927
4.2944e-005,0.036253
4.2948e-005,0.036119
4.2952e-005,0.0373046
4.2956e-005,0.0368334
4.296e-005,0.0371409
4.2964e-005,0.0379793
4.2968e-005,0.0378205
4.2972e-005,0.0379197
4.2976e-005,0.0375824
4.298e-005,0.0374782
4.2984e-005,0.0382868
4.2988e-005,0.0378999
4.2992e-005,0.0379396
4.2996e-005,0.038014
4.3e-005,0.0384505
4.3004e-005,0.0376916
4.3008e-005,0.0382124
4.3012e-005,0.0378404
4.3016e-005,0.0380934
4.302e-005,0.0384208
4.3024e-005,0.038386
4.3028e-005,0.0373344
4.3032e-005,0.0384604
4.3036e-005,0.038014
4.304e-005,0.0383414
4.3044e-005,0.0380438
4.3048e-005,0.0382223
4.3052e-005,0.0379594
4.3056e-005,0.0374286
4.306e-005,0.0377957
4.3064e-005,0.0379445
4.3068e-005,0.0377908
4.3072e-005,0.0383216
4.3076e-005,0.0376618
4.308e-005,0.0379793
4.3084e-005,0.0382075
4.3088e-005,0.038391
4.3092e-005,0.0385051
4.3096e-005,0.0379991
4.31e-005,0.0383166
4.3104e-005,0.037766
4.3108e-005,0.0379942
4.3112e-005,0.0384654
4.3116e-005,0.0384406
4.312e-005,0.0384952
4.3124e-005,0.0377908
4.3128e-005,0.0382174
4.3132e-005,0.0378999
4.3136e-005,0.038262
4.314e-005,0.038138
4.3144e-005,0.0384505
4.3148e-005,0.0381827
4.3152e-005,0.0383265
4.3156e-005,0.0384108
4.316e-005,0.0383563
4.3164e-005,0.0383563
4.3168e-005,0.0382571
4.3172e-005,0.0380785
4.3176e-005,0.0381231
4.318e-005,0.038019
4.3184e-005,0.0379892
4.3188e-005,0.0379247
4.3192e-005,0.0378801
4.3196e-005,0.0378949
4.32e-005,0.0382521
4.3204e-005,0.0385696
4.3208e-005,0.0383216
4.3212e-005,0.0381529
4.3216e-005,0.0382273
4.322e-005,0.0378156
4.3224e-005,0.0376221
4.3228e-005,0.0385993
4.3232e-005,0.0374981
4.3236e-005,0.0379545
4.324e-005,0.0377461
4.3244e-005,0.0381876
4.3248e-005,0.0380834
4.3252e-005,0.037508
4.3256e-005,0.0384753
4.326e-005,0.0387978
4.3264e-005,0.0384208
4.3268e-005,0.0384456
4.3272e-005,0.0380338
4.3276e-005,0.0384406
4.328e-005,0.0382174
4.3284e-005,0.0385745
4.3288e-005,0.0383315
4.3292e-005,0.0382223
4.3296e-005,0.0388523
4.33e-005,0.0381529
4.3304e-005,0.0377511
4.3308e-005,0.038138
4.3312e-005,0.0380686
4.3316e-005,0.0375824
4.332e-005,0.0384257
4.3324e-005,0.0380983
4.3328e-005,0.0378404
4.3332e-005,0.0378007
4.3336e-005,0.0385051
4.334e-005,0.0380388
4.3344e-005,0.0376965
4.3348e-005,0.0380338
4.3352e-005,0.0388573
4.3356e-005,0.0379297
4.336e-005,0.0385795
4.3364e-005,0.0383315
4.3368e-005,0.0388375
4.3372e-005,0.0381628
4.3376e-005,0.0378453
4.338e-005,0.0386688
4.3384e-005,0.0385696
4.3388e-005,0.0380834
4.3392e-005,0.0382471
4.3396e-005,0.0386241
4.34e-005,0.0381529
4.3404e-005,0.0384952
4.3408e-005,0.0380239
4.3412e-005,0.0381975
4.3416e-005,0.0383216
4.342e-005,0.0392194
4.3424e-005,0.0380983
4.3428e-005,0.0379594
4.3432e-005,0.038515
4.3436e-005,0.0381132
4.344e-005,0.0387333
4.3444e-005,0.0388424
4.3448e-005,0.038639
4.3452e-005,0.0383662
4.3456e-005,0.0383761
4.346e-005,0.0381678
4.3464e-005,0.0380884
4.3468e-005,0.0388871
4.3472e-005,0.0382868
4.3476e-005,0.0383612
4.348e-005,0.0388573
4.3484e-005,0.0379396
4.3488e-005,0.03789
4.3492e-005,0.0380884
4.3496e-005,0.0378503
4.35e-005,0.038262
4.3504e-005,0.0382819
4.3508e-005,0.0383067
4.3512e-005,0.0387283
4.3516e-005,0.0387283
4.352e-005,0.037761
4.3524e-005,0.0379644
4.3528e-005,0.0381827
4.3532e-005,0.0378652
4.3536e-005,0.0384108
4.354e-005,0.0379743
4.3544e-005,0.0382471
4.3548e-005,0.0382967
4.3552e-005,0.0391103
4.3556e-005,0.0378255
4.356e-005,0.0374882
4.3564e-005,0.0359405
4.3568e-005,0.0341894
4.3572e-005,0.0331973
4.3576e-005,0.0328748
4.358e-005,0.0331774
4.3584e-005,0.0323093
4.3588e-005,0.0253397
4.3592e-005,0.0203096
4.3596e-005,0.019511
4.36e-005,0.0193423
4.3604e-005,0.0189207
4.3608e-005,0.0186082
4.3612e-005,0.00974357
4.3616e-005,0.00156851
4.362e-005,0.00160323
4.3624e-005,-0.000187541
4.3628e-005,0.000258913
4.3632e-005,0.00040277
4.3636e-005,0.000725209
4.364e-005,0.000601194
4.3644e-005,0.000948436
4.3648e-005,6.54498e-005
4.3652e-005,0.00765516
4.3656e-005,0.0183006
4.366e-005,0.0219119
4.3664e-005,0.0248982
4.3668e-005,0.0281226
4.3672e-005,0.030717
4.3676e-005,0.0320712
4.368e-005,0.0347003
4.3684e-005,0.0360843
4.3688e-005,0.0378553
4.3692e-005,0.0384654
4.3696e-005,0.0394972
4.37e-005,0.0408713
4.3704e-005,0.0409705
4.3708e-005,0.0421859
4.3712e-005,0.0432474
4.3716e-005,0.0430986
4.372e-005,0.0437534
4.3724e-005,0.0441205
4.3728e-005,0.0451076
4.3732e-005,0.0456087
4.3736e-005,0.0458021
4.374e-005,0.0459013
4.3744e-005,0.0463379
4.3748e-005,0.0463131
4.3752e-005,0.0467942
4.3756e-005,0.0464619
4.376e-005,0.0464916
4.3764e-005,0.0469431
4.3768e-005,0.0468637
4.3772e-005,0.047072
4.3776e-005,0.0472556
4.378e-005,0.0475036
4.3784e-005,0.0468488
4.3788e-005,0.0472853
4.3792e-005,0.0475433
4.3796e-005,0.0474292
4.38e-005,0.047459
4.3804e-005,0.0477566
4.3808e-005,0.0472953
4.3812e-005,0.0470224
4.3816e-005,0.0480344
4.382e-005,0.047826
4.3824e-005,0.0472953
4.3828e-005,0.0480443
4.3832e-005,0.0472705
4.3836e-005,0.0476574
4.384e-005,0.0482378
4.3844e-005,0.0473201
4.3848e-005,0.0478112
4.3852e-005,0.0471464
4.3856e-005,0.0479798
4.386e-005,0.0475334
4.3864e-005,0.0474193
4.3868e-005,0.0475135
4.3872e-005,0.0478112
4.3876e-005,0.0480294
4.388e-005,0.0481237
4.3884e-005,0.0473052
4.3888e-005,0.0478012
4.3892e-005,0.0478409
4.3896e-005,0.0476425
4.39e-005,0.0481386
4.3904e-005,0.0478062
4.3908e-005,0.0482626
4.3912e-005,0.0481832
4.3916e-005,0.0476872
4.392e-005,0.048084
4.3924e-005,0.047836
4.3928e-005,0.0477318
4.3932e-005,0.047578
4.3936e-005,0.0479451
4.394e-005,0.0478211
4.3944e-005,0.0484709
4.3948e-005,0.0480195
4.3952e-005,0.0472109
4.3956e-005,0.0484064
4.396e-005,0.0474391
4.3964e-005,0.0478608
4.3968e-005,0.0477268
4.3972e-005,0.0485205
4.3976e-005,0.047201
4.398e-005,0.0477467
4.3984e-005,0.0478112
4.3988e-005,0.0473201
4.3992e-005,0.0477963
4.3996e-005,0.0481832
4.4e-005,0.0485503
4.4004e-005,0.0481187
4.4008e-005,0.0486545
4.4012e-005,0.0480493
4.4016e-005,0.0482775
4.402e-005,0.0480691
4.4024e-005,0.0475731
4.4028e-005,0.0472407
4.4032e-005,0.0474292
4.4036e-005,0.0478657
4.404e-005,0.0483469
4.4044e-005,0.0479203
4.4048e-005,0.0473647
4.4052e-005,0.0473598
4.4056e-005,0.0479649
4.406e-005,0.0480046
4.4064e-005,0.0481931
4.4068e-005,0.0482527
4.4072e-005,0.0483122
4.4076e-005,0.0480691
4.408e-005,0.0485156
4.4084e-005,0.0477467
4.4088e-005,0.0479302
4.4092e-005,0.0483023
4.4096e-005,0.0475235
4.41e-005,0.0474788
4.4104e-005,0.0484164
4.4108e-005,0.0475631
4.4112e-005,0.0476772
4.4116e-005,0.0479749
4.412e-005,0.0478806
4.4124e-005,0.048213
4.4128e-005,0.0475631
4.4132e-005,0.047831
4.4136e-005,0.0485007
4.414e-005,0.048709
4.4144e-005,0.047826
4.4148e-005,0.0473052
4.4152e-005,0.0481336
4.4156e-005,0.0475086
4.416e-005,0.0477764
4.4164e-005,0.0481683
4.4168e-005,0.0472705
4.4172e-005,0.0477715
4.4176e-005,0.048208
4.418e-005,0.0475979
4.4184e-005,0.0480096
4.4188e-005,0.0481733
4.4192e-005,0.0472506
4.4196e-005,0.0479253
4.42e-005,0.048461
4.4204e-005,0.0480989
4.4208e-005,0.0478459
4.4212e-005,0.0481683
4.4216e-005,0.0480195
4.422e-005,0.0482576
4.4224e-005,0.0479501
4.4228e-005,0.0474044
4.4232e-005,0.0475731
4.4236e-005,0.0482229
4.424e-005,0.0480989
4.4244e-005,0.048089
4.4248e-005,0.0479649
4.4252e-005,0.0476872
4.4256e-005,0.0478856
4.426e-005,0.0487388
4.4264e-005,0.0479749
4.4268e-005,0.0477864
4.4272e-005,0.047955
4.4276e-005,0.047826
4.428e-005,0.0479153
4.4284e-005,0.0484362
4.4288e-005,0.0475334
4.4292e-005,0.0481584
4.4296e-005,0.048709
4.43e-005,0.0479451
4.4304e-005,0.0485602
4.4308e-005,0.0476971
4.4312e-005,0.047826
4.4316e-005,0.0474242
4.432e-005,0.048461
4.4324e-005,0.0480046
4.4328e-005,0.0472258
4.4332e-005,0.0430738
4.4336e-005,0.0393633
4.434e-005,0.0374634
4.4344e-005,0.0362579
4.4348e-005,0.0356329
4.4352e-005,0.0346954
4.4356e-005,0.0264508
4.436e-005,0.0210438
4.4364e-005,0.0200219
4.4368e-005,0.020141
4.4372e-005,0.0193721
4.4376e-005,0.0186181
4.438e-005,0.0102595
4.4384e-005,0.00130064
4.4388e-005,0.00145938
4.4392e-005,0.000373007
4.4396e-005,0.000536706
4.44e-005,0.000581352
4.4404e-005,0.000253952
4.4408e-005,0.000834342
4.4412e-005,0.000908751
4.4416e-005,5.55286e-005
4.442e-005,0.00844389
4.4424e-005,0.0193274
4.4428e-005,0.0228445
4.4432e-005,0.0266443
4.4436e-005,0.030707
4.444e-005,0.0343977
4.4444e-005,0.0355734
4.4448e-005,0.0377461
4.4452e-005,0.0399734
4.4456e-005,0.0409159
4.446e-005,0.0422751
4.4464e-005,0.0442743
4.4468e-005,0.0440957
4.4472e-005,0.0462535
4.4476e-005,0.0471514
4.448e-005,0.0473746
4.4484e-005,0.048213
4.4488e-005,0.0490464
4.4492e-005,0.0486644
4.4496e-005,0.0491158
4.45e-005,0.0502419
4.4504e-005,0.0513828
4.4508e-005,0.0509016
4.4512e-005,0.0517945
4.4516e-005,0.0513183
4.452e-005,0.0523352
4.4524e-005,0.0522162
4.4528e-005,0.0524493
4.4532e-005,0.0524692
4.4536e-005,0.0527866
4.454e-005,0.0530396
4.4544e-005,0.0533025
4.4548e-005,0.0524642
4.4552e-005,0.0531388
4.4556e-005,0.0535754
4.456e-005,0.0535803
4.4564e-005,0.0540119
4.4568e-005,0.0543046
4.4572e-005,0.0533025
4.4576e-005,0.0541458
4.458e-005,0.0545278
4.4584e-005,0.0543393
4.4588e-005,0.0542699
4.4592e-005,0.0542252
4.4596e-005,0.0544633
4.46e-005,0.054121
4.4604e-005,0.0542203
4.4608e-005,0.054761
4.4612e-005,0.0538978
4.4616e-005,0.0546221
4.462e-005,0.054374
4.4624e-005,0.0546221
4.4628e-005,0.0541855
4.4632e-005,0.0545625
4.4636e-005,0.0547659
4.464e-005,0.0547461
4.4644e-005,0.0548205
4.4648e-005,0.0552074
4.4652e-005,0.0549445
4.4656e-005,0.0546617
4.466e-005,0.0542798
4.4664e-005,0.0542897
4.4668e-005,0.0548502
4.4672e-005,0.0549991
4.4676e-005,0.0551776
4.468e-005,0.0548502
4.4684e-005,0.0554356
4.4688e-005,0.0546568
4.4692e-005,0.0556043
4.4696e-005,0.0550933
4.47e-005,0.0552521
4.4704e-005,0.0549743
4.4708e-005,0.0550636
4.4712e-005,0.0550536
4.4716e-005,0.0551925
4.472e-005,0.0547064
4.4724e-005,0.0552322
4.4728e-005,0.0553165
4.4732e-005,0.0546121
4.4736e-005,0.0553116
4.474e-005,0.0543691
4.4744e-005,0.0553265
4.4748e-005,0.0553314
4.4752e-005,0.0552471
4.4756e-005,0.0549247
4.476e-005,0.0545725
4.4764e-005,0.0548899
4.4768e-005,0.0547659
4.4772e-005,0.0547461
4.4776e-005,0.0545328
4.478e-005,0.05425
4.4784e-005,0.0550735
4.4788e-005,0.0554554
4.4792e-005,0.0551181
4.4796e-005,0.0552967
4.48e-005,0.0550636
4.4804e-005,0.054761
4.4808e-005,0.0552322
4.4812e-005,0.0552372
4.4816e-005,0.0549891
4.482e-005,0.0554753
4.4824e-005,0.0553711
4.4828e-005,0.0548006
4.4832e-005,0.0549941
4.4836e-005,0.055138
4.484e-005,0.0550388
4.4844e-005,0.0554108
4.4848e-005,0.0546022
4.4852e-005,0.0549098
4.4856e-005,0.0553165
4.486e-005,0.0547907
4.4864e-005,0.0554703
4.4868e-005,0.0554654
4.4872e-005,0.0554306
4.4876e-005,0.0546171
4.488e-005,0.055257
4.4884e-005,0.055004
4.4888e-005,0.0545278
4.4892e-005,0.0546617
4.4896e-005,0.055128
4.49e-005,0.055128
4.4904e-005,0.0551479
4.4908e-005,0.055128
4.4912e-005,0.0551181
4.4916e-005,0.0548552
4.492e-005,0.0552124
4.4924e-005,0.0551429
4.4928e-005,0.055138
4.4932e-005,0.0549941
4.4936e-005,0.054885
4.494e-005,0.055009
4.4944e-005,0.0558027
4.4948e-005,0.0548651
4.4952e-005,0.0550784
4.4956e-005,0.0556886
4.496e-005,0.0547213
4.4964e-005,0.055009
4.4968e-005,0.0556439
4.4972e-005,0.0553761
4.4976e-005,0.0551082
4.498e-005,0.0550983
4.4984e-005,0.0546121
4.4988e-005,0.0549594
4.4992e-005,0.0555497
4.4996e-005,0.0547659
4.5e-005,0.0551479
4.5004e-005,0.0560854
4.5008e-005,0.0551429
4.5012e-005,0.0554009
4.5016e-005,0.0551727
4.502e-005,0.0550536
4.5024e-005,0.0556836
4.5028e-005,0.0551628
4.5032e-005,0.0554455
4.5036e-005,0.0557878
4.504e-005,0.05551
4.5044e-005,0.0551677
4.5048e-005,0.0555398
4.5052e-005,0.0552223
4.5056e-005,0.0556291
4.506e-005,0.0545923
4.5064e-005,0.0557184
4.5068e-005,0.05488
4.5072e-005,0.0554306
4.5076e-005,0.0550487
4.508e-005,0.055381
4.5084e-005,0.0559912
4.5088e-005,0.0554108
4.5092e-005,0.0549544
4.5096e-005,0.0540069
4.51e-005,0.0479699
4.5104e-005,0.0419527
4.5108e-005,0.0390458
4.5112e-005,0.0378453
4.5116e-005,0.0371707
4.512e-005,0.0354394
4.5124e-005,0.026312
4.5128e-005,0.0212769
4.5132e-005,0.020389
4.5136e-005,0.0198086
4.514e-005,0.0193324
4.5144e-005,0.0188066
4.5148e-005,0.0102793
4.5152e-005,0.00127583
4.5156e-005,0.00185126
4.516e-005,0.000541667
4.5164e-005,0.000447416
4.5168e-005,0.00181158
4.5172e-005,0.000710327
4.5176e-005,0.00056647
4.518e-005,0.000253952
4.5184e-005,0.000293637
4.5188e-005,0.00850342
4.5192e-005,0.0189604
4.5196e-005,0.0193969
4.52e-005,0.0213067
4.5204e-005,0.0224179
4.5208e-005,0.0240301
4.5212e-005,0.0240152
4.5216e-005,0.0248436
4.522e-005,0.0265848
4.5224e-005,0.0269023
4.5228e-005,0.0267931
4.5232e-005,0.0272148
4.5236e-005,0.0278398
4.524e-005,0.0277505
4.5244e-005,0.0288915
4.5248e-005,0.0283954
4.5252e-005,0.0292337
4.5256e-005,0.0286534
4.526e-005,0.0291792
4.5264e-005,0.02908
4.5268e-005,0.0290552
4.5272e-005,0.0285988
4.5276e-005,0.0286484
4.528e-005,0.0294867
4.5284e-005,0.0287823
4.5288e-005,0.0284748
4.5292e-005,0.0294222
4.5296e-005,0.0293776
4.53e-005,0.0289758
4.5304e-005,0.0286831
4.5308e-005,0.0289857
4.5312e-005,0.0289758
4.5316e-005,0.0288121
4.532e-005,0.0289808
4.5324e-005,0.0285045
4.5328e-005,0.0285839
4.5332e-005,0.0283359
4.5336e-005,0.0294421
4.534e-005,0.0287724
4.5344e-005,0.0283656
4.5348e-005,0.0284698
4.5352e-005,0.0283408
4.5356e-005,0.028698
4.536e-005,0.0287278
4.5364e-005,0.0283706
4.5368e-005,0.0281523
4.5372e-005,0.0286831
4.5376e-005,0.0288617
4.538e-005,0.0282615
4.5384e-005,0.0282912
4.5388e-005,0.0289907
4.5392e-005,0.0288815
4.5396e-005,0.0286881
4.54e-005,0.0290948
4.5404e-005,0.0281424
4.5408e-005,0.028068
4.5412e-005,0.0284996
4.5416e-005,0.0284946
4.542e-005,0.0289311
4.5424e-005,0.0288171
4.5428e-005,0.028946
4.5432e-005,0.0282714
4.5436e-005,0.0290452
4.544e-005,0.0286087
4.5444e-005,0.0286682
4.5448e-005,0.0288319
4.5452e-005,0.0286186
4.5456e-005,0.028693
4.546e-005,0.0294173
4.5464e-005,0.0289212
4.5468e-005,0.0286831
4.5472e-005,0.0288964
4.5476e-005,0.0286732
4.548e-005,0.0287129
4.5484e-005,0.0287575
4.5488e-005,0.02845
4.5492e-005,0.0287079
4.5496e-005,0.0287079
4.55e-005,0.0292933
4.5504e-005,0.0288419
4.5508e-005,0.0293974
4.5512e-005,0.0294173
4.5516e-005,0.0292288
4.552e-005,0.0295711
4.5524e-005,0.02908
4.5528e-005,0.0290403
4.5532e-005,0.0289758
4.5536e-005,0.0292189
4.554e-005,0.0296008
4.5544e-005,0.0289014
4.5548e-005,0.0288964
4.5552e-005,0.0290899
4.5556e-005,0.0290403
4.556e-005,0.029204
4.5564e-005,0.028822
4.5568e-005,0.0285988
4.5572e-005,0.0289758
4.5576e-005,0.0287972
4.558e-005,0.0289956
4.5584e-005,0.0287079
4.5588e-005,0.0284698
4.5592e-005,0.0283458
4.5596e-005,0.0280085
4.56e-005,0.028574
4.5604e-005,0.0285194
4.5608e-005,0.0287178
4.5612e-005,0.0291643
4.5616e-005,0.0286782
4.562e-005,0.0283756
4.5624e-005,0.0284797
4.5628e-005,0.0284797
4.5632e-005,0.0286434
4.5636e-005,0.028698
4.564e-005,0.02908
4.5644e-005,0.02845
4.5648e-005,0.0290502
4.5652e-005,0.0292933
4.5656e-005,0.0287724
4.566e-005,0.0288766
4.5664e-005,0.0289311
4.5668e-005,0.0286137
4.5672e-005,0.0288865
4.5676e-005,0.0292337
4.568e-005,0.0290452
4.5684e-005,0.0284103
4.5688e-005,0.0287774
4.5692e-005,0.0286732
4.5696e-005,0.0287377
4.57e-005,0.029075
4.5704e-005,0.0282912
4.5708e-005,0.0289808
4.5712e-005,0.0292288
4.5716e-005,0.0287526
4.572e-005,0.0286037
4.5724e-005,0.0283508
4.5728e-005,0.0288121
4.5732e-005,0.0287873
4.5736e-005,0.0289609
4.574e-005,0.0289212
4.5744e-005,0.0286236
4.5748e-005,0.0288567
4.5752e-005,0.0287625
4.5756e-005,0.0285492
4.576e-005,0.0287972
4.5764e-005,0.0284103
4.5768e-005,0.0285393
4.5772e-005,0.0286186
4.5776e-005,0.0288419
4.578e-005,0.0283508
4.5784e-005,0.0289262
4.5788e-005,0.0290403
4.5792e-005,0.0291147
4.5796e-005,0.0287823
4.58e-005,0.0277108
4.5804e-005,0.0288121
4.5808e-005,0.0289609
4.5812e-005,0.0282714
4.5816e-005,0.0284202
4.582e-005,0.0292734
4.5824e-005,0.0289163
4.5828e-005,0.0284946
4.5832e-005,0.0294371
4.5836e-005,0.0291097
4.584e-005,0.0281871
4.5844e-005,0.0285343
4.5848e-005,0.0284897
4.5852e-005,0.0292189
4.5856e-005,0.029328
4.586e-005,0.0280085
4.5864e-005,0.0285244
4.5868e-005,0.0282119
4.5872e-005,0.0281523
4.5876e-005,0.0281523
4.588e-005,0.0286534
4.5884e-005,0.0281424
4.5888e-005,0.0279589
4.5892e-005,0.0232959
4.5896e-005,0.0200963
4.59e-005,0.0198285
4.5904e-005,0.0190199
4.5908e-005,0.0193274
4.5912e-005,0.0185833
4.5916e-005,0.00972373
4.592e-005,0.00101292
4.5924e-005,0.00135024
4.5928e-005,0.000124977
4.5932e-005,0.000209307
4.5936e-005,0.000526785
4.594e-005,0.001003
4.5944e-005,0.00111214
4.5948e-005,0.000382928
4.5952e-005,-0.000341319
4.5956e-005,0.0078139
4.596e-005,0.0192034
4.5964e-005,0.020766
4.5968e-005,0.0229487
4.5972e-005,0.0256026
4.5976e-005,0.0276563
4.598e-005,0.0285889
4.5984e-005,0.0303102
4.5988e-005,0.031714
4.5992e-005,0.032597
4.5996e-005,0.0334254
4.6e-005,0.034492
4.6004e-005,0.0345961
4.6008e-005,0.0355535
4.6012e-005,0.0359107
4.6016e-005,0.0356528
4.602e-005,0.0368235
4.6024e-005,0.0376568
4.6028e-005,0.0374435
4.6032e-005,0.0376816
4.6036e-005,0.0387085
4.604e-005,0.0377412
4.6044e-005,0.0382124
4.6048e-005,0.0379297
4.6052e-005,0.0384604
4.6056e-005,0.0378801
4.606e-005,0.0384902
4.6064e-005,0.0387085
4.6068e-005,0.0387035
4.6072e-005,0.0384952
4.6076e-005,0.039026
4.608e-005,0.0389218
4.6084e-005,0.0390458
4.6088e-005,0.038515
4.6092e-005,0.0388375
4.6096e-005,0.0390904
4.61e-005,0.0387035
4.6104e-005,0.0386986
4.6108e-005,0.0387035
4.6112e-005,0.038763
4.6116e-005,0.0389317
4.612e-005,0.0387134
4.6124e-005,0.0388573
4.6128e-005,0.0389714
4.6132e-005,0.0396113
4.6136e-005,0.0387978
4.614e-005,0.0391946
4.6144e-005,0.0390706
4.6148e-005,0.0389119
4.6152e-005,0.0385398
4.6156e-005,0.0388771
4.616e-005,0.038644
4.6164e-005,0.0385299
4.6168e-005,0.0388672
4.6172e-005,0.0391847
4.6176e-005,0.0390111
4.618e-005,0.0387234
4.6184e-005,0.0386539
4.6188e-005,0.0379842
4.6192e-005,0.038262
4.6196e-005,0.0384555
4.62e-005,0.0383414
4.6204e-005,0.0391351
4.6208e-005,0.0385398
4.6212e-005,0.0385845
4.6216e-005,0.0393434
4.622e-005,0.038644
4.6224e-005,0.0378602
4.6228e-005,0.0379098
4.6232e-005,0.0389218
4.6236e-005,0.0385646
4.624e-005,0.0384257
4.6244e-005,0.0380686
4.6248e-005,0.0379445
4.6252e-005,0.0386986
4.6256e-005,0.0382025
4.626e-005,0.0382323
4.6264e-005,0.0385646
4.6268e-005,0.038639
4.6272e-005,0.0383513
4.6276e-005,0.0378751
4.628e-005,0.0386936
4.6284e-005,0.0387531
4.6288e-005,0.0385944
4.6292e-005,0.038262
4.6296e-005,0.0382174
4.63e-005,0.0388077
4.6304e-005,0.0386241
4.6308e-005,0.0384555
4.6312e-005,0.0384952
4.6316e-005,0.0383811
4.632e-005,0.038391
4.6324e-005,0.038262
4.6328e-005,0.0381777
4.6332e-005,0.0384704
4.6336e-005,0.0385497
4.634e-005,0.0380537
4.6344e-005,0.0382025
4.6348e-005,0.0383116
4.6352e-005,0.038138
4.6356e-005,0.0382868
4.636e-005,0.0385249
4.6364e-005,0.0386589
4.6368e-005,0.0381727
4.6372e-005,0.0382223
4.6376e-005,0.0384555
4.638e-005,0.0383612
4.6384e-005,0.0386589
4.6388e-005,0.0381727
4.6392e-005,0.0387878
4.6396e-005,0.0384704
4.64e-005,0.0382868
4.6404e-005,0.0386192
4.6408e-005,0.0388623
4.6412e-005,0.0385448
4.6416e-005,0.038267
4.642e-005,0.0388176
4.6424e-005,0.038267
4.6428e-005,0.0381182
4.6432e-005,0.0393682
4.6436e-005,0.0382075
4.644e-005,0.0385101
4.6444e-005,0.0385795
4.6448e-005,0.0379098
4.6452e-005,0.038019
4.6456e-005,0.0382571
4.646e-005,0.0386638
4.6464e-005,0.0387035
4.6468e-005,0.0385497
4.6472e-005,0.0387928
4.6476e-005,0.0386738
4.648e-005,0.0382769
4.6484e-005,0.0389863
4.6488e-005,0.038773
4.6492e-005,0.0390954
4.6496e-005,0.0387234
4.65e-005,0.0383216
4.6504e-005,0.0387531
4.6508e-005,0.0383067
4.6512e-005,0.038396
4.6516e-005,0.0389317
4.652e-005,0.0378801
4.6524e-005,0.0383414
4.6528e-005,0.0384108
4.6532e-005,0.0380686
4.6536e-005,0.0385745
4.654e-005,0.0387184
4.6544e-005,0.0384307
4.6548e-005,0.0383712
4.6552e-005,0.0384604
4.6556e-005,0.038262
4.656e-005,0.038386
4.6564e-005,0.0388474
4.6568e-005,0.0388027
4.6572e-005,0.0395815
4.6576e-005,0.0392442
4.658e-005,0.0383712
4.6584e-005,0.038267
4.6588e-005,0.038773
4.6592e-005,0.0386291
4.6596e-005,0.0379793
4.66e-005,0.0387829
4.6604e-005,0.0384257
4.6608e-005,0.0387283
4.6612e-005,0.0383712
4.6616e-005,0.0384952
4.662e-005,0.0389466
4.6624e-005,0.038763
4.6628e-005,0.0381529
4.6632e-005,0.0378056
4.6636e-005,0.0366548
4.664e-005,0.0343828
4.6644e-005,0.0334354
4.6648e-005,0.0335792
4.6652e-005,0.0324581
4.6656e-005,0.0318133
4.666e-005,0.0256671
4.6664e-005,0.0207809
4.6668e-005,0.0193076
4.6672e-005,0.0190348
4.6676e-005,0.0195011
4.668e-005,0.0184296
4.6684e-005,0.0100313
4.6688e-005,0.00140977
4.6692e-005,0.000794657
4.6696e-005,0.000621036
4.67e-005,0.000501982
4.6704e-005,0.000978199
4.6708e-005,-0.000385964
4.6712e-005,0.000888908
4.6716e-005,-0.000142895
4.672e-005,0.000179543
4.6724e-005,0.00801232
4.6728e-005,0.0193026
4.6732e-005,0.0224675
4.6736e-005,0.025672
4.674e-005,0.0289212
4.6744e-005,0.0317438
4.6748e-005,0.0330187
4.6752e-005,0.0346854
4.6756e-005,0.036377
4.676e-005,0.0373344
4.6764e-005,0.03914
4.6768e-005,0.0401074
4.6772e-005,0.0405637
4.6776e-005,0.0414914
4.678e-005,0.0433069
4.6784e-005,0.0429795
4.6788e-005,0.0430738
4.6792e-005,0.0449737
4.6796e-005,0.044939
4.68e-005,0.044934
4.6804e-005,0.0452862
4.6808e-005,0.0457922
4.6812e-005,0.0457972
4.6816e-005,0.0465909
4.682e-005,0.0463776
4.6824e-005,0.0465809
4.6828e-005,0.0477715
4.6832e-005,0.04733
4.6836e-005,0.0461742
4.684e-005,0.0471713
4.6844e-005,0.0474292
4.6848e-005,0.0476425
4.6852e-005,0.0477516
4.6856e-005,0.0478856
4.686e-005,0.0472506
4.6864e-005,0.0483072
4.6868e-005,0.0481088
4.6872e-005,0.0482328
4.6876e-005,0.0483568
4.688e-005,0.0477963
4.6884e-005,0.0483171
4.6888e-005,0.0477219
4.6892e-005,0.0473945
4.6896e-005,0.0474937
4.69e-005,0.0481733
4.6904e-005,0.0485652
4.6908e-005,0.0484511
4.6912e-005,0.0488975
4.6916e-005,0.0481088
4.692e-005,0.0481584
4.6924e-005,0.0490761
4.6928e-005,0.048213
4.6932e-005,0.0480046
4.6936e-005,0.0484164
4.694e-005,0.0478757
4.6944e-005,0.0483866
4.6948e-005,0.0484511
4.6952e-005,0.0479848
4.6956e-005,0.0479649
4.696e-005,0.0481882
4.6964e-005,0.0487636
4.6968e-005,0.0482328
4.6972e-005,0.0484362
4.6976e-005,0.0480096
4.698e-005,0.048084
4.6984e-005,0.0480939
4.6988e-005,0.0476127
4.6992e-005,0.0488132
4.6996e-005,0.048213
4.7e-005,0.0478806
4.7004e-005,0.0482973
4.7008e-005,0.0483717
4.7012e-005,0.0482378
4.7016e-005,0.0485751
4.702e-005,0.0485056
4.7024e-005,0.0482031
4.7028e-005,0.0477566
4.7032e-005,0.0484461
4.7036e-005,0.0476326
4.704e-005,0.0485949
4.7044e-005,0.048342
4.7048e-005,0.0478409
4.7052e-005,0.048332
4.7056e-005,0.0484759
4.706e-005,0.0479897
4.7064e-005,0.0482031
4.7068e-005,0.0485602
4.7072e-005,0.0482675
4.7076e-005,0.0481237
4.708e-005,0.048332
4.7084e-005,0.048461
4.7088e-005,0.048342
4.7092e-005,0.0486892
4.7096e-005,0.0482031
4.71e-005,0.0486942
4.7104e-005,0.0487289
4.7108e-005,0.0481981
4.7112e-005,0.0482477
4.7116e-005,0.0478409
4.712e-005,0.0477219
4.7124e-005,0.0483965
4.7128e-005,0.048213
4.7132e-005,0.0487735
4.7136e-005,0.0491803
4.714e-005,0.0484312
4.7144e-005,0.0485503
4.7148e-005,0.0486396
4.7152e-005,0.0492497
4.7156e-005,0.0486148
4.716e-005,0.0488033
4.7164e-005,0.0483916
4.7168e-005,0.0482378
4.7172e-005,0.048456
4.7176e-005,0.0486892
4.718e-005,0.0486297
4.7184e-005,0.0488678
4.7188e-005,0.0487983
4.7192e-005,0.0481435
4.7196e-005,0.048709
4.72e-005,0.0484461
4.7204e-005,0.0484362
4.7208e-005,0.0481038
4.7212e-005,0.0485453
4.7216e-005,0.048337
4.722e-005,0.0485205
4.7224e-005,0.048843
4.7228e-005,0.0481931
4.7232e-005,0.0487289
4.7236e-005,0.0486197
4.724e-005,0.0485652
4.7244e-005,0.0487438
4.7248e-005,0.0481931
4.7252e-005,0.0484957
4.7256e-005,0.0486247
4.726e-005,0.0482824
4.7264e-005,0.04859
4.7268e-005,0.0486396
4.7272e-005,0.0493638
4.7276e-005,0.0484015
4.728e-005,0.0484908
4.7284e-005,0.0484709
4.7288e-005,0.0478062
4.7292e-005,0.0489223
4.7296e-005,0.049215
4.73e-005,0.0481534
4.7304e-005,0.048337
4.7308e-005,0.0490216
4.7312e-005,0.0485701
4.7316e-005,0.0487636
4.732e-005,0.048967
4.7324e-005,0.0484412
4.7328e-005,0.0489323
4.7332e-005,0.0490464
4.7336e-005,0.0489422
4.734e-005,0.048838
4.7344e-005,0.0493886
4.7348e-005,0.0485801
4.7352e-005,0.0486693
4.7356e-005,0.0497359
4.736e-005,0.0487041
4.7364e-005,0.0486495
4.7368e-005,0.0493738
4.7372e-005,0.048337
4.7376e-005,0.0479104
4.738e-005,0.048843
4.7384e-005,0.0482229
4.7388e-005,0.0485801
4.7392e-005,0.0493837
4.7396e-005,0.0483221
4.74e-005,0.0472903
4.7404e-005,0.0430738
4.7408e-005,0.0392938
4.7412e-005,0.0373592
4.7416e-005,0.0364564
4.742e-005,0.0353154
4.7424e-005,0.0346061
4.7428e-005,0.0263715
4.7432e-005,0.020647
4.7436e-005,0.0200963
4.744e-005,0.0194018
4.7444e-005,0.0189355
4.7448e-005,0.0182956
4.7452e-005,0.0107059
4.7456e-005,0.00214394
4.746e-005,0.000864105
4.7464e-005,0.000501982
4.7468e-005,0.000194425
4.7472e-005,0.000670642
4.7476e-005,0.000675603
4.748e-005,-3.99852e-006
4.7484e-005,0.000908751
4.7488e-005,-0.000162738
4.7492e-005,0.00707477
4.7496e-005,0.0196201
4.75e-005,0.023663
4.7504e-005,0.0266741
4.7508e-005,0.0306773
4.7512e-005,0.0347896
4.7516e-005,0.0356875
4.752e-005,0.0381827
4.7524e-005,0.0402016
4.7528e-005,0.0415063
4.7532e-005,0.0421214
4.7536e-005,0.0442842
4.754e-005,0.0448596
4.7544e-005,0.0456037
4.7548e-005,0.0471812
4.7552e-005,0.0469381
4.7556e-005,0.0477963
4.756e-005,0.0491803
4.7564e-005,0.0493936
4.7568e-005,0.0487983
4.7572e-005,0.0503708
4.7576e-005,0.0506189
4.758e-005,0.0503857
4.7584e-005,0.0515018
4.7588e-005,0.0513927
4.7592e-005,0.0513183
4.7596e-005,0.0518144
4.76e-005,0.0527767
4.7604e-005,0.052618
4.7608e-005,0.0528809
4.7612e-005,0.0527866
4.7616e-005,0.0533323
4.762e-005,0.0530198
4.7624e-005,0.0529454
4.7628e-005,0.0533819
4.7632e-005,0.0537837
4.7636e-005,0.0538681
4.764e-005,0.0540466
4.7644e-005,0.0543492
4.7648e-005,0.0537292
4.7652e-005,0.0537143
4.7656e-005,0.0542302
4.766e-005,0.0541359
4.7664e-005,0.0536845
4.7668e-005,0.0536795
4.7672e-005,0.0542252
4.7676e-005,0.0540962
4.768e-005,0.0545873
4.7684e-005,0.0542351
4.7688e-005,0.0542947
4.7692e-005,0.0540714
4.7696e-005,0.0548056
4.77e-005,0.0542699
4.7704e-005,0.0549941
4.7708e-005,0.0542649
4.7712e-005,0.0541806
4.7716e-005,0.0545278
4.772e-005,0.0549792
4.7724e-005,0.0543195
4.7728e-005,0.0551082
4.7732e-005,0.0548701
4.7736e-005,0.0546965
4.774e-005,0.0545377
4.7744e-005,0.05425
4.7748e-005,0.0545576
4.7752e-005,0.0549544
4.7756e-005,0.0539177
4.776e-005,0.0545675
4.7764e-005,0.0551132
4.7768e-005,0.0544584
4.7772e-005,0.0554902
4.7776e-005,0.0553513
4.778e-005,0.0543988
4.7784e-005,0.0546816
4.7788e-005,0.0551528
4.7792e-005,0.0550933
4.7796e-005,0.0552372
4.78e-005,0.0552719
4.7804e-005,0.0550983
4.7808e-005,0.0546965
4.7812e-005,0.0551429
4.7816e-005,0.0546419
4.782e-005,0.0548701
4.7824e-005,0.0546072
4.7828e-005,0.0549048
4.7832e-005,0.0555199
4.7836e-005,0.0554902
4.784e-005,0.0549395
4.7844e-005,0.0556936
4.7848e-005,0.0554902
4.7852e-005,0.0550735
4.7856e-005,0.0548205
4.786e-005,0.0552372
4.7864e-005,0.0548651
4.7868e-005,0.0546865
4.7872e-005,0.0556191
4.7876e-005,0.0552967
4.788e-005,0.0548651
4.7884e-005,0.0550239
4.7888e-005,0.0550884
4.7892e-005,0.0542054
4.7896e-005,0.0547312
4.79e-005,0.0547312
4.7904e-005,0.0556588
4.7908e-005,0.0556886
4.7912e-005,0.0551628
4.7916e-005,0.0553711
4.792e-005,0.0560011
4.7924e-005,0.0549395
4.7928e-005,0.0550834
4.7932e-005,0.0557779
4.7936e-005,0.0553165
4.794e-005,0.0550487
4.7944e-005,0.0551181
4.7948e-005,0.0551876
4.7952e-005,0.0548403
4.7956e-005,0.0554207
4.796e-005,0.0551479
4.7964e-005,0.0554654
4.7968e-005,0.0552273
4.7972e-005,0.0549693
4.7976e-005,0.0555943
4.798e-005,0.0554753
4.7984e-005,0.0551032
4.7988e-005,0.0556191
4.7992e-005,0.0560309
4.7996e-005,0.0558374
4.8e-005,0.0548106
4.8004e-005,0.0559366
4.8008e-005,0.055128
4.8012e-005,0.0551181
4.8016e-005,0.0549495
4.802e-005,0.0550437
4.8024e-005,0.055262
4.8028e-005,0.0554902
4.8032e-005,0.0555447
4.8036e-005,0.0549346
4.804e-005,0.0551677
4.8044e-005,0.0556687
4.8048e-005,0.0552124
4.8052e-005,0.055386
4.8056e-005,0.0551429
4.806e-005,0.054761
4.8064e-005,0.0552273
4.8068e-005,0.0546419
4.8072e-005,0.0554604
4.8076e-005,0.0555943
4.808e-005,0.0550884
4.8084e-005,0.0555596
4.8088e-005,0.0552669
4.8092e-005,0.0549594
4.8096e-005,0.0559961
4.81e-005,0.0554158
4.8104e-005,0.0543542
4.8108e-005,0.0550388
4.8112e-005,0.055768
4.8116e-005,0.0550536
4.812e-005,0.0552669
4.8124e-005,0.0549247
4.8128e-005,0.05551
4.8132e-005,0.0551628
4.8136e-005,0.0551082
4.814e-005,0.0550437
4.8144e-005,0.0553017
4.8148e-005,0.0550933
4.8152e-005,0.0549197
4.8156e-005,0.0557977
4.816e-005,0.0554406
4.8164e-005,0.0545923
4.8168e-005,0.054131
4.8172e-005,0.0476872
4.8176e-005,0.0419725
4.818e-005,0.0383017
4.8184e-005,0.0373542
4.8188e-005,0.036
4.8192e-005,0.0347946
4.8196e-005,0.0262921
4.82e-005,0.0215051
4.8204e-005,0.0201261
4.8208e-005,0.0198533
4.8212e-005,0.0194713
4.8216e-005,0.0188264
4.822e-005,0.0110929
4.8224e-005,0.00188103
4.8228e-005,0.00139489
4.8232e-005,0.000591273
4.8236e-005,-0.00010321
4.824e-005,0.00056647
4.8244e-005,0.000382928
4.8248e-005,0.000720248
4.8252e-005,0.0006508
4.8256e-005,-0.000480216
4.826e-005,0.00792303
4.8264e-005,0.0191786
4.8268e-005,0.0207809
4.8272e-005,0.0214754
4.8276e-005,0.0226808
4.828e-005,0.0246948
4.8284e-005,0.0242335
4.8288e-005,0.0252553
4.8292e-005,0.0263764
4.8296e-005,0.0265253
4.83e-005,0.0270263
4.8304e-005,0.0279341
4.8308e-005,0.0278497
4.8312e-005,0.0275124
4.8316e-005,0.0280234
4.832e-005,0.0282119
4.8324e-005,0.0281325
4.8328e-005,0.0289361
4.8332e-005,0.0287972
4.8336e-005,0.0284797
4.834e-005,0.0287426
4.8344e-005,0.0283061
4.8348e-005,0.0284698
4.8352e-005,0.0283607
4.8356e-005,0.0283012
4.836e-005,0.0291395
4.8364e-005,0.0293379
4.8368e-005,0.0291246
4.8372e-005,0.028192
4.8376e-005,0.0288071
4.838e-005,0.0288518
4.8384e-005,0.0283805
4.8388e-005,0.0284649
4.8392e-005,0.0283061
4.8396e-005,0.0284252
4.84e-005,0.0289311
4.8404e-005,0.0283458
4.8408e-005,0.0285492
4.8412e-005,0.029204
4.8416e-005,0.0280134
4.842e-005,0.0286831
4.8424e-005,0.0282615
4.8428e-005,0.02844
4.8432e-005,0.0280134
4.8436e-005,0.0286831
4.844e-005,0.0280829
4.8444e-005,0.0290006
4.8448e-005,0.028326
4.8452e-005,0.0287724
4.8456e-005,0.0289808
4.846e-005,0.0289311
4.8464e-005,0.028703
4.8468e-005,0.0280878
4.8472e-005,0.0278944
4.8476e-005,0.0282019
4.848e-005,0.0281027
4.8484e-005,0.0277257
4.8488e-005,0.0280581
4.8492e-005,0.0278646
4.8496e-005,0.0283458
4.85e-005,0.0284202
4.8504e-005,0.0284301
4.8508e-005,0.0287724
4.8512e-005,0.0285095
4.8516e-005,0.0278993
4.852e-005,0.0282317
4.8524e-005,0.0276811
4.8528e-005,0.0279936
4.8532e-005,0.0280432
4.8536e-005,0.0279093
4.854e-005,0.0282218
4.8544e-005,0.0283061
4.8548e-005,0.0281325
4.8552e-005,0.0282813
4.8556e-005,0.0284549
4.856e-005,0.0284004
4.8564e-005,0.0284301
4.8568e-005,0.0286186
4.8572e-005,0.0278101
4.8576e-005,0.0281077
4.858e-005,0.0281672
4.8584e-005,0.0286285
4.8588e-005,0.0282615
4.8592e-005,0.0286037
4.8596e-005,0.0284599
4.86e-005,0.0274231
4.8604e-005,0.0282813
4.8608e-005,0.0281126
4.8612e-005,0.0280928
4.8616e-005,0.0275571
4.862e-005,0.028073
4.8624e-005,0.0282515
4.8628e-005,0.0283805
4.8632e-005,0.0278894
4.8636e-005,0.0287476
4.864e-005,0.0285938
4.8644e-005,0.0278001
4.8648e-005,0.0274876
4.8652e-005,0.0280184
4.8656e-005,0.0277902
4.866e-005,0.0274827
4.8664e-005,0.0288171
4.8668e-005,0.028073
4.8672e-005,0.0282912
4.8676e-005,0.0283756
4.868e-005,0.0280482
4.8684e-005,0.0278597
4.8688e-005,0.0278101
4.8692e-005,0.0273438
4.8696e-005,0.0279837
4.87e-005,0.0281325
4.8704e-005,0.0276563
4.8708e-005,0.0271652
4.8712e-005,0.0276265
4.8716e-005,0.027433
4.872e-005,0.0280432
4.8724e-005,0.0280234
4.8728e-005,0.0279093
4.8732e-005,0.0276116
4.8736e-005,0.0277059
4.874e-005,0.0274678
4.8744e-005,0.0281523
4.8748e-005,0.0280878
4.8752e-005,0.0277505
4.8756e-005,0.0277208
4.876e-005,0.0273636
4.8764e-005,0.02782
4.8768e-005,0.0275323
4.8772e-005,0.0274777
4.8776e-005,0.0280829
4.878e-005,0.0276563
4.8784e-005,0.0279738
4.8788e-005,0.0270164
4.8792e-005,0.0279142
4.8796e-005,0.0283855
4.88e-005,0.0270362
4.8804e-005,0.0273438
4.8808e-005,0.0279787
4.8812e-005,0.0276215
4.8816e-005,0.0273438
4.882e-005,0.0281077
4.8824e-005,0.0278597
4.8828e-005,0.0278993
4.8832e-005,0.0275868
4.8836e-005,0.0276017
4.884e-005,0.0275025
4.8844e-005,0.0278993
4.8848e-005,0.0270957
4.8852e-005,0.0276364
4.8856e-005,0.0275571
4.886e-005,0.0277555
4.8864e-005,0.0278745
4.8868e-005,0.0279688
4.8872e-005,0.0279787
4.8876e-005,0.0280035
4.888e-005,0.0281722
4.8884e-005,0.0275075
4.8888e-005,0.027562
4.8892e-005,0.0281126
4.8896e-005,0.0284897
4.89e-005,0.0277009
4.8904e-005,0.0285095
4.8908e-005,0.0285988
4.8912e-005,0.0276364
4.8916e-005,0.0278497
4.892e-005,0.0275719
4.8924e-005,0.0279291
4.8928e-005,0.0283656
4.8932e-005,0.026689
4.8936e-005,0.0274479
4.894e-005,0.0285145
4.8944e-005,0.0283805
4.8948e-005,0.0278448
4.8952e-005,0.0292238
4.8956e-005,0.0284152
4.896e-005,0.0277108
4.8964e-005,0.0232463
4.8968e-005,0.0199128
4.8972e-005,0.0197342
4.8976e-005,0.0189852
4.898e-005,0.0185288
4.8984e-005,0.0188215
4.8988e-005,0.01019
4.8992e-005,0.00121631
4.8996e-005,0.00127087
4.9e-005,5.55286e-005
4.9004e-005,0.000174583
4.9008e-005,0.000854184
4.9012e-005,0.000263874
4.9016e-005,0.000695445
4.902e-005,0.000457337
4.9024e-005,-0.000316516
4.9028e-005,0.00815122
4.9032e-005,0.017993
4.9036e-005,0.020771
4.904e-005,0.0230578
4.9044e-005,0.0257216
4.9048e-005,0.0274578
4.9052e-005,0.0284202
4.9056e-005,0.0295314
4.906e-005,0.031466
4.9064e-005,0.0327756
4.9068e-005,0.0330931
4.9072e-005,0.0344076
4.9076e-005,0.0348144
4.908e-005,0.0351815
4.9084e-005,0.0363274
4.9088e-005,0.0358214
4.9092e-005,0.0362381
4.9096e-005,0.0376866
4.91e-005,0.0378553
4.9104e-005,0.0377064
4.9108e-005,0.0378007
4.9112e-005,0.0381479
4.9116e-005,0.0383712
4.912e-005,0.0382124
4.9124e-005,0.037761
4.9128e-005,0.0381033
4.9132e-005,0.0388573
4.9136e-005,0.0377263
4.914e-005,0.0379594
4.9144e-005,0.0380735
4.9148e-005,0.0383563
4.9152e-005,0.0382471
4.9156e-005,0.0383513
4.916e-005,0.038133
4.9164e-005,0.0391202
4.9168e-005,0.0384356
4.9172e-005,0.03789
4.9176e-005,0.0376568
4.918e-005,0.0386291
4.9184e-005,0.0378007
4.9188e-005,0.0378205
4.9192e-005,0.0381727
4.9196e-005,0.038138
4.92e-005,0.0383265
4.9204e-005,0.038262
4.9208e-005,0.0378801
4.9212e-005,0.038009
4.9216e-005,0.0380537
4.922e-005,0.0384604
4.9224e-005,0.0378503
4.9228e-005,0.0383612
4.9232e-005,0.0376618
4.9236e-005,0.0379396
4.924e-005,0.0384307
4.9244e-005,0.0379693
4.9248e-005,0.0382273
4.9252e-005,0.0377511
4.9256e-005,0.0379693
4.926e-005,0.0381975
4.9264e-005,0.0377858
4.9268e-005,0.0378205
4.9272e-005,0.0379545
4.9276e-005,0.0384356
4.928e-005,0.0378999
4.9284e-005,0.0378453
4.9288e-005,0.0382323
4.9292e-005,0.0383712
4.9296e-005,0.0381231
4.93e-005,0.0388722
4.9304e-005,0.0382967
4.9308e-005,0.0384853
4.9312e-005,0.0383464
4.9316e-005,0.0378701
4.932e-005,0.0382422
4.9324e-005,0.0389069
4.9328e-005,0.038133
4.9332e-005,0.0379297
4.9336e-005,0.0384604
4.934e-005,0.03789
4.9344e-005,0.0384059
4.9348e-005,0.0393534
4.9352e-005,0.0382323
4.9356e-005,0.0383761
4.936e-005,0.0384108
4.9364e-005,0.0386489
4.9368e-005,0.0381876
4.9372e-005,0.0380487
4.9376e-005,0.0384257
4.938e-005,0.0385001
4.9384e-005,0.0385795
4.9388e-005,0.0388573
4.9392e-005,0.0387085
4.9396e-005,0.0393682
4.94e-005,0.0387531
4.9404e-005,0.0382372
4.9408e-005,0.0387134
4.9412e-005,0.0387779
4.9416e-005,0.0386093
4.942e-005,0.0383414
4.9424e-005,0.0383464
4.9428e-005,0.038009
4.9432e-005,0.0387928
4.9436e-005,0.0379743
4.944e-005,0.038391
4.9444e-005,0.0380686
4.9448e-005,0.0383067
4.9452e-005,0.0378751
4.9456e-005,0.0391103
4.946e-005,0.0383464
4.9464e-005,0.0380785
4.9468e-005,0.0375279
4.9472e-005,0.038267
4.9476e-005,0.0384356
4.948e-005,0.0385051
4.9484e-005,0.0383414
4.9488e-005,0.0382372
4.9492e-005,0.0388821
4.9496e-005,0.038009
4.95e-005,0.0381777
4.9504e-005,0.0386142
4.9508e-005,0.0379991
4.9512e-005,0.0386638
4.9516e-005,0.0391053
4.952e-005,0.0384604
4.9524e-005,0.0385993
4.9528e-005,0.038143
4.9532e-005,0.0384406
4.9536e-005,0.038143
4.954e-005,0.0380884
4.9544e-005,0.0379793
4.9548e-005,0.0382967
4.9552e-005,0.0389119
4.9556e-005,0.0383811
4.956e-005,0.0384456
4.9564e-005,0.0384803
4.9568e-005,0.0378305
4.9572e-005,0.0383315
4.9576e-005,0.0384555
4.958e-005,0.0387829
4.9584e-005,0.0389714
4.9588e-005,0.0384555
4.9592e-005,0.0386688
4.9596e-005,0.0384158
4.96e-005,0.0388176
4.9604e-005,0.0379793
4.9608e-005,0.0387134
4.9612e-005,0.0385249
4.9616e-005,0.0385745
4.962e-005,0.0378156
4.9624e-005,0.0389317
4.9628e-005,0.0386043
4.9632e-005,0.0378056
4.9636e-005,0.0384902
4.964e-005,0.0385696
4.9644e-005,0.0386638
4.9648e-005,0.0383612
4.9652e-005,0.0377164
4.9656e-005,0.0385398
4.966e-005,0.0391351
4.9664e-005,0.0385696
4.9668e-005,0.0384604
4.9672e-005,0.0387779
4.9676e-005,0.0380438
4.968e-005,0.0385696
4.9684e-005,0.0390012
4.9688e-005,0.0377908
4.9692e-005,0.0388474
4.9696e-005,0.0395915
4.97e-005,0.0383067
4.9704e-005,0.0377064
4.9708e-005,0.0360794
4.9712e-005,0.0344771
4.9716e-005,0.0338173
4.972e-005,0.0334254
4.9724e-005,0.0327607
4.9728e-005,0.0319373
4.9732e-005,0.0250768
4.9736e-005,0.0197888
4.974e-005,0.0194217
4.9744e-005,0.0192629
4.9748e-005,0.0192233
4.9752e-005,0.018251
4.9756e-005,0.010443
4.976e-005,0.00117166
4.9764e-005,0.000764894
4.9768e-005,-0.000237146
4.9772e-005,5.55286e-005
4.9776e-005,0.000928593
4.978e-005,0.000616076
4.9784e-005,0.00107245
4.9788e-005,0.000204346
4.9792e-005,-0.000321477
4.9796e-005,0.00831988
4.98e-005,0.0190546
4.9804e-005,0.0219069
4.9808e-005,0.0250073
4.9812e-005,0.0284748
4.9816e-005,0.0316644
4.982e-005,0.0322448
4.9824e-005,0.0350128
4.9828e-005,0.0369921
4.9832e-005,0.0380884
4.9836e-005,0.0388325
4.984e-005,0.0400974
4.9844e-005,0.0408663
4.9848e-005,0.0424934
4.9852e-005,0.0424339
4.9856e-005,0.042796
4.986e-005,0.0429696
4.9864e-005,0.0445124
4.9868e-005,0.0449687
4.9872e-005,0.0454598
4.9876e-005,0.0455491
4.988e-005,0.0453854
4.9884e-005,0.0458815
4.9888e-005,0.0464073
4.9892e-005,0.0470224
4.9896e-005,0.0463329
4.99e-005,0.0474292
4.9904e-005,0.0468984
4.9908e-005,0.0475235
4.9912e-005,0.0469728
4.9916e-005,0.0476524
4.992e-005,0.0475483
4.9924e-005,0.0479005
4.9928e-005,0.0476822
4.9932e-005,0.0467942
4.9936e-005,0.0481088
4.994e-005,0.0476723
4.9944e-005,0.0477368
4.9948e-005,0.0478062
4.9952e-005,0.0474292
4.9956e-005,0.0481733
4.996e-005,0.0486942
4.9964e-005,0.0479749
4.9968e-005,0.047826
4.9972e-005,0.0479302
4.9976e-005,0.0478806
4.998e-005,0.048089
4.9984e-005,0.0481386
4.9988e-005,0.0479501
4.9992e-005,0.048337
4.9996e-005,0.0486346
5e-005,0.0486148
5.0004e-005,0.0481534
5.0008e-005,0.0479352
5.0012e-005,0.0476723
5.0016e-005,0.0477764
5.002e-005,0.0484263
5.0024e-005,0.0483023
5.0028e-005,0.0490563
5.0032e-005,0.0479253
5.0036e-005,0.0482527
5.004e-005,0.047826
5.0044e-005,0.048213
5.0048e-005,0.0482229
5.0052e-005,0.0487289
5.0056e-005,0.0483221
5.006e-005,0.0487338
5.0064e-005,0.0483072
5.0068e-005,0.0484312
5.0072e-005,0.0478806
5.0076e-005,0.0483221
5.008e-005,0.0481981
5.0084e-005,0.0479501
5.0088e-005,0.0481237
5.0092e-005,0.0477516
5.0096e-005,0.048461
5.01e-005,0.0476772
5.0104e-005,0.048456
5.0108e-005,0.0486545
5.0112e-005,0.0483519
5.0116e-005,0.0479997
5.012e-005,0.048714
5.0124e-005,0.0480741
5.0128e-005,0.0480443
5.0132e-005,0.0481435
5.0136e-005,0.0484312
5.014e-005,0.0481088
5.0144e-005,0.0484957
5.0148e-005,0.048461
5.0152e-005,0.0483916
5.0156e-005,0.0481783
5.016e-005,0.0479451
5.0164e-005,0.0477814
5.0168e-005,0.0478558
5.0172e-005,0.0482973
5.0176e-005,0.0482229
5.018e-005,0.0480493
5.0184e-005,0.0481088
5.0188e-005,0.0482328
5.0192e-005,0.0479153
5.0196e-005,0.047578
5.02e-005,0.0480443
5.0204e-005,0.0471911
5.0208e-005,0.0478905
5.0212e-005,0.0481981
5.0216e-005,0.0477963
5.022e-005,0.0481832
5.0224e-005,0.0481386
5.0228e-005,0.0476326
5.0232e-005,0.0483568
5.0236e-005,0.0481783
5.024e-005,0.0479699
5.0244e-005,0.0476921
5.0248e-005,0.0480394
5.0252e-005,0.0476772
5.0256e-005,0.0477715
5.026e-005,0.0479749
5.0264e-005,0.04796
5.0268e-005,0.0485156
5.0272e-005,0.0482229
5.0276e-005,0.0480642
5.028e-005,0.0484064
5.0284e-005,0.0485106
5.0288e-005,0.0477516
5.0292e-005,0.0480592
5.0296e-005,0.0483668
5.03e-005,0.0484511
5.0304e-005,0.0478112
5.0308e-005,0.0478955
5.0312e-005,0.0477268
5.0316e-005,0.0480691
5.032e-005,0.0479897
5.0324e-005,0.0481187
5.0328e-005,0.0477864
5.0332e-005,0.0475929
5.0336e-005,0.0481088
5.034e-005,0.0487239
5.0344e-005,0.0483271
5.0348e-005,0.0483965
5.0352e-005,0.0485553
5.0356e-005,0.0486495
5.036e-005,0.0483668
5.0364e-005,0.0485305
5.0368e-005,0.0489918
5.0372e-005,0.0481038
5.0376e-005,0.0481634
5.038e-005,0.0488777
5.0384e-005,0.0483916
5.0388e-005,0.0486743
5.0392e-005,0.0490563
5.0396e-005,0.048213
5.04e-005,0.0479649
5.0404e-005,0.048461
5.0408e-005,0.0483717
5.0412e-005,0.0487735
5.0416e-005,0.048719
5.042e-005,0.048585
5.0424e-005,0.0491406
5.0428e-005,0.0483767
5.0432e-005,0.0482527
5.0436e-005,0.0489422
5.044e-005,0.049086
5.0444e-005,0.0486793
5.0448e-005,0.0485949
5.0452e-005,0.0487289
5.0456e-005,0.0478459
5.046e-005,0.0486297
5.0464e-005,0.0490464
5.0468e-005,0.0480592
5.0472e-005,0.0474689
5.0476e-005,0.0432375
5.048e-005,0.0396361
5.0484e-005,0.0375527
5.0488e-005,0.0369921
5.0492e-005,0.0352013
5.0496e-005,0.0349384
5.05e-005,0.0263169
5.0504e-005,0.0212571
5.0508e-005,0.0199922
5.0512e-005,0.0196896
5.0516e-005,0.01901
5.052e-005,0.0190943
5.0524e-005,0.0111276
5.0528e-005,0.00165284
5.0532e-005,0.00153379
5.0536e-005,0.000779775
5.054e-005,0.000779775
5.0544e-005,0.000948436
5.0548e-005,0.000645839
5.0552e-005,-7.34468e-005
5.0556e-005,0.000740091
5.056e-005,-3.87227e-005
5.0564e-005,0.00796768
5.0568e-005,0.0196598
5.0572e-005,0.0236481
5.0576e-005,0.026679
5.058e-005,0.0305929
5.0584e-005,0.0348194
5.0588e-005,0.0362381
5.0592e-005,0.0383513
5.0596e-005,0.0407374
5.06e-005,0.041283
5.0604e-005,0.0436046
5.0608e-005,0.0451622
5.0612e-005,0.0448943
5.0616e-005,0.046065
5.062e-005,0.0474242
5.0624e-005,0.0481733
5.0628e-005,0.0471861
5.0632e-005,0.0488678
5.0636e-005,0.0495722
5.064e-005,0.0497855
5.0644e-005,0.0506238
5.0648e-005,0.0509066
5.0652e-005,0.0509562
5.0656e-005,0.0520525
5.066e-005,0.0512092
5.0664e-005,0.0520376
5.0668e-005,0.0518987
5.0672e-005,0.0522162
5.0676e-005,0.0524692
5.068e-005,0.0534365
5.0684e-005,0.0533323
5.0688e-005,0.0526924
5.0692e-005,0.0541359
5.0696e-005,0.0538631
5.07e-005,0.053501
5.0704e-005,0.0539673
5.0708e-005,0.0540069
5.0712e-005,0.0538631
5.0716e-005,0.0544137
5.072e-005,0.0543244
5.0724e-005,0.0539077
5.0728e-005,0.0548354
5.0732e-005,0.0535208
5.0736e-005,0.0540863
5.074e-005,0.0545377
5.0744e-005,0.0544038
5.0748e-005,0.0548205
5.0752e-005,0.0550338
5.0756e-005,0.0545328
5.076e-005,0.053873
5.0764e-005,0.0553761
5.0768e-005,0.055138
5.0772e-005,0.0545923
5.0776e-005,0.0551975
5.078e-005,0.0547907
5.0784e-005,0.0550586
5.0788e-005,0.0547858
5.0792e-005,0.0548552
5.0796e-005,0.0542897
5.08e-005,0.0546419
5.0804e-005,0.0548205
5.0808e-005,0.0547362
5.0812e-005,0.0548155
5.0816e-005,0.055257
5.082e-005,0.0549941
5.0824e-005,0.0555894
5.0828e-005,0.0551578
5.0832e-005,0.0552223
5.0836e-005,0.05551
5.084e-005,0.055381
5.0844e-005,0.0552421
5.0848e-005,0.0548254
5.0852e-005,0.0553314
5.0856e-005,0.0548056
5.086e-005,0.0551628
5.0864e-005,0.0550884
5.0868e-005,0.0548552
5.0872e-005,0.055257
5.0876e-005,0.0556936
5.088e-005,0.0553513
5.0884e-005,0.0549147
5.0888e-005,0.055515
5.0892e-005,0.0550735
5.0896e-005,0.0556787
5.09e-005,0.0556936
5.0904e-005,0.0555844
5.0908e-005,0.0558771
5.0912e-005,0.0554852
5.0916e-005,0.0556142
5.092e-005,0.0559217
5.0924e-005,0.0550239
5.0928e-005,0.0555894
5.0932e-005,0.0562739
5.0936e-005,0.055639
5.094e-005,0.0554505
5.0944e-005,0.0559961
5.0948e-005,0.0558076
5.0952e-005,0.055138
5.0956e-005,0.0554207
5.096e-005,0.0555398
5.0964e-005,0.0551429
5.0968e-005,0.0554753
5.0972e-005,0.0553761
5.0976e-005,0.0562194
5.098e-005,0.055133
5.0984e-005,0.0548304
5.0988e-005,0.055133
5.0992e-005,0.0556539
5.0996e-005,0.0555447
5.1e-005,0.0556737
5.1004e-005,0.0552025
5.1008e-005,0.055391
5.1012e-005,0.0553513
5.1016e-005,0.0553413
5.102e-005,0.0552471
5.1024e-005,0.0551826
5.1028e-005,0.0551528
5.1032e-005,0.0552967
5.1036e-005,0.0551479
5.104e-005,0.0558523
5.1044e-005,0.0550983
5.1048e-005,0.0556687
5.1052e-005,0.0551578
5.1056e-005,0.05551
5.106e-005,0.0553265
5.1064e-005,0.0553463
5.1068e-005,0.055763
5.1072e-005,0.0554406
5.1076e-005,0.0554802
5.108e-005,0.0552372
5.1084e-005,0.0554654
5.1088e-005,0.0550536
5.1092e-005,0.0552818
5.1096e-005,0.0553215
5.11e-005,0.0553215
5.1104e-005,0.0553017
5.1108e-005,0.0556241
5.1112e-005,0.0553513
5.1116e-005,0.0557779
5.112e-005,0.056011
5.1124e-005,0.0560061
5.1128e-005,0.0554554
5.1132e-005,0.0551181
5.1136e-005,0.0561152
5.114e-005,0.0552669
5.1144e-005,0.0554158
5.1148e-005,0.0553711
5.1152e-005,0.0553612
5.1156e-005,0.05551
5.116e-005,0.0555249
5.1164e-005,0.0551132
5.1168e-005,0.0556142
5.1172e-005,0.0552917
5.1176e-005,0.0558076
5.118e-005,0.0559614
5.1184e-005,0.0556043
5.1188e-005,0.0549445
5.1192e-005,0.0560954
5.1196e-005,0.0554505
5.12e-005,0.0554455
5.1204e-005,0.0552273
5.1208e-005,0.0558473
5.1212e-005,0.0550586
5.1216e-005,0.0560309
5.122e-005,0.0553066
5.1224e-005,0.0547858
5.1228e-005,0.0551628
5.1232e-005,0.0561598
5.1236e-005,0.0554455
5.124e-005,0.0536299
5.1244e-005,0.0482874
5.1248e-005,0.0421859
5.1252e-005,0.0384406
5.1256e-005,0.0372352
5.126e-005,0.0364712
