LECROYWR104MXi,20621,Waveform
Segments,1,SegmentSize,2501
Segment,TrigTime,TimeSinceSegment1
#1,21-May-2015 13:59:34,0                 
Time,Ampl
4.126e-005,0.0516953
4.1264e-005,0.0522211
4.1268e-005,0.0512836
4.1272e-005,0.05173
4.1276e-005,0.0515018
4.128e-005,0.0522608
4.1284e-005,0.0520574
4.1288e-005,0.0516358
4.1292e-005,0.0524642
4.1296e-005,0.05174
4.13e-005,0.0516259
4.1304e-005,0.0521467
4.1308e-005,0.0515663
4.1312e-005,0.0510107
4.1316e-005,0.0519235
4.132e-005,0.0519632
4.1324e-005,0.0517449
4.1328e-005,0.0520277
4.1332e-005,0.0519235
4.1336e-005,0.0521616
4.134e-005,0.0524493
4.1344e-005,0.0522112
4.1348e-005,0.0524394
4.1352e-005,0.0525237
4.1356e-005,0.0520773
4.136e-005,0.0525733
4.1364e-005,0.0521021
4.1368e-005,0.0529107
4.1372e-005,0.0521269
4.1376e-005,0.0517846
4.138e-005,0.0522162
4.1384e-005,0.0520525
4.1388e-005,0.052241
4.1392e-005,0.0521269
4.1396e-005,0.0528114
4.14e-005,0.0523352
4.1404e-005,0.0523402
4.1408e-005,0.052117
4.1412e-005,0.0520971
4.1416e-005,0.052365
4.142e-005,0.0518491
4.1424e-005,0.0525237
4.1428e-005,0.0519483
4.1432e-005,0.0518292
4.1436e-005,0.0521269
4.144e-005,0.0516358
4.1444e-005,0.0526378
4.1448e-005,0.0521963
4.1452e-005,0.0521814
4.1456e-005,0.0523501
4.146e-005,0.0528362
4.1464e-005,0.0523898
4.1468e-005,0.0522807
4.1472e-005,0.0525733
4.1476e-005,0.0521814
4.148e-005,0.0524146
4.1484e-005,0.0517648
4.1488e-005,0.0516457
4.1492e-005,0.0526676
4.1496e-005,0.0522856
4.15e-005,0.0520475
4.1504e-005,0.0525535
4.1508e-005,0.0523451
4.1512e-005,0.0530595
4.1516e-005,0.0530446
4.152e-005,0.0522013
4.1524e-005,0.052494
4.1528e-005,0.0525039
4.1532e-005,0.0523352
4.1536e-005,0.0530099
4.154e-005,0.052236
4.1544e-005,0.0528362
4.1548e-005,0.0522955
4.1552e-005,0.0524344
4.1556e-005,0.0521368
4.156e-005,0.0525287
4.1564e-005,0.0520525
4.1568e-005,0.0519979
4.1572e-005,0.0523501
4.1576e-005,0.0522211
4.158e-005,0.0529603
4.1584e-005,0.0535456
4.1588e-005,0.0519235
4.1592e-005,0.0526676
4.1596e-005,0.0519334
4.16e-005,0.0524196
4.1604e-005,0.0534018
4.1608e-005,0.052236
4.1612e-005,0.0516755
4.1616e-005,0.052107
4.162e-005,0.0525585
4.1624e-005,0.052365
4.1628e-005,0.0524344
4.1632e-005,0.0523005
4.1636e-005,0.0522112
4.164e-005,0.0526825
4.1644e-005,0.0522211
4.1648e-005,0.05237
4.1652e-005,0.0535357
4.1656e-005,0.0517251
4.166e-005,0.0525485
4.1664e-005,0.0533125
4.1668e-005,0.0522906
4.1672e-005,0.0504948
4.1676e-005,0.0455144
4.168e-005,0.0416055
4.1684e-005,0.0388573
4.1688e-005,0.0377263
4.1692e-005,0.0374336
4.1696e-005,0.0349533
4.17e-005,0.0269221
4.1704e-005,0.0214109
4.1708e-005,0.0199326
4.1712e-005,0.0195804
4.1716e-005,0.0192431
4.172e-005,0.0188711
4.1724e-005,0.00867208
4.1728e-005,0.00175205
4.1732e-005,0.00188103
4.1736e-005,0.000695445
4.174e-005,0.0006508
4.1744e-005,0.000536706
4.1748e-005,0.000864105
4.1752e-005,0.000829381
4.1756e-005,0.000834342
4.176e-005,0.000323401
4.1764e-005,0.0100759
4.1768e-005,0.0190844
4.1772e-005,0.0200269
4.1776e-005,0.0197838
4.178e-005,0.0211678
4.1784e-005,0.0214704
4.1788e-005,0.0212869
4.1792e-005,0.0218821
4.1796e-005,0.0225965
4.18e-005,0.0224526
4.1804e-005,0.0231024
4.1808e-005,0.0233406
4.1812e-005,0.0238069
4.1816e-005,0.0231074
4.182e-005,0.0238862
4.1824e-005,0.0230677
4.1828e-005,0.0235439
4.1832e-005,0.0234695
4.1836e-005,0.0236332
4.184e-005,0.0233902
4.1844e-005,0.0235787
4.1848e-005,0.0237473
4.1852e-005,0.0235191
4.1856e-005,0.023916
4.186e-005,0.023668
4.1864e-005,0.0237473
4.1868e-005,0.0235935
4.1872e-005,0.0235539
4.1876e-005,0.0240152
4.188e-005,0.0235886
4.1884e-005,0.0238217
4.1888e-005,0.0237374
4.1892e-005,0.0235092
4.1896e-005,0.0238515
4.19e-005,0.0239656
4.1904e-005,0.0232413
4.1908e-005,0.023663
4.1912e-005,0.0231024
4.1916e-005,0.0232165
4.192e-005,0.0232711
4.1924e-005,0.0232314
4.1928e-005,0.0233455
4.1932e-005,0.0228544
4.1936e-005,0.023033
4.194e-005,0.0234298
4.1944e-005,0.0229884
4.1948e-005,0.0224973
4.1952e-005,0.0230677
4.1956e-005,0.0228594
4.196e-005,0.0236828
4.1964e-005,0.0225617
4.1968e-005,0.0232711
4.1972e-005,0.0232215
4.1976e-005,0.0234249
4.198e-005,0.0232314
4.1984e-005,0.0235191
4.1988e-005,0.0231372
4.1992e-005,0.0230082
4.1996e-005,0.0233058
4.2e-005,0.0234398
4.2004e-005,0.023162
4.2008e-005,0.0229139
4.2012e-005,0.0227502
4.2016e-005,0.022904
4.202e-005,0.0228941
4.2024e-005,0.0230528
4.2028e-005,0.0227254
4.2032e-005,0.0229139
4.2036e-005,0.0235836
4.204e-005,0.0227949
4.2044e-005,0.023157
4.2048e-005,0.0225717
4.2052e-005,0.0229884
4.2056e-005,0.0230975
4.206e-005,0.0237076
4.2064e-005,0.0236878
4.2068e-005,0.0223534
4.2072e-005,0.0230677
4.2076e-005,0.0230032
4.208e-005,0.0233158
4.2084e-005,0.0234745
4.2088e-005,0.0232711
4.2092e-005,0.0234249
4.2096e-005,0.0234745
4.21e-005,0.0229586
4.2104e-005,0.0233455
4.2108e-005,0.023286
4.2112e-005,0.023281
4.2116e-005,0.0227056
4.212e-005,0.0229536
4.2124e-005,0.0230677
4.2128e-005,0.0224774
4.2132e-005,0.0236531
4.2136e-005,0.0226262
4.214e-005,0.0228941
4.2144e-005,0.0237176
4.2148e-005,0.0231818
4.2152e-005,0.0226808
4.2156e-005,0.0231818
4.216e-005,0.0232017
4.2164e-005,0.0239011
4.2168e-005,0.0233207
4.2172e-005,0.0234199
4.2176e-005,0.023157
4.218e-005,0.0234993
4.2184e-005,0.0233703
4.2188e-005,0.023911
4.2192e-005,0.0231421
4.2196e-005,0.0237374
4.22e-005,0.0237969
4.2204e-005,0.0235241
4.2208e-005,0.0232711
4.2212e-005,0.0224228
4.2216e-005,0.0234001
4.222e-005,0.0231372
4.2224e-005,0.0228544
4.2228e-005,0.0231917
4.2232e-005,0.0233207
4.2236e-005,0.0236977
4.224e-005,0.0231074
4.2244e-005,0.0233058
4.2248e-005,0.0233505
4.2252e-005,0.0234894
4.2256e-005,0.0236928
4.226e-005,0.0229834
4.2264e-005,0.0233554
4.2268e-005,0.0231421
4.2272e-005,0.0235638
4.2276e-005,0.0233703
4.228e-005,0.0230181
4.2284e-005,0.0232761
4.2288e-005,0.0233505
4.2292e-005,0.0230181
4.2296e-005,0.02341
4.23e-005,0.0232116
4.2304e-005,0.0237424
4.2308e-005,0.0234199
4.2312e-005,0.0233604
4.2316e-005,0.023668
4.232e-005,0.0233753
4.2324e-005,0.0232513
4.2328e-005,0.0230429
4.2332e-005,0.0229189
4.2336e-005,0.0227651
4.234e-005,0.0238465
4.2344e-005,0.0235291
4.2348e-005,0.02341
4.2352e-005,0.0236531
4.2356e-005,0.0234547
4.236e-005,0.0236531
4.2364e-005,0.0234298
4.2368e-005,0.0235787
4.2372e-005,0.0231967
4.2376e-005,0.0237969
4.238e-005,0.0239011
4.2384e-005,0.0237027
4.2388e-005,0.0233604
4.2392e-005,0.0228147
4.2396e-005,0.0232364
4.24e-005,0.0231769
4.2404e-005,0.022775
4.2408e-005,0.022661
4.2412e-005,0.0229288
4.2416e-005,0.0229437
4.242e-005,0.0228743
4.2424e-005,0.0234745
4.2428e-005,0.0231719
4.2432e-005,0.0236481
4.2436e-005,0.0224179
4.244e-005,0.0230132
4.2444e-005,0.0236035
4.2448e-005,0.0240499
4.2452e-005,0.0234894
4.2456e-005,0.024665
4.246e-005,0.0244815
4.2464e-005,0.023916
4.2468e-005,0.0208107
4.2472e-005,0.019754
4.2476e-005,0.0196152
4.248e-005,0.0191588
4.2484e-005,0.0185189
4.2488e-005,0.0182857
4.2492e-005,0.00916318
4.2496e-005,0.00121135
4.25e-005,0.00100796
4.2504e-005,0.000531746
4.2508e-005,0.000601194
4.2512e-005,0.000690485
4.2516e-005,0.000596233
4.252e-005,-5.36045e-005
4.2524e-005,0.00014978
4.2528e-005,0.000313479
4.2532e-005,0.00921279
4.2536e-005,0.0181468
4.254e-005,0.0199922
4.2544e-005,0.0216589
4.2548e-005,0.0236878
4.2552e-005,0.0248139
4.2556e-005,0.0255133
4.256e-005,0.0268427
4.2564e-005,0.0282317
4.2568e-005,0.0286037
4.2572e-005,0.0288518
4.2576e-005,0.0308955
4.258e-005,0.03096
4.2584e-005,0.0309303
4.2588e-005,0.0314908
4.2592e-005,0.0314362
4.2596e-005,0.0320067
4.26e-005,0.0324631
4.2604e-005,0.0328649
4.2608e-005,0.032478
4.2612e-005,0.0322647
4.2616e-005,0.032478
4.262e-005,0.0327111
4.2624e-005,0.0325524
4.2628e-005,0.032979
4.2632e-005,0.0334403
4.2636e-005,0.0326069
4.264e-005,0.0328351
4.2644e-005,0.0329145
4.2648e-005,0.0330336
4.2652e-005,0.0331179
4.2656e-005,0.0328996
4.266e-005,0.0326218
4.2664e-005,0.0328699
4.2668e-005,0.0324532
4.2672e-005,0.0324432
4.2676e-005,0.0326863
4.268e-005,0.032731
4.2684e-005,0.0327806
4.2688e-005,0.0330633
4.2692e-005,0.0328699
4.2696e-005,0.0327905
4.27e-005,0.0329046
4.2704e-005,0.0329939
4.2708e-005,0.0323837
4.2712e-005,0.0332717
4.2716e-005,0.0333114
4.272e-005,0.0328699
4.2724e-005,0.0328103
4.2728e-005,0.0331129
4.2732e-005,0.0326169
4.2736e-005,0.0334502
4.274e-005,0.0329046
4.2744e-005,0.0331923
4.2748e-005,0.0328401
4.2752e-005,0.0327508
4.2756e-005,0.0334354
4.276e-005,0.0330336
4.2764e-005,0.0331377
4.2768e-005,0.0328599
4.2772e-005,0.0327756
4.2776e-005,0.0332072
4.278e-005,0.0328004
4.2784e-005,0.0330931
4.2788e-005,0.0329988
4.2792e-005,0.0329691
4.2796e-005,0.0331377
4.28e-005,0.0327657
4.2804e-005,0.0327012
4.2808e-005,0.0335346
4.2812e-005,0.0331576
4.2816e-005,0.0325573
4.282e-005,0.0326566
4.2824e-005,0.0333213
4.2828e-005,0.033227
4.2832e-005,0.0331973
4.2836e-005,0.0328649
4.284e-005,0.0328203
4.2844e-005,0.0323192
4.2848e-005,0.0328252
4.2852e-005,0.0333213
4.2856e-005,0.0335743
4.286e-005,0.0330832
4.2864e-005,0.0324432
4.2868e-005,0.0327012
4.2872e-005,0.0322399
4.2876e-005,0.0326566
4.288e-005,0.0330484
4.2884e-005,0.0322895
4.2888e-005,0.0325921
4.2892e-005,0.0322696
4.2896e-005,0.032721
4.29e-005,0.0330435
4.2904e-005,0.0326119
4.2908e-005,0.0332022
4.2912e-005,0.0326417
4.2916e-005,0.0337578
4.292e-005,0.0322151
4.2924e-005,0.0327756
4.2928e-005,0.0321109
4.2932e-005,0.0332171
4.2936e-005,0.0329641
4.294e-005,0.0325375
4.2944e-005,0.0327657
4.2948e-005,0.0326814
4.2952e-005,0.0330832
4.2956e-005,0.0327607
4.296e-005,0.0322845
4.2964e-005,0.0328302
4.2968e-005,0.0327508
4.2972e-005,0.03285
4.2976e-005,0.0333758
4.298e-005,0.0329095
4.2984e-005,0.0324829
4.2988e-005,0.033728
4.2992e-005,0.0327558
4.2996e-005,0.0325524
4.3e-005,0.033103
4.3004e-005,0.0331725
4.3008e-005,0.032468
4.3012e-005,0.0321407
4.3016e-005,0.032225
4.302e-005,0.0323688
4.3024e-005,0.0324631
4.3028e-005,0.0323887
4.3032e-005,0.0332568
4.3036e-005,0.0322498
4.304e-005,0.0323341
4.3044e-005,0.0326714
4.3048e-005,0.0326764
4.3052e-005,0.0323986
4.3056e-005,0.0323341
4.306e-005,0.0325425
4.3064e-005,0.03285
4.3068e-005,0.0326417
4.3072e-005,0.0330137
4.3076e-005,0.0335395
4.308e-005,0.032984
4.3084e-005,0.0331477
4.3088e-005,0.0335891
4.3092e-005,0.0332667
4.3096e-005,0.032721
4.31e-005,0.0333014
4.3104e-005,0.0323143
4.3108e-005,0.0332022
4.3112e-005,0.0326962
4.3116e-005,0.0333758
4.312e-005,0.0335842
4.3124e-005,0.0330782
4.3128e-005,0.0330484
4.3132e-005,0.032974
4.3136e-005,0.0329542
4.314e-005,0.0330088
4.3144e-005,0.0325276
4.3148e-005,0.0328054
4.3152e-005,0.0324829
4.3156e-005,0.0329343
4.316e-005,0.0327161
4.3164e-005,0.032597
4.3168e-005,0.0328351
4.3172e-005,0.0332965
4.3176e-005,0.0332518
4.318e-005,0.0327607
4.3184e-005,0.0333213
4.3188e-005,0.0330782
4.3192e-005,0.0328401
4.3196e-005,0.033609
4.32e-005,0.0332568
4.3204e-005,0.0321655
4.3208e-005,0.031977
4.3212e-005,0.0309997
4.3216e-005,0.0298836
4.322e-005,0.0301217
4.3224e-005,0.0299927
4.3228e-005,0.0298042
4.3232e-005,0.0290948
4.3236e-005,0.0238118
4.324e-005,0.0202799
4.3244e-005,0.0197342
4.3248e-005,0.0197838
4.3252e-005,0.0192977
4.3256e-005,0.0188661
4.326e-005,0.00951538
4.3264e-005,0.000928593
4.3268e-005,0.00134528
4.3272e-005,0.000248992
4.3276e-005,0.000730169
4.328e-005,0.000174583
4.3284e-005,0.00133536
4.3288e-005,0.000938514
4.3292e-005,-3.37621e-005
4.3296e-005,-0.000162738
4.33e-005,0.00923759
4.3304e-005,0.0187272
4.3308e-005,0.0216936
4.3312e-005,0.023911
4.3316e-005,0.0272247
4.332e-005,0.0296901
4.3324e-005,0.03159
4.3328e-005,0.0331526
4.3332e-005,0.0343828
4.3336e-005,0.0356726
4.334e-005,0.0363522
4.3344e-005,0.0378007
4.3348e-005,0.0378503
4.3352e-005,0.0385845
4.3356e-005,0.0396113
4.336e-005,0.0394278
4.3364e-005,0.039899
4.3368e-005,0.0411094
4.3372e-005,0.0418337
4.3376e-005,0.0413674
4.338e-005,0.0420519
4.3384e-005,0.0419477
4.3388e-005,0.0423992
4.3392e-005,0.0428158
4.3396e-005,0.0427067
4.34e-005,0.042677
4.3404e-005,0.042801
4.3408e-005,0.0431184
4.3412e-005,0.0432573
4.3416e-005,0.0435599
4.342e-005,0.0433268
4.3424e-005,0.0430292
4.3428e-005,0.0430986
4.3432e-005,0.0431383
4.3436e-005,0.0427613
4.344e-005,0.0430887
4.3444e-005,0.0433169
4.3448e-005,0.0430837
4.3452e-005,0.0427514
4.3456e-005,0.0427166
4.346e-005,0.0431631
4.3464e-005,0.0434905
4.3468e-005,0.0426323
4.3472e-005,0.0425926
4.3476e-005,0.0430936
4.348e-005,0.0429448
4.3484e-005,0.0436145
4.3488e-005,0.043302
4.3492e-005,0.043932
4.3496e-005,0.0431135
4.35e-005,0.0430986
4.3504e-005,0.0427117
4.3508e-005,0.0427712
4.3512e-005,0.0430341
4.3516e-005,0.0437584
4.352e-005,0.0430788
4.3524e-005,0.0426918
4.3528e-005,0.043426
4.3532e-005,0.0432871
4.3536e-005,0.0430936
4.354e-005,0.0431978
4.3544e-005,0.0432127
4.3548e-005,0.0436939
4.3552e-005,0.0430391
4.3556e-005,0.0435649
4.356e-005,0.0428357
4.3564e-005,0.0430936
4.3568e-005,0.0429845
4.3572e-005,0.0431184
4.3576e-005,0.0428158
4.358e-005,0.0426075
4.3584e-005,0.0433169
4.3588e-005,0.0430341
4.3592e-005,0.0434558
4.3596e-005,0.0431184
4.36e-005,0.0432375
4.3604e-005,0.0428704
4.3608e-005,0.0436889
4.3612e-005,0.0435451
4.3616e-005,0.0428506
4.362e-005,0.0432921
4.3624e-005,0.0432921
4.3628e-005,0.0431085
4.3632e-005,0.0428357
4.3636e-005,0.0431383
4.364e-005,0.042672
4.3644e-005,0.0431383
4.3648e-005,0.043431
4.3652e-005,0.0432921
4.3656e-005,0.0433119
4.366e-005,0.0436145
4.3664e-005,0.0428307
4.3668e-005,0.0432921
4.3672e-005,0.0437236
4.3676e-005,0.0429349
4.368e-005,0.0432673
4.3684e-005,0.0434359
4.3688e-005,0.0432226
4.3692e-005,0.0423644
4.3696e-005,0.0429795
4.37e-005,0.0428903
4.3704e-005,0.0428952
4.3708e-005,0.0432425
4.3712e-005,0.0436443
4.3716e-005,0.0433318
4.372e-005,0.0428655
4.3724e-005,0.0431532
4.3728e-005,0.0431581
4.3732e-005,0.0430391
4.3736e-005,0.0430143
4.374e-005,0.0432325
4.3744e-005,0.0429597
4.3748e-005,0.0433169
4.3752e-005,0.0427464
4.3756e-005,0.0425579
4.376e-005,0.0431532
4.3764e-005,0.0435451
4.3768e-005,0.0435103
4.3772e-005,0.0433516
4.3776e-005,0.0433962
4.378e-005,0.0429944
4.3784e-005,0.0431284
4.3788e-005,0.0433318
4.3792e-005,0.0430341
4.3796e-005,0.0431631
4.38e-005,0.0429895
4.3804e-005,0.0430837
4.3808e-005,0.0433615
4.3812e-005,0.0439072
4.3816e-005,0.0430639
4.382e-005,0.0435649
4.3824e-005,0.0431184
4.3828e-005,0.0433069
4.3832e-005,0.0429299
4.3836e-005,0.0430788
4.384e-005,0.0430936
4.3844e-005,0.0430639
4.3848e-005,0.0437088
4.3852e-005,0.043297
4.3856e-005,0.0429845
4.386e-005,0.0431929
4.3864e-005,0.0433714
4.3868e-005,0.0435203
4.3872e-005,0.0434359
4.3876e-005,0.043555
4.388e-005,0.0434806
4.3884e-005,0.0435996
4.3888e-005,0.0427662
4.3892e-005,0.0440808
4.3896e-005,0.0430639
4.39e-005,0.0433714
4.3904e-005,0.0438328
4.3908e-005,0.0434607
4.3912e-005,0.0435351
4.3916e-005,0.0440659
4.392e-005,0.0441651
4.3924e-005,0.0439915
4.3928e-005,0.043803
4.3932e-005,0.0431532
4.3936e-005,0.0433962
4.394e-005,0.0438923
4.3944e-005,0.0437633
4.3948e-005,0.0433962
4.3952e-005,0.043555
4.3956e-005,0.0430242
4.396e-005,0.0438179
4.3964e-005,0.0432821
4.3968e-005,0.0438129
4.3972e-005,0.0432673
4.3976e-005,0.0425033
4.398e-005,0.0397304
4.3984e-005,0.0374882
4.3988e-005,0.0357272
4.3992e-005,0.0346061
4.3996e-005,0.0347648
4.4e-005,0.0332617
4.4004e-005,0.0261681
4.4008e-005,0.0203791
4.4012e-005,0.0204336
4.4016e-005,0.0199674
4.402e-005,0.0190893
4.4024e-005,0.0190397
4.4028e-005,0.00989239
4.4032e-005,0.00204473
4.4036e-005,0.00108237
4.404e-005,0.00089883
4.4044e-005,0.000978199
4.4048e-005,0.000586312
4.4052e-005,0.00125103
4.4056e-005,0.000273795
4.406e-005,0.000422613
4.4064e-005,-2.88015e-005
4.4068e-005,0.00878121
4.4072e-005,0.0197491
4.4076e-005,0.0233703
4.408e-005,0.0264459
4.4084e-005,0.0303152
4.4088e-005,0.0340554
4.4092e-005,0.0351021
4.4096e-005,0.037379
4.41e-005,0.0388424
4.4104e-005,0.0397254
4.4108e-005,0.0408316
4.4112e-005,0.0428704
4.4116e-005,0.0437088
4.412e-005,0.0437881
4.4124e-005,0.0450382
4.4128e-005,0.0460998
4.4132e-005,0.0464966
4.4136e-005,0.0474342
4.414e-005,0.0476276
4.4144e-005,0.0476822
4.4148e-005,0.0483916
4.4152e-005,0.0486594
4.4156e-005,0.0486942
4.416e-005,0.0489769
4.4164e-005,0.049969
4.4168e-005,0.0498748
4.4172e-005,0.0502964
4.4176e-005,0.0500831
4.418e-005,0.0507578
4.4184e-005,0.0512389
4.4188e-005,0.0515862
4.4192e-005,0.0509066
4.4196e-005,0.0512637
4.42e-005,0.0511695
4.4204e-005,0.0515167
4.4208e-005,0.0512786
4.4212e-005,0.0515713
4.4216e-005,0.0513133
4.422e-005,0.0520128
4.4224e-005,0.0514374
4.4228e-005,0.0519185
4.4232e-005,0.0512588
4.4236e-005,0.0524047
4.424e-005,0.0512241
4.4244e-005,0.0513332
4.4248e-005,0.0515316
4.4252e-005,0.0519086
4.4256e-005,0.0522509
4.426e-005,0.0518888
4.4264e-005,0.0519334
4.4268e-005,0.0519384
4.4272e-005,0.0514126
4.4276e-005,0.0517449
4.428e-005,0.0518987
4.4284e-005,0.0518789
4.4288e-005,0.0521219
4.4292e-005,0.0519483
4.4296e-005,0.0523848
4.43e-005,0.0523551
4.4304e-005,0.0521368
4.4308e-005,0.0521021
4.4312e-005,0.0526825
4.4316e-005,0.0521021
4.432e-005,0.0515961
4.4324e-005,0.0520029
4.4328e-005,0.0522559
4.4332e-005,0.0525386
4.4336e-005,0.0525733
4.434e-005,0.0521021
4.4344e-005,0.0527569
4.4348e-005,0.0523253
4.4352e-005,0.0523551
4.4356e-005,0.0521269
4.436e-005,0.0525386
4.4364e-005,0.0517846
4.4368e-005,0.0529801
4.4372e-005,0.0521814
4.4376e-005,0.0520376
4.438e-005,0.0521616
4.4384e-005,0.0516507
4.4388e-005,0.0521566
4.4392e-005,0.0525138
4.4396e-005,0.0524642
4.44e-005,0.0516854
4.4404e-005,0.052489
4.4408e-005,0.0523055
4.4412e-005,0.0524543
4.4416e-005,0.0516209
4.442e-005,0.0519334
4.4424e-005,0.0523898
4.4428e-005,0.0516953
4.4432e-005,0.0527073
4.4436e-005,0.0525138
4.444e-005,0.0525684
4.4444e-005,0.0525088
4.4448e-005,0.05299
4.4452e-005,0.0525188
4.4456e-005,0.0523451
4.446e-005,0.0525585
4.4464e-005,0.0525932
4.4468e-005,0.0522856
4.4472e-005,0.0521566
4.4476e-005,0.052494
4.448e-005,0.0527866
4.4484e-005,0.0519235
4.4488e-005,0.0524989
4.4492e-005,0.0526527
4.4496e-005,0.0516259
4.45e-005,0.0527321
4.4504e-005,0.0521864
4.4508e-005,0.0522509
4.4512e-005,0.0520574
4.4516e-005,0.0517747
4.452e-005,0.0517003
4.4524e-005,0.0522261
4.4528e-005,0.0521864
4.4532e-005,0.051864
4.4536e-005,0.0517796
4.454e-005,0.0521963
4.4544e-005,0.0519582
4.4548e-005,0.0522013
4.4552e-005,0.0520128
4.4556e-005,0.0528561
4.456e-005,0.0522063
4.4564e-005,0.0529355
4.4568e-005,0.0528412
4.4572e-005,0.0524146
4.4576e-005,0.0520773
4.458e-005,0.0525188
4.4584e-005,0.0519681
4.4588e-005,0.0521467
4.4592e-005,0.0522658
4.4596e-005,0.0521914
4.46e-005,0.0520128
4.4604e-005,0.0526775
4.4608e-005,0.0524989
4.4612e-005,0.0521566
4.4616e-005,0.0524096
4.462e-005,0.0527618
4.4624e-005,0.0529851
4.4628e-005,0.0527866
4.4632e-005,0.0523848
4.4636e-005,0.0524741
4.464e-005,0.0528362
4.4644e-005,0.0526329
4.4648e-005,0.0529851
4.4652e-005,0.0526031
4.4656e-005,0.0528065
4.466e-005,0.0524394
4.4664e-005,0.0527618
4.4668e-005,0.0529206
4.4672e-005,0.0520227
4.4676e-005,0.0526527
4.468e-005,0.0525733
4.4684e-005,0.0532827
4.4688e-005,0.0522856
4.4692e-005,0.0519533
4.4696e-005,0.0523303
4.47e-005,0.0525386
4.4704e-005,0.0523501
4.4708e-005,0.0524344
4.4712e-005,0.0524196
4.4716e-005,0.0523848
4.472e-005,0.05236
4.4724e-005,0.0523451
4.4728e-005,0.0522707
4.4732e-005,0.0526527
4.4736e-005,0.0527073
4.474e-005,0.0520525
4.4744e-005,0.0507726
4.4748e-005,0.0458071
4.4752e-005,0.0404546
4.4756e-005,0.0387134
4.476e-005,0.0370715
4.4764e-005,0.0363324
4.4768e-005,0.0351517
4.4772e-005,0.0261929
4.4776e-005,0.0207809
4.478e-005,0.0195507
4.4784e-005,0.0191389
4.4788e-005,0.0196747
4.4792e-005,0.019
4.4796e-005,0.00989239
4.48e-005,0.00224811
4.4804e-005,0.000829381
4.4808e-005,0.000467258
4.4812e-005,0.000536706
4.4816e-005,0.000730169
4.482e-005,0.000834342
4.4824e-005,0.000551588
4.4828e-005,0.000625997
4.4832e-005,-0.00010321
4.4836e-005,0.0103488
4.484e-005,0.0189703
4.4844e-005,0.0197441
4.4848e-005,0.0198235
4.4852e-005,0.0209644
4.4856e-005,0.0219367
4.486e-005,0.0222195
4.4864e-005,0.0223683
4.4868e-005,0.0222393
4.4872e-005,0.0232413
4.4876e-005,0.0231669
4.488e-005,0.0237076
4.4884e-005,0.02341
4.4888e-005,0.0232562
4.4892e-005,0.0234547
4.4896e-005,0.0236432
4.49e-005,0.0239507
4.4904e-005,0.0234199
4.4908e-005,0.0244368
4.4912e-005,0.0229834
4.4916e-005,0.0244716
4.492e-005,0.0239854
4.4924e-005,0.023916
4.4928e-005,0.0240896
4.4932e-005,0.0237622
4.4936e-005,0.023782
4.494e-005,0.0235439
4.4944e-005,0.0232761
4.4948e-005,0.0241243
4.4952e-005,0.0232463
4.4956e-005,0.0236035
4.496e-005,0.0240846
4.4964e-005,0.0233554
4.4968e-005,0.0235787
4.4972e-005,0.0240549
4.4976e-005,0.0238168
4.498e-005,0.0232463
4.4984e-005,0.0239457
4.4988e-005,0.023539
4.4992e-005,0.0239557
4.4996e-005,0.0234348
4.5e-005,0.0236382
4.5004e-005,0.0233306
4.5008e-005,0.0235985
4.5012e-005,0.0235489
4.5016e-005,0.0231421
4.502e-005,0.0242533
4.5024e-005,0.0233207
4.5028e-005,0.0232066
4.5032e-005,0.0232116
4.5036e-005,0.0235539
4.504e-005,0.0233406
4.5044e-005,0.0229983
4.5048e-005,0.0238565
4.5052e-005,0.023916
4.5056e-005,0.0232215
4.506e-005,0.0235985
4.5064e-005,0.0232265
4.5068e-005,0.0234398
4.5072e-005,0.0234894
4.5076e-005,0.0234199
4.508e-005,0.0241194
4.5084e-005,0.0233654
4.5088e-005,0.0233505
4.5092e-005,0.0232265
4.5096e-005,0.0233009
4.51e-005,0.0236481
4.5104e-005,0.0233406
4.5108e-005,0.0231471
4.5112e-005,0.0238912
4.5116e-005,0.0236332
4.512e-005,0.0233703
4.5124e-005,0.0237672
4.5128e-005,0.0235241
4.5132e-005,0.024164
4.5136e-005,0.0234596
4.514e-005,0.0243476
4.5144e-005,0.0232314
4.5148e-005,0.0237473
4.5152e-005,0.0226113
4.5156e-005,0.0241392
4.516e-005,0.023534
4.5164e-005,0.0236332
4.5168e-005,0.0235588
4.5172e-005,0.023787
4.5176e-005,0.0236035
4.518e-005,0.0233902
4.5184e-005,0.0233505
4.5188e-005,0.0240698
4.5192e-005,0.0235539
4.5196e-005,0.0234547
4.52e-005,0.0227651
4.5204e-005,0.0235439
4.5208e-005,0.0223881
4.5212e-005,0.0238713
4.5216e-005,0.0235539
4.522e-005,0.0236481
4.5224e-005,0.0231818
4.5228e-005,0.0239954
4.5232e-005,0.023668
4.5236e-005,0.0235191
4.524e-005,0.0232513
4.5244e-005,0.023668
4.5248e-005,0.0236134
4.5252e-005,0.0237275
4.5256e-005,0.023162
4.526e-005,0.0238763
4.5264e-005,0.0232761
4.5268e-005,0.0231818
4.5272e-005,0.0234348
4.5276e-005,0.0241739
4.528e-005,0.0235539
4.5284e-005,0.0234894
4.5288e-005,0.0240995
4.5292e-005,0.0233951
4.5296e-005,0.0228098
4.53e-005,0.023157
4.5304e-005,0.0230181
4.5308e-005,0.0239656
4.5312e-005,0.0231719
4.5316e-005,0.0231372
4.532e-005,0.0239408
4.5324e-005,0.0233108
4.5328e-005,0.023291
4.5332e-005,0.0233753
4.5336e-005,0.0238912
4.534e-005,0.0229983
4.5344e-005,0.0234398
4.5348e-005,0.0238267
4.5352e-005,0.0235191
4.5356e-005,0.0232562
4.536e-005,0.0233604
4.5364e-005,0.023539
4.5368e-005,0.0240698
4.5372e-005,0.0227403
4.5376e-005,0.0236183
4.538e-005,0.0232215
4.5384e-005,0.0237275
4.5388e-005,0.0236779
4.5392e-005,0.0239904
4.5396e-005,0.0238565
4.54e-005,0.0235241
4.5404e-005,0.0235241
4.5408e-005,0.0234943
4.5412e-005,0.0236977
4.5416e-005,0.0234993
4.542e-005,0.0233356
4.5424e-005,0.023286
4.5428e-005,0.0230826
4.5432e-005,0.023792
4.5436e-005,0.0231868
4.544e-005,0.0233753
4.5444e-005,0.0230429
4.5448e-005,0.023405
4.5452e-005,0.0231421
4.5456e-005,0.0237275
4.546e-005,0.023033
4.5464e-005,0.0231024
4.5468e-005,0.0228098
4.5472e-005,0.0237424
4.5476e-005,0.0232017
4.548e-005,0.0227899
4.5484e-005,0.0237374
4.5488e-005,0.0227949
4.5492e-005,0.023286
4.5496e-005,0.0232215
4.55e-005,0.0232612
4.5504e-005,0.0236035
4.5508e-005,0.0224179
4.5512e-005,0.0230925
4.5516e-005,0.0244865
4.552e-005,0.0243079
4.5524e-005,0.0251958
4.5528e-005,0.0254339
4.5532e-005,0.0247742
4.5536e-005,0.0246898
4.554e-005,0.0214555
4.5544e-005,0.0198433
4.5548e-005,0.0197987
4.5552e-005,0.0190546
4.5556e-005,0.0189008
4.556e-005,0.018876
4.5564e-005,0.00835956
4.5568e-005,0.00130064
4.5572e-005,0.0016578
4.5576e-005,0.000129938
4.558e-005,0.000447416
4.5584e-005,0.000804578
4.5588e-005,0.000467258
4.5592e-005,1.08833e-005
4.5596e-005,-0.000137935
4.56e-005,-0.000167698
4.5604e-005,0.00970388
4.5608e-005,0.0182659
4.5612e-005,0.0200467
4.5616e-005,0.0221004
4.562e-005,0.0252454
4.5624e-005,0.0252504
4.5628e-005,0.0262921
4.5632e-005,0.0275571
4.5636e-005,0.0289063
4.564e-005,0.0289857
4.5644e-005,0.0300423
4.5648e-005,0.0314065
4.5652e-005,0.0316099
4.5656e-005,0.0313172
4.566e-005,0.0319968
4.5664e-005,0.0325474
4.5668e-005,0.0326069
4.5672e-005,0.0332469
4.5676e-005,0.0334701
4.568e-005,0.0331873
4.5684e-005,0.0344473
4.5688e-005,0.0336586
4.5692e-005,0.0335792
4.5696e-005,0.0331526
4.57e-005,0.0337975
4.5704e-005,0.0329939
4.5708e-005,0.0331576
4.5712e-005,0.0343283
4.5716e-005,0.0329145
4.572e-005,0.033604
4.5724e-005,0.0344523
4.5728e-005,0.0341943
4.5732e-005,0.0330881
4.5736e-005,0.0333957
4.574e-005,0.0343928
4.5744e-005,0.033098
4.5748e-005,0.0341249
4.5752e-005,0.0340753
4.5756e-005,0.034368
4.576e-005,0.033351
4.5764e-005,0.0333163
4.5768e-005,0.0333808
4.5772e-005,0.0336239
4.5776e-005,0.0333411
4.578e-005,0.0329095
4.5784e-005,0.0333858
4.5788e-005,0.0335247
4.5792e-005,0.033728
4.5796e-005,0.033738
4.58e-005,0.0332717
4.5804e-005,0.0334403
4.5808e-005,0.0328798
4.5812e-005,0.0329244
4.5816e-005,0.0334502
4.582e-005,0.0330633
4.5824e-005,0.0337826
4.5828e-005,0.0330088
4.5832e-005,0.0333907
4.5836e-005,0.0332121
4.584e-005,0.0329542
4.5844e-005,0.0324432
4.5848e-005,0.0338223
4.5852e-005,0.0332915
4.5856e-005,0.0336784
4.586e-005,0.0330931
4.5864e-005,0.033609
4.5868e-005,0.033604
4.5872e-005,0.032984
4.5876e-005,0.0329443
4.588e-005,0.0339364
4.5884e-005,0.0336387
4.5888e-005,0.0339463
4.5892e-005,0.0337032
4.5896e-005,0.0338273
4.59e-005,0.0341348
4.5904e-005,0.0335743
4.5908e-005,0.0331824
4.5912e-005,0.0337082
4.5916e-005,0.0333014
4.592e-005,0.0331278
4.5924e-005,0.0337925
4.5928e-005,0.0335743
4.5932e-005,0.0337776
4.5936e-005,0.0332022
4.594e-005,0.0337628
4.5944e-005,0.0332022
4.5948e-005,0.0330187
4.5952e-005,0.0337429
4.5956e-005,0.033351
4.596e-005,0.0328302
4.5964e-005,0.0331625
4.5968e-005,0.0334552
4.5972e-005,0.0325623
4.5976e-005,0.0331526
4.598e-005,0.0330931
4.5984e-005,0.0334701
4.5988e-005,0.0333362
4.5992e-005,0.0326317
4.5996e-005,0.0328847
4.6e-005,0.0326615
4.6004e-005,0.0331328
4.6008e-005,0.0332369
4.6012e-005,0.0330534
4.6016e-005,0.0335495
4.602e-005,0.0331377
4.6024e-005,0.0328401
4.6028e-005,0.0327905
4.6032e-005,0.0330484
4.6036e-005,0.0332915
4.604e-005,0.0329591
4.6044e-005,0.0335792
4.6048e-005,0.0330385
4.6052e-005,0.0331228
4.6056e-005,0.0336338
4.606e-005,0.0329691
4.6064e-005,0.0336933
4.6068e-005,0.0334651
4.6072e-005,0.0333014
4.6076e-005,0.032979
4.608e-005,0.0342737
4.6084e-005,0.0335743
4.6088e-005,0.0336636
4.6092e-005,0.0331675
4.6096e-005,0.0331427
4.61e-005,0.0330584
4.6104e-005,0.0335842
4.6108e-005,0.0332419
4.6112e-005,0.0333957
4.6116e-005,0.0332766
4.612e-005,0.0334701
4.6124e-005,0.034239
4.6128e-005,0.0335594
4.6132e-005,0.0329046
4.6136e-005,0.0332865
4.614e-005,0.0335395
4.6144e-005,0.0338124
4.6148e-005,0.0337132
4.6152e-005,0.0340902
4.6156e-005,0.0339562
4.616e-005,0.0332171
4.6164e-005,0.0335296
4.6168e-005,0.0336437
4.6172e-005,0.0335048
4.6176e-005,0.0336387
4.618e-005,0.0334254
4.6184e-005,0.033604
4.6188e-005,0.0339364
4.6192e-005,0.0335147
4.6196e-005,0.0333114
4.62e-005,0.0327458
4.6204e-005,0.0335296
4.6208e-005,0.0335842
4.6212e-005,0.0338124
4.6216e-005,0.0337876
4.622e-005,0.0337727
4.6224e-005,0.0334453
4.6228e-005,0.0329095
4.6232e-005,0.0338421
4.6236e-005,0.0333808
4.624e-005,0.0333262
4.6244e-005,0.0330782
4.6248e-005,0.0330782
4.6252e-005,0.0334205
4.6256e-005,0.032984
4.626e-005,0.033227
4.6264e-005,0.033098
4.6268e-005,0.0334006
4.6272e-005,0.0338372
4.6276e-005,0.0333758
4.628e-005,0.0318678
4.6284e-005,0.0313222
4.6288e-005,0.0317041
4.6292e-005,0.0312725
4.6296e-005,0.0310344
4.63e-005,0.0308509
4.6304e-005,0.030082
4.6308e-005,0.0244368
4.6312e-005,0.0204336
4.6316e-005,0.0201509
4.632e-005,0.0199822
4.6324e-005,0.0190397
4.6328e-005,0.0193026
4.6332e-005,0.00838933
4.6336e-005,0.00189095
4.634e-005,0.00142961
4.6344e-005,-3.37621e-005
4.6348e-005,0.0006508
4.6352e-005,1.08833e-005
4.6356e-005,-0.000232186
4.636e-005,0.000144819
4.6364e-005,0.000159701
4.6368e-005,0.000219228
4.6372e-005,0.00970884
4.6376e-005,0.0195556
4.638e-005,0.0218772
4.6384e-005,0.023916
4.6388e-005,0.0276315
4.6392e-005,0.0298836
4.6396e-005,0.0305632
4.64e-005,0.0323986
4.6404e-005,0.0345267
4.6408e-005,0.035499
4.6412e-005,0.0358859
4.6416e-005,0.0372649
4.642e-005,0.0372649
4.6424e-005,0.0386688
4.6428e-005,0.0392343
4.6432e-005,0.0398246
4.6436e-005,0.0399536
4.644e-005,0.0414914
4.6444e-005,0.0411292
4.6448e-005,0.0413029
4.6452e-005,0.0420222
4.6456e-005,0.0427365
4.646e-005,0.0420817
4.6464e-005,0.0423992
4.6468e-005,0.0424934
4.6472e-005,0.0427166
4.6476e-005,0.04292
4.648e-005,0.0424438
4.6484e-005,0.0433268
4.6488e-005,0.0431184
4.6492e-005,0.0429349
4.6496e-005,0.0433764
4.65e-005,0.0434111
4.6504e-005,0.0432028
4.6508e-005,0.043679
4.6512e-005,0.0430887
4.6516e-005,0.0432524
4.652e-005,0.0437137
4.6524e-005,0.0435302
4.6528e-005,0.0432871
4.6532e-005,0.0434558
4.6536e-005,0.0437484
4.654e-005,0.0429498
4.6544e-005,0.0432177
4.6548e-005,0.0436095
4.6552e-005,0.0429151
4.6556e-005,0.0436691
4.656e-005,0.042796
4.6564e-005,0.0432821
4.6568e-005,0.0431829
4.6572e-005,0.0431383
4.6576e-005,0.0437484
4.658e-005,0.0431978
4.6584e-005,0.0433566
4.6588e-005,0.04355
4.6592e-005,0.0435252
4.6596e-005,0.0439568
4.66e-005,0.0441006
4.6604e-005,0.0435401
4.6608e-005,0.0433318
4.6612e-005,0.0431829
4.6616e-005,0.042925
4.662e-005,0.0433714
4.6624e-005,0.0434657
4.6628e-005,0.0437732
4.6632e-005,0.0435847
4.6636e-005,0.0429845
4.664e-005,0.0437881
4.6644e-005,0.0429101
4.6648e-005,0.0434409
4.6652e-005,0.0430044
4.6656e-005,0.0427613
4.666e-005,0.0433566
4.6664e-005,0.0430093
4.6668e-005,0.043302
4.6672e-005,0.0433367
4.6676e-005,0.0437931
4.668e-005,0.0434607
4.6684e-005,0.0428803
4.6688e-005,0.043426
4.6692e-005,0.0435897
4.6696e-005,0.0434012
4.67e-005,0.0436145
4.6704e-005,0.0434409
4.6708e-005,0.0435401
4.6712e-005,0.0432673
4.6716e-005,0.0436641
4.672e-005,0.0434012
4.6724e-005,0.0433218
4.6728e-005,0.0435401
4.6732e-005,0.0432921
4.6736e-005,0.043674
4.674e-005,0.04355
4.6744e-005,0.0432573
4.6748e-005,0.0434607
4.6752e-005,0.0439221
4.6756e-005,0.0432524
4.676e-005,0.0432276
4.6764e-005,0.0434508
4.6768e-005,0.0434607
4.6772e-005,0.0437187
4.6776e-005,0.0436046
4.678e-005,0.0438377
4.6784e-005,0.0429349
4.6788e-005,0.0434954
4.6792e-005,0.0431829
4.6796e-005,0.043431
4.68e-005,0.0435748
4.6804e-005,0.0430589
4.6808e-005,0.0434706
4.6812e-005,0.0442991
4.6816e-005,0.0430837
4.682e-005,0.0433714
4.6824e-005,0.0427712
4.6828e-005,0.0433268
4.6832e-005,0.0436393
4.6836e-005,0.0437236
4.684e-005,0.0434855
4.6844e-005,0.0430887
4.6848e-005,0.0434062
4.6852e-005,0.0435847
4.6856e-005,0.0440461
4.686e-005,0.0434458
4.6864e-005,0.0430044
4.6868e-005,0.0436294
4.6872e-005,0.0432722
4.6876e-005,0.0437584
4.688e-005,0.0435252
4.6884e-005,0.0437782
4.6888e-005,0.0433962
4.6892e-005,0.0435054
4.6896e-005,0.0431383
4.69e-005,0.0438427
4.6904e-005,0.0433714
4.6908e-005,0.0441701
4.6912e-005,0.0433764
4.6916e-005,0.0434508
4.692e-005,0.0436195
4.6924e-005,0.043684
4.6928e-005,0.0438179
4.6932e-005,0.0443388
4.6936e-005,0.0436492
4.694e-005,0.0444231
4.6944e-005,0.043426
4.6948e-005,0.0435103
4.6952e-005,0.0435847
4.6956e-005,0.0439171
4.696e-005,0.0437683
4.6964e-005,0.0441899
4.6968e-005,0.0436095
4.6972e-005,0.0440858
4.6976e-005,0.0437236
4.698e-005,0.043808
4.6984e-005,0.0435351
4.6988e-005,0.0437881
4.6992e-005,0.0447554
4.6996e-005,0.0438179
4.7e-005,0.0433714
4.7004e-005,0.0438377
4.7008e-005,0.0433764
4.7012e-005,0.0438278
4.7016e-005,0.0439667
4.702e-005,0.0442346
4.7024e-005,0.0440461
4.7028e-005,0.0443784
4.7032e-005,0.0437931
4.7036e-005,0.0441751
4.704e-005,0.04418
4.7044e-005,0.0435203
4.7048e-005,0.0423099
4.7052e-005,0.0393286
4.7056e-005,0.037002
4.706e-005,0.0365258
4.7064e-005,0.0354246
4.7068e-005,0.0349186
4.7072e-005,0.0338124
4.7076e-005,0.0267088
4.708e-005,0.0211132
4.7084e-005,0.0205676
4.7088e-005,0.0193522
4.7092e-005,0.0189554
4.7096e-005,0.0186974
4.71e-005,0.00922767
4.7104e-005,0.00140977
4.7108e-005,0.00123119
4.7112e-005,0.000120016
4.7116e-005,0.000586312
4.712e-005,0.000685524
4.7124e-005,5.92266e-006
4.7128e-005,0.000740091
4.7132e-005,0.00103773
4.7136e-005,-0.000475255
4.714e-005,0.00981798
4.7144e-005,0.0189157
4.7148e-005,0.0236729
4.7152e-005,0.0268378
4.7156e-005,0.0311436
4.716e-005,0.0327657
4.7164e-005,0.0350575
4.7168e-005,0.0372352
4.7172e-005,0.0395121
4.7176e-005,0.040529
4.718e-005,0.0408267
4.7184e-005,0.042801
4.7188e-005,0.0437534
4.7192e-005,0.0445967
4.7196e-005,0.045435
4.72e-005,0.0462238
4.7204e-005,0.0470026
4.7208e-005,0.0473697
4.7212e-005,0.0479352
4.7216e-005,0.0487636
4.722e-005,0.0485999
4.7224e-005,0.0495127
4.7228e-005,0.0496763
4.7232e-005,0.0495623
4.7236e-005,0.049473
4.724e-005,0.0500484
4.7244e-005,0.0500633
4.7248e-005,0.0507875
4.7252e-005,0.0510455
4.7256e-005,0.0504452
4.726e-005,0.0517598
4.7264e-005,0.0513481
4.7268e-005,0.0516209
4.7272e-005,0.0508669
4.7276e-005,0.0515763
4.728e-005,0.0517449
4.7284e-005,0.0515118
4.7288e-005,0.0519235
4.7292e-005,0.0518392
4.7296e-005,0.0518987
4.73e-005,0.0519334
4.7304e-005,0.0522608
4.7308e-005,0.0519681
4.7312e-005,0.0522013
4.7316e-005,0.0521318
4.732e-005,0.0517697
4.7324e-005,0.0519582
4.7328e-005,0.051611
4.7332e-005,0.0520574
4.7336e-005,0.0516953
4.734e-005,0.0514324
4.7344e-005,0.0519235
4.7348e-005,0.0519285
4.7352e-005,0.0514126
4.7356e-005,0.0515415
4.736e-005,0.0520773
4.7364e-005,0.0520971
4.7368e-005,0.0521864
4.7372e-005,0.0527916
4.7376e-005,0.052117
4.738e-005,0.0526775
4.7384e-005,0.0526676
4.7388e-005,0.0520277
4.7392e-005,0.0520822
4.7396e-005,0.052613
4.74e-005,0.0522757
4.7404e-005,0.0526676
4.7408e-005,0.0524642
4.7412e-005,0.0528214
4.7416e-005,0.0528908
4.742e-005,0.0523799
4.7424e-005,0.0523005
4.7428e-005,0.052236
4.7432e-005,0.0522063
4.7436e-005,0.0522063
4.744e-005,0.0523303
4.7444e-005,0.0522162
4.7448e-005,0.0527618
4.7452e-005,0.0521914
4.7456e-005,0.0522955
4.746e-005,0.0527271
4.7464e-005,0.052365
4.7468e-005,0.0522013
4.7472e-005,0.0523104
4.7476e-005,0.0522509
4.748e-005,0.0527569
4.7484e-005,0.0526329
4.7488e-005,0.0528759
4.7492e-005,0.0524592
4.7496e-005,0.0528611
4.75e-005,0.0525535
4.7504e-005,0.052995
4.7508e-005,0.0523253
4.7512e-005,0.0523203
4.7516e-005,0.0526577
4.752e-005,0.0529999
4.7524e-005,0.0527916
4.7528e-005,0.0525535
4.7532e-005,0.0525039
4.7536e-005,0.0522906
4.754e-005,0.0524692
4.7544e-005,0.0525535
4.7548e-005,0.0523898
4.7552e-005,0.0524295
4.7556e-005,0.0520822
4.756e-005,0.0526031
4.7564e-005,0.0523948
4.7568e-005,0.0520822
4.7572e-005,0.0525088
4.7576e-005,0.0518491
4.758e-005,0.0526279
4.7584e-005,0.052494
4.7588e-005,0.0520922
4.7592e-005,0.0524493
4.7596e-005,0.0530545
4.76e-005,0.0527023
4.7604e-005,0.052737
4.7608e-005,0.0524394
4.7612e-005,0.0525188
4.7616e-005,0.0528908
4.762e-005,0.0529553
4.7624e-005,0.0524245
4.7628e-005,0.0524096
4.7632e-005,0.052365
4.7636e-005,0.0527916
4.764e-005,0.0522211
4.7644e-005,0.0521864
4.7648e-005,0.0522211
4.7652e-005,0.0525981
4.7656e-005,0.0523551
4.766e-005,0.0522211
4.7664e-005,0.0523551
4.7668e-005,0.0520922
4.7672e-005,0.052484
4.7676e-005,0.0519582
4.768e-005,0.0519979
4.7684e-005,0.0518789
4.7688e-005,0.052742
4.7692e-005,0.0526825
4.7696e-005,0.0531488
4.77e-005,0.0525287
4.7704e-005,0.0529355
4.7708e-005,0.0521666
4.7712e-005,0.0525634
4.7716e-005,0.0520326
4.772e-005,0.0528263
4.7724e-005,0.0528412
4.7728e-005,0.0527718
4.7732e-005,0.052241
4.7736e-005,0.0520178
4.774e-005,0.0521318
4.7744e-005,0.0528313
4.7748e-005,0.0525833
4.7752e-005,0.0528908
4.7756e-005,0.0524444
4.776e-005,0.052117
4.7764e-005,0.052365
4.7768e-005,0.0525138
4.7772e-005,0.052871
4.7776e-005,0.0521517
4.778e-005,0.0522906
4.7784e-005,0.0527271
4.7788e-005,0.0521914
4.7792e-005,0.0525039
4.7796e-005,0.0523352
4.78e-005,0.0522211
4.7804e-005,0.0527023
4.7808e-005,0.0524444
4.7812e-005,0.0522261
4.7816e-005,0.0512141
4.782e-005,0.045698
4.7824e-005,0.0412979
4.7828e-005,0.0387878
4.7832e-005,0.037136
4.7836e-005,0.0365754
4.784e-005,0.0357272
4.7844e-005,0.026555
4.7848e-005,0.0212869
4.7852e-005,0.0194911
4.7856e-005,0.0198334
4.786e-005,0.0192183
4.7864e-005,0.0187421
4.7868e-005,0.00954514
4.7872e-005,0.00186615
4.7876e-005,0.00133536
4.788e-005,0.000834342
4.7884e-005,0.000199386
4.7888e-005,0.000893869
4.7892e-005,0.000576391
4.7896e-005,0.00164292
4.79e-005,0.000784736
4.7904e-005,-0.000202422
4.7908e-005,0.00961459
4.7912e-005,0.0190794
4.7916e-005,0.0198632
4.792e-005,0.019635
4.7924e-005,0.02152
4.7928e-005,0.0219317
4.7932e-005,0.0214903
4.7936e-005,0.0223832
4.794e-005,0.0230677
4.7944e-005,0.0221351
4.7948e-005,0.0231719
4.7952e-005,0.0238416
4.7956e-005,0.0233406
4.796e-005,0.0233852
4.7964e-005,0.0239358
4.7968e-005,0.0229983
4.7972e-005,0.0238664
4.7976e-005,0.0236928
4.798e-005,0.0238267
4.7984e-005,0.0235787
4.7988e-005,0.0228991
4.7992e-005,0.023792
4.7996e-005,0.0233554
4.8e-005,0.0231074
4.8004e-005,0.0232215
4.8008e-005,0.0230132
4.8012e-005,0.0235886
4.8016e-005,0.0234993
4.802e-005,0.0237324
4.8024e-005,0.0231273
4.8028e-005,0.0233604
4.8032e-005,0.023539
4.8036e-005,0.0233257
4.804e-005,0.0234497
4.8044e-005,0.0239259
4.8048e-005,0.0230776
4.8052e-005,0.0234943
4.8056e-005,0.0228098
4.806e-005,0.0238069
4.8064e-005,0.023291
4.8068e-005,0.0231521
4.8072e-005,0.0232761
4.8076e-005,0.0235291
4.808e-005,0.0233455
4.8084e-005,0.0232959
4.8088e-005,0.0239656
4.8092e-005,0.0233108
4.8096e-005,0.023792
4.81e-005,0.0232959
4.8104e-005,0.023028
4.8108e-005,0.0236928
4.8112e-005,0.022904
4.8116e-005,0.0232513
4.812e-005,0.0235043
4.8124e-005,0.023033
4.8128e-005,0.0228296
4.8132e-005,0.0234894
4.8136e-005,0.0227899
4.814e-005,0.0231074
4.8144e-005,0.0230826
4.8148e-005,0.0231917
4.8152e-005,0.0233356
4.8156e-005,0.0237969
4.816e-005,0.0228991
4.8164e-005,0.0232463
4.8168e-005,0.0233009
4.8172e-005,0.0227403
4.8176e-005,0.0226362
4.818e-005,0.0231917
4.8184e-005,0.0230628
4.8188e-005,0.022775
4.8192e-005,0.0229636
4.8196e-005,0.0235539
4.82e-005,0.0231173
4.8204e-005,0.0229636
4.8208e-005,0.0231967
4.8212e-005,0.0232761
4.8216e-005,0.0229685
4.822e-005,0.0230032
4.8224e-005,0.0231967
4.8228e-005,0.0233356
4.8232e-005,0.0232612
4.8236e-005,0.0234497
4.824e-005,0.0223336
4.8244e-005,0.0229636
4.8248e-005,0.023281
4.8252e-005,0.0228594
4.8256e-005,0.023286
4.826e-005,0.0234943
4.8264e-005,0.0227552
4.8268e-005,0.0229586
4.8272e-005,0.022909
4.8276e-005,0.0229884
4.828e-005,0.0227899
4.8284e-005,0.023028
4.8288e-005,0.0224923
4.8292e-005,0.0223683
4.8296e-005,0.0227502
4.83e-005,0.0223038
4.8304e-005,0.0228197
4.8308e-005,0.022532
4.8312e-005,0.0230132
4.8316e-005,0.0231471
4.832e-005,0.022532
4.8324e-005,0.0227999
4.8328e-005,0.0228842
4.8332e-005,0.0229983
4.8336e-005,0.0229636
4.834e-005,0.0224923
4.8344e-005,0.02278
4.8348e-005,0.0225766
4.8352e-005,0.0228842
4.8356e-005,0.0225816
4.836e-005,0.0230876
4.8364e-005,0.0232364
4.8368e-005,0.0231818
4.8372e-005,0.023281
4.8376e-005,0.0228891
4.838e-005,0.0229139
4.8384e-005,0.0232761
4.8388e-005,0.0231868
4.8392e-005,0.0235489
4.8396e-005,0.0228643
4.84e-005,0.0231322
4.8404e-005,0.0232463
4.8408e-005,0.022909
4.8412e-005,0.0232265
4.8416e-005,0.0232761
4.842e-005,0.0232116
4.8424e-005,0.023033
4.8428e-005,0.0231322
4.8432e-005,0.0229834
4.8436e-005,0.0231917
4.844e-005,0.0227602
4.8444e-005,0.0227254
4.8448e-005,0.0230528
4.8452e-005,0.0229784
4.8456e-005,0.0232761
4.846e-005,0.0231669
4.8464e-005,0.0232562
4.8468e-005,0.0233505
4.8472e-005,0.0229189
4.8476e-005,0.0228693
4.848e-005,0.0235439
4.8484e-005,0.0232413
4.8488e-005,0.0228296
4.8492e-005,0.0227205
4.8496e-005,0.0222691
4.85e-005,0.0230181
4.8504e-005,0.0228842
4.8508e-005,0.0230132
4.8512e-005,0.0225766
4.8516e-005,0.0224476
4.852e-005,0.0223484
4.8524e-005,0.022532
4.8528e-005,0.0220508
4.8532e-005,0.0228842
4.8536e-005,0.0227304
4.854e-005,0.0226411
4.8544e-005,0.022661
4.8548e-005,0.0231669
4.8552e-005,0.0222294
4.8556e-005,0.0227056
4.856e-005,0.023663
4.8564e-005,0.0227602
4.8568e-005,0.023038
4.8572e-005,0.0233505
4.8576e-005,0.0232413
4.858e-005,0.0225121
4.8584e-005,0.0225121
4.8588e-005,0.023663
4.8592e-005,0.0241392
4.8596e-005,0.0241888
4.86e-005,0.0249627
4.8604e-005,0.0248734
4.8608e-005,0.0242235
4.8612e-005,0.0208851
4.8616e-005,0.0198185
4.862e-005,0.0192133
4.8624e-005,0.0201707
4.8628e-005,0.0190844
4.8632e-005,0.0184643
4.8636e-005,0.00796768
4.864e-005,0.00117662
4.8644e-005,0.00122623
4.8648e-005,0.000278755
4.8652e-005,0.000437494
4.8656e-005,0.000442455
4.866e-005,0.00103277
4.8664e-005,0.000526785
4.8668e-005,0.000427573
4.8672e-005,-0.000356201
4.8676e-005,0.00909373
4.868e-005,0.0186379
4.8684e-005,0.0198483
4.8688e-005,0.0217284
4.8692e-005,0.0238366
4.8696e-005,0.0255778
4.87e-005,0.0265749
4.8704e-005,0.0281722
4.8708e-005,0.0283855
4.8712e-005,0.0285293
4.8716e-005,0.0292486
4.872e-005,0.0298985
4.8724e-005,0.0311287
4.8728e-005,0.0311783
4.8732e-005,0.0313321
4.8736e-005,0.0321158
4.874e-005,0.031466
4.8744e-005,0.0328897
4.8748e-005,0.0324432
4.8752e-005,0.0329591
4.8756e-005,0.0330088
4.876e-005,0.0323589
4.8764e-005,0.0330236
4.8768e-005,0.0328302
4.8772e-005,0.0329939
4.8776e-005,0.0328897
4.878e-005,0.0326962
4.8784e-005,0.0327111
4.8788e-005,0.0332518
4.8792e-005,0.032344
4.8796e-005,0.0326069
4.88e-005,0.0327012
4.8804e-005,0.0327756
4.8808e-005,0.0331179
4.8812e-005,0.0333014
4.8816e-005,0.0334354
4.882e-005,0.0334751
4.8824e-005,0.0330832
4.8828e-005,0.0339116
4.8832e-005,0.0326317
4.8836e-005,0.033356
4.884e-005,0.0329145
4.8844e-005,0.0336784
4.8848e-005,0.0332072
4.8852e-005,0.033356
4.8856e-005,0.0327409
4.886e-005,0.0333213
4.8864e-005,0.0330286
4.8868e-005,0.0336834
4.8872e-005,0.0328996
4.8876e-005,0.0331179
4.888e-005,0.0328302
4.8884e-005,0.0332568
4.8888e-005,0.0334056
4.8892e-005,0.0335247
4.8896e-005,0.0327954
4.89e-005,0.0325821
4.8904e-005,0.0332568
4.8908e-005,0.0327706
4.8912e-005,0.0325821
4.8916e-005,0.0329145
4.892e-005,0.0332221
4.8924e-005,0.0328451
4.8928e-005,0.0330584
4.8932e-005,0.0333411
4.8936e-005,0.0335346
4.894e-005,0.0334552
4.8944e-005,0.0329889
4.8948e-005,0.0327706
4.8952e-005,0.0328748
4.8956e-005,0.0328699
4.896e-005,0.0328054
4.8964e-005,0.0330534
4.8968e-005,0.0332469
4.8972e-005,0.0331973
4.8976e-005,0.0329492
4.898e-005,0.0329343
4.8984e-005,0.0336338
4.8988e-005,0.033108
4.8992e-005,0.0330385
4.8996e-005,0.0335445
4.9e-005,0.032597
4.9004e-005,0.0324333
4.9008e-005,0.0336189
4.9012e-005,0.0328302
4.9016e-005,0.0329443
4.902e-005,0.0329691
4.9024e-005,0.0327905
4.9028e-005,0.0335991
4.9032e-005,0.0338273
4.9036e-005,0.0331675
4.904e-005,0.0334254
4.9044e-005,0.0339364
4.9048e-005,0.0332419
4.9052e-005,0.0331824
4.9056e-005,0.0330732
4.906e-005,0.0333461
4.9064e-005,0.0339513
4.9068e-005,0.0330484
4.9072e-005,0.0330236
4.9076e-005,0.032478
4.908e-005,0.0331129
4.9084e-005,0.0333064
4.9088e-005,0.0329591
4.9092e-005,0.0338868
4.9096e-005,0.0331179
4.91e-005,0.0331377
4.9104e-005,0.0333312
4.9108e-005,0.0333312
4.9112e-005,0.0335197
4.9116e-005,0.0331625
4.912e-005,0.0332667
4.9124e-005,0.033103
4.9128e-005,0.0331328
4.9132e-005,0.0333213
4.9136e-005,0.0326516
4.914e-005,0.0333312
4.9144e-005,0.0328252
4.9148e-005,0.033108
4.9152e-005,0.0322299
4.9156e-005,0.0332171
4.916e-005,0.0332766
4.9164e-005,0.032979
4.9168e-005,0.0328451
4.9172e-005,0.0331923
4.9176e-005,0.0328451
4.918e-005,0.0327607
4.9184e-005,0.0326962
4.9188e-005,0.0332022
4.9192e-005,0.0333114
4.9196e-005,0.0333709
4.92e-005,0.032478
4.9204e-005,0.0330236
4.9208e-005,0.0325623
4.9212e-005,0.0328798
4.9216e-005,0.0325921
4.922e-005,0.0329988
4.9224e-005,0.0330732
4.9228e-005,0.0321903
4.9232e-005,0.0327111
4.9236e-005,0.0328897
4.924e-005,0.0334403
4.9244e-005,0.032855
4.9248e-005,0.0326962
4.9252e-005,0.0328103
4.9256e-005,0.032721
4.926e-005,0.0331278
4.9264e-005,0.0325425
4.9268e-005,0.033227
4.9272e-005,0.033227
4.9276e-005,0.0338769
4.928e-005,0.0326466
4.9284e-005,0.0335098
4.9288e-005,0.0324581
4.9292e-005,0.0333014
4.9296e-005,0.0328798
4.93e-005,0.0331824
4.9304e-005,0.0329939
4.9308e-005,0.0334999
4.9312e-005,0.0332369
4.9316e-005,0.0333858
4.932e-005,0.0333461
4.9324e-005,0.0329988
4.9328e-005,0.0323391
4.9332e-005,0.0335098
4.9336e-005,0.0335197
4.934e-005,0.0337429
4.9344e-005,0.0329641
4.9348e-005,0.0325425
4.9352e-005,0.0325474
4.9356e-005,0.0319224
4.936e-005,0.0303995
4.9364e-005,0.0298489
4.9368e-005,0.0296703
4.9372e-005,0.0304193
4.9376e-005,0.029834
4.938e-005,0.0240499
4.9384e-005,0.020017
4.9388e-005,0.0202501
4.9392e-005,0.0190546
4.9396e-005,0.0190447
4.94e-005,0.0187272
4.9404e-005,0.0084687
4.9408e-005,0.00118654
4.9412e-005,0.00123119
4.9416e-005,0.000239071
4.942e-005,0.000814499
4.9424e-005,0.000754972
4.9428e-005,0.000561509
4.9432e-005,0.000695445
4.9436e-005,0.000100174
4.944e-005,-0.000271871
4.9444e-005,0.00964436
4.9448e-005,0.019387
4.9452e-005,0.0220756
4.9456e-005,0.0249478
4.946e-005,0.0278001
4.9464e-005,0.0299878
4.9468e-005,0.0310444
4.9472e-005,0.0324333
4.9476e-005,0.0343134
4.948e-005,0.0350426
4.9484e-005,0.0362728
4.9488e-005,0.0373195
4.9492e-005,0.038133
4.9496e-005,0.0390904
4.95e-005,0.0396708
4.9504e-005,0.0403604
4.9508e-005,0.0406679
4.9512e-005,0.0411144
4.9516e-005,0.0419725
4.952e-005,0.0414666
4.9524e-005,0.041536
4.9528e-005,0.0419378
4.9532e-005,0.0429746
4.9536e-005,0.0422355
4.954e-005,0.0424587
4.9544e-005,0.0435649
4.9548e-005,0.0426869
4.9552e-005,0.0434062
4.9556e-005,0.0435153
4.956e-005,0.0440907
4.9564e-005,0.0432077
4.9568e-005,0.0439221
4.9572e-005,0.0436889
4.9576e-005,0.0432772
4.958e-005,0.0436591
4.9584e-005,0.0436443
4.9588e-005,0.0428903
4.9592e-005,0.043798
4.9596e-005,0.0440064
4.96e-005,0.043426
4.9604e-005,0.0434756
4.9608e-005,0.04355
4.9612e-005,0.0433367
4.9616e-005,0.0430044
4.962e-005,0.0436542
4.9624e-005,0.0437088
4.9628e-005,0.0434111
4.9632e-005,0.0432623
4.9636e-005,0.0432177
4.964e-005,0.0438179
4.9644e-005,0.0438228
4.9648e-005,0.0433318
4.9652e-005,0.0434161
4.9656e-005,0.0434607
4.966e-005,0.043173
4.9664e-005,0.0436145
4.9668e-005,0.0435103
4.9672e-005,0.0437336
4.9676e-005,0.0435947
4.968e-005,0.0436988
4.9684e-005,0.0436294
4.9688e-005,0.0439221
4.9692e-005,0.0437137
4.9696e-005,0.0439617
4.97e-005,0.043421
4.9704e-005,0.0433119
4.9708e-005,0.0438129
4.9712e-005,0.0441106
4.9716e-005,0.0435153
4.972e-005,0.0437484
4.9724e-005,0.0437584
4.9728e-005,0.0438873
4.9732e-005,0.0439816
4.9736e-005,0.0436492
4.974e-005,0.0435004
4.9744e-005,0.0433615
4.9748e-005,0.0437336
4.9752e-005,0.0440808
4.9756e-005,0.0442792
4.976e-005,0.0435947
4.9764e-005,0.044061
4.9768e-005,0.0433665
4.9772e-005,0.0442891
4.9776e-005,0.0432474
4.978e-005,0.0436591
4.9784e-005,0.0436443
4.9788e-005,0.0437584
4.9792e-005,0.0441949
4.9796e-005,0.0434558
4.98e-005,0.0441354
4.9804e-005,0.0435798
4.9808e-005,0.0443139
4.9812e-005,0.0437732
4.9816e-005,0.0443437
4.982e-005,0.0442693
4.9824e-005,0.0432375
4.9828e-005,0.0441354
4.9832e-005,0.0436046
4.9836e-005,0.0435451
4.984e-005,0.044061
4.9844e-005,0.0441651
4.9848e-005,0.0438377
4.9852e-005,0.0437782
4.9856e-005,0.0441949
4.986e-005,0.0442098
4.9864e-005,0.044185
4.9868e-005,0.044056
4.9872e-005,0.0443685
4.9876e-005,0.0440362
4.988e-005,0.0442197
4.9884e-005,0.0439617
4.9888e-005,0.0434905
4.9892e-005,0.0438179
4.9896e-005,0.0432524
4.99e-005,0.0439766
4.9904e-005,0.0442197
4.9908e-005,0.0436046
4.9912e-005,0.0442197
4.9916e-005,0.0436393
4.992e-005,0.0442792
4.9924e-005,0.043684
4.9928e-005,0.0440014
4.9932e-005,0.04355
4.9936e-005,0.0438427
4.994e-005,0.0440411
4.9944e-005,0.0439717
4.9948e-005,0.0443189
4.9952e-005,0.0439816
4.9956e-005,0.0441651
4.996e-005,0.0437782
4.9964e-005,0.0439072
4.9968e-005,0.0438725
4.9972e-005,0.0437286
4.9976e-005,0.0442197
4.998e-005,0.0438129
4.9984e-005,0.04355
4.9988e-005,0.044056
4.9992e-005,0.0438725
4.9996e-005,0.0436591
5e-005,0.0438973
5.0004e-005,0.0436889
5.0008e-005,0.0434508
5.0012e-005,0.0436195
5.0016e-005,0.0440262
5.002e-005,0.0433417
5.0024e-005,0.0438477
5.0028e-005,0.0438377
5.0032e-005,0.043426
5.0036e-005,0.043808
5.004e-005,0.0441106
5.0044e-005,0.0436046
5.0048e-005,0.043297
5.0052e-005,0.0434409
5.0056e-005,0.0438477
5.006e-005,0.0433318
5.0064e-005,0.0440213
5.0068e-005,0.0433367
5.0072e-005,0.043431
5.0076e-005,0.0441502
5.008e-005,0.0436641
5.0084e-005,0.0435847
5.0088e-005,0.0435798
5.0092e-005,0.0433218
5.0096e-005,0.0439766
5.01e-005,0.0436542
5.0104e-005,0.0439965
5.0108e-005,0.0437931
5.0112e-005,0.0436641
5.0116e-005,0.0435748
5.012e-005,0.0422751
5.0124e-005,0.0393682
5.0128e-005,0.037513
5.0132e-005,0.0358859
5.0136e-005,0.034869
5.014e-005,0.0343084
5.0144e-005,0.0337479
5.0148e-005,0.0259895
5.0152e-005,0.0204386
5.0156e-005,0.0203245
5.016e-005,0.0194515
5.0164e-005,0.0193572
5.0168e-005,0.0187867
5.0172e-005,0.00909373
5.0176e-005,0.00233244
5.018e-005,0.000859145
5.0184e-005,0.00081946
5.0188e-005,0.000328361
5.0192e-005,0.000611115
5.0196e-005,0.000730169
5.02e-005,0.000799618
5.0204e-005,0.000139859
5.0208e-005,-2.38409e-005
5.0212e-005,0.0102049
5.0216e-005,0.0193522
5.022e-005,0.0228842
5.0224e-005,0.0266592
5.0228e-005,0.0314164
5.0232e-005,0.0341249
5.0236e-005,0.0349533
5.024e-005,0.0372699
5.0244e-005,0.0389515
5.0248e-005,0.0405588
5.0252e-005,0.0419428
5.0256e-005,0.0427216
5.026e-005,0.0441056
5.0264e-005,0.044438
5.0268e-005,0.0451821
5.0272e-005,0.0464768
5.0276e-005,0.0461593
5.028e-005,0.0477467
5.0284e-005,0.0478955
5.0288e-005,0.0486247
5.0292e-005,0.0485404
5.0296e-005,0.0492745
5.03e-005,0.0488628
5.0304e-005,0.0493241
5.0308e-005,0.0501079
5.0312e-005,0.050093
5.0316e-005,0.0499194
5.032e-005,0.0505593
5.0324e-005,0.0504304
5.0328e-005,0.050604
5.0332e-005,0.0501327
5.0336e-005,0.0505593
5.034e-005,0.0509909
5.0344e-005,0.0511496
5.0348e-005,0.0511298
5.0352e-005,0.0514175
5.0356e-005,0.052241
5.036e-005,0.0508421
5.0364e-005,0.0514374
5.0368e-005,0.0517796
5.0372e-005,0.0520326
5.0376e-005,0.0506437
5.038e-005,0.0514076
5.0384e-005,0.051353
5.0388e-005,0.0514622
5.0392e-005,0.0515862
5.0396e-005,0.0514126
5.04e-005,0.0518044
5.0404e-005,0.0520128
5.0408e-005,0.0517152
5.0412e-005,0.0519235
5.0416e-005,0.0519285
5.042e-005,0.0520475
5.0424e-005,0.051735
5.0428e-005,0.0521914
5.0432e-005,0.0522013
5.0436e-005,0.0513381
5.044e-005,0.052613
5.0444e-005,0.0525981
5.0448e-005,0.0525932
5.0452e-005,0.0524146
5.0456e-005,0.0518392
5.046e-005,0.0518689
5.0464e-005,0.0519781
5.0468e-005,0.0517201
5.0472e-005,0.0522906
5.0476e-005,0.052489
5.048e-005,0.0519285
5.0484e-005,0.0516854
5.0488e-005,0.0520178
5.0492e-005,0.0515812
5.0496e-005,0.0524146
5.05e-005,0.0519582
5.0504e-005,0.0523799
5.0508e-005,0.0520426
5.0512e-005,0.0522559
5.0516e-005,0.0529603
5.052e-005,0.0525733
5.0524e-005,0.052365
5.0528e-005,0.05237
5.0532e-005,0.0527172
5.0536e-005,0.0526477
5.054e-005,0.0527569
5.0544e-005,0.0519483
5.0548e-005,0.0525882
5.0552e-005,0.052241
5.0556e-005,0.0525039
5.056e-005,0.0519582
5.0564e-005,0.0525386
5.0568e-005,0.05236
5.0572e-005,0.0523898
5.0576e-005,0.0521666
5.058e-005,0.0529454
5.0584e-005,0.0526676
5.0588e-005,0.0527618
5.0592e-005,0.0523948
5.0596e-005,0.0526874
5.06e-005,0.0526874
5.0604e-005,0.0521219
5.0608e-005,0.0525981
5.0612e-005,0.0520822
5.0616e-005,0.052866
5.062e-005,0.0525088
5.0624e-005,0.0523451
5.0628e-005,0.0524295
5.0632e-005,0.0524989
5.0636e-005,0.0523501
5.064e-005,0.0525237
5.0644e-005,0.0519136
5.0648e-005,0.0525088
5.0652e-005,0.0520128
5.0656e-005,0.0519632
5.066e-005,0.0526775
5.0664e-005,0.0524592
5.0668e-005,0.052618
5.0672e-005,0.0526279
5.0676e-005,0.0520128
5.068e-005,0.0523253
5.0684e-005,0.0519979
5.0688e-005,0.0523352
5.0692e-005,0.0522211
5.0696e-005,0.052112
5.07e-005,0.0525088
5.0704e-005,0.0521318
5.0708e-005,0.0517499
5.0712e-005,0.0520624
5.0716e-005,0.0522757
5.072e-005,0.0520426
5.0724e-005,0.0526924
5.0728e-005,0.0519929
5.0732e-005,0.0520525
5.0736e-005,0.0519781
5.074e-005,0.0527222
5.0744e-005,0.0523402
5.0748e-005,0.0514175
5.0752e-005,0.0517896
5.0756e-005,0.0525833
5.076e-005,0.0526527
5.0764e-005,0.052489
5.0768e-005,0.0521318
5.0772e-005,0.0518541
5.0776e-005,0.0529206
5.078e-005,0.0525188
5.0784e-005,0.0522658
5.0788e-005,0.0523203
5.0792e-005,0.0521814
5.0796e-005,0.0525138
5.08e-005,0.052489
5.0804e-005,0.0530148
5.0808e-005,0.0516854
5.0812e-005,0.0526378
5.0816e-005,0.0526428
5.082e-005,0.0516705
5.0824e-005,0.0522658
5.0828e-005,0.0526081
5.0832e-005,0.0523799
5.0836e-005,0.0525436
5.084e-005,0.0521715
5.0844e-005,0.0530694
5.0848e-005,0.0526477
5.0852e-005,0.0520872
5.0856e-005,0.0517003
5.086e-005,0.0524444
5.0864e-005,0.0521517
5.0868e-005,0.0524146
5.0872e-005,0.0522509
5.0876e-005,0.0524196
5.088e-005,0.0528759
5.0884e-005,0.0518144
5.0888e-005,0.0505395
5.0892e-005,0.04544
5.0896e-005,0.0410201
5.09e-005,0.0387382
5.0904e-005,0.0375378
5.0908e-005,0.0365407
5.0912e-005,0.035618
5.0916e-005,0.0272644
5.092e-005,0.0209694
5.0924e-005,0.020513
5.0928e-005,0.0195655
5.0932e-005,0.0191389
5.0936e-005,0.0186925
5.094e-005,0.00861751
5.0944e-005,0.00199016
5.0948e-005,0.00152883
5.0952e-005,0.000338282
5.0956e-005,0.000278755
5.096e-005,0.00122127
5.0964e-005,0.000764894
5.0968e-005,0.000536706
5.0972e-005,0.000333322
5.0976e-005,-0.000242107
5.098e-005,0.0096642
5.0984e-005,0.0184196
5.0988e-005,0.0193175
5.0992e-005,0.0194564
5.0996e-005,0.0215994
5.1e-005,0.021024
5.1004e-005,0.0211331
5.1008e-005,0.0219764
5.1012e-005,0.0220458
5.1016e-005,0.0217631
5.102e-005,0.0226113
5.1024e-005,0.0229685
5.1028e-005,0.0233058
5.1032e-005,0.0225865
5.1036e-005,0.0237076
5.104e-005,0.0232413
5.1044e-005,0.0234447
5.1048e-005,0.0234596
5.1052e-005,0.0240995
5.1056e-005,0.0228941
5.106e-005,0.0235787
5.1064e-005,0.0234447
5.1068e-005,0.0236729
5.1072e-005,0.0236481
5.1076e-005,0.0235687
5.108e-005,0.0235687
5.1084e-005,0.0234646
5.1088e-005,0.023534
5.1092e-005,0.0240053
5.1096e-005,0.0235737
5.11e-005,0.0239904
5.1104e-005,0.0235935
5.1108e-005,0.0235291
5.1112e-005,0.0235191
5.1116e-005,0.02341
5.112e-005,0.0238069
5.1124e-005,0.0232314
5.1128e-005,0.0229933
5.1132e-005,0.0241888
5.1136e-005,0.0235638
5.114e-005,0.0234894
5.1144e-005,0.0232661
5.1148e-005,0.0234745
5.1152e-005,0.0238465
5.1156e-005,0.0235638
5.116e-005,0.023415
5.1164e-005,0.0243079
5.1168e-005,0.0235935
5.1172e-005,0.0242483
5.1176e-005,0.0236233
5.118e-005,0.0234894
5.1184e-005,0.0235935
5.1188e-005,0.0229338
5.1192e-005,0.0229884
5.1196e-005,0.0225518
5.12e-005,0.0233703
5.1204e-005,0.0229735
5.1208e-005,0.0234298
5.1212e-005,0.0225915
5.1216e-005,0.0244517
5.122e-005,0.0236729
5.1224e-005,0.0229685
5.1228e-005,0.0227106
5.1232e-005,0.0239011
5.1236e-005,0.0234199
5.124e-005,0.0234695
5.1244e-005,0.0232017
5.1248e-005,0.0228693
5.1252e-005,0.0232364
5.1256e-005,0.0230032
5.126e-005,0.0231024
