LECROYWR104MXi,20621,Waveform
Segments,1,SegmentSize,2501
Segment,TrigTime,TimeSinceSegment1
#1,21-May-2015 13:59:34,0                 
Time,Ampl
4.126e-005,0.0569585
4.1264e-005,0.0567105
4.1268e-005,0.0573008
4.1272e-005,0.0570428
4.1276e-005,0.0572264
4.128e-005,0.0573057
4.1284e-005,0.0576331
4.1288e-005,0.0579953
4.1292e-005,0.0578564
4.1296e-005,0.0576232
4.13e-005,0.0576976
4.1304e-005,0.0581391
4.1308e-005,0.0577224
4.1312e-005,0.0583623
4.1316e-005,0.0581193
4.132e-005,0.0579457
4.1324e-005,0.0582631
4.1328e-005,0.0586302
4.1332e-005,0.0578713
4.1336e-005,0.058402
4.134e-005,0.0582383
4.1344e-005,0.0581738
4.1348e-005,0.0585558
4.1352e-005,0.0584318
4.1356e-005,0.0584814
4.136e-005,0.0590072
4.1364e-005,0.0589378
4.1368e-005,0.058789
4.1372e-005,0.0590618
4.1376e-005,0.0586997
4.138e-005,0.0582483
4.1384e-005,0.0585806
4.1388e-005,0.0583524
4.1392e-005,0.0584417
4.1396e-005,0.0588088
4.14e-005,0.0589179
4.1404e-005,0.0585757
4.1408e-005,0.0586203
4.1412e-005,0.0588435
4.1416e-005,0.0581937
4.142e-005,0.0584417
4.1424e-005,0.0585657
4.1428e-005,0.0584169
4.1432e-005,0.0583872
4.1436e-005,0.0592255
4.144e-005,0.0586203
4.1444e-005,0.0587146
4.1448e-005,0.0586699
4.1452e-005,0.0583673
4.1456e-005,0.0587592
4.146e-005,0.0592751
4.1464e-005,0.0584963
4.1468e-005,0.0585905
4.1472e-005,0.0585459
4.1476e-005,0.0587443
4.148e-005,0.0588187
4.1484e-005,0.0589626
4.1488e-005,0.0586897
4.1492e-005,0.0587294
4.1496e-005,0.0589179
4.15e-005,0.0590717
4.1504e-005,0.05866
4.1508e-005,0.059285
4.1512e-005,0.0586054
4.1516e-005,0.059156
4.152e-005,0.0587195
4.1524e-005,0.058536
4.1528e-005,0.0590023
4.1532e-005,0.0590519
4.1536e-005,0.0585856
4.154e-005,0.0587195
4.1544e-005,0.0589775
4.1548e-005,0.0587741
4.1552e-005,0.0586302
4.1556e-005,0.0586649
4.156e-005,0.0585905
4.1564e-005,0.0584368
4.1568e-005,0.0584963
4.1572e-005,0.0588931
4.1576e-005,0.0587493
4.158e-005,0.0588435
4.1584e-005,0.058655
4.1588e-005,0.0590568
4.1592e-005,0.0595479
4.1596e-005,0.0585558
4.16e-005,0.0587493
4.1604e-005,0.058526
4.1608e-005,0.0585806
4.1612e-005,0.0583872
4.1616e-005,0.058789
4.162e-005,0.0584268
4.1624e-005,0.058531
4.1628e-005,0.0590221
4.1632e-005,0.058784
4.1636e-005,0.0589527
4.164e-005,0.0590816
4.1644e-005,0.0581639
4.1648e-005,0.058908
4.1652e-005,0.0586749
4.1656e-005,0.0584864
4.166e-005,0.0585558
4.1664e-005,0.0586501
4.1668e-005,0.0583127
4.1672e-005,0.0588534
4.1676e-005,0.0586451
4.168e-005,0.0587939
4.1684e-005,0.058784
4.1688e-005,0.0589725
4.1692e-005,0.0583127
4.1696e-005,0.0588435
4.17e-005,0.0589031
4.1704e-005,0.0583772
4.1708e-005,0.0585806
4.1712e-005,0.0586947
4.1716e-005,0.058789
4.172e-005,0.0588038
4.1724e-005,0.0589675
4.1728e-005,0.0588683
4.1732e-005,0.0588634
4.1736e-005,0.0586798
4.174e-005,0.0585161
4.1744e-005,0.0583921
4.1748e-005,0.0587443
4.1752e-005,0.0589725
4.1756e-005,0.0588534
4.176e-005,0.058526
4.1764e-005,0.0587344
4.1768e-005,0.058913
4.1772e-005,0.0583475
4.1776e-005,0.0585012
4.178e-005,0.0586302
4.1784e-005,0.0587691
4.1788e-005,0.058784
4.1792e-005,0.058784
4.1796e-005,0.0580945
4.18e-005,0.0568146
4.1804e-005,0.0494978
4.1808e-005,0.043044
4.1812e-005,0.0397651
4.1816e-005,0.0381678
4.182e-005,0.0368532
4.1824e-005,0.0350575
4.1828e-005,0.0246204
4.1832e-005,0.0212918
4.1836e-005,0.0194763
4.184e-005,0.019258
4.1844e-005,0.0188611
4.1848e-005,0.0185982
4.1852e-005,0.00845381
4.1856e-005,0.00152883
4.186e-005,0.00152386
4.1864e-005,0.000680563
4.1868e-005,0.000794657
4.1872e-005,0.000764894
4.1876e-005,0.000745051
4.188e-005,0.00107741
4.1884e-005,-0.000524861
4.1888e-005,0.000363085
4.1892e-005,0.0105273
4.1896e-005,0.0195606
4.19e-005,0.0211976
4.1904e-005,0.0242831
4.1908e-005,0.027433
4.1912e-005,0.0300374
4.1916e-005,0.0308807
4.192e-005,0.0322746
4.1924e-005,0.0343084
4.1928e-005,0.0354196
4.1932e-005,0.0365655
4.1936e-005,0.0383265
4.194e-005,0.0384803
4.1944e-005,0.0379594
4.1948e-005,0.0399734
4.1952e-005,0.0403207
4.1956e-005,0.0402066
4.196e-005,0.0411888
4.1964e-005,0.0414814
4.1968e-005,0.0411441
4.1972e-005,0.0418882
4.1976e-005,0.0419974
4.198e-005,0.0414418
4.1984e-005,0.0418882
4.1988e-005,0.0426621
4.1992e-005,0.0420817
4.1996e-005,0.042295
4.2e-005,0.0429746
4.2004e-005,0.0426224
4.2008e-005,0.0426621
4.2012e-005,0.0428407
4.2016e-005,0.0415906
4.202e-005,0.0425232
4.2024e-005,0.042677
4.2028e-005,0.0427414
4.2032e-005,0.0422107
4.2036e-005,0.0424785
4.204e-005,0.0412483
4.2044e-005,0.0420569
4.2048e-005,0.0422007
4.2052e-005,0.0421759
4.2056e-005,0.0421164
4.206e-005,0.0424686
4.2064e-005,0.0422355
4.2068e-005,0.0428853
4.2072e-005,0.0425629
4.2076e-005,0.0416402
4.208e-005,0.0423148
4.2084e-005,0.0426571
4.2088e-005,0.0418684
4.2092e-005,0.0422801
4.2096e-005,0.0427315
4.21e-005,0.04167
4.2104e-005,0.0424736
4.2108e-005,0.0422404
4.2112e-005,0.0418485
4.2116e-005,0.0413822
4.212e-005,0.0425777
4.2124e-005,0.0415162
4.2128e-005,0.0421511
4.2132e-005,0.0421561
4.2136e-005,0.0419527
4.214e-005,0.0417592
4.2144e-005,0.0422206
4.2148e-005,0.0413277
4.2152e-005,0.0422553
4.2156e-005,0.0421759
4.216e-005,0.0414963
4.2164e-005,0.0417791
4.2168e-005,0.0422355
4.2172e-005,0.0418287
4.2176e-005,0.0417096
4.218e-005,0.0418634
4.2184e-005,0.0421809
4.2188e-005,0.0423942
4.2192e-005,0.0420519
4.2196e-005,0.0418783
4.22e-005,0.042171
4.2204e-005,0.0422751
4.2208e-005,0.041541
4.2212e-005,0.0415459
4.2216e-005,0.0413922
4.222e-005,0.0415261
4.2224e-005,0.0420668
4.2228e-005,0.042037
4.2232e-005,0.0419279
4.2236e-005,0.0416402
4.224e-005,0.0422355
4.2244e-005,0.0416997
4.2248e-005,0.0418386
4.2252e-005,0.0428456
4.2256e-005,0.0419874
4.226e-005,0.0417543
4.2264e-005,0.0420718
4.2268e-005,0.0417989
4.2272e-005,0.0419477
4.2276e-005,0.0421263
4.228e-005,0.0417543
4.2284e-005,0.041789
4.2288e-005,0.0427762
4.2292e-005,0.0415509
4.2296e-005,0.0417692
4.23e-005,0.0421759
4.2304e-005,0.0415559
4.2308e-005,0.0421511
4.2312e-005,0.0425827
4.2316e-005,0.041784
4.232e-005,0.042166
4.2324e-005,0.0427018
4.2328e-005,0.0420817
4.2332e-005,0.04229
4.2336e-005,0.0420271
4.234e-005,0.0416948
4.2344e-005,0.0418882
4.2348e-005,0.0415906
4.2352e-005,0.0412285
4.2356e-005,0.0422156
4.236e-005,0.0415509
4.2364e-005,0.0421958
4.2368e-005,0.0419329
4.2372e-005,0.0418634
4.2376e-005,0.0419924
4.238e-005,0.0419527
4.2384e-005,0.0421809
4.2388e-005,0.0418237
4.2392e-005,0.042037
4.2396e-005,0.0424587
4.24e-005,0.0416799
4.2404e-005,0.0421561
4.2408e-005,0.0418386
4.2412e-005,0.0410102
4.2416e-005,0.0417543
4.242e-005,0.0421412
4.2424e-005,0.0419974
4.2428e-005,0.0417096
4.2432e-005,0.0417394
4.2436e-005,0.0414814
4.244e-005,0.0422057
4.2444e-005,0.0425678
4.2448e-005,0.0415658
4.2452e-005,0.0420618
4.2456e-005,0.0424736
4.246e-005,0.0422107
4.2464e-005,0.0421462
4.2468e-005,0.0420073
4.2472e-005,0.0410598
4.2476e-005,0.0420569
4.248e-005,0.0427166
4.2484e-005,0.0415509
4.2488e-005,0.0417394
4.2492e-005,0.0421759
4.2496e-005,0.0414566
4.25e-005,0.0422851
4.2504e-005,0.0419527
4.2508e-005,0.0427216
4.2512e-005,0.0424438
4.2516e-005,0.0423347
4.252e-005,0.04166
4.2524e-005,0.0419626
4.2528e-005,0.0421611
4.2532e-005,0.0413078
4.2536e-005,0.0420321
4.254e-005,0.0421114
4.2544e-005,0.0415807
4.2548e-005,0.042037
4.2552e-005,0.0422355
4.2556e-005,0.0416948
4.256e-005,0.0422007
4.2564e-005,0.0420271
4.2568e-005,0.0410102
4.2572e-005,0.0385597
4.2576e-005,0.0371509
4.258e-005,0.0358859
4.2584e-005,0.0355783
4.2588e-005,0.0352807
4.2592e-005,0.0344176
4.2596e-005,0.0251909
4.26e-005,0.0197789
4.2604e-005,0.0199674
4.2608e-005,0.0192381
4.2612e-005,0.0187371
4.2616e-005,0.0188264
4.262e-005,0.00752618
4.2624e-005,0.000918672
4.2628e-005,0.000258913
4.2632e-005,0.000690485
4.2636e-005,0.000516864
4.264e-005,0.000913711
4.2644e-005,0.000521824
4.2648e-005,0.000467258
4.2652e-005,0.000492061
4.2656e-005,-9.32892e-005
4.266e-005,0.0102793
4.2664e-005,0.0195407
4.2668e-005,0.0229586
4.2672e-005,0.0266245
4.2676e-005,0.0300622
4.268e-005,0.0323837
4.2684e-005,0.0344225
4.2688e-005,0.0359802
4.2692e-005,0.0387878
4.2696e-005,0.0395964
4.27e-005,0.0405985
4.2704e-005,0.0422801
4.2708e-005,0.0426621
4.2712e-005,0.0433764
4.2716e-005,0.0450828
4.272e-005,0.0454946
4.2724e-005,0.0457476
4.2728e-005,0.0471266
4.2732e-005,0.0466603
4.2736e-005,0.0472754
4.274e-005,0.0476772
4.2744e-005,0.0485007
4.2748e-005,0.0481634
4.2752e-005,0.0482229
4.2756e-005,0.048967
4.276e-005,0.0490067
4.2764e-005,0.0485652
4.2768e-005,0.0490612
4.2772e-005,0.0492696
4.2776e-005,0.0498152
4.278e-005,0.050093
4.2784e-005,0.0493787
4.2788e-005,0.0503311
4.2792e-005,0.0501377
4.2796e-005,0.0498103
4.28e-005,0.0503163
4.2804e-005,0.0504056
4.2808e-005,0.04984
4.2812e-005,0.0506635
4.2816e-005,0.050093
4.282e-005,0.0502716
4.2824e-005,0.0507875
4.2828e-005,0.0515465
4.2832e-005,0.050733
4.2836e-005,0.0508322
4.284e-005,0.0514473
4.2844e-005,0.050733
4.2848e-005,0.0511546
4.2852e-005,0.0511546
4.2856e-005,0.050852
4.286e-005,0.0511348
4.2864e-005,0.0508967
4.2868e-005,0.0505197
4.2872e-005,0.0512141
4.2876e-005,0.0508669
4.288e-005,0.0507528
4.2884e-005,0.0515465
4.2888e-005,0.0511844
4.2892e-005,0.0511794
4.2896e-005,0.051606
4.29e-005,0.0512637
4.2904e-005,0.0503758
4.2908e-005,0.0518044
4.2912e-005,0.05111
4.2916e-005,0.051363
4.292e-005,0.0509661
4.2924e-005,0.0519235
4.2928e-005,0.0504304
4.2932e-005,0.0508471
4.2936e-005,0.0514969
4.294e-005,0.0509264
4.2944e-005,0.0512885
4.2948e-005,0.0511893
4.2952e-005,0.0508967
4.2956e-005,0.0513431
4.296e-005,0.0511496
4.2964e-005,0.0510554
4.2968e-005,0.0504899
4.2972e-005,0.0502468
4.2976e-005,0.0506387
4.298e-005,0.0511744
4.2984e-005,0.0510951
4.2988e-005,0.0506585
4.2992e-005,0.0510504
4.2996e-005,0.0514126
4.3e-005,0.0514026
4.3004e-005,0.0511744
4.3008e-005,0.0512141
4.3012e-005,0.0503361
4.3016e-005,0.0514969
4.302e-005,0.050976
4.3024e-005,0.0509512
4.3028e-005,0.0510504
4.3032e-005,0.0511199
4.3036e-005,0.0506089
4.304e-005,0.0513778
4.3044e-005,0.0509314
4.3048e-005,0.0507181
4.3052e-005,0.0509859
4.3056e-005,0.0517003
4.306e-005,0.0515465
4.3064e-005,0.0512588
4.3068e-005,0.0513084
4.3072e-005,0.0511447
4.3076e-005,0.0517697
4.308e-005,0.0514522
4.3084e-005,0.0515018
4.3088e-005,0.0509215
4.3092e-005,0.0513332
4.3096e-005,0.051358
4.31e-005,0.05173
4.3104e-005,0.051477
4.3108e-005,0.0514126
4.3112e-005,0.0508867
4.3116e-005,0.0509711
4.312e-005,0.0508421
4.3124e-005,0.0514473
4.3128e-005,0.0517251
4.3132e-005,0.0512935
4.3136e-005,0.0507429
4.314e-005,0.0514969
4.3144e-005,0.0511149
4.3148e-005,0.0513679
4.3152e-005,0.0509859
4.3156e-005,0.0511893
4.316e-005,0.0513778
4.3164e-005,0.0515465
4.3168e-005,0.0514671
4.3172e-005,0.0510306
4.3176e-005,0.05173
4.318e-005,0.0516606
4.3184e-005,0.051105
4.3188e-005,0.0511645
4.3192e-005,0.0511447
4.3196e-005,0.0512092
4.32e-005,0.0513927
4.3204e-005,0.0510157
4.3208e-005,0.0509016
4.3212e-005,0.0517945
4.3216e-005,0.0514026
4.322e-005,0.0515068
4.3224e-005,0.0510752
4.3228e-005,0.0505792
4.3232e-005,0.05111
4.3236e-005,0.0516755
4.324e-005,0.0507379
4.3244e-005,0.0513332
4.3248e-005,0.0506635
4.3252e-005,0.0510604
4.3256e-005,0.0515763
4.326e-005,0.0511744
4.3264e-005,0.051487
4.3268e-005,0.0505246
4.3272e-005,0.0513034
4.3276e-005,0.050981
4.328e-005,0.0504502
4.3284e-005,0.051482
4.3288e-005,0.0512191
4.3292e-005,0.0514522
4.3296e-005,0.0505891
4.33e-005,0.0508074
4.3304e-005,0.0515018
4.3308e-005,0.0518342
4.3312e-005,0.0511
4.3316e-005,0.0514522
4.332e-005,0.0516507
4.3324e-005,0.0509413
4.3328e-005,0.05174
4.3332e-005,0.0507925
4.3336e-005,0.0492398
4.334e-005,0.0437286
4.3344e-005,0.0401619
4.3348e-005,0.0377164
4.3352e-005,0.0370913
4.3356e-005,0.0358264
4.336e-005,0.0348144
4.3364e-005,0.0254587
4.3368e-005,0.0206618
4.3372e-005,0.0191935
4.3376e-005,0.0186528
4.338e-005,0.0184296
4.3384e-005,0.0180228
4.3388e-005,0.00843397
4.3392e-005,0.00139985
4.3396e-005,0.000913711
4.34e-005,0.000308519
4.3404e-005,0.000333322
4.3408e-005,0.000561509
4.3412e-005,0.000477179
4.3416e-005,0.000888908
4.342e-005,0.000174583
4.3424e-005,-5.36045e-005
4.3428e-005,0.0103438
4.3432e-005,0.0198731
4.3436e-005,0.0233009
4.344e-005,0.0276414
4.3444e-005,0.0324135
4.3448e-005,0.0349434
4.3452e-005,0.0368135
4.3456e-005,0.0389664
4.346e-005,0.0411243
4.3464e-005,0.0427712
4.3468e-005,0.0432821
4.3472e-005,0.0447604
4.3476e-005,0.0457228
4.348e-005,0.0462982
4.3484e-005,0.0477467
4.3488e-005,0.0487686
4.3492e-005,0.0487735
4.3496e-005,0.0504254
4.35e-005,0.0501575
4.3504e-005,0.0502518
4.3508e-005,0.0515316
4.3512e-005,0.0519582
4.3516e-005,0.0513977
4.352e-005,0.0525436
4.3524e-005,0.0523303
4.3528e-005,0.0524245
4.3532e-005,0.053491
4.3536e-005,0.053625
4.354e-005,0.0535158
4.3544e-005,0.053744
4.3548e-005,0.0539821
4.3552e-005,0.0540665
4.3556e-005,0.0538829
4.356e-005,0.0543046
4.3564e-005,0.0545824
4.3568e-005,0.0549247
4.3572e-005,0.0557928
4.3576e-005,0.054131
4.358e-005,0.0546617
4.3584e-005,0.0554951
4.3588e-005,0.0551479
4.3592e-005,0.0558275
4.3596e-005,0.0554207
4.36e-005,0.0559515
4.3604e-005,0.0560458
4.3608e-005,0.0559961
4.3612e-005,0.0555894
4.3616e-005,0.0558225
4.362e-005,0.0558523
4.3624e-005,0.0553314
4.3628e-005,0.056016
4.3632e-005,0.0560507
4.3636e-005,0.055391
4.364e-005,0.0557035
4.3644e-005,0.0563186
4.3648e-005,0.0559515
4.3652e-005,0.0566162
4.3656e-005,0.0562839
4.366e-005,0.0561797
4.3664e-005,0.0563186
4.3668e-005,0.0566906
4.3672e-005,0.0562839
4.3676e-005,0.0562491
4.368e-005,0.0562739
4.3684e-005,0.0562938
4.3688e-005,0.0566559
4.3692e-005,0.0563235
4.3696e-005,0.0561648
4.37e-005,0.0560061
4.3704e-005,0.0568494
4.3708e-005,0.0561053
4.3712e-005,0.0556142
4.3716e-005,0.0568643
4.372e-005,0.0571768
4.3724e-005,0.0561251
4.3728e-005,0.0561995
4.3732e-005,0.0561053
4.3736e-005,0.0563087
4.374e-005,0.0560507
4.3744e-005,0.0559366
4.3748e-005,0.0567551
4.3752e-005,0.0555199
4.3756e-005,0.0561698
4.376e-005,0.0558076
4.3764e-005,0.056894
4.3768e-005,0.0562987
4.3772e-005,0.0562739
4.3776e-005,0.0565468
4.378e-005,0.056522
4.3784e-005,0.0565418
4.3788e-005,0.0566807
4.3792e-005,0.0564575
4.3796e-005,0.0562987
4.38e-005,0.0560755
4.3804e-005,0.0560805
4.3808e-005,0.0564079
4.3812e-005,0.0560805
4.3816e-005,0.0565369
4.382e-005,0.0564575
4.3824e-005,0.0564128
4.3828e-005,0.0559416
4.3832e-005,0.0564277
4.3836e-005,0.0560904
4.384e-005,0.0566509
4.3844e-005,0.0572363
4.3848e-005,0.0565468
4.3852e-005,0.0561053
4.3856e-005,0.0565468
4.386e-005,0.0568791
4.3864e-005,0.0560854
4.3868e-005,0.0557779
4.3872e-005,0.0567799
4.3876e-005,0.056641
4.388e-005,0.0562839
4.3884e-005,0.0563682
4.3888e-005,0.0563483
4.3892e-005,0.0559217
4.3896e-005,0.0564327
4.39e-005,0.0566807
4.3904e-005,0.0567799
4.3908e-005,0.056016
4.3912e-005,0.0563781
4.3916e-005,0.055892
4.392e-005,0.0564922
4.3924e-005,0.056145
4.3928e-005,0.0567502
4.3932e-005,0.0563335
4.3936e-005,0.0558275
4.394e-005,0.0569238
4.3944e-005,0.0565716
4.3948e-005,0.0563235
4.3952e-005,0.0567799
4.3956e-005,0.0565269
4.396e-005,0.0566906
4.3964e-005,0.0566509
4.3968e-005,0.0560706
4.3972e-005,0.056398
4.3976e-005,0.056016
4.398e-005,0.0569436
4.3984e-005,0.0566063
4.3988e-005,0.0566708
4.3992e-005,0.0568394
4.3996e-005,0.0566063
4.4e-005,0.0572859
4.4004e-005,0.0568146
4.4008e-005,0.0561598
4.4012e-005,0.0566013
4.4016e-005,0.0560755
4.402e-005,0.0561003
4.4024e-005,0.0566162
4.4028e-005,0.0564029
4.4032e-005,0.0568146
4.4036e-005,0.0562243
4.404e-005,0.0563632
4.4044e-005,0.0569932
4.4048e-005,0.0567055
4.4052e-005,0.057023
4.4056e-005,0.0566956
4.406e-005,0.0559118
4.4064e-005,0.0569337
4.4068e-005,0.0564525
4.4072e-005,0.0565815
4.4076e-005,0.0567898
4.408e-005,0.0565071
4.4084e-005,0.0557779
4.4088e-005,0.0568146
4.4092e-005,0.0565319
4.4096e-005,0.0569337
4.41e-005,0.0564674
4.4104e-005,0.054632
4.4108e-005,0.0470274
4.4112e-005,0.0420519
4.4116e-005,0.038639
4.412e-005,0.0371558
4.4124e-005,0.0369921
4.4128e-005,0.0343729
4.4132e-005,0.0251958
4.4136e-005,0.0205477
4.414e-005,0.019888
4.4144e-005,0.0194564
4.4148e-005,0.0186826
4.4152e-005,0.0183155
4.4156e-005,0.00840421
4.416e-005,0.00195048
4.4164e-005,0.000834342
4.4168e-005,0.000179543
4.4172e-005,0.000720248
4.4176e-005,0.000824421
4.418e-005,3.56862e-005
4.4184e-005,0.000834342
4.4188e-005,-0.000187541
4.4192e-005,-7.34468e-005
4.4196e-005,0.00938641
4.42e-005,0.0204733
4.4204e-005,0.0250817
4.4208e-005,0.0302804
4.4212e-005,0.0338124
4.4216e-005,0.0372798
4.422e-005,0.0393236
4.4224e-005,0.0405786
4.4228e-005,0.0426125
4.4232e-005,0.0441304
4.4236e-005,0.0450878
4.424e-005,0.0476673
4.4244e-005,0.0473101
4.4248e-005,0.0478459
4.4252e-005,0.0493738
4.4256e-005,0.050475
4.426e-005,0.050103
4.4264e-005,0.0513084
4.4268e-005,0.0523997
4.4272e-005,0.0518541
4.4276e-005,0.0528214
4.428e-005,0.0537391
4.4284e-005,0.0529999
4.4288e-005,0.0540615
4.4292e-005,0.0546965
4.4296e-005,0.0551727
4.43e-005,0.0545229
4.4304e-005,0.0552769
4.4308e-005,0.0549941
4.4312e-005,0.0556687
4.4316e-005,0.0561648
4.432e-005,0.0557531
4.4324e-005,0.056269
4.4328e-005,0.0567898
4.4332e-005,0.056388
4.4336e-005,0.0569436
4.434e-005,0.0567402
4.4344e-005,0.0570379
4.4348e-005,0.0572363
4.4352e-005,0.0578762
4.4356e-005,0.0576728
4.436e-005,0.057028
4.4364e-005,0.0573653
4.4368e-005,0.057271
4.4372e-005,0.0580647
4.4376e-005,0.0576976
4.438e-005,0.0578316
4.4384e-005,0.0582135
4.4388e-005,0.0577125
4.4392e-005,0.0580449
4.4396e-005,0.0580647
4.44e-005,0.058149
4.4404e-005,0.0577869
4.4408e-005,0.0585112
4.4412e-005,0.0585012
4.4416e-005,0.0584715
4.442e-005,0.0584764
4.4424e-005,0.0584219
4.4428e-005,0.0578564
4.4432e-005,0.0580945
4.4436e-005,0.0583375
4.444e-005,0.0581937
4.4444e-005,0.058159
4.4448e-005,0.0585707
4.4452e-005,0.0586005
4.4456e-005,0.0577125
4.446e-005,0.0587691
4.4464e-005,0.0581391
4.4468e-005,0.0584318
4.4472e-005,0.0583127
4.4476e-005,0.0585112
4.448e-005,0.0583872
4.4484e-005,0.058526
4.4488e-005,0.0583673
4.4492e-005,0.0589626
4.4496e-005,0.0585757
4.45e-005,0.0584219
4.4504e-005,0.0586401
4.4508e-005,0.0588931
4.4512e-005,0.0584764
4.4516e-005,0.0580647
4.452e-005,0.0587989
4.4524e-005,0.0583326
4.4528e-005,0.0586649
4.4532e-005,0.0587344
4.4536e-005,0.0586897
4.454e-005,0.058789
4.4544e-005,0.0586352
4.4548e-005,0.0587592
4.4552e-005,0.0585062
4.4556e-005,0.058913
4.456e-005,0.0582284
4.4564e-005,0.0588138
4.4568e-005,0.0588882
4.4572e-005,0.0581441
4.4576e-005,0.0586054
4.458e-005,0.0588733
4.4584e-005,0.0588435
4.4588e-005,0.0583971
4.4592e-005,0.0587493
4.4596e-005,0.0583425
4.46e-005,0.0585409
4.4604e-005,0.058784
4.4608e-005,0.0587642
4.4612e-005,0.0589179
4.4616e-005,0.0586947
4.462e-005,0.0585806
4.4624e-005,0.0584764
4.4628e-005,0.0586153
4.4632e-005,0.058789
4.4636e-005,0.058789
4.464e-005,0.0585905
4.4644e-005,0.0584516
4.4648e-005,0.0590072
4.4652e-005,0.0590171
4.4656e-005,0.0589378
4.466e-005,0.0583475
4.4664e-005,0.0587394
4.4668e-005,0.0582483
4.4672e-005,0.0583623
4.4676e-005,0.0591908
4.468e-005,0.0589527
4.4684e-005,0.0589031
4.4688e-005,0.0590965
4.4692e-005,0.0583375
4.4696e-005,0.0589328
4.47e-005,0.0587939
4.4704e-005,0.0589576
4.4708e-005,0.0588683
4.4712e-005,0.0589675
4.4716e-005,0.0584814
4.472e-005,0.0586749
4.4724e-005,0.058784
4.4728e-005,0.0588286
4.4732e-005,0.0586749
4.4736e-005,0.0588981
4.474e-005,0.0584665
4.4744e-005,0.0590122
4.4748e-005,0.059166
4.4752e-005,0.0589675
4.4756e-005,0.0587592
4.476e-005,0.0592404
4.4764e-005,0.0579953
4.4768e-005,0.0589229
4.4772e-005,0.0587642
4.4776e-005,0.0589675
4.478e-005,0.0589477
4.4784e-005,0.058789
4.4788e-005,0.0585955
4.4792e-005,0.0592106
4.4796e-005,0.0586501
4.48e-005,0.0586104
4.4804e-005,0.0587046
4.4808e-005,0.0588584
4.4812e-005,0.0586104
4.4816e-005,0.0587939
4.482e-005,0.0585211
4.4824e-005,0.0590072
4.4828e-005,0.0587443
4.4832e-005,0.0589179
4.4836e-005,0.0586104
4.484e-005,0.0588931
4.4844e-005,0.0589378
4.4848e-005,0.0588981
4.4852e-005,0.0588485
4.4856e-005,0.0590519
4.486e-005,0.0589477
4.4864e-005,0.0587046
4.4868e-005,0.0583921
4.4872e-005,0.0568047
4.4876e-005,0.0490761
4.488e-005,0.0440064
4.4884e-005,0.0394823
4.4888e-005,0.0388176
4.4892e-005,0.0371509
4.4896e-005,0.0355238
4.49e-005,0.0253248
4.4904e-005,0.0207114
4.4908e-005,0.0198384
4.4912e-005,0.0195804
4.4916e-005,0.0193423
4.492e-005,0.0191538
4.4924e-005,0.00921279
4.4928e-005,0.00159827
4.4932e-005,0.00115182
4.4936e-005,0.000209307
4.494e-005,0.000338282
4.4944e-005,0.000462297
4.4948e-005,0.000288677
4.4952e-005,0.00107741
4.4956e-005,0.000253952
4.496e-005,-0.000331398
4.4964e-005,0.0107803
4.4968e-005,0.0194068
4.4972e-005,0.0220657
4.4976e-005,0.0240995
4.498e-005,0.0268626
4.4984e-005,0.0299183
4.4988e-005,0.0306922
4.4992e-005,0.0326615
4.4996e-005,0.0335792
4.5e-005,0.0351319
4.5004e-005,0.0361438
4.5008e-005,0.0374981
4.5012e-005,0.0378949
4.5016e-005,0.0386539
4.502e-005,0.0391103
4.5024e-005,0.0396411
4.5028e-005,0.0389218
4.5032e-005,0.0410697
4.5036e-005,0.0410201
4.504e-005,0.0407274
4.5044e-005,0.0412037
4.5048e-005,0.0421114
4.5052e-005,0.0412929
4.5056e-005,0.0411838
4.506e-005,0.0413971
4.5064e-005,0.0413922
4.5068e-005,0.0416104
4.5072e-005,0.0424984
4.5076e-005,0.0415112
4.508e-005,0.041665
4.5084e-005,0.0420073
4.5088e-005,0.041918
4.5092e-005,0.0423148
4.5096e-005,0.0426968
4.51e-005,0.041665
4.5104e-005,0.041412
4.5108e-005,0.0422355
4.5112e-005,0.0426968
4.5116e-005,0.0421015
4.512e-005,0.0424587
4.5124e-005,0.0420172
4.5128e-005,0.0421164
4.5132e-005,0.0419974
4.5136e-005,0.0420916
4.514e-005,0.0421412
4.5144e-005,0.0425133
4.5148e-005,0.0424785
4.5152e-005,0.0426273
4.5156e-005,0.0425381
4.516e-005,0.0420618
4.5164e-005,0.042166
4.5168e-005,0.0421511
4.5172e-005,0.0419676
4.5176e-005,0.0418585
4.518e-005,0.0420966
4.5184e-005,0.0417642
4.5188e-005,0.0420073
4.5192e-005,0.0424934
4.5196e-005,0.0417692
4.52e-005,0.0420916
4.5204e-005,0.0419229
4.5208e-005,0.0419031
4.5212e-005,0.0416154
4.5216e-005,0.0422206
4.522e-005,0.0419081
4.5224e-005,0.0420817
4.5228e-005,0.0423297
4.5232e-005,0.0416402
4.5236e-005,0.0422206
4.524e-005,0.0423595
4.5244e-005,0.04103
4.5248e-005,0.041913
4.5252e-005,0.0414368
4.5256e-005,0.0421313
4.526e-005,0.0422156
4.5264e-005,0.0422999
4.5268e-005,0.0416749
4.5272e-005,0.0421214
4.5276e-005,0.0419924
4.528e-005,0.0417096
4.5284e-005,0.0415658
4.5288e-005,0.0419974
4.5292e-005,0.0415509
4.5296e-005,0.0421462
4.53e-005,0.0417394
4.5304e-005,0.041283
4.5308e-005,0.0414418
4.5312e-005,0.0416203
4.5316e-005,0.0419031
4.532e-005,0.042047
4.5324e-005,0.0417096
4.5328e-005,0.0415559
4.5332e-005,0.0422503
4.5336e-005,0.0421809
4.534e-005,0.0413525
4.5344e-005,0.0419229
4.5348e-005,0.0420569
4.5352e-005,0.041794
4.5356e-005,0.0421759
4.536e-005,0.0422652
4.5364e-005,0.0415955
4.5368e-005,0.0420916
4.5372e-005,0.0418237
4.5376e-005,0.0417096
4.538e-005,0.0416352
4.5384e-005,0.0421214
4.5388e-005,0.0421908
4.5392e-005,0.0419378
4.5396e-005,0.0422751
4.54e-005,0.0416948
4.5404e-005,0.0421809
4.5408e-005,0.0415856
4.5412e-005,0.0414021
4.5416e-005,0.04166
4.542e-005,0.0421065
4.5424e-005,0.0417642
4.5428e-005,0.0414021
4.5432e-005,0.0425629
4.5436e-005,0.0413376
4.544e-005,0.0419874
4.5444e-005,0.0419626
4.5448e-005,0.0408267
4.5452e-005,0.0419924
4.5456e-005,0.0417791
4.546e-005,0.0413277
4.5464e-005,0.0421511
4.5468e-005,0.0415509
4.5472e-005,0.0412136
4.5476e-005,0.0418833
4.548e-005,0.0419031
4.5484e-005,0.0416501
4.5488e-005,0.0423297
4.5492e-005,0.0422553
4.5496e-005,0.0417096
4.55e-005,0.0419626
4.5504e-005,0.0419974
4.5508e-005,0.0414517
4.5512e-005,0.0419527
4.5516e-005,0.0422652
4.552e-005,0.0414914
4.5524e-005,0.04229
4.5528e-005,0.0426224
4.5532e-005,0.0419279
4.5536e-005,0.0420668
4.554e-005,0.0424289
4.5544e-005,0.0413326
4.5548e-005,0.0420172
4.5552e-005,0.0423793
4.5556e-005,0.0419279
4.556e-005,0.0421809
4.5564e-005,0.0418237
4.5568e-005,0.0413078
4.5572e-005,0.0422305
4.5576e-005,0.0422999
4.558e-005,0.0413376
4.5584e-005,0.0422156
4.5588e-005,0.0421908
4.5592e-005,0.0417096
4.5596e-005,0.0418386
4.56e-005,0.0426273
4.5604e-005,0.0415559
4.5608e-005,0.0426422
4.5612e-005,0.0419775
4.5616e-005,0.0421561
4.562e-005,0.0424984
4.5624e-005,0.042047
4.5628e-005,0.042037
4.5632e-005,0.0427563
4.5636e-005,0.0418833
4.564e-005,0.0406084
4.5644e-005,0.0383761
4.5648e-005,0.0364564
4.5652e-005,0.0351716
4.5656e-005,0.0354047
4.566e-005,0.0345614
4.5664e-005,0.0337429
4.5668e-005,0.0250073
4.5672e-005,0.0202303
4.5676e-005,0.019635
4.568e-005,0.0189355
4.5684e-005,0.0190744
4.5688e-005,0.0188413
4.5692e-005,0.00839429
4.5696e-005,0.00187111
4.57e-005,0.000596233
4.5704e-005,0.000100174
4.5708e-005,0.000124977
4.5712e-005,0.00107245
4.5716e-005,0.000288677
4.572e-005,0.000472218
4.5724e-005,3.07256e-005
4.5728e-005,-0.000529821
4.5732e-005,0.0101999
4.5736e-005,0.0199326
4.574e-005,0.0226758
4.5744e-005,0.0259052
4.5748e-005,0.0293776
4.5752e-005,0.032478
4.5756e-005,0.0349533
4.576e-005,0.0368879
4.5764e-005,0.0382571
4.5768e-005,0.0399337
4.5772e-005,0.040147
4.5776e-005,0.041918
4.578e-005,0.0431482
4.5784e-005,0.0426075
4.5788e-005,0.0445917
4.5792e-005,0.0451473
4.5796e-005,0.0453011
4.58e-005,0.0463974
4.5804e-005,0.0469728
4.5808e-005,0.0473548
4.5812e-005,0.0476078
4.5816e-005,0.0483717
4.582e-005,0.0481088
4.5824e-005,0.0489124
4.5828e-005,0.0481386
4.5832e-005,0.0489323
4.5836e-005,0.0491902
4.584e-005,0.0492051
4.5844e-005,0.0487487
4.5848e-005,0.0493291
4.5852e-005,0.0498996
4.5856e-005,0.0497706
4.586e-005,0.0493241
4.5864e-005,0.0504155
4.5868e-005,0.0488876
4.5872e-005,0.050093
4.5876e-005,0.0501873
4.588e-005,0.049726
4.5884e-005,0.050222
4.5888e-005,0.0501625
4.5892e-005,0.0492101
4.5896e-005,0.0504899
4.59e-005,0.0500087
4.5904e-005,0.0505395
4.5908e-005,0.0509115
4.5912e-005,0.0506784
4.5916e-005,0.0503857
4.592e-005,0.0502716
4.5924e-005,0.0506189
4.5928e-005,0.0506288
4.5932e-005,0.0506784
4.5936e-005,0.0511794
4.594e-005,0.0504849
4.5944e-005,0.0512439
4.5948e-005,0.0508917
4.5952e-005,0.0510306
4.5956e-005,0.050852
4.596e-005,0.0510455
4.5964e-005,0.0506337
4.5968e-005,0.0509859
4.5972e-005,0.0508421
4.5976e-005,0.050981
4.598e-005,0.0505643
4.5984e-005,0.0517548
4.5988e-005,0.050604
4.5992e-005,0.0512191
4.5996e-005,0.0504254
4.6e-005,0.0508768
4.6004e-005,0.0508123
4.6008e-005,0.05048
4.6012e-005,0.050723
4.6016e-005,0.0505593
4.602e-005,0.0506139
4.6024e-005,0.0505097
4.6028e-005,0.0510405
4.6032e-005,0.0509165
4.6036e-005,0.0512687
4.604e-005,0.0509711
4.6044e-005,0.0510356
4.6048e-005,0.050599
4.6052e-005,0.0508818
4.6056e-005,0.0511844
4.606e-005,0.0500186
4.6064e-005,0.0507429
4.6068e-005,0.0508024
4.6072e-005,0.0510604
4.6076e-005,0.0514572
4.608e-005,0.050723
4.6084e-005,0.050728
4.6088e-005,0.0506933
4.6092e-005,0.0508967
4.6096e-005,0.0507627
4.61e-005,0.0510653
4.6104e-005,0.0510653
4.6108e-005,0.0512637
4.6112e-005,0.0517152
4.6116e-005,0.0512737
4.612e-005,0.0503411
4.6124e-005,0.0511348
4.6128e-005,0.0513431
4.6132e-005,0.0506437
4.6136e-005,0.05111
4.614e-005,0.0515763
4.6144e-005,0.0505097
4.6148e-005,0.0508619
4.6152e-005,0.0509611
4.6156e-005,0.0508669
4.616e-005,0.0510604
4.6164e-005,0.0513332
4.6168e-005,0.0503907
4.6172e-005,0.0509959
4.6176e-005,0.0513381
4.618e-005,0.0504899
4.6184e-005,0.0514225
4.6188e-005,0.0515862
4.6192e-005,0.0508768
4.6196e-005,0.0513481
4.62e-005,0.0510207
4.6204e-005,0.0509562
4.6208e-005,0.0515316
4.6212e-005,0.0512538
4.6216e-005,0.0506238
4.622e-005,0.0509562
4.6224e-005,0.0512141
4.6228e-005,0.0507677
4.6232e-005,0.0511596
4.6236e-005,0.0520078
4.624e-005,0.0508669
4.6244e-005,0.0511348
4.6248e-005,0.0515217
4.6252e-005,0.0509611
4.6256e-005,0.0515614
4.626e-005,0.0512786
4.6264e-005,0.0509711
4.6268e-005,0.051358
4.6272e-005,0.0511596
4.6276e-005,0.0502567
4.628e-005,0.0514225
4.6284e-005,0.0508222
4.6288e-005,0.0506585
4.6292e-005,0.0510455
4.6296e-005,0.0513431
4.63e-005,0.0507032
4.6304e-005,0.0515167
4.6308e-005,0.0513778
4.6312e-005,0.0512935
4.6316e-005,0.0506982
4.632e-005,0.0518292
4.6324e-005,0.0507379
4.6328e-005,0.0509264
4.6332e-005,0.051234
4.6336e-005,0.051477
4.634e-005,0.0517945
4.6344e-005,0.0505445
4.6348e-005,0.0508619
4.6352e-005,0.0506784
4.6356e-005,0.0510653
4.636e-005,0.0506536
4.6364e-005,0.0513034
4.6368e-005,0.0506288
4.6372e-005,0.0518243
4.6376e-005,0.0510356
4.638e-005,0.0513332
4.6384e-005,0.0502468
4.6388e-005,0.0508222
4.6392e-005,0.05111
4.6396e-005,0.0505494
4.64e-005,0.0511546
4.6404e-005,0.0501625
4.6408e-005,0.0486892
4.6412e-005,0.0443784
4.6416e-005,0.0403107
4.642e-005,0.0380487
4.6424e-005,0.0371806
4.6428e-005,0.0364961
4.6432e-005,0.0353849
4.6436e-005,0.0258853
4.644e-005,0.0204188
4.6444e-005,0.0192183
4.6448e-005,0.0188959
4.6452e-005,0.0188611
4.6456e-005,0.0185585
4.646e-005,0.00838933
4.6464e-005,0.00118158
4.6468e-005,0.00110221
4.6472e-005,0.000184504
4.6476e-005,0.000313479
4.648e-005,0.00057143
4.6484e-005,0.000229149
4.6488e-005,0.000630958
4.6492e-005,-0.000132974
4.6496e-005,-0.000371082
4.65e-005,0.00974357
4.6504e-005,0.0201062
4.6508e-005,0.0237324
4.6512e-005,0.0282863
4.6516e-005,0.0328996
4.652e-005,0.0359504
4.6524e-005,0.0375179
4.6528e-005,0.0392145
4.6532e-005,0.0414219
4.6536e-005,0.0433466
4.654e-005,0.0430589
4.6544e-005,0.0460105
4.6548e-005,0.0461692
4.6552e-005,0.0469579
4.6556e-005,0.0487388
4.656e-005,0.0483072
4.6564e-005,0.0489075
4.6568e-005,0.0501079
4.6572e-005,0.0504105
4.6576e-005,0.0505742
4.658e-005,0.0507181
4.6584e-005,0.0519731
4.6588e-005,0.05174
4.6592e-005,0.052742
4.6596e-005,0.0530198
4.66e-005,0.0531438
4.6604e-005,0.0535903
4.6608e-005,0.0539325
4.6612e-005,0.0537887
4.6616e-005,0.0543889
4.662e-005,0.0543542
4.6624e-005,0.0545427
4.6628e-005,0.0543393
4.6632e-005,0.0548651
4.6636e-005,0.0542847
4.664e-005,0.0554455
4.6644e-005,0.055257
4.6648e-005,0.0556638
4.6652e-005,0.0553314
4.6656e-005,0.0552868
4.666e-005,0.0555695
4.6664e-005,0.0555398
4.6668e-005,0.0552669
4.6672e-005,0.0560259
4.6676e-005,0.0556291
4.668e-005,0.0569238
4.6684e-005,0.0557084
4.6688e-005,0.0553463
4.6692e-005,0.055634
4.6696e-005,0.0558225
4.67e-005,0.0564972
4.6704e-005,0.0563335
4.6708e-005,0.0558225
4.6712e-005,0.0570478
4.6716e-005,0.0566757
4.672e-005,0.0562739
4.6724e-005,0.0564476
4.6728e-005,0.0566559
4.6732e-005,0.0568543
4.6736e-005,0.0564476
4.674e-005,0.0563583
4.6744e-005,0.0561053
4.6748e-005,0.0561846
4.6752e-005,0.0559069
4.6756e-005,0.0571619
4.676e-005,0.0572958
4.6764e-005,0.0562591
4.6768e-005,0.0563732
4.6772e-005,0.0568494
4.6776e-005,0.05677
4.678e-005,0.0567452
4.6784e-005,0.0562888
4.6788e-005,0.05614
4.6792e-005,0.0564972
4.6796e-005,0.0567254
4.68e-005,0.0569238
4.6804e-005,0.056269
4.6808e-005,0.0564079
4.6812e-005,0.0567254
4.6816e-005,0.0566807
4.682e-005,0.0569535
4.6824e-005,0.0567551
4.6828e-005,0.0568692
4.6832e-005,0.0571272
4.6836e-005,0.0569039
4.684e-005,0.0567452
4.6844e-005,0.056775
4.6848e-005,0.0573504
4.6852e-005,0.0568097
4.6856e-005,0.0565666
4.686e-005,0.0565765
4.6864e-005,0.0568246
4.6868e-005,0.0565865
4.6872e-005,0.0573057
4.6876e-005,0.0571321
4.688e-005,0.0569387
4.6884e-005,0.0565021
4.6888e-005,0.05677
4.6892e-005,0.057142
4.6896e-005,0.0566559
4.69e-005,0.0565865
4.6904e-005,0.0567998
4.6908e-005,0.0574248
4.6912e-005,0.0564277
4.6916e-005,0.0572512
4.692e-005,0.0568692
4.6924e-005,0.0570577
4.6928e-005,0.0563335
4.6932e-005,0.0565517
4.6936e-005,0.0568543
4.694e-005,0.0568047
4.6944e-005,0.0572611
4.6948e-005,0.0574794
4.6952e-005,0.057142
4.6956e-005,0.0572661
4.696e-005,0.0570577
4.6964e-005,0.0565567
4.6968e-005,0.0575091
4.6972e-005,0.0570726
4.6976e-005,0.0576927
4.698e-005,0.0569684
4.6984e-005,0.0569932
4.6988e-005,0.0573454
4.6992e-005,0.0570676
4.6996e-005,0.056899
4.7e-005,0.0567998
4.7004e-005,0.0569436
4.7008e-005,0.0573305
4.7012e-005,0.0574843
4.7016e-005,0.0570825
4.702e-005,0.0566063
4.7024e-005,0.0575637
4.7028e-005,0.0574645
4.7032e-005,0.0563682
4.7036e-005,0.0565269
4.704e-005,0.0568097
4.7044e-005,0.0562243
4.7048e-005,0.0576381
4.7052e-005,0.0570676
4.7056e-005,0.0564624
4.706e-005,0.0567998
4.7064e-005,0.0572809
4.7068e-005,0.0565617
4.7072e-005,0.0568146
4.7076e-005,0.0564624
4.708e-005,0.0569188
4.7084e-005,0.0568791
4.7088e-005,0.057142
4.7092e-005,0.0564228
4.7096e-005,0.0567502
4.71e-005,0.0565865
4.7104e-005,0.0570577
4.7108e-005,0.0566906
4.7112e-005,0.0573802
4.7116e-005,0.0565468
4.712e-005,0.0566609
4.7124e-005,0.0569238
4.7128e-005,0.0568444
4.7132e-005,0.0571916
4.7136e-005,0.0565815
4.714e-005,0.0571172
4.7144e-005,0.0570329
4.7148e-005,0.0572413
4.7152e-005,0.0574595
4.7156e-005,0.057147
4.716e-005,0.0570478
4.7164e-005,0.0565815
4.7168e-005,0.0568742
4.7172e-005,0.056398
4.7176e-005,0.0548056
4.718e-005,0.0485602
4.7184e-005,0.0424636
4.7188e-005,0.0393335
4.7192e-005,0.0388176
4.7196e-005,0.037513
4.72e-005,0.0356776
4.7204e-005,0.0263566
4.7208e-005,0.0212769
4.7212e-005,0.01964
4.7216e-005,0.0189504
4.722e-005,0.0182063
4.7224e-005,0.0184643
4.7228e-005,0.00858279
4.7232e-005,0.00140977
4.7236e-005,0.000382928
4.724e-005,0.0004871
4.7244e-005,0.000685524
4.7248e-005,0.000422613
4.7252e-005,0.000427573
4.7256e-005,0.000824421
4.726e-005,3.07256e-005
4.7264e-005,-0.000663758
4.7268e-005,0.00922271
4.7272e-005,0.0198582
4.7276e-005,0.0247642
4.728e-005,0.0291494
4.7284e-005,0.0339761
4.7288e-005,0.0375328
4.7292e-005,0.0389763
4.7296e-005,0.0410896
4.73e-005,0.0431333
4.7304e-005,0.0442197
4.7308e-005,0.0444082
4.7312e-005,0.0467942
4.7316e-005,0.0477864
4.732e-005,0.0479501
4.7324e-005,0.0489323
4.7328e-005,0.0505395
4.7332e-005,0.0497904
4.7336e-005,0.0514522
4.734e-005,0.0517499
4.7344e-005,0.05236
4.7348e-005,0.0525188
4.7352e-005,0.0534266
4.7356e-005,0.0535258
4.736e-005,0.0541558
4.7364e-005,0.0547163
4.7368e-005,0.0542699
4.7372e-005,0.0550388
4.7376e-005,0.0545377
4.738e-005,0.0553165
4.7384e-005,0.056269
4.7388e-005,0.0558076
4.7392e-005,0.0561301
4.7396e-005,0.0562144
4.74e-005,0.0565964
4.7404e-005,0.0558573
4.7408e-005,0.0569982
4.7412e-005,0.057152
4.7416e-005,0.0562045
4.742e-005,0.0570031
4.7424e-005,0.0576282
4.7428e-005,0.0575637
4.7432e-005,0.0574893
4.7436e-005,0.0575141
4.744e-005,0.0572313
4.7444e-005,0.0578167
4.7448e-005,0.0580498
4.7452e-005,0.0574893
4.7456e-005,0.0581143
4.746e-005,0.0581738
4.7464e-005,0.0586798
4.7468e-005,0.0581887
4.7472e-005,0.0582681
4.7476e-005,0.0574794
4.748e-005,0.0581838
4.7484e-005,0.0584318
4.7488e-005,0.0582582
4.7492e-005,0.058531
4.7496e-005,0.0580498
4.75e-005,0.0582284
4.7504e-005,0.0585608
4.7508e-005,0.058779
4.7512e-005,0.058035
4.7516e-005,0.058159
4.752e-005,0.058407
4.7524e-005,0.058159
4.7528e-005,0.0584963
4.7532e-005,0.0586104
4.7536e-005,0.0579556
4.754e-005,0.0584268
4.7544e-005,0.0580846
4.7548e-005,0.058407
4.7552e-005,0.0584616
4.7556e-005,0.0581887
4.756e-005,0.0580697
4.7564e-005,0.058402
4.7568e-005,0.0587642
4.7572e-005,0.0584814
4.7576e-005,0.058526
4.758e-005,0.0585707
4.7584e-005,0.0585211
4.7588e-005,0.0585112
4.7592e-005,0.0588187
4.7596e-005,0.0582483
4.76e-005,0.0586947
4.7604e-005,0.0582235
4.7608e-005,0.0582681
4.7612e-005,0.0590023
4.7616e-005,0.0591908
4.762e-005,0.0580548
4.7624e-005,0.0587989
4.7628e-005,0.0587294
4.7632e-005,0.0585211
4.7636e-005,0.0583772
4.764e-005,0.0586054
4.7644e-005,0.0586005
4.7648e-005,0.0589477
4.7652e-005,0.058784
4.7656e-005,0.0586749
4.766e-005,0.0585757
4.7664e-005,0.0587294
4.7668e-005,0.0585856
4.7672e-005,0.058407
4.7676e-005,0.0586501
4.768e-005,0.0588237
4.7684e-005,0.0585955
4.7688e-005,0.0588733
4.7692e-005,0.0580846
4.7696e-005,0.0588931
4.77e-005,0.058913
4.7704e-005,0.0583425
4.7708e-005,0.0584417
4.7712e-005,0.0588187
4.7716e-005,0.0586947
4.772e-005,0.0584616
4.7724e-005,0.0589675
4.7728e-005,0.0586848
4.7732e-005,0.0588386
4.7736e-005,0.0590221
4.774e-005,0.0585856
4.7744e-005,0.0584516
4.7748e-005,0.0585608
4.7752e-005,0.0584616
4.7756e-005,0.0587443
4.776e-005,0.0586649
4.7764e-005,0.058779
4.7768e-005,0.0585608
4.7772e-005,0.0589477
4.7776e-005,0.0585707
4.778e-005,0.0591164
4.7784e-005,0.0585608
4.7788e-005,0.058779
4.7792e-005,0.0589229
4.7796e-005,0.0586352
4.78e-005,0.0584814
4.7804e-005,0.0586451
4.7808e-005,0.0590271
4.7812e-005,0.0585955
4.7816e-005,0.0588634
4.782e-005,0.0587592
4.7824e-005,0.0586451
4.7828e-005,0.0588187
4.7832e-005,0.0588138
4.7836e-005,0.0581987
4.784e-005,0.058789
4.7844e-005,0.0582929
4.7848e-005,0.0584764
4.7852e-005,0.0588138
4.7856e-005,0.0588138
4.786e-005,0.0582433
4.7864e-005,0.0584368
4.7868e-005,0.0588286
4.7872e-005,0.0585905
4.7876e-005,0.0588336
4.788e-005,0.0590866
4.7884e-005,0.0588237
4.7888e-005,0.0586947
4.7892e-005,0.0590519
4.7896e-005,0.0586749
4.79e-005,0.0590072
4.7904e-005,0.0590469
4.7908e-005,0.0586401
4.7912e-005,0.0588038
4.7916e-005,0.0582631
4.792e-005,0.0588435
4.7924e-005,0.0584616
4.7928e-005,0.0588038
4.7932e-005,0.0584764
4.7936e-005,0.0587443
4.794e-005,0.058531
4.7944e-005,0.0569734
4.7948e-005,0.0492597
4.7952e-005,0.0435302
4.7956e-005,0.0394228
4.796e-005,0.0385795
4.7964e-005,0.0368532
4.7968e-005,0.035871
4.7972e-005,0.0252008
4.7976e-005,0.0210438
4.798e-005,0.0202799
4.7984e-005,0.0195159
4.7988e-005,0.0189008
4.7992e-005,0.018623
4.7996e-005,0.00796768
4.8e-005,0.0018215
4.8004e-005,0.001003
4.8008e-005,-4.36833e-005
4.8012e-005,0.000373007
4.8016e-005,0.00104765
4.802e-005,0.000452376
4.8024e-005,0.000472218
4.8028e-005,1.58439e-005
4.8032e-005,-0.000157777
4.8036e-005,0.0112417
4.804e-005,0.019377
4.8044e-005,0.021902
4.8048e-005,0.0246055
4.8052e-005,0.027944
4.8056e-005,0.0294024
4.806e-005,0.0308013
4.8064e-005,0.032349
4.8068e-005,0.0342191
4.8072e-005,0.0358214
4.8076e-005,0.0360645
4.808e-005,0.0372104
4.8084e-005,0.0380785
4.8088e-005,0.0384604
4.8092e-005,0.0391004
4.8096e-005,0.0401917
4.81e-005,0.0396113
4.8104e-005,0.0408614
4.8108e-005,0.0401322
4.8112e-005,0.0410449
4.8116e-005,0.0412235
4.812e-005,0.0428704
4.8124e-005,0.0413227
4.8128e-005,0.0424091
4.8132e-005,0.0423446
4.8136e-005,0.0423694
4.814e-005,0.042295
4.8144e-005,0.0429448
4.8148e-005,0.0420172
4.8152e-005,0.042424
4.8156e-005,0.0431383
4.816e-005,0.0420222
4.8164e-005,0.0426472
4.8168e-005,0.0427216
4.8172e-005,0.0419081
4.8176e-005,0.0418585
4.818e-005,0.0432276
4.8184e-005,0.0425728
4.8188e-005,0.0427414
4.8192e-005,0.0430192
4.8196e-005,0.0428952
4.82e-005,0.0428803
4.8204e-005,0.0423843
4.8208e-005,0.0422702
4.8212e-005,0.0430837
4.8216e-005,0.0435798
4.822e-005,0.0423744
4.8224e-005,0.0433268
4.8228e-005,0.0431581
4.8232e-005,0.0426621
4.8236e-005,0.0426025
4.824e-005,0.0431532
4.8244e-005,0.042667
4.8248e-005,0.0432821
4.8252e-005,0.0427365
4.8256e-005,0.041789
4.826e-005,0.0420073
4.8264e-005,0.0426174
4.8268e-005,0.0420618
4.8272e-005,0.0426174
4.8276e-005,0.0430093
4.828e-005,0.0428109
4.8284e-005,0.0425083
4.8288e-005,0.0430391
4.8292e-005,0.0426025
4.8296e-005,0.0426273
4.83e-005,0.0422404
4.8304e-005,0.0415112
4.8308e-005,0.0422305
4.8312e-005,0.0421015
4.8316e-005,0.0419577
4.832e-005,0.0421412
4.8324e-005,0.0425331
4.8328e-005,0.0421561
4.8332e-005,0.042672
4.8336e-005,0.0423198
4.834e-005,0.0415211
4.8344e-005,0.0427563
4.8348e-005,0.0432177
4.8352e-005,0.0422454
4.8356e-005,0.0421362
4.836e-005,0.0423049
4.8364e-005,0.0419626
4.8368e-005,0.0427117
4.8372e-005,0.0421908
4.8376e-005,0.0416799
4.838e-005,0.0421015
4.8384e-005,0.0430391
4.8388e-005,0.0416799
4.8392e-005,0.043297
4.8396e-005,0.0424984
4.84e-005,0.0424091
4.8404e-005,0.0423694
4.8408e-005,0.0426075
4.8412e-005,0.0420668
4.8416e-005,0.0427365
4.842e-005,0.043054
4.8424e-005,0.0423148
4.8428e-005,0.0426273
4.8432e-005,0.0426918
4.8436e-005,0.0428555
4.844e-005,0.0430143
4.8444e-005,0.0432673
4.8448e-005,0.0419825
4.8452e-005,0.0431482
4.8456e-005,0.0431234
4.846e-005,0.0426968
4.8464e-005,0.0430639
4.8468e-005,0.0425827
4.8472e-005,0.0423049
4.8476e-005,0.0428803
4.848e-005,0.043679
4.8484e-005,0.0427117
4.8488e-005,0.0430143
4.8492e-005,0.0430688
4.8496e-005,0.0423892
4.85e-005,0.043049
4.8504e-005,0.0432325
4.8508e-005,0.0421214
4.8512e-005,0.0427662
4.8516e-005,0.0428456
4.852e-005,0.042791
4.8524e-005,0.0428605
4.8528e-005,0.0424835
4.8532e-005,0.0423942
4.8536e-005,0.0433764
4.854e-005,0.0426422
4.8544e-005,0.0419378
4.8548e-005,0.0420023
4.8552e-005,0.0427712
4.8556e-005,0.0419725
4.856e-005,0.0420966
4.8564e-005,0.0429597
4.8568e-005,0.0421759
4.8572e-005,0.0418237
4.8576e-005,0.0424736
4.858e-005,0.0419229
4.8584e-005,0.0426521
4.8588e-005,0.0420172
4.8592e-005,0.041918
4.8596e-005,0.0417642
4.86e-005,0.0425083
4.8604e-005,0.0423396
4.8608e-005,0.0426621
4.8612e-005,0.0427613
4.8616e-005,0.0428109
4.862e-005,0.0426968
4.8624e-005,0.0427563
4.8628e-005,0.0424587
4.8632e-005,0.043178
4.8636e-005,0.0427067
4.864e-005,0.0421462
4.8644e-005,0.0424785
4.8648e-005,0.0428456
4.8652e-005,0.0425579
4.8656e-005,0.0426422
4.866e-005,0.0427365
4.8664e-005,0.0419577
4.8668e-005,0.0431284
4.8672e-005,0.0433863
4.8676e-005,0.0421561
4.868e-005,0.0424041
4.8684e-005,0.0423992
4.8688e-005,0.0420122
4.8692e-005,0.0426075
4.8696e-005,0.0422355
4.87e-005,0.0419031
4.8704e-005,0.0430391
4.8708e-005,0.0418188
4.8712e-005,0.0412483
4.8716e-005,0.0388325
4.872e-005,0.0369078
4.8724e-005,0.0357668
4.8728e-005,0.0347152
4.8732e-005,0.0348541
4.8736e-005,0.0338669
4.874e-005,0.0251264
4.8744e-005,0.020017
4.8748e-005,0.019883
4.8752e-005,0.0200814
4.8756e-005,0.0194415
4.876e-005,0.0184792
4.8764e-005,0.00771965
4.8768e-005,0.00124607
4.8772e-005,0.00125599
4.8776e-005,0.000769854
4.878e-005,0.000293637
4.8784e-005,-7.34468e-005
4.8788e-005,0.00057143
4.8792e-005,0.00107741
4.8796e-005,0.000204346
4.88e-005,6.54498e-005
4.8804e-005,0.0101999
4.8808e-005,0.0191737
4.8812e-005,0.0223633
4.8816e-005,0.0263169
4.882e-005,0.0302507
4.8824e-005,0.0328153
4.8828e-005,0.0345862
4.8832e-005,0.0366449
4.8836e-005,0.0382124
4.884e-005,0.0397651
4.8844e-005,0.0402859
4.8848e-005,0.0428158
4.8852e-005,0.0429349
4.8856e-005,0.0438774
4.886e-005,0.0447505
4.8864e-005,0.0456136
4.8868e-005,0.0460551
4.8872e-005,0.0475483
4.8876e-005,0.0477219
4.888e-005,0.0469827
4.8884e-005,0.0479649
4.8888e-005,0.0489471
4.8892e-005,0.0478509
4.8896e-005,0.0494928
4.89e-005,0.0489521
4.8904e-005,0.0489124
4.8908e-005,0.0492944
4.8912e-005,0.0496069
4.8916e-005,0.0495127
4.892e-005,0.0493638
4.8924e-005,0.0496714
4.8928e-005,0.0502667
4.8932e-005,0.0500087
4.8936e-005,0.0510107
4.894e-005,0.0494234
4.8944e-005,0.0505445
4.8948e-005,0.0507379
4.8952e-005,0.0502815
4.8956e-005,0.0504849
4.896e-005,0.0507528
4.8964e-005,0.05047
4.8968e-005,0.0504552
4.8972e-005,0.0514522
4.8976e-005,0.0505792
4.898e-005,0.0501377
4.8984e-005,0.0506635
4.8988e-005,0.050475
4.8992e-005,0.0502518
4.8996e-005,0.0510901
4.9e-005,0.04984
4.9004e-005,0.0506635
4.9008e-005,0.0507826
4.9012e-005,0.0508123
4.9016e-005,0.0518888
4.902e-005,0.0510207
4.9024e-005,0.0503113
4.9028e-005,0.0509066
4.9032e-005,0.0511695
4.9036e-005,0.0504353
4.904e-005,0.0509711
4.9044e-005,0.0516804
4.9048e-005,0.0507578
4.9052e-005,0.051105
4.9056e-005,0.0512191
4.906e-005,0.0512141
4.9064e-005,0.0509959
4.9068e-005,0.0507677
4.9072e-005,0.0504899
4.9076e-005,0.050981
4.908e-005,0.0514721
4.9084e-005,0.0510107
4.9088e-005,0.0518838
4.9092e-005,0.0510306
4.9096e-005,0.0502369
4.91e-005,0.0516308
4.9104e-005,0.0512935
4.9108e-005,0.051229
4.9112e-005,0.0514671
4.9116e-005,0.0512935
4.912e-005,0.0513133
4.9124e-005,0.0509066
4.9128e-005,0.0504601
4.9132e-005,0.0510752
4.9136e-005,0.0515862
4.914e-005,0.051735
4.9144e-005,0.0505147
4.9148e-005,0.0506139
4.9152e-005,0.0507627
4.9156e-005,0.0503311
4.916e-005,0.0516556
4.9164e-005,0.0512191
4.9168e-005,0.0512588
4.9172e-005,0.0517548
4.9176e-005,0.0520376
4.918e-005,0.0509463
4.9184e-005,0.0510256
4.9188e-005,0.0515713
4.9192e-005,0.0510306
4.9196e-005,0.0511248
4.92e-005,0.0511893
4.9204e-005,0.0513431
4.9208e-005,0.0512389
4.9212e-005,0.0505544
4.9216e-005,0.0506486
4.922e-005,0.0506089
4.9224e-005,0.0513332
4.9228e-005,0.0511348
4.9232e-005,0.0515564
4.9236e-005,0.0513431
4.924e-005,0.05236
4.9244e-005,0.0513927
4.9248e-005,0.0518441
4.9252e-005,0.0510554
4.9256e-005,0.0513183
4.926e-005,0.050857
4.9264e-005,0.0517945
4.9268e-005,0.0505494
4.9272e-005,0.0515862
4.9276e-005,0.0513183
4.928e-005,0.0510356
4.9284e-005,0.0515217
4.9288e-005,0.0516358
4.9292e-005,0.0514274
4.9296e-005,0.0507875
4.93e-005,0.0507974
4.9304e-005,0.0518541
4.9308e-005,0.0516457
4.9312e-005,0.0508371
4.9316e-005,0.0515167
4.932e-005,0.0514721
4.9324e-005,0.05111
4.9328e-005,0.0508619
4.9332e-005,0.0510107
4.9336e-005,0.0506139
4.934e-005,0.0510107
4.9344e-005,0.0510901
4.9348e-005,0.0508719
4.9352e-005,0.0511893
4.9356e-005,0.0508074
4.936e-005,0.0507578
4.9364e-005,0.0507131
4.9368e-005,0.0509711
4.9372e-005,0.0506734
4.9376e-005,0.0506635
4.938e-005,0.0510901
4.9384e-005,0.0509661
4.9388e-005,0.0514671
4.9392e-005,0.0505246
4.9396e-005,0.0507032
4.94e-005,0.051234
4.9404e-005,0.0509611
4.9408e-005,0.0506337
4.9412e-005,0.0511397
4.9416e-005,0.0514274
4.942e-005,0.0504998
4.9424e-005,0.0515465
4.9428e-005,0.0508421
4.9432e-005,0.0511893
4.9436e-005,0.051358
4.944e-005,0.0510157
4.9444e-005,0.0501923
4.9448e-005,0.0510157
4.9452e-005,0.0510207
4.9456e-005,0.0503907
4.946e-005,0.0509314
4.9464e-005,0.0513977
4.9468e-005,0.0514969
4.9472e-005,0.0517648
4.9476e-005,0.0510752
4.948e-005,0.0496664
4.9484e-005,0.0445322
4.9488e-005,0.0398742
4.9492e-005,0.0372848
4.9496e-005,0.0374237
4.95e-005,0.0356379
4.9504e-005,0.0349781
4.9508e-005,0.0252702
4.9512e-005,0.0205527
4.9516e-005,0.0196201
4.952e-005,0.0193423
4.9524e-005,0.018623
4.9528e-005,0.018623
4.9532e-005,0.0078387
4.9536e-005,0.0011171
4.954e-005,0.00166772
4.9544e-005,0.000849224
4.9548e-005,0.000874027
4.9552e-005,-8.3368e-005
4.9556e-005,0.000680563
4.956e-005,0.000878987
4.9564e-005,9.52134e-005
4.9568e-005,0.000194425
4.9572e-005,0.0101355
4.9576e-005,0.0195854
4.958e-005,0.0240202
4.9584e-005,0.0286385
4.9588e-005,0.0320365
4.9592e-005,0.035876
4.9596e-005,0.0366598
4.96e-005,0.0391599
4.9604e-005,0.0412433
4.9608e-005,0.0425629
4.9612e-005,0.0436046
4.9616e-005,0.045063
4.962e-005,0.0459609
4.9624e-005,0.0465561
4.9628e-005,0.0475235
4.9632e-005,0.0486197
4.9636e-005,0.0483618
4.964e-005,0.0498599
4.9644e-005,0.0498202
4.9648e-005,0.0504105
4.9652e-005,0.0508173
4.9656e-005,0.0524196
4.966e-005,0.051477
4.9664e-005,0.052365
4.9668e-005,0.0526974
4.9672e-005,0.0526924
4.9676e-005,0.0533968
4.968e-005,0.0531488
4.9684e-005,0.0537341
4.9688e-005,0.05425
4.9692e-005,0.0540814
4.9696e-005,0.0536597
4.97e-005,0.0545675
4.9704e-005,0.0548949
4.9708e-005,0.0541905
4.9712e-005,0.0549941
4.9716e-005,0.0556836
4.972e-005,0.0549395
4.9724e-005,0.0553413
4.9728e-005,0.0547262
4.9732e-005,0.0543889
4.9736e-005,0.0551727
4.974e-005,0.055639
4.9744e-005,0.0553116
4.9748e-005,0.0559664
4.9752e-005,0.0559069
4.9756e-005,0.0554257
4.976e-005,0.0562392
4.9764e-005,0.0555199
4.9768e-005,0.0556291
4.9772e-005,0.0558622
4.9776e-005,0.0562144
4.978e-005,0.0560805
4.9784e-005,0.0567303
4.9788e-005,0.055758
4.9792e-005,0.0560408
4.9796e-005,0.0559862
4.98e-005,0.0560209
4.9804e-005,0.0554753
4.9808e-005,0.0565617
4.9812e-005,0.0560011
4.9816e-005,0.0565914
4.982e-005,0.0574198
4.9824e-005,0.0567849
4.9828e-005,0.056388
4.9832e-005,0.056512
4.9836e-005,0.0567055
4.984e-005,0.0561102
4.9844e-005,0.0560011
4.9848e-005,0.0570081
4.9852e-005,0.0566906
4.9856e-005,0.0561152
4.986e-005,0.0563186
4.9864e-005,0.0564724
4.9868e-005,0.0568295
4.9872e-005,0.0566212
4.9876e-005,0.0562045
4.988e-005,0.0567849
4.9884e-005,0.0564376
4.9888e-005,0.0563682
4.9892e-005,0.0562591
4.9896e-005,0.0567998
4.99e-005,0.0564128
4.9904e-005,0.0565914
4.9908e-005,0.0565071
4.9912e-005,0.0565666
4.9916e-005,0.0568841
4.992e-005,0.0564228
4.9924e-005,0.0565617
4.9928e-005,0.0569436
4.9932e-005,0.0567204
4.9936e-005,0.0558721
4.994e-005,0.0567551
4.9944e-005,0.056775
4.9948e-005,0.0568394
4.9952e-005,0.0564724
4.9956e-005,0.0567006
4.996e-005,0.0566559
4.9964e-005,0.0573008
4.9968e-005,0.056775
4.9972e-005,0.0564476
4.9976e-005,0.0567502
4.998e-005,0.0569684
4.9984e-005,0.0568593
4.9988e-005,0.0571371
4.9992e-005,0.056264
4.9996e-005,0.056388
5e-005,0.0568791
5.0004e-005,0.0562541
5.0008e-005,0.0565914
5.0012e-005,0.0569486
5.0016e-005,0.056641
5.002e-005,0.0562591
5.0024e-005,0.0571668
5.0028e-005,0.057018
5.0032e-005,0.0570031
5.0036e-005,0.057023
5.004e-005,0.0571371
5.0044e-005,0.0571867
5.0048e-005,0.0572016
5.0052e-005,0.0570528
5.0056e-005,0.0561251
5.006e-005,0.0564376
5.0064e-005,0.0571371
5.0068e-005,0.0564327
5.0072e-005,0.0572809
5.0076e-005,0.0563384
5.008e-005,0.0565815
5.0084e-005,0.0567154
5.0088e-005,0.056522
5.0092e-005,0.0559416
5.0096e-005,0.0568246
5.01e-005,0.0561648
5.0104e-005,0.0571123
5.0108e-005,0.056765
5.0112e-005,0.0566956
5.0116e-005,0.0564476
5.012e-005,0.057524
5.0124e-005,0.0572065
5.0128e-005,0.0570478
5.0132e-005,0.05677
5.0136e-005,0.0569436
5.014e-005,0.0566162
5.0144e-005,0.0565914
5.0148e-005,0.0569337
5.0152e-005,0.0570825
5.0156e-005,0.0568841
5.016e-005,0.0570528
5.0164e-005,0.0565468
5.0168e-005,0.0574446
5.0172e-005,0.0575042
5.0176e-005,0.0565765
5.018e-005,0.0571718
5.0184e-005,0.0570031
5.0188e-005,0.0568146
5.0192e-005,0.0573901
5.0196e-005,0.0567601
5.02e-005,0.057018
5.0204e-005,0.0572909
5.0208e-005,0.0565071
5.0212e-005,0.0566609
5.0216e-005,0.0573008
5.022e-005,0.0570924
5.0224e-005,0.0572462
5.0228e-005,0.0568097
5.0232e-005,0.057524
5.0236e-005,0.0571619
5.024e-005,0.0573305
5.0244e-005,0.0565815
5.0248e-005,0.0552521
5.0252e-005,0.0474689
5.0256e-005,0.0424091
5.026e-005,0.0388126
5.0264e-005,0.0384356
5.0268e-005,0.0372203
5.0272e-005,0.0354146
5.0276e-005,0.025429
5.028e-005,0.0210041
5.0284e-005,0.0199376
5.0288e-005,0.0189802
5.0292e-005,0.0194713
5.0296e-005,0.0191836
5.03e-005,0.00817602
5.0304e-005,0.00104765
5.0308e-005,0.00098812
5.0312e-005,-1.39197e-005
5.0316e-005,0.000298598
5.032e-005,-0.000222265
5.0324e-005,0.000660721
5.0328e-005,0.000333322
5.0332e-005,-2.88015e-005
5.0336e-005,-0.000157777
5.034e-005,0.0104331
5.0344e-005,0.0208603
5.0348e-005,0.0244964
5.0352e-005,0.0299381
5.0356e-005,0.0342489
5.036e-005,0.0382075
5.0364e-005,0.0398593
5.0368e-005,0.0413922
5.0372e-005,0.0430986
5.0376e-005,0.044681
5.038e-005,0.0452069
5.0384e-005,0.0472159
5.0388e-005,0.0477665
5.0392e-005,0.0483866
5.0396e-005,0.0489124
5.04e-005,0.0502915
5.0404e-005,0.0499889
5.0408e-005,0.0521418
5.0412e-005,0.0525287
5.0416e-005,0.0523055
5.042e-005,0.0527718
5.0424e-005,0.0541855
5.0428e-005,0.0540119
5.0432e-005,0.0539375
5.0436e-005,0.0543393
5.044e-005,0.0551975
5.0444e-005,0.0547709
5.0448e-005,0.0554554
5.0452e-005,0.0554505
5.0456e-005,0.0561747
5.046e-005,0.0564525
5.0464e-005,0.0563384
5.0468e-005,0.0565468
5.0472e-005,0.0563483
5.0476e-005,0.0568196
5.048e-005,0.0571817
5.0484e-005,0.0570726
5.0488e-005,0.056899
5.0492e-005,0.0576034
5.0496e-005,0.0580895
5.05e-005,0.0576431
5.0504e-005,0.0582135
5.0508e-005,0.0576381
5.0512e-005,0.0578316
5.0516e-005,0.0582433
5.052e-005,0.0582681
5.0524e-005,0.0579754
5.0528e-005,0.0582334
5.0532e-005,0.05803
5.0536e-005,0.0586153
5.054e-005,0.0580697
5.0544e-005,0.0582235
5.0548e-005,0.058159
5.0552e-005,0.0584467
5.0556e-005,0.058407
5.056e-005,0.0579903
5.0564e-005,0.0587394
5.0568e-005,0.0583574
5.0572e-005,0.058412
5.0576e-005,0.0584516
5.058e-005,0.0584169
5.0584e-005,0.0581441
5.0588e-005,0.058283
5.0592e-005,0.0585757
5.0596e-005,0.0583227
5.06e-005,0.0585161
5.0604e-005,0.0588534
5.0608e-005,0.0582582
5.0612e-005,0.0585806
5.0616e-005,0.0591064
5.062e-005,0.0587394
5.0624e-005,0.0582979
5.0628e-005,0.0586798
5.0632e-005,0.0586699
5.0636e-005,0.0584913
5.064e-005,0.0586798
5.0644e-005,0.0589874
5.0648e-005,0.0590668
5.0652e-005,0.058913
5.0656e-005,0.0582979
5.066e-005,0.058784
5.0664e-005,0.0592652
5.0668e-005,0.0587741
5.0672e-005,0.0585806
5.0676e-005,0.0586798
5.068e-005,0.0584566
5.0684e-005,0.0590717
5.0688e-005,0.0585856
5.0692e-005,0.058154
5.0696e-005,0.0588584
5.07e-005,0.0591908
5.0704e-005,0.0583623
5.0708e-005,0.0589477
5.0712e-005,0.0591312
5.0716e-005,0.0588088
5.072e-005,0.0590469
5.0724e-005,0.0593892
5.0728e-005,0.0590668
5.0732e-005,0.0589427
5.0736e-005,0.058784
5.074e-005,0.058784
5.0744e-005,0.0588783
5.0748e-005,0.0587592
5.0752e-005,0.0591015
5.0756e-005,0.0591114
5.076e-005,0.058908
5.0764e-005,0.0586302
5.0768e-005,0.0589279
5.0772e-005,0.0588981
5.0776e-005,0.0586649
5.078e-005,0.0587939
5.0784e-005,0.0587195
5.0788e-005,0.0586798
5.0792e-005,0.0590668
5.0796e-005,0.0590271
5.08e-005,0.0588634
5.0804e-005,0.0587592
5.0808e-005,0.058789
5.0812e-005,0.0588138
5.0816e-005,0.0589328
5.082e-005,0.0588386
5.0824e-005,0.0588286
5.0828e-005,0.0586253
5.0832e-005,0.0592205
5.0836e-005,0.059037
5.084e-005,0.059042
5.0844e-005,0.0589973
5.0848e-005,0.0586352
5.0852e-005,0.0586401
5.0856e-005,0.0590469
5.086e-005,0.0586451
5.0864e-005,0.0590271
5.0868e-005,0.0587294
5.0872e-005,0.0585558
5.0876e-005,0.0587939
5.088e-005,0.0591213
5.0884e-005,0.0587493
5.0888e-005,0.0589179
5.0892e-005,0.059037
5.0896e-005,0.0585806
5.09e-005,0.0588882
5.0904e-005,0.0587394
5.0908e-005,0.0585012
5.0912e-005,0.0586054
5.0916e-005,0.0585112
5.092e-005,0.0590072
5.0924e-005,0.058655
5.0928e-005,0.0590866
5.0932e-005,0.0589874
5.0936e-005,0.0592156
5.094e-005,0.0588584
5.0944e-005,0.0590122
5.0948e-005,0.0581441
5.0952e-005,0.0589229
5.0956e-005,0.0587642
5.096e-005,0.058908
5.0964e-005,0.0588336
5.0968e-005,0.0587096
5.0972e-005,0.0586401
5.0976e-005,0.0586897
5.098e-005,0.0586798
5.0984e-005,0.0585211
5.0988e-005,0.0590023
5.0992e-005,0.0585856
5.0996e-005,0.0588931
5.1e-005,0.0588038
5.1004e-005,0.0589229
5.1008e-005,0.058908
5.1012e-005,0.0586401
5.1016e-005,0.0572165
5.102e-005,0.049468
5.1024e-005,0.0432871
5.1028e-005,0.0395815
5.1032e-005,0.0381876
5.1036e-005,0.0373642
5.104e-005,0.0355734
5.1044e-005,0.0247642
5.1048e-005,0.0209347
5.1052e-005,0.0205725
5.1056e-005,0.0189008
5.106e-005,0.0189207
5.1064e-005,0.0194961
5.1068e-005,0.00823555
5.1072e-005,0.00191079
5.1076e-005,0.000695445
5.108e-005,0.000452376
5.1084e-005,0.000526785
5.1088e-005,0.000209307
5.1092e-005,0.000586312
5.1096e-005,0.00123119
5.11e-005,-0.000247068
5.1104e-005,-0.000162738
5.1108e-005,0.010944
5.1112e-005,0.0195457
5.1116e-005,0.0219218
5.112e-005,0.0251115
5.1124e-005,0.0278745
5.1128e-005,0.030211
5.1132e-005,0.0310493
5.1136e-005,0.0322051
5.114e-005,0.0344424
5.1144e-005,0.0357867
5.1148e-005,0.0362778
5.1152e-005,0.03789
5.1156e-005,0.0376965
5.116e-005,0.0381579
5.1164e-005,0.0385745
5.1168e-005,0.0404397
5.1172e-005,0.0398841
5.1176e-005,0.0407374
5.118e-005,0.0417295
5.1184e-005,0.0410945
5.1188e-005,0.0412235
5.1192e-005,0.0427662
5.1196e-005,0.041407
5.12e-005,0.0422206
5.1204e-005,0.0419874
5.1208e-005,0.0418237
5.1212e-005,0.0418485
5.1216e-005,0.0426273
5.122e-005,0.0423744
5.1224e-005,0.0420122
5.1228e-005,0.0429746
5.1232e-005,0.0419577
5.1236e-005,0.0428208
5.124e-005,0.0429547
5.1244e-005,0.0423247
5.1248e-005,0.0433367
5.1252e-005,0.042801
5.1256e-005,0.0424091
5.126e-005,0.0422652
