LECROYWR104MXi,20621,Waveform
Segments,1,SegmentSize,2501
Segment,TrigTime,TimeSinceSegment1
#1,21-May-2015 13:59:34,0                 
Time,Ampl
4.126e-005,0.0515118
4.1264e-005,0.050723
4.1268e-005,0.0512538
4.1272e-005,0.0508768
4.1276e-005,0.052618
4.128e-005,0.0520326
4.1284e-005,0.0525783
4.1288e-005,0.0523104
4.1292e-005,0.0524543
4.1296e-005,0.052117
4.13e-005,0.0527966
4.1304e-005,0.0524592
4.1308e-005,0.052494
4.1312e-005,0.052742
4.1316e-005,0.0527172
4.132e-005,0.0526329
4.1324e-005,0.0534315
4.1328e-005,0.0534067
4.1332e-005,0.0533075
4.1336e-005,0.0532232
4.134e-005,0.0534315
4.1344e-005,0.0536349
4.1348e-005,0.0531438
4.1352e-005,0.0529751
4.1356e-005,0.0533819
4.136e-005,0.0532926
4.1364e-005,0.0527222
4.1368e-005,0.0539573
4.1372e-005,0.0538929
4.1376e-005,0.053114
4.138e-005,0.0540615
4.1384e-005,0.0537143
4.1388e-005,0.0534662
4.1392e-005,0.0537738
4.1396e-005,0.0536647
4.14e-005,0.0543095
4.1404e-005,0.0547064
4.1408e-005,0.0533968
4.1412e-005,0.0536597
4.1416e-005,0.0536498
4.142e-005,0.0537738
4.1424e-005,0.0546419
4.1428e-005,0.0538036
4.1432e-005,0.0537391
4.1436e-005,0.053749
4.144e-005,0.0540665
4.1444e-005,0.0535952
4.1448e-005,0.053873
4.1452e-005,0.0533819
4.1456e-005,0.0534514
4.146e-005,0.0531636
4.1464e-005,0.053997
4.1468e-005,0.0538929
4.1472e-005,0.0535208
4.1476e-005,0.05362
4.148e-005,0.0539375
4.1484e-005,0.0531537
4.1488e-005,0.0542996
4.1492e-005,0.0535357
4.1496e-005,0.0539077
4.15e-005,0.0541161
4.1504e-005,0.0538929
4.1508e-005,0.0536696
4.1512e-005,0.053501
4.1516e-005,0.0537986
4.152e-005,0.0534861
4.1524e-005,0.0539077
4.1528e-005,0.0542203
4.1532e-005,0.0541706
4.1536e-005,0.0531537
4.154e-005,0.0534613
4.1544e-005,0.0533025
4.1548e-005,0.0534315
4.1552e-005,0.0539177
4.1556e-005,0.0538829
4.156e-005,0.0537688
4.1564e-005,0.053744
4.1568e-005,0.0544832
4.1572e-005,0.0537688
4.1576e-005,0.0536002
4.158e-005,0.0541062
4.1584e-005,0.0527023
4.1588e-005,0.0539871
4.1592e-005,0.0541806
4.1596e-005,0.0535258
4.16e-005,0.0533224
4.1604e-005,0.0540119
4.1608e-005,0.0538135
4.1612e-005,0.0543492
4.1616e-005,0.0534067
4.162e-005,0.0536349
4.1624e-005,0.0539474
4.1628e-005,0.053749
4.1632e-005,0.0546171
4.1636e-005,0.0536101
4.164e-005,0.0537837
4.1644e-005,0.0542748
4.1648e-005,0.0542798
4.1652e-005,0.0540962
4.1656e-005,0.0540417
4.166e-005,0.0538333
4.1664e-005,0.0537341
4.1668e-005,0.0539573
4.1672e-005,0.0544038
4.1676e-005,0.0551231
4.168e-005,0.0537738
4.1684e-005,0.054751
4.1688e-005,0.0545427
4.1692e-005,0.0539425
4.1696e-005,0.0540367
4.17e-005,0.0546419
4.1704e-005,0.054121
4.1708e-005,0.0542748
4.1712e-005,0.0538383
4.1716e-005,0.0542054
4.172e-005,0.0539425
4.1724e-005,0.0538631
4.1728e-005,0.0532629
4.1732e-005,0.0539474
4.1736e-005,0.0541657
4.174e-005,0.0536051
4.1744e-005,0.0536845
4.1748e-005,0.0537589
4.1752e-005,0.0536994
4.1756e-005,0.0539573
4.176e-005,0.0539276
4.1764e-005,0.0536349
4.1768e-005,0.0537044
4.1772e-005,0.0541955
4.1776e-005,0.0538482
4.178e-005,0.0534117
4.1784e-005,0.0538929
4.1788e-005,0.0537292
4.1792e-005,0.054379
4.1796e-005,0.0537143
4.18e-005,0.054002
4.1804e-005,0.0537936
4.1808e-005,0.0542996
4.1812e-005,0.0534315
4.1816e-005,0.0539127
4.182e-005,0.0539921
4.1824e-005,0.0541806
4.1828e-005,0.053114
4.1832e-005,0.0522311
4.1836e-005,0.0455938
4.184e-005,0.0413872
4.1844e-005,0.0391698
4.1848e-005,0.0372649
4.1852e-005,0.0370368
4.1856e-005,0.0353005
4.186e-005,0.0254736
4.1864e-005,0.0206966
4.1868e-005,0.0202203
4.1872e-005,0.0194118
4.1876e-005,0.0191092
4.188e-005,0.0184196
4.1884e-005,0.00814626
4.1888e-005,0.0011915
4.1892e-005,0.00166276
4.1896e-005,-2.38409e-005
4.19e-005,0.000377967
4.1904e-005,0.000596233
4.1908e-005,0.000908751
4.1912e-005,0.000814499
4.1916e-005,0.000501982
4.192e-005,0.000120016
4.1924e-005,0.0108845
4.1928e-005,0.019382
4.1932e-005,0.0191786
4.1936e-005,0.020141
4.194e-005,0.0220409
4.1944e-005,0.0226312
4.1948e-005,0.0230628
4.1952e-005,0.0248238
4.1956e-005,0.0244517
4.196e-005,0.0249081
4.1964e-005,0.0247543
4.1968e-005,0.0260292
4.1972e-005,0.0257464
4.1976e-005,0.0260986
4.198e-005,0.0263318
4.1984e-005,0.0262673
4.1988e-005,0.0262227
4.1992e-005,0.0263417
4.1996e-005,0.0256472
4.2e-005,0.0265005
4.2004e-005,0.0258457
4.2008e-005,0.0268775
4.2012e-005,0.0262772
4.2016e-005,0.0262971
4.202e-005,0.0262623
4.2024e-005,0.0265947
4.2028e-005,0.0268725
4.2032e-005,0.0262028
4.2036e-005,0.0260986
4.204e-005,0.026183
4.2044e-005,0.0266443
4.2048e-005,0.0264012
4.2052e-005,0.0262673
4.2056e-005,0.0265749
4.206e-005,0.0263516
4.2064e-005,0.0266542
4.2068e-005,0.0258605
4.2072e-005,0.0259994
4.2076e-005,0.0259399
4.208e-005,0.026059
4.2084e-005,0.0266939
4.2088e-005,0.0258357
4.2092e-005,0.0261234
4.2096e-005,0.0262078
4.21e-005,0.0253397
4.2104e-005,0.0256621
4.2108e-005,0.0257911
4.2112e-005,0.0259994
4.2116e-005,0.0261433
4.212e-005,0.0258953
4.2124e-005,0.0263566
4.2128e-005,0.0268626
4.2132e-005,0.0262177
4.2136e-005,0.0266344
4.214e-005,0.0266046
4.2144e-005,0.0263715
4.2148e-005,0.0259746
4.2152e-005,0.0261135
4.2156e-005,0.026312
4.216e-005,0.0260044
4.2164e-005,0.0257068
4.2168e-005,0.0265798
4.2172e-005,0.0262425
4.2176e-005,0.0257464
4.218e-005,0.0254042
4.2184e-005,0.0262822
4.2188e-005,0.0262177
4.2192e-005,0.0259746
4.2196e-005,0.0261036
4.22e-005,0.0256919
4.2204e-005,0.0260342
4.2208e-005,0.0259647
4.2212e-005,0.0265451
4.2216e-005,0.026302
4.222e-005,0.0260937
4.2224e-005,0.0261383
4.2228e-005,0.0265054
4.2232e-005,0.0261731
4.2236e-005,0.0255827
4.224e-005,0.0264806
4.2244e-005,0.0266989
4.2248e-005,0.0262425
4.2252e-005,0.0259002
4.2256e-005,0.0256125
4.226e-005,0.0256274
4.2264e-005,0.0261979
4.2268e-005,0.0256671
4.2272e-005,0.0262524
4.2276e-005,0.0259151
4.228e-005,0.0256671
4.2284e-005,0.0263566
4.2288e-005,0.0259697
4.2292e-005,0.0257316
4.2296e-005,0.0253794
4.23e-005,0.0257663
4.2304e-005,0.026302
4.2308e-005,0.0257564
4.2312e-005,0.0257911
4.2316e-005,0.0261631
4.232e-005,0.0264955
4.2324e-005,0.0262524
4.2328e-005,0.0264062
4.2332e-005,0.0258605
4.2336e-005,0.0258605
4.234e-005,0.0264806
4.2344e-005,0.0258109
4.2348e-005,0.0258754
4.2352e-005,0.026049
4.2356e-005,0.0256373
4.236e-005,0.0259349
4.2364e-005,0.0256472
4.2368e-005,0.0265649
4.2372e-005,0.0263318
4.2376e-005,0.0254538
4.238e-005,0.0255133
4.2384e-005,0.0257663
4.2388e-005,0.0259002
4.2392e-005,0.0257514
4.2396e-005,0.0258804
4.24e-005,0.0259994
4.2404e-005,0.0259449
4.2408e-005,0.0258804
4.2412e-005,0.0261731
4.2416e-005,0.0258159
4.242e-005,0.0255381
4.2424e-005,0.0261383
4.2428e-005,0.0252355
4.2432e-005,0.025548
4.2436e-005,0.0260937
4.244e-005,0.0259994
4.2444e-005,0.0253794
4.2448e-005,0.0253546
4.2452e-005,0.0255431
4.2456e-005,0.0258804
4.246e-005,0.0259349
4.2464e-005,0.0258357
4.2468e-005,0.0257316
4.2472e-005,0.02593
4.2476e-005,0.0260441
4.248e-005,0.0260937
4.2484e-005,0.0258804
4.2488e-005,0.0252901
4.2492e-005,0.0259002
4.2496e-005,0.0264409
4.25e-005,0.0265749
4.2504e-005,0.0260242
4.2508e-005,0.026054
4.2512e-005,0.0256472
4.2516e-005,0.0256919
4.252e-005,0.0254587
4.2524e-005,0.0255133
4.2528e-005,0.0256919
4.2532e-005,0.0250768
4.2536e-005,0.0258804
4.254e-005,0.0259796
4.2544e-005,0.025419
4.2548e-005,0.0254687
4.2552e-005,0.0257613
4.2556e-005,0.0251115
4.256e-005,0.025925
4.2564e-005,0.0252752
4.2568e-005,0.0254538
4.2572e-005,0.0252702
4.2576e-005,0.0257167
4.258e-005,0.0256522
4.2584e-005,0.0253496
4.2588e-005,0.0257365
4.2592e-005,0.0262326
4.2596e-005,0.0247345
4.26e-005,0.0259399
4.2604e-005,0.0262127
4.2608e-005,0.0262673
4.2612e-005,0.0257712
4.2616e-005,0.0267237
4.262e-005,0.0266344
4.2624e-005,0.0265649
4.2628e-005,0.0221054
4.2632e-005,0.0193721
4.2636e-005,0.0197888
4.264e-005,0.0190348
4.2644e-005,0.0181419
4.2648e-005,0.0182163
4.2652e-005,0.00733272
4.2656e-005,0.00143457
4.266e-005,0.000943475
4.2664e-005,0.000308519
4.2668e-005,0.00040277
4.2672e-005,0.000601194
4.2676e-005,0.000377967
4.268e-005,0.000556549
4.2684e-005,0.00015474
4.2688e-005,-0.000405807
4.2692e-005,0.0105224
4.2696e-005,0.0195705
4.27e-005,0.0200517
4.2704e-005,0.0222046
4.2708e-005,0.0247494
4.2712e-005,0.0266691
4.2716e-005,0.0271999
4.272e-005,0.0286831
4.2724e-005,0.0295909
4.2728e-005,0.0309005
4.2732e-005,0.0312973
4.2736e-005,0.0332171
4.274e-005,0.0325325
4.2744e-005,0.0334056
4.2748e-005,0.033857
4.2752e-005,0.0347202
4.2756e-005,0.0352509
4.276e-005,0.0354841
4.2764e-005,0.0350426
4.2768e-005,0.035375
4.2772e-005,0.035995
4.2776e-005,0.0364316
4.278e-005,0.0359901
4.2784e-005,0.0355039
4.2788e-005,0.0364216
4.2792e-005,0.0363075
4.2796e-005,0.03663
4.28e-005,0.0365109
4.2804e-005,0.0362629
4.2808e-005,0.0366101
4.2812e-005,0.0367391
4.2816e-005,0.036129
4.282e-005,0.0359504
4.2824e-005,0.0361488
4.2828e-005,0.0363274
4.2832e-005,0.0360496
4.2836e-005,0.0363572
4.284e-005,0.035494
4.2844e-005,0.0362431
4.2848e-005,0.0358016
4.2852e-005,0.0358958
4.2856e-005,0.0354047
4.286e-005,0.036377
4.2864e-005,0.0355486
4.2868e-005,0.0358363
4.2872e-005,0.0357867
4.2876e-005,0.0362381
4.288e-005,0.0356428
4.2884e-005,0.0361538
4.2888e-005,0.0363671
4.2892e-005,0.0356627
4.2896e-005,0.0361687
4.29e-005,0.0361736
4.2904e-005,0.0358462
4.2908e-005,0.0365109
4.2912e-005,0.0360794
4.2916e-005,0.0361538
4.292e-005,0.0357172
4.2924e-005,0.0359653
4.2928e-005,0.0359008
4.2932e-005,0.0362976
4.2936e-005,0.0365357
4.294e-005,0.0354543
4.2944e-005,0.0361488
4.2948e-005,0.036
4.2952e-005,0.0358958
4.2956e-005,0.0360198
4.296e-005,0.0364464
4.2964e-005,0.0358016
4.2968e-005,0.0361885
4.2972e-005,0.0356974
4.2976e-005,0.0360744
4.298e-005,0.0365705
4.2984e-005,0.0365705
4.2988e-005,0.0356875
4.2992e-005,0.0360694
4.2996e-005,0.0360744
4.3e-005,0.0361488
4.3004e-005,0.0363373
4.3008e-005,0.0364712
4.3012e-005,0.0358413
4.3016e-005,0.035871
4.302e-005,0.0360843
4.3024e-005,0.0358016
4.3028e-005,0.0360843
4.3032e-005,0.0363075
4.3036e-005,0.0363224
4.304e-005,0.0355337
4.3044e-005,0.0364514
4.3048e-005,0.0357668
4.3052e-005,0.0359752
4.3056e-005,0.035871
4.306e-005,0.0354196
4.3064e-005,0.0358313
4.3068e-005,0.0357768
4.3072e-005,0.0356974
4.3076e-005,0.0359008
4.308e-005,0.0362431
4.3084e-005,0.0355932
4.3088e-005,0.0361438
4.3092e-005,0.0360893
4.3096e-005,0.0357123
4.31e-005,0.0363621
4.3104e-005,0.0357768
4.3108e-005,0.0355337
4.3112e-005,0.0358859
4.3116e-005,0.0363125
4.312e-005,0.0358909
4.3124e-005,0.0357718
4.3128e-005,0.035871
4.3132e-005,0.0356726
4.3136e-005,0.0356825
4.314e-005,0.0358909
4.3144e-005,0.0362778
4.3148e-005,0.0357569
4.3152e-005,0.0362183
4.3156e-005,0.0352807
4.316e-005,0.0357321
4.3164e-005,0.0357222
4.3168e-005,0.0355039
4.3172e-005,0.0359504
4.3176e-005,0.0354692
4.318e-005,0.0358313
4.3184e-005,0.0353799
4.3188e-005,0.0361984
4.3192e-005,0.0359802
4.3196e-005,0.0358462
4.32e-005,0.0360446
4.3204e-005,0.0359305
4.3208e-005,0.0359752
4.3212e-005,0.0357272
4.3216e-005,0.0353204
4.322e-005,0.0361042
4.3224e-005,0.0363125
4.3228e-005,0.0353105
4.3232e-005,0.0358909
4.3236e-005,0.0360694
4.324e-005,0.0355783
4.3244e-005,0.0360099
4.3248e-005,0.0357619
4.3252e-005,0.0359206
4.3256e-005,0.0365705
4.326e-005,0.0361736
4.3264e-005,0.0363423
4.3268e-005,0.0360397
4.3272e-005,0.0360198
4.3276e-005,0.0365556
4.328e-005,0.0359653
4.3284e-005,0.0358512
4.3288e-005,0.0356726
4.3292e-005,0.0363373
4.3296e-005,0.0360099
4.33e-005,0.0352063
4.3304e-005,0.0358016
4.3308e-005,0.0363472
4.3312e-005,0.0360942
4.3316e-005,0.0360496
4.332e-005,0.0360397
4.3324e-005,0.0360893
4.3328e-005,0.0361438
4.3332e-005,0.0359802
4.3336e-005,0.0360893
4.334e-005,0.0351021
4.3344e-005,0.0358462
4.3348e-005,0.0358561
4.3352e-005,0.0357768
4.3356e-005,0.0360744
4.336e-005,0.0364812
4.3364e-005,0.0354295
4.3368e-005,0.0353998
4.3372e-005,0.0338521
4.3376e-005,0.0327161
4.338e-005,0.0323192
4.3384e-005,0.0311783
4.3388e-005,0.0318728
4.3392e-005,0.0311287
4.3396e-005,0.0245559
4.34e-005,0.0201807
4.3404e-005,0.0196846
4.3408e-005,0.0198681
4.3412e-005,0.0190992
4.3416e-005,0.0194911
4.342e-005,0.0080024
4.3424e-005,0.00127583
4.3428e-005,0.00121135
4.3432e-005,8.52922e-005
4.3436e-005,0.000576391
4.344e-005,0.000640879
4.3444e-005,0.000100174
4.3448e-005,0.00116174
4.3452e-005,0.000338282
4.3456e-005,0.000134898
4.346e-005,0.0107803
4.3464e-005,0.0193374
4.3468e-005,0.0219566
4.3472e-005,0.0249825
4.3476e-005,0.0282515
4.348e-005,0.0301862
4.3484e-005,0.0318777
4.3488e-005,0.0334056
4.3492e-005,0.0355238
4.3496e-005,0.0361835
4.35e-005,0.0371757
4.3504e-005,0.0384356
4.3508e-005,0.0395022
4.3512e-005,0.0400776
4.3516e-005,0.0409804
4.352e-005,0.0411243
4.3524e-005,0.0421065
4.3528e-005,0.0418287
4.3532e-005,0.0428903
4.3536e-005,0.0432474
4.354e-005,0.0435302
4.3544e-005,0.0441701
4.3548e-005,0.0436244
4.3552e-005,0.0445223
4.3556e-005,0.0450134
4.356e-005,0.0447058
4.3564e-005,0.0444429
4.3568e-005,0.0446612
4.3572e-005,0.0450878
4.3576e-005,0.0448894
4.358e-005,0.0453557
4.3584e-005,0.0455591
4.3588e-005,0.0445967
4.3592e-005,0.045192
4.3596e-005,0.0457674
4.36e-005,0.0452217
4.3604e-005,0.0454846
4.3608e-005,0.0458914
4.3612e-005,0.0462188
4.3616e-005,0.045822
4.362e-005,0.0456483
4.3624e-005,0.0455839
4.3628e-005,0.0455243
4.3632e-005,0.045698
4.3636e-005,0.0453557
4.364e-005,0.0460799
4.3644e-005,0.0459757
4.3648e-005,0.0457773
4.3652e-005,0.0460452
4.3656e-005,0.0462684
4.366e-005,0.0461394
4.3664e-005,0.0456087
4.3668e-005,0.0462337
4.3672e-005,0.0458369
4.3676e-005,0.0456087
4.368e-005,0.0465512
4.3684e-005,0.0457972
4.3688e-005,0.0468687
4.3692e-005,0.0457525
4.3696e-005,0.0452465
4.37e-005,0.0466107
4.3704e-005,0.0461345
4.3708e-005,0.0461295
4.3712e-005,0.0464668
4.3716e-005,0.0460601
4.372e-005,0.0458765
4.3724e-005,0.0456087
4.3728e-005,0.0455789
4.3732e-005,0.0455095
4.3736e-005,0.0463131
4.374e-005,0.0457724
4.3744e-005,0.0455095
4.3748e-005,0.0457972
4.3752e-005,0.0458021
4.3756e-005,0.0463428
4.376e-005,0.0461891
4.3764e-005,0.0460998
4.3768e-005,0.0457128
4.3772e-005,0.0461047
4.3776e-005,0.046447
4.378e-005,0.0460303
4.3784e-005,0.0459857
4.3788e-005,0.0463329
4.3792e-005,0.0454846
4.3796e-005,0.0457376
4.38e-005,0.0461345
4.3804e-005,0.0455243
4.3808e-005,0.0464321
4.3812e-005,0.0467843
4.3816e-005,0.0460154
4.382e-005,0.0459757
4.3824e-005,0.0458468
4.3828e-005,0.0453209
4.3832e-005,0.0453904
4.3836e-005,0.0458865
4.384e-005,0.0459361
4.3844e-005,0.0459311
4.3848e-005,0.045693
4.3852e-005,0.0461146
4.3856e-005,0.045946
4.386e-005,0.0462089
4.3864e-005,0.0454251
4.3868e-005,0.0460055
4.3872e-005,0.0459162
4.3876e-005,0.045941
4.388e-005,0.0457724
4.3884e-005,0.0462734
4.3888e-005,0.0459956
4.3892e-005,0.0461146
4.3896e-005,0.046199
4.39e-005,0.0465909
4.3904e-005,0.0460353
4.3908e-005,0.0462982
4.3912e-005,0.0462486
4.3916e-005,0.0461841
4.392e-005,0.0456682
4.3924e-005,0.0458468
4.3928e-005,0.0457823
4.3932e-005,0.045812
4.3936e-005,0.0458319
4.394e-005,0.0465264
4.3944e-005,0.0463131
4.3948e-005,0.0462982
4.3952e-005,0.0460849
4.3956e-005,0.0456583
4.396e-005,0.0463031
4.3964e-005,0.0464619
4.3968e-005,0.0461097
4.3972e-005,0.0458716
4.3976e-005,0.0465313
4.398e-005,0.0460105
4.3984e-005,0.0451622
4.3988e-005,0.0462833
4.3992e-005,0.0455293
4.3996e-005,0.0463776
4.4e-005,0.0466752
4.4004e-005,0.0465512
4.4008e-005,0.0461394
4.4012e-005,0.0471861
4.4016e-005,0.0462734
4.402e-005,0.0464073
4.4024e-005,0.0460849
4.4028e-005,0.046447
4.4032e-005,0.0462883
4.4036e-005,0.0461494
4.404e-005,0.0463379
4.4044e-005,0.0462783
4.4048e-005,0.0460005
4.4052e-005,0.0464668
4.4056e-005,0.0462486
4.406e-005,0.0462585
4.4064e-005,0.0462139
4.4068e-005,0.046075
4.4072e-005,0.0461246
4.4076e-005,0.046065
4.408e-005,0.0458071
4.4084e-005,0.0455888
4.4088e-005,0.0465016
4.4092e-005,0.0465363
4.4096e-005,0.0462188
4.41e-005,0.0464172
4.4104e-005,0.0465909
4.4108e-005,0.046576
4.4112e-005,0.0463577
4.4116e-005,0.0460254
4.412e-005,0.046199
4.4124e-005,0.0465909
4.4128e-005,0.0463776
4.4132e-005,0.0459013
4.4136e-005,0.0452813
4.414e-005,0.0405489
4.4144e-005,0.0386539
4.4148e-005,0.0367044
4.4152e-005,0.0357321
4.4156e-005,0.0355833
4.416e-005,0.0338917
4.4164e-005,0.0256572
4.4168e-005,0.0209396
4.4172e-005,0.0208454
4.4176e-005,0.0193919
4.418e-005,0.0195507
4.4184e-005,0.0183849
4.4188e-005,0.00847862
4.4192e-005,0.00145442
4.4196e-005,0.00153875
4.42e-005,0.000169622
4.4204e-005,0.00098316
4.4208e-005,0.000616076
4.4212e-005,0.000229149
4.4216e-005,0.000695445
4.422e-005,0.000715288
4.4224e-005,-0.000425649
4.4228e-005,0.0103934
4.4232e-005,0.020136
4.4236e-005,0.023792
4.424e-005,0.0273686
4.4244e-005,0.0315404
4.4248e-005,0.0342985
4.4252e-005,0.0364266
4.4256e-005,0.0387382
4.426e-005,0.0395518
4.4264e-005,0.0407225
4.4268e-005,0.0419874
4.4272e-005,0.0435996
4.4276e-005,0.0443536
4.428e-005,0.0452763
4.4284e-005,0.0466157
4.4288e-005,0.0472903
4.4292e-005,0.047449
4.4296e-005,0.048332
4.43e-005,0.0490315
4.4304e-005,0.0489025
4.4308e-005,0.0498004
4.4312e-005,0.0501873
4.4316e-005,0.0505296
4.432e-005,0.0507726
4.4324e-005,0.0504849
4.4328e-005,0.0509611
4.4332e-005,0.0512588
4.4336e-005,0.0517548
4.434e-005,0.0522955
4.4344e-005,0.0515713
4.4348e-005,0.0518838
4.4352e-005,0.051988
4.4356e-005,0.0518441
4.436e-005,0.0535506
4.4364e-005,0.0528511
4.4368e-005,0.052618
4.4372e-005,0.0534018
4.4376e-005,0.052618
4.438e-005,0.0532827
4.4384e-005,0.0534613
4.4388e-005,0.0536597
4.4392e-005,0.0540318
4.4396e-005,0.0535208
4.44e-005,0.0537837
4.4404e-005,0.0532331
4.4408e-005,0.0539673
4.4412e-005,0.0539325
4.4416e-005,0.0533918
4.442e-005,0.0534018
4.4424e-005,0.053114
4.4428e-005,0.0535605
4.4432e-005,0.0540466
4.4436e-005,0.053625
4.444e-005,0.0536051
4.4444e-005,0.0534067
4.4448e-005,0.0545278
4.4452e-005,0.0535407
4.4456e-005,0.0540764
4.446e-005,0.053997
4.4464e-005,0.0537242
4.4468e-005,0.0536349
4.4472e-005,0.0544683
4.4476e-005,0.0546022
4.448e-005,0.0535803
4.4484e-005,0.0536795
4.4488e-005,0.0539177
4.4492e-005,0.0541806
4.4496e-005,0.0546419
4.45e-005,0.0542302
4.4504e-005,0.0540169
4.4508e-005,0.0542798
4.4512e-005,0.0542649
4.4516e-005,0.0537986
4.452e-005,0.0544038
4.4524e-005,0.0535456
4.4528e-005,0.0539673
4.4532e-005,0.0547163
4.4536e-005,0.0548155
4.454e-005,0.053625
4.4544e-005,0.0545725
4.4548e-005,0.0542054
4.4552e-005,0.0545477
4.4556e-005,0.0546171
4.456e-005,0.0539127
4.4564e-005,0.0544385
4.4568e-005,0.0545774
4.4572e-005,0.0539375
4.4576e-005,0.0547064
4.458e-005,0.0537788
4.4584e-005,0.0544931
4.4588e-005,0.055004
4.4592e-005,0.0545278
4.4596e-005,0.054121
4.46e-005,0.0548205
4.4604e-005,0.0542649
4.4608e-005,0.0547114
4.4612e-005,0.054131
4.4616e-005,0.0543988
4.462e-005,0.0543492
4.4624e-005,0.0543046
4.4628e-005,0.0546518
4.4632e-005,0.0543393
4.4636e-005,0.0549247
4.464e-005,0.0547659
4.4644e-005,0.0545377
4.4648e-005,0.0541359
4.4652e-005,0.0540615
4.4656e-005,0.0535258
4.466e-005,0.0537292
4.4664e-005,0.0544534
4.4668e-005,0.0538135
4.4672e-005,0.0540665
4.4676e-005,0.0539821
4.468e-005,0.0540566
4.4684e-005,0.054131
4.4688e-005,0.05425
4.4692e-005,0.0541558
4.4696e-005,0.0543889
4.47e-005,0.0535407
4.4704e-005,0.0542054
4.4708e-005,0.0547362
4.4712e-005,0.0541161
4.4716e-005,0.0539821
4.472e-005,0.0535903
4.4724e-005,0.05425
4.4728e-005,0.0541062
4.4732e-005,0.0538978
4.4736e-005,0.0541806
4.474e-005,0.0542351
4.4744e-005,0.0540169
4.4748e-005,0.0538581
4.4752e-005,0.0538383
4.4756e-005,0.0540962
4.476e-005,0.0544336
4.4764e-005,0.0540615
4.4768e-005,0.0541806
4.4772e-005,0.0538532
4.4776e-005,0.0541756
4.478e-005,0.0544137
4.4784e-005,0.0544038
4.4788e-005,0.0540566
4.4792e-005,0.0542302
4.4796e-005,0.0541706
4.48e-005,0.0540566
4.4804e-005,0.0541855
4.4808e-005,0.0548354
4.4812e-005,0.0543145
4.4816e-005,0.0541657
4.482e-005,0.0543939
4.4824e-005,0.054503
4.4828e-005,0.0542798
4.4832e-005,0.0541508
4.4836e-005,0.0542451
4.484e-005,0.0541558
4.4844e-005,0.0546617
4.4848e-005,0.0541012
4.4852e-005,0.0543145
4.4856e-005,0.054126
4.486e-005,0.054498
4.4864e-005,0.0541607
4.4868e-005,0.0532529
4.4872e-005,0.0538234
4.4876e-005,0.0544286
4.488e-005,0.0544336
4.4884e-005,0.0542947
4.4888e-005,0.0545427
4.4892e-005,0.0545129
4.4896e-005,0.0547213
4.49e-005,0.0544385
4.4904e-005,0.0527172
4.4908e-005,0.0460849
4.4912e-005,0.042037
4.4916e-005,0.0387283
4.492e-005,0.0375824
4.4924e-005,0.0366101
4.4928e-005,0.0359504
4.4932e-005,0.0261185
4.4936e-005,0.021902
4.494e-005,0.0204386
4.4944e-005,0.0205825
4.4948e-005,0.0186726
4.4952e-005,0.0185486
4.4956e-005,0.00767004
4.496e-005,0.00124607
4.4964e-005,0.00164788
4.4968e-005,0.000764894
4.4972e-005,0.000933554
4.4976e-005,0.00123615
4.498e-005,0.00113198
4.4984e-005,0.000809539
4.4988e-005,0.000908751
4.4992e-005,-0.000128013
4.4996e-005,0.0114947
4.5e-005,0.0196152
4.5004e-005,0.0202005
4.5008e-005,0.0216093
4.5012e-005,0.022656
4.5016e-005,0.0227354
4.502e-005,0.0231719
4.5024e-005,0.0241293
4.5028e-005,0.024417
4.5032e-005,0.0252256
4.5036e-005,0.0248139
4.504e-005,0.0254438
4.5044e-005,0.0259101
4.5048e-005,0.0270759
4.5052e-005,0.02656
4.5056e-005,0.0266741
4.506e-005,0.0271453
4.5064e-005,0.0266493
4.5068e-005,0.0261582
4.5072e-005,0.0271999
4.5076e-005,0.0269618
4.508e-005,0.0266443
4.5084e-005,0.0268031
4.5088e-005,0.0266542
4.5092e-005,0.0267683
4.5096e-005,0.0263516
4.51e-005,0.0270858
4.5104e-005,0.0261334
4.5108e-005,0.0263616
4.5112e-005,0.0266096
4.5116e-005,0.0267733
4.512e-005,0.0264657
4.5124e-005,0.0263715
4.5128e-005,0.0265054
4.5132e-005,0.0267435
4.5136e-005,0.0265699
4.514e-005,0.0261185
4.5144e-005,0.0264161
4.5148e-005,0.0264955
4.5152e-005,0.0262723
4.5156e-005,0.0265798
4.516e-005,0.0263368
4.5164e-005,0.026183
4.5168e-005,0.026183
4.5172e-005,0.0260738
4.5176e-005,0.0260986
4.518e-005,0.0263665
4.5184e-005,0.0259796
4.5188e-005,0.0264806
4.5192e-005,0.0255976
4.5196e-005,0.0259002
4.52e-005,0.0259846
4.5204e-005,0.0262772
4.5208e-005,0.0256869
4.5212e-005,0.0254637
4.5216e-005,0.0259002
4.522e-005,0.0263516
4.5224e-005,0.0261731
4.5228e-005,0.0264757
4.5232e-005,0.026054
4.5236e-005,0.0257167
4.524e-005,0.0262276
4.5244e-005,0.0254935
4.5248e-005,0.0257961
4.5252e-005,0.0262623
4.5256e-005,0.0255579
4.526e-005,0.0263467
4.5264e-005,0.025801
4.5268e-005,0.0260738
4.5272e-005,0.0254786
4.5276e-005,0.025801
4.528e-005,0.0260391
4.5284e-005,0.0257117
4.5288e-005,0.0260143
4.5292e-005,0.0253893
4.5296e-005,0.0262723
4.53e-005,0.0254538
4.5304e-005,0.0256621
4.5308e-005,0.0257961
4.5312e-005,0.0257365
4.5316e-005,0.0257464
4.532e-005,0.0261681
4.5324e-005,0.0263169
4.5328e-005,0.02593
4.5332e-005,0.0259994
4.5336e-005,0.0260441
4.534e-005,0.0257613
4.5344e-005,0.0258357
4.5348e-005,0.0260342
4.5352e-005,0.0257216
4.5356e-005,0.025176
4.536e-005,0.0265501
4.5364e-005,0.0255381
4.5368e-005,0.0260639
4.5372e-005,0.0264211
4.5376e-005,0.0263268
4.538e-005,0.0257911
4.5384e-005,0.0258506
4.5388e-005,0.0259399
4.5392e-005,0.0261284
4.5396e-005,0.0269023
4.54e-005,0.0263467
4.5404e-005,0.0266046
4.5408e-005,0.0262177
4.5412e-005,0.0265153
4.5416e-005,0.0259349
4.542e-005,0.0263764
4.5424e-005,0.0270709
4.5428e-005,0.0268031
4.5432e-005,0.0265451
4.5436e-005,0.0260887
4.544e-005,0.0263318
4.5444e-005,0.0263715
4.5448e-005,0.0258655
4.5452e-005,0.0262574
4.5456e-005,0.0266394
4.546e-005,0.0260887
4.5464e-005,0.0258705
4.5468e-005,0.0259598
4.5472e-005,0.0260887
4.5476e-005,0.0259945
4.548e-005,0.0265005
4.5484e-005,0.0257911
4.5488e-005,0.0259895
4.5492e-005,0.0263665
4.5496e-005,0.0263318
4.55e-005,0.0254786
4.5504e-005,0.0258655
4.5508e-005,0.0252702
4.5512e-005,0.0260788
4.5516e-005,0.0258804
4.552e-005,0.0255927
4.5524e-005,0.0255232
4.5528e-005,0.0262326
4.5532e-005,0.025305
4.5536e-005,0.0261234
4.554e-005,0.0262822
4.5544e-005,0.0257762
4.5548e-005,0.0257415
4.5552e-005,0.0255579
4.5556e-005,0.0253496
4.556e-005,0.0257861
4.5564e-005,0.025806
4.5568e-005,0.0255431
4.5572e-005,0.025429
4.5576e-005,0.026059
4.558e-005,0.0263417
4.5584e-005,0.0261234
4.5588e-005,0.0269271
4.5592e-005,0.0261383
4.5596e-005,0.0262127
4.56e-005,0.025801
4.5604e-005,0.0262673
4.5608e-005,0.0261234
4.5612e-005,0.0259498
4.5616e-005,0.0259548
4.562e-005,0.0259746
4.5624e-005,0.0265947
4.5628e-005,0.0260689
4.5632e-005,0.0264657
4.5636e-005,0.0261284
4.564e-005,0.0261532
4.5644e-005,0.0261483
4.5648e-005,0.0260044
4.5652e-005,0.0257316
4.5656e-005,0.0256472
4.566e-005,0.02656
4.5664e-005,0.0260342
4.5668e-005,0.0255282
4.5672e-005,0.0257464
4.5676e-005,0.026431
4.568e-005,0.0262871
4.5684e-005,0.0265401
4.5688e-005,0.0269221
4.5692e-005,0.0269023
4.5696e-005,0.0267534
4.57e-005,0.0224228
4.5704e-005,0.0198285
4.5708e-005,0.0197193
4.5712e-005,0.0195308
4.5716e-005,0.0187371
4.572e-005,0.0182311
4.5724e-005,0.00852822
4.5728e-005,0.00186118
4.5732e-005,0.000759933
4.5736e-005,-0.00018258
4.574e-005,0.000308519
4.5744e-005,0.000869066
4.5748e-005,0.000184504
4.5752e-005,0.000586312
4.5756e-005,0.000343243
4.576e-005,0.000576391
4.5764e-005,0.0109391
4.5768e-005,0.0192381
4.5772e-005,0.0209843
4.5776e-005,0.0228594
4.578e-005,0.0248783
4.5784e-005,0.0266394
4.5788e-005,0.0271007
4.5792e-005,0.0292635
4.5796e-005,0.0299878
4.58e-005,0.0308063
4.5804e-005,0.0317438
4.5808e-005,0.0326962
4.5812e-005,0.0320712
4.5816e-005,0.0335594
4.582e-005,0.0343332
4.5824e-005,0.0345465
4.5828e-005,0.0342787
4.5832e-005,0.0345862
4.5836e-005,0.035375
4.584e-005,0.0357024
4.5844e-005,0.0358859
4.5848e-005,0.0353551
4.5852e-005,0.036119
4.5856e-005,0.0355585
4.586e-005,0.0358859
4.5864e-005,0.0359157
4.5868e-005,0.0356329
4.5872e-005,0.0366151
4.5876e-005,0.0353601
4.588e-005,0.0358065
4.5884e-005,0.0356726
4.5888e-005,0.0362679
4.5892e-005,0.0360744
4.5896e-005,0.0359355
4.59e-005,0.0357024
4.5904e-005,0.0355982
4.5908e-005,0.0359405
4.5912e-005,0.0355783
4.5916e-005,0.0363572
4.592e-005,0.0355932
4.5924e-005,0.035871
4.5928e-005,0.0357024
4.5932e-005,0.036124
4.5936e-005,0.036382
4.594e-005,0.035871
4.5944e-005,0.0359057
4.5948e-005,0.0357916
4.5952e-005,0.0361389
4.5956e-005,0.0358065
4.596e-005,0.0359157
4.5964e-005,0.0354196
4.5968e-005,0.0353452
4.5972e-005,0.0360248
4.5976e-005,0.0356428
4.598e-005,0.035742
4.5984e-005,0.0356726
4.5988e-005,0.0357966
4.5992e-005,0.0359157
4.5996e-005,0.0354196
4.6e-005,0.0350724
4.6004e-005,0.0357321
4.6008e-005,0.0358809
4.6012e-005,0.0354841
4.6016e-005,0.035623
4.602e-005,0.0356081
4.6024e-005,0.0355387
4.6028e-005,0.0351468
4.6032e-005,0.0355982
4.6036e-005,0.0352212
4.604e-005,0.0362331
4.6044e-005,0.0357718
4.6048e-005,0.0358561
4.6052e-005,0.0355089
4.6056e-005,0.035494
4.606e-005,0.0355287
4.6064e-005,0.0348938
4.6068e-005,0.0348789
4.6072e-005,0.0353502
4.6076e-005,0.035742
4.608e-005,0.0355932
4.6084e-005,0.0355387
4.6088e-005,0.0350228
4.6092e-005,0.0364961
4.6096e-005,0.0355287
4.61e-005,0.0357768
4.6104e-005,0.0356875
4.6108e-005,0.0359802
4.6112e-005,0.0356924
4.6116e-005,0.0362183
4.612e-005,0.035742
4.6124e-005,0.0360893
4.6128e-005,0.0359355
4.6132e-005,0.0356676
4.6136e-005,0.0358809
4.614e-005,0.0355684
4.6144e-005,0.0354692
4.6148e-005,0.0357024
4.6152e-005,0.035747
4.6156e-005,0.0352559
4.616e-005,0.0358462
4.6164e-005,0.0359355
4.6168e-005,0.0350674
4.6172e-005,0.0356279
4.6176e-005,0.035494
4.618e-005,0.0355585
4.6184e-005,0.0357222
4.6188e-005,0.0356329
4.6192e-005,0.0356577
4.6196e-005,0.0357371
4.62e-005,0.0359702
4.6204e-005,0.0358065
4.6208e-005,0.0355486
4.6212e-005,0.0355734
4.6216e-005,0.0355039
4.622e-005,0.0358363
4.6224e-005,0.0363373
4.6228e-005,0.0358809
4.6232e-005,0.0350525
4.6236e-005,0.0357817
4.624e-005,0.0354295
4.6244e-005,0.0359157
4.6248e-005,0.0354593
4.6252e-005,0.0352757
4.6256e-005,0.0354146
4.626e-005,0.0352658
4.6264e-005,0.0357867
4.6268e-005,0.0355833
4.6272e-005,0.0359702
4.6276e-005,0.0353948
4.628e-005,0.0351319
4.6284e-005,0.035742
4.6288e-005,0.0359553
4.6292e-005,0.0351815
4.6296e-005,0.0353254
4.63e-005,0.0356081
4.6304e-005,0.0357966
4.6308e-005,0.0359802
4.6312e-005,0.0356577
4.6316e-005,0.035742
4.632e-005,0.0354246
4.6324e-005,0.0352609
4.6328e-005,0.0347202
4.6332e-005,0.0351914
4.6336e-005,0.0355287
4.634e-005,0.0354593
4.6344e-005,0.0359752
4.6348e-005,0.0356379
4.6352e-005,0.0361141
4.6356e-005,0.0355089
4.636e-005,0.0356974
4.6364e-005,0.0358264
4.6368e-005,0.0352311
4.6372e-005,0.0352063
4.6376e-005,0.0352708
4.638e-005,0.0349186
4.6384e-005,0.0355783
4.6388e-005,0.0354295
4.6392e-005,0.0347202
4.6396e-005,0.0357123
4.64e-005,0.0356577
4.6404e-005,0.035747
4.6408e-005,0.0354097
4.6412e-005,0.0355883
4.6416e-005,0.0356776
4.642e-005,0.0356478
4.6424e-005,0.0356478
4.6428e-005,0.0355039
4.6432e-005,0.0358611
4.6436e-005,0.0348194
4.644e-005,0.0349483
4.6444e-005,0.0337231
4.6448e-005,0.0322746
4.6452e-005,0.0316843
4.6456e-005,0.0313718
4.646e-005,0.0313668
4.6464e-005,0.0308955
4.6468e-005,0.0238366
4.6472e-005,0.0199425
4.6476e-005,0.0199326
4.648e-005,0.0198086
4.6484e-005,0.0192778
4.6488e-005,0.0186131
4.6492e-005,0.00743689
4.6496e-005,0.00149906
4.65e-005,0.00073513
4.6504e-005,0.000258913
4.6508e-005,0.000169622
4.6512e-005,0.00057143
4.6516e-005,0.000730169
4.652e-005,0.000665682
4.6524e-005,0.00056647
4.6528e-005,-0.000395885
4.6532e-005,0.0102992
4.6536e-005,0.0204386
4.654e-005,0.0216391
4.6544e-005,0.0243525
4.6548e-005,0.0282019
4.6552e-005,0.0301961
4.6556e-005,0.0313122
4.656e-005,0.0337677
4.6564e-005,0.0355783
4.6568e-005,0.0363324
4.6572e-005,0.037756
4.6576e-005,0.0391252
4.658e-005,0.0395667
4.6584e-005,0.040152
4.6588e-005,0.0405241
4.6592e-005,0.0417543
4.6596e-005,0.0422355
4.66e-005,0.0426323
4.6604e-005,0.0437088
4.6608e-005,0.0431978
4.6612e-005,0.043297
4.6616e-005,0.0435897
4.662e-005,0.0443784
4.6624e-005,0.0437484
4.6628e-005,0.0456434
4.6632e-005,0.0448199
4.6636e-005,0.0445868
4.664e-005,0.0454251
4.6644e-005,0.0455888
4.6648e-005,0.0455442
4.6652e-005,0.045187
4.6656e-005,0.0455789
4.666e-005,0.0451969
4.6664e-005,0.0457376
4.6668e-005,0.0455541
4.6672e-005,0.045192
4.6676e-005,0.0459361
4.668e-005,0.0457079
4.6684e-005,0.0460948
4.6688e-005,0.0450779
4.6692e-005,0.0462833
4.6696e-005,0.0457327
4.67e-005,0.0457327
4.6704e-005,0.0452019
4.6708e-005,0.0458071
4.6712e-005,0.0458319
4.6716e-005,0.0457277
4.672e-005,0.0456632
4.6724e-005,0.0462287
4.6728e-005,0.0456434
4.6732e-005,0.0455194
4.6736e-005,0.0460204
4.674e-005,0.045063
4.6744e-005,0.0457872
4.6748e-005,0.046194
4.6752e-005,0.0467744
4.6756e-005,0.0459609
4.676e-005,0.0460551
4.6764e-005,0.0451424
4.6768e-005,0.045569
4.6772e-005,0.045564
4.6776e-005,0.045822
4.678e-005,0.0455491
4.6784e-005,0.0456335
4.6788e-005,0.0455739
4.6792e-005,0.0456732
4.6796e-005,0.0458021
4.68e-005,0.0457327
4.6804e-005,0.0455789
4.6808e-005,0.0456285
4.6812e-005,0.0457128
4.6816e-005,0.0456087
4.682e-005,0.0461444
4.6824e-005,0.046199
4.6828e-005,0.0455541
4.6832e-005,0.046194
4.6836e-005,0.045698
4.684e-005,0.0458319
4.6844e-005,0.045693
4.6848e-005,0.0467
4.6852e-005,0.0454549
4.6856e-005,0.0458369
4.686e-005,0.0458021
4.6864e-005,0.0458617
4.6868e-005,0.0457724
4.6872e-005,0.045564
4.6876e-005,0.0453209
4.688e-005,0.0457922
4.6884e-005,0.0458468
4.6888e-005,0.045435
4.6892e-005,0.0456384
4.6896e-005,0.0464321
4.69e-005,0.045445
4.6904e-005,0.045941
4.6908e-005,0.0455243
4.6912e-005,0.0451821
4.6916e-005,0.0461692
4.692e-005,0.0454549
4.6924e-005,0.0456434
4.6928e-005,0.0454896
4.6932e-005,0.045445
4.6936e-005,0.0456087
4.694e-005,0.0464073
4.6944e-005,0.0456632
4.6948e-005,0.0454003
4.6952e-005,0.0458369
4.6956e-005,0.045822
4.696e-005,0.0453458
4.6964e-005,0.045817
4.6968e-005,0.0457327
4.6972e-005,0.0459212
4.6976e-005,0.0459906
4.698e-005,0.0451969
4.6984e-005,0.0452713
4.6988e-005,0.0456285
4.6992e-005,0.0456781
4.6996e-005,0.045316
4.7e-005,0.0457476
4.7004e-005,0.0460849
4.7008e-005,0.0456087
4.7012e-005,0.0460799
4.7016e-005,0.0465165
4.702e-005,0.0450828
4.7024e-005,0.0456583
4.7028e-005,0.0451969
4.7032e-005,0.0456186
4.7036e-005,0.0458418
4.704e-005,0.0466504
4.7044e-005,0.0459807
4.7048e-005,0.0466504
4.7052e-005,0.0460005
4.7056e-005,0.0455938
4.706e-005,0.0460005
4.7064e-005,0.0462883
4.7068e-005,0.0450382
4.7072e-005,0.046452
4.7076e-005,0.0458964
4.708e-005,0.0460601
4.7084e-005,0.046065
4.7088e-005,0.0457525
4.7092e-005,0.04607
4.7096e-005,0.0467248
4.71e-005,0.0466901
4.7104e-005,0.0460452
4.7108e-005,0.046452
4.7112e-005,0.0462883
4.7116e-005,0.0458369
4.712e-005,0.0465115
4.7124e-005,0.0461444
4.7128e-005,0.0459807
4.7132e-005,0.0460154
4.7136e-005,0.0468736
4.714e-005,0.0459708
4.7144e-005,0.0463279
4.7148e-005,0.0456335
4.7152e-005,0.0456583
4.7156e-005,0.046705
4.716e-005,0.0461692
4.7164e-005,0.0460005
4.7168e-005,0.0466454
4.7172e-005,0.0458865
4.7176e-005,0.0461444
4.718e-005,0.0464371
4.7184e-005,0.0462635
4.7188e-005,0.045812
4.7192e-005,0.0466603
4.7196e-005,0.0462188
4.72e-005,0.0464123
4.7204e-005,0.0459906
4.7208e-005,0.0451771
4.7212e-005,0.0403604
4.7216e-005,0.0379346
4.722e-005,0.0360298
4.7224e-005,0.0354047
4.7228e-005,0.0352708
4.7232e-005,0.0338521
4.7236e-005,0.0253298
4.724e-005,0.0211182
4.7244e-005,0.0197838
4.7248e-005,0.0192679
4.7252e-005,0.0191389
4.7256e-005,0.0186082
4.726e-005,0.00834468
4.7264e-005,0.00165284
4.7268e-005,0.00128576
4.7272e-005,0.000174583
4.7276e-005,0.00057143
4.728e-005,0.000531746
4.7284e-005,0.000110095
4.7288e-005,0.000844263
4.7292e-005,0.000814499
4.7296e-005,-0.000450452
4.73e-005,0.0112417
4.7304e-005,0.019764
4.7308e-005,0.0232215
4.7312e-005,0.0272049
4.7316e-005,0.0307368
4.732e-005,0.0339711
4.7324e-005,0.0357668
4.7328e-005,0.038133
4.7332e-005,0.0391797
4.7336e-005,0.0405985
4.734e-005,0.0418436
4.7344e-005,0.0436095
4.7348e-005,0.0439568
4.7352e-005,0.0443636
4.7356e-005,0.0458418
4.736e-005,0.0466603
4.7364e-005,0.0473399
4.7368e-005,0.0485701
4.7372e-005,0.0490265
4.7376e-005,0.0488231
4.738e-005,0.0492745
4.7384e-005,0.0500534
4.7388e-005,0.0500434
4.7392e-005,0.0497458
4.7396e-005,0.0511645
4.74e-005,0.0511744
4.7404e-005,0.0515316
4.7408e-005,0.0516556
4.7412e-005,0.0518144
4.7416e-005,0.0518144
4.742e-005,0.0515812
4.7424e-005,0.0519285
4.7428e-005,0.0524692
4.7432e-005,0.0519533
4.7436e-005,0.052107
4.744e-005,0.0526676
4.7444e-005,0.0525088
4.7448e-005,0.0529156
4.7452e-005,0.0522459
4.7456e-005,0.0535506
4.746e-005,0.0536002
4.7464e-005,0.052737
4.7468e-005,0.0523104
4.7472e-005,0.0533224
4.7476e-005,0.053119
4.748e-005,0.052871
4.7484e-005,0.0535605
4.7488e-005,0.0531785
4.7492e-005,0.0529999
4.7496e-005,0.0538482
4.75e-005,0.0538234
4.7504e-005,0.052871
4.7508e-005,0.0537986
4.7512e-005,0.0536002
4.7516e-005,0.0538631
4.752e-005,0.0531388
4.7524e-005,0.0535357
4.7528e-005,0.0539127
4.7532e-005,0.0537391
4.7536e-005,0.0527618
4.754e-005,0.0536994
4.7544e-005,0.0539425
4.7548e-005,0.0531041
4.7552e-005,0.0529454
4.7556e-005,0.0526924
4.756e-005,0.0536399
4.7564e-005,0.0534563
4.7568e-005,0.0542302
4.7572e-005,0.053749
4.7576e-005,0.0541111
4.758e-005,0.053119
4.7584e-005,0.0535506
4.7588e-005,0.0537044
4.7592e-005,0.0540218
4.7596e-005,0.0537391
4.76e-005,0.0547064
4.7604e-005,0.0542351
4.7608e-005,0.0531488
4.7612e-005,0.053878
4.7616e-005,0.0529652
4.762e-005,0.0531537
4.7624e-005,0.0538284
4.7628e-005,0.0540615
4.7632e-005,0.0536399
4.7636e-005,0.0535754
4.764e-005,0.0537192
4.7644e-005,0.0531984
4.7648e-005,0.0535506
4.7652e-005,0.0537044
4.7656e-005,0.0538432
4.766e-005,0.0532777
4.7664e-005,0.0538432
4.7668e-005,0.0538036
4.7672e-005,0.0542004
4.7676e-005,0.0539177
4.768e-005,0.0544088
4.7684e-005,0.054002
4.7688e-005,0.0534365
4.7692e-005,0.0542004
4.7696e-005,0.0536399
4.77e-005,0.0541508
4.7704e-005,0.0541756
4.7708e-005,0.053749
4.7712e-005,0.0538135
4.7716e-005,0.0535258
4.772e-005,0.0532976
4.7724e-005,0.0539177
4.7728e-005,0.0540417
4.7732e-005,0.0541558
4.7736e-005,0.0538184
4.774e-005,0.0534414
4.7744e-005,0.0533918
4.7748e-005,0.0545278
4.7752e-005,0.0536845
4.7756e-005,0.0538234
4.776e-005,0.0534414
4.7764e-005,0.0543641
4.7768e-005,0.054255
4.7772e-005,0.0542004
4.7776e-005,0.0537143
4.778e-005,0.0539375
4.7784e-005,0.0539127
4.7788e-005,0.053625
4.7792e-005,0.0539028
4.7796e-005,0.054131
4.78e-005,0.0538829
4.7804e-005,0.0536647
4.7808e-005,0.0542252
4.7812e-005,0.0543691
4.7816e-005,0.0542252
4.782e-005,0.0538929
4.7824e-005,0.0539722
4.7828e-005,0.0541806
4.7832e-005,0.0542897
4.7836e-005,0.0541359
4.784e-005,0.0542302
4.7844e-005,0.0538631
4.7848e-005,0.0532629
4.7852e-005,0.0542649
4.7856e-005,0.0537986
4.786e-005,0.0545129
4.7864e-005,0.0543492
4.7868e-005,0.0538929
4.7872e-005,0.054002
4.7876e-005,0.0539226
4.788e-005,0.0538085
4.7884e-005,0.0539772
4.7888e-005,0.0539375
4.7892e-005,0.0545427
4.7896e-005,0.0544236
4.79e-005,0.0543095
4.7904e-005,0.0538879
4.7908e-005,0.0548354
4.7912e-005,0.0537738
4.7916e-005,0.0536498
4.792e-005,0.0544484
4.7924e-005,0.0538383
4.7928e-005,0.054131
4.7932e-005,0.0531289
4.7936e-005,0.0545873
4.794e-005,0.0541756
4.7944e-005,0.0544336
4.7948e-005,0.0542847
4.7952e-005,0.0541706
4.7956e-005,0.0541657
4.796e-005,0.0540615
4.7964e-005,0.0540863
4.7968e-005,0.0541806
4.7972e-005,0.0534067
4.7976e-005,0.0525138
4.798e-005,0.045812
4.7984e-005,0.0408812
4.7988e-005,0.0388623
4.7992e-005,0.0370417
4.7996e-005,0.0368086
4.8e-005,0.0355337
4.8004e-005,0.0256621
4.8008e-005,0.0212273
4.8012e-005,0.0205775
4.8016e-005,0.0200318
4.802e-005,0.0194366
4.8024e-005,0.0196201
4.8028e-005,0.00909373
4.8032e-005,0.00190583
4.8036e-005,0.00140481
4.804e-005,0.000437494
4.8044e-005,0.00117662
4.8048e-005,0.000660721
4.8052e-005,0.000561509
4.8056e-005,0.000933554
4.806e-005,0.000447416
4.8064e-005,-0.000252028
4.8068e-005,0.0115046
4.8072e-005,0.0188314
4.8076e-005,0.0194068
4.808e-005,0.021272
4.8084e-005,0.0222244
4.8088e-005,0.0234001
4.8092e-005,0.0231024
4.8096e-005,0.0248535
4.81e-005,0.0249081
4.8104e-005,0.024412
4.8108e-005,0.0248089
4.8112e-005,0.0257117
4.8116e-005,0.0262078
4.812e-005,0.0257216
4.8124e-005,0.0264062
4.8128e-005,0.0259151
4.8132e-005,0.0259895
4.8136e-005,0.0255877
4.814e-005,0.026937
4.8144e-005,0.0259548
4.8148e-005,0.026183
4.8152e-005,0.0270114
4.8156e-005,0.0261532
4.816e-005,0.0258953
4.8164e-005,0.0264062
4.8168e-005,0.0266344
4.8172e-005,0.0253
4.8176e-005,0.0263616
4.818e-005,0.0261582
4.8184e-005,0.0259399
4.8188e-005,0.0261582
4.8192e-005,0.0259498
4.8196e-005,0.0262971
4.82e-005,0.0265749
4.8204e-005,0.0265848
4.8208e-005,0.0255976
4.8212e-005,0.026054
4.8216e-005,0.0259548
4.822e-005,0.0258457
4.8224e-005,0.0256572
4.8228e-005,0.0257613
4.8232e-005,0.0254042
4.8236e-005,0.0263913
4.824e-005,0.0258853
4.8244e-005,0.0260639
4.8248e-005,0.0261036
4.8252e-005,0.0261383
4.8256e-005,0.0259846
4.826e-005,0.0263963
4.8264e-005,0.0261483
4.8268e-005,0.0259647
4.8272e-005,0.026555
4.8276e-005,0.0261036
4.828e-005,0.0253942
4.8284e-005,0.0261086
4.8288e-005,0.0260639
4.8292e-005,0.025047
4.8296e-005,0.025806
4.83e-005,0.0258804
4.8304e-005,0.0257564
4.8308e-005,0.025925
4.8312e-005,0.0256869
4.8316e-005,0.0253149
4.832e-005,0.0259548
4.8324e-005,0.0262822
4.8328e-005,0.0253546
4.8332e-005,0.0249379
4.8336e-005,0.0259201
4.834e-005,0.0257712
4.8344e-005,0.0260094
4.8348e-005,0.0261979
4.8352e-005,0.0257365
4.8356e-005,0.025682
4.836e-005,0.0262375
4.8364e-005,0.0259796
4.8368e-005,0.0259598
4.8372e-005,0.0265104
4.8376e-005,0.0263913
4.838e-005,0.026302
4.8384e-005,0.0260143
4.8388e-005,0.0255232
4.8392e-005,0.0255331
4.8396e-005,0.0260788
4.84e-005,0.0252504
4.8404e-005,0.0258457
4.8408e-005,0.0263665
4.8412e-005,0.0261879
4.8416e-005,0.0255083
4.842e-005,0.0259052
4.8424e-005,0.0250569
4.8428e-005,0.0256423
4.8432e-005,0.025801
4.8436e-005,0.0261483
4.844e-005,0.0260292
4.8444e-005,0.026054
4.8448e-005,0.0253546
4.8452e-005,0.0255629
4.8456e-005,0.0260838
4.846e-005,0.0263864
4.8464e-005,0.0254042
4.8468e-005,0.0249428
4.8472e-005,0.0261979
4.8476e-005,0.0255133
4.848e-005,0.0254736
4.8484e-005,0.025806
4.8488e-005,0.0254389
4.8492e-005,0.0258655
4.8496e-005,0.0256671
4.85e-005,0.0259796
4.8504e-005,0.0266989
4.8508e-005,0.0261334
4.8512e-005,0.0252603
4.8516e-005,0.0252305
4.852e-005,0.0258705
4.8524e-005,0.0253397
4.8528e-005,0.0256125
4.8532e-005,0.0252107
4.8536e-005,0.025042
4.854e-005,0.0256423
4.8544e-005,0.0256274
4.8548e-005,0.0259846
4.8552e-005,0.0262723
4.8556e-005,0.0259846
4.856e-005,0.0258556
4.8564e-005,0.0258308
4.8568e-005,0.0259052
4.8572e-005,0.0264012
4.8576e-005,0.0264707
4.858e-005,0.0257762
4.8584e-005,0.0259945
4.8588e-005,0.0255679
4.8592e-005,0.0256075
4.8596e-005,0.0255282
4.86e-005,0.0258258
4.8604e-005,0.025419
4.8608e-005,0.0252305
4.8612e-005,0.0253149
4.8616e-005,0.0257911
4.862e-005,0.0252901
4.8624e-005,0.0262028
4.8628e-005,0.0258308
4.8632e-005,0.0258357
4.8636e-005,0.0261135
4.864e-005,0.0258903
4.8644e-005,0.0255183
4.8648e-005,0.0258407
4.8652e-005,0.0252405
4.8656e-005,0.0261334
4.866e-005,0.0258407
4.8664e-005,0.0259151
4.8668e-005,0.0264806
4.8672e-005,0.0264112
4.8676e-005,0.0256572
4.868e-005,0.0253595
4.8684e-005,0.0253893
4.8688e-005,0.0255728
4.8692e-005,0.0252801
4.8696e-005,0.0252553
4.87e-005,0.0259598
4.8704e-005,0.0258853
4.8708e-005,0.0259498
4.8712e-005,0.0260242
4.8716e-005,0.0262871
4.872e-005,0.0263169
4.8724e-005,0.0256026
4.8728e-005,0.0264558
4.8732e-005,0.0258754
4.8736e-005,0.0263318
4.874e-005,0.024923
4.8744e-005,0.0251859
4.8748e-005,0.0259895
4.8752e-005,0.0259796
4.8756e-005,0.0255877
4.876e-005,0.0261383
4.8764e-005,0.0268179
4.8768e-005,0.0266741
4.8772e-005,0.0214258
4.8776e-005,0.0202699
4.878e-005,0.0191836
4.8784e-005,0.0194018
4.8788e-005,0.0191637
4.8792e-005,0.0180724
4.8796e-005,0.00779902
4.88e-005,0.00131056
4.8804e-005,0.00138993
4.8808e-005,-0.000207383
4.8812e-005,0.00039781
4.8816e-005,0.00117662
4.882e-005,0.000328361
4.8824e-005,0.000467258
4.8828e-005,0.0006508
4.8832e-005,-8.95912e-006
4.8836e-005,0.0109936
4.884e-005,0.0195209
4.8844e-005,0.0210984
4.8848e-005,0.0225865
4.8852e-005,0.0251611
4.8856e-005,0.0271553
4.886e-005,0.0276464
4.8864e-005,0.030459
4.8868e-005,0.0303896
4.8872e-005,0.0310394
4.8876e-005,0.0316892
4.888e-005,0.0331824
4.8884e-005,0.0330137
4.8888e-005,0.0335495
4.8892e-005,0.0341695
4.8896e-005,0.0348144
4.89e-005,0.0342935
4.8904e-005,0.0350575
4.8908e-005,0.0353204
4.8912e-005,0.0351765
4.8916e-005,0.0362579
4.892e-005,0.0362629
4.8924e-005,0.0365357
4.8928e-005,0.0361488
4.8932e-005,0.0364316
4.8936e-005,0.0366052
4.894e-005,0.0363869
4.8944e-005,0.0359901
4.8948e-005,0.0366002
4.8952e-005,0.0364068
4.8956e-005,0.0363423
4.896e-005,0.0363026
4.8964e-005,0.0366151
4.8968e-005,0.0363621
4.8972e-005,0.0361984
4.8976e-005,0.0358363
4.898e-005,0.0360992
4.8984e-005,0.0368235
4.8988e-005,0.0365506
4.8992e-005,0.0364712
4.8996e-005,0.0367639
4.9e-005,0.0357966
4.9004e-005,0.0358363
4.9008e-005,0.0364961
4.9012e-005,0.036253
4.9016e-005,0.0365506
4.902e-005,0.0363423
4.9024e-005,0.036119
4.9028e-005,0.0361984
4.9032e-005,0.0365556
4.9036e-005,0.0363026
4.904e-005,0.0362133
4.9044e-005,0.0363572
4.9048e-005,0.0355535
4.9052e-005,0.0361339
4.9056e-005,0.0362282
4.906e-005,0.0354097
4.9064e-005,0.0363919
4.9068e-005,0.0360694
4.9072e-005,0.0357718
4.9076e-005,0.0359405
4.908e-005,0.0363919
4.9084e-005,0.0360843
4.9088e-005,0.0359454
4.9092e-005,0.0359504
4.9096e-005,0.035747
4.91e-005,0.0363373
4.9104e-005,0.035876
4.9108e-005,0.0364911
4.9112e-005,0.0362927
4.9116e-005,0.0364762
4.912e-005,0.0356428
4.9124e-005,0.0358611
4.9128e-005,0.0359653
4.9132e-005,0.0365605
4.9136e-005,0.0360397
4.914e-005,0.0369276
4.9144e-005,0.0370516
4.9148e-005,0.0366796
4.9152e-005,0.0369921
4.9156e-005,0.0363026
4.916e-005,0.0365457
4.9164e-005,0.0360298
4.9168e-005,0.0361488
4.9172e-005,0.0364613
4.9176e-005,0.0357668
4.918e-005,0.0360446
4.9184e-005,0.0371757
4.9188e-005,0.0365556
4.9192e-005,0.0360298
4.9196e-005,0.0365407
4.92e-005,0.0364316
4.9204e-005,0.0358065
4.9208e-005,0.0364911
4.9212e-005,0.0362331
4.9216e-005,0.036119
4.922e-005,0.0361091
4.9224e-005,0.0366449
4.9228e-005,0.0364812
4.9232e-005,0.0367838
4.9236e-005,0.0360099
4.924e-005,0.0360446
4.9244e-005,0.0368631
4.9248e-005,0.0366697
4.9252e-005,0.036005
4.9256e-005,0.0355089
4.926e-005,0.0360198
4.9264e-005,0.0364365
4.9268e-005,0.0363919
4.9272e-005,0.0364712
4.9276e-005,0.0364167
4.928e-005,0.0365556
4.9284e-005,0.0367738
4.9288e-005,0.036883
4.9292e-005,0.0372798
4.9296e-005,0.0366647
4.93e-005,0.0359206
4.9304e-005,0.0365159
4.9308e-005,0.0363224
4.9312e-005,0.0357321
4.9316e-005,0.0363175
4.932e-005,0.0366945
4.9324e-005,0.0358859
4.9328e-005,0.0356924
4.9332e-005,0.0359305
4.9336e-005,0.0361935
4.934e-005,0.036377
4.9344e-005,0.0358115
4.9348e-005,0.0367242
4.9352e-005,0.0360794
4.9356e-005,0.0360099
4.936e-005,0.0352361
4.9364e-005,0.0364613
4.9368e-005,0.036878
4.9372e-005,0.036372
4.9376e-005,0.0361984
4.938e-005,0.0358065
4.9384e-005,0.0364068
4.9388e-005,0.0365159
4.9392e-005,0.0366201
4.9396e-005,0.0363026
4.94e-005,0.0360546
4.9404e-005,0.036759
4.9408e-005,0.0364068
4.9412e-005,0.0364613
4.9416e-005,0.0364415
4.942e-005,0.0362629
4.9424e-005,0.0360992
4.9428e-005,0.0363572
4.9432e-005,0.0361141
4.9436e-005,0.0361885
4.944e-005,0.0358859
4.9444e-005,0.0361984
4.9448e-005,0.0364911
4.9452e-005,0.0370764
4.9456e-005,0.0363324
4.946e-005,0.0361637
4.9464e-005,0.0362331
4.9468e-005,0.0364613
4.9472e-005,0.0363125
4.9476e-005,0.0362778
4.948e-005,0.0367094
4.9484e-005,0.0360843
4.9488e-005,0.036501
4.9492e-005,0.0353005
4.9496e-005,0.0361587
4.95e-005,0.0361637
4.9504e-005,0.0364861
4.9508e-005,0.0362183
4.9512e-005,0.0355783
4.9516e-005,0.0339562
4.952e-005,0.0333163
4.9524e-005,0.0325921
4.9528e-005,0.0316545
4.9532e-005,0.0322994
4.9536e-005,0.0313767
4.954e-005,0.0238465
4.9544e-005,0.0204336
4.9548e-005,0.0201559
4.9552e-005,0.0202104
4.9556e-005,0.0189604
4.956e-005,0.0195259
4.9564e-005,0.00802224
4.9568e-005,0.00131552
4.9572e-005,0.00112206
4.9576e-005,0.000263874
4.958e-005,0.000343243
4.9584e-005,0.00105261
4.9588e-005,0.00123615
4.9592e-005,0.000754972
4.9596e-005,0.00081946
4.96e-005,-0.000420688
4.9604e-005,0.0107754
4.9608e-005,0.019253
4.9612e-005,0.0213117
4.9616e-005,0.0244865
4.962e-005,0.028445
4.9624e-005,0.0301217
4.9628e-005,0.032096
4.9632e-005,0.0338967
4.9636e-005,0.0353799
4.964e-005,0.0359008
4.9644e-005,0.0378404
4.9648e-005,0.0388771
4.9652e-005,0.0389019
4.9656e-005,0.0402512
4.966e-005,0.0410846
4.9664e-005,0.0423992
4.9668e-005,0.0422156
4.9672e-005,0.0426273
4.9676e-005,0.0437336
4.968e-005,0.0436294
4.9684e-005,0.0438179
4.9688e-005,0.044562
4.9692e-005,0.0442445
4.9696e-005,0.0443784
4.97e-005,0.0450531
4.9704e-005,0.0452465
4.9708e-005,0.0457376
4.9712e-005,0.045187
4.9716e-005,0.0445273
4.972e-005,0.0451622
4.9724e-005,0.0455442
4.9728e-005,0.0452912
4.9732e-005,0.0458617
4.9736e-005,0.04607
4.974e-005,0.0458567
4.9744e-005,0.0456831
4.9748e-005,0.0460502
4.9752e-005,0.0455491
4.9756e-005,0.0454995
4.976e-005,0.045698
4.9764e-005,0.0451225
4.9768e-005,0.0451523
4.9772e-005,0.0454698
4.9776e-005,0.0455591
4.978e-005,0.0451424
4.9784e-005,0.0461246
4.9788e-005,0.0456533
4.9792e-005,0.0456831
4.9796e-005,0.0457525
4.98e-005,0.045435
4.9804e-005,0.0454698
4.9808e-005,0.0457376
4.9812e-005,0.0450828
4.9816e-005,0.0452912
4.982e-005,0.0462039
4.9824e-005,0.0455194
4.9828e-005,0.0456831
4.9832e-005,0.0460402
4.9836e-005,0.0454946
4.984e-005,0.0455442
4.9844e-005,0.0456682
4.9848e-005,0.0456235
4.9852e-005,0.0447654
4.9856e-005,0.0459559
4.986e-005,0.0458021
4.9864e-005,0.0454152
4.9868e-005,0.0458418
4.9872e-005,0.0458517
4.9876e-005,0.0458517
4.988e-005,0.0455293
4.9884e-005,0.0464222
4.9888e-005,0.0457922
4.9892e-005,0.0457624
4.9896e-005,0.0455392
4.99e-005,0.0451225
4.9904e-005,0.0454499
4.9908e-005,0.0458765
4.9912e-005,0.0454946
4.9916e-005,0.0456533
4.992e-005,0.0456384
4.9924e-005,0.0450084
4.9928e-005,0.0456533
4.9932e-005,0.0462783
4.9936e-005,0.0451523
4.994e-005,0.0452118
4.9944e-005,0.0458666
4.9948e-005,0.0456732
4.9952e-005,0.0456384
4.9956e-005,0.0453656
4.996e-005,0.0455987
4.9964e-005,0.0457674
4.9968e-005,0.0454202
4.9972e-005,0.0453011
4.9976e-005,0.0457277
4.998e-005,0.0456037
4.9984e-005,0.0457426
4.9988e-005,0.0456087
4.9992e-005,0.0454995
4.9996e-005,0.0456087
5e-005,0.0454549
5.0004e-005,0.045445
5.0008e-005,0.0453656
5.0012e-005,0.0454846
5.0016e-005,0.0453805
5.002e-005,0.0455095
5.0024e-005,0.0456335
5.0028e-005,0.0456434
5.0032e-005,0.0452267
5.0036e-005,0.0457178
5.004e-005,0.0454053
5.0044e-005,0.0452763
5.0048e-005,0.0453904
5.0052e-005,0.0457476
5.0056e-005,0.0461196
5.006e-005,0.0458269
5.0064e-005,0.0455144
5.0068e-005,0.0453061
5.0072e-005,0.0452862
5.0076e-005,0.04544
5.008e-005,0.0451721
5.0084e-005,0.045688
5.0088e-005,0.0458815
5.0092e-005,0.0454946
5.0096e-005,0.0456483
5.01e-005,0.0457178
5.0104e-005,0.0457178
5.0108e-005,0.0462932
5.0112e-005,0.0449886
5.0116e-005,0.0451721
5.012e-005,0.0455789
5.0124e-005,0.0457228
5.0128e-005,0.0451672
5.0132e-005,0.0457029
5.0136e-005,0.0456781
5.014e-005,0.0456632
5.0144e-005,0.0454499
5.0148e-005,0.045058
5.0152e-005,0.0454797
5.0156e-005,0.0459162
5.016e-005,0.0453904
5.0164e-005,0.0455789
5.0168e-005,0.0460452
5.0172e-005,0.0456434
5.0176e-005,0.0451721
5.018e-005,0.0457724
5.0184e-005,0.0454797
5.0188e-005,0.044934
5.0192e-005,0.0457376
5.0196e-005,0.0457228
5.02e-005,0.0454995
5.0204e-005,0.0453309
5.0208e-005,0.0456533
5.0212e-005,0.0451374
5.0216e-005,0.0457327
5.022e-005,0.0453507
5.0224e-005,0.0454301
5.0228e-005,0.0449638
5.0232e-005,0.0457872
5.0236e-005,0.045063
5.024e-005,0.0459658
5.0244e-005,0.045445
5.0248e-005,0.0458765
5.0252e-005,0.045435
5.0256e-005,0.0458815
5.026e-005,0.0457327
5.0264e-005,0.0453706
5.0268e-005,0.0456483
5.0272e-005,0.0456533
5.0276e-005,0.0454152
5.028e-005,0.0449985
5.0284e-005,0.0409259
5.0288e-005,0.0379148
5.0292e-005,0.0365258
5.0296e-005,0.0352361
5.03e-005,0.0344176
5.0304e-005,0.0346805
5.0308e-005,0.0248734
5.0312e-005,0.0198731
5.0316e-005,0.0195407
5.032e-005,0.0189653
5.0324e-005,0.0187371
5.0328e-005,0.0192431
5.0332e-005,0.00834964
5.0336e-005,0.00196536
5.034e-005,0.00136016
5.0344e-005,-3.99852e-006
5.0348e-005,0.000293637
5.0352e-005,0.00151394
5.0356e-005,2.08044e-005
5.036e-005,0.000705366
5.0364e-005,0.000288677
5.0368e-005,-7.84074e-005
5.0372e-005,0.0105621
5.0376e-005,0.0194167
5.038e-005,0.0233058
5.0384e-005,0.0281027
5.0388e-005,0.0320018
5.0392e-005,0.0338471
5.0396e-005,0.0355387
5.04e-005,0.0382868
5.0404e-005,0.0392145
5.0408e-005,0.0409011
5.0412e-005,0.0415112
5.0416e-005,0.0435599
5.042e-005,0.0444776
5.0424e-005,0.0450382
5.0428e-005,0.0466008
5.0432e-005,0.047077
5.0436e-005,0.047583
5.044e-005,0.0478806
5.0444e-005,0.0490513
5.0448e-005,0.0489868
5.0452e-005,0.0488579
5.0456e-005,0.0498797
5.046e-005,0.0502071
5.0464e-005,0.0502865
5.0468e-005,0.0508272
5.0472e-005,0.0512042
5.0476e-005,0.0508222
5.048e-005,0.0520376
5.0484e-005,0.0513679
5.0488e-005,0.0520922
5.0492e-005,0.0518888
5.0496e-005,0.0523005
5.05e-005,0.0519929
5.0504e-005,0.0520574
5.0508e-005,0.0527321
5.0512e-005,0.0521318
5.0516e-005,0.0525634
5.052e-005,0.0531636
5.0524e-005,0.0527122
5.0528e-005,0.0534315
5.0532e-005,0.0531537
5.0536e-005,0.0531388
5.054e-005,0.0530347
5.0544e-005,0.0529156
5.0548e-005,0.0532877
5.0552e-005,0.0525932
5.0556e-005,0.0530198
5.056e-005,0.0533025
5.0564e-005,0.0532281
5.0568e-005,0.053501
5.0572e-005,0.0536647
5.0576e-005,0.0535357
5.058e-005,0.0541706
5.0584e-005,0.0540318
5.0588e-005,0.0531934
5.0592e-005,0.0536151
5.0596e-005,0.0531388
5.06e-005,0.0537192
5.0604e-005,0.0540318
5.0608e-005,0.0530049
5.0612e-005,0.0536448
5.0616e-005,0.0540566
5.062e-005,0.0537589
5.0624e-005,0.0537986
5.0628e-005,0.0529603
5.0632e-005,0.0538879
5.0636e-005,0.0538829
5.064e-005,0.0537341
5.0644e-005,0.0534365
5.0648e-005,0.054002
5.0652e-005,0.0541706
5.0656e-005,0.0545824
5.066e-005,0.0539524
5.0664e-005,0.0544584
5.0668e-005,0.0541012
5.0672e-005,0.0546072
5.0676e-005,0.0539722
5.068e-005,0.0538482
5.0684e-005,0.0542798
5.0688e-005,0.0538978
5.0692e-005,0.0547114
5.0696e-005,0.0538978
5.07e-005,0.0548502
5.0704e-005,0.0542401
5.0708e-005,0.0541706
5.0712e-005,0.0540863
5.0716e-005,0.0541111
5.072e-005,0.0543343
5.0724e-005,0.0546369
5.0728e-005,0.0543244
5.0732e-005,0.0543393
5.0736e-005,0.054002
5.074e-005,0.0538085
5.0744e-005,0.0541508
5.0748e-005,0.0542203
5.0752e-005,0.0540466
5.0756e-005,0.0547262
5.076e-005,0.0547659
5.0764e-005,0.0546865
5.0768e-005,0.0549594
5.0772e-005,0.0544584
5.0776e-005,0.0543145
5.078e-005,0.0538829
5.0784e-005,0.0539077
5.0788e-005,0.0541706
5.0792e-005,0.0545377
5.0796e-005,0.0542699
5.08e-005,0.0535853
5.0804e-005,0.0538036
5.0808e-005,0.0540516
5.0812e-005,0.0541806
5.0816e-005,0.0539474
5.082e-005,0.0540615
5.0824e-005,0.0538929
5.0828e-005,0.0541359
5.0832e-005,0.0541062
5.0836e-005,0.0538631
5.084e-005,0.0540119
5.0844e-005,0.0547659
5.0848e-005,0.0535952
5.0852e-005,0.0541706
5.0856e-005,0.0541706
5.086e-005,0.0539821
5.0864e-005,0.054384
5.0868e-005,0.0540466
5.0872e-005,0.0540714
5.0876e-005,0.0535704
5.088e-005,0.0542847
5.0884e-005,0.0539276
5.0888e-005,0.0545526
5.0892e-005,0.0547262
5.0896e-005,0.0538383
5.09e-005,0.0538929
5.0904e-005,0.0544286
5.0908e-005,0.0539226
5.0912e-005,0.0542351
5.0916e-005,0.0539722
5.092e-005,0.0546766
5.0924e-005,0.0542847
5.0928e-005,0.055009
5.0932e-005,0.0545873
5.0936e-005,0.0543145
5.094e-005,0.0540913
5.0944e-005,0.0541558
5.0948e-005,0.0539722
5.0952e-005,0.0539722
5.0956e-005,0.0537192
5.096e-005,0.0549693
5.0964e-005,0.0547659
5.0968e-005,0.0546816
5.0972e-005,0.0546171
5.0976e-005,0.0544732
5.098e-005,0.0547312
5.0984e-005,0.0544137
5.0988e-005,0.0547064
5.0992e-005,0.0537639
5.0996e-005,0.0549495
5.1e-005,0.0554207
5.1004e-005,0.0540863
5.1008e-005,0.0545576
5.1012e-005,0.0544236
5.1016e-005,0.0543443
5.102e-005,0.0536299
5.1024e-005,0.0546419
5.1028e-005,0.0539177
5.1032e-005,0.0544584
5.1036e-005,0.0541607
5.104e-005,0.0545973
5.1044e-005,0.0540218
5.1048e-005,0.0521021
5.1052e-005,0.0465363
5.1056e-005,0.0419279
5.106e-005,0.039403
5.1064e-005,0.0376965
5.1068e-005,0.0371012
5.1072e-005,0.0361885
5.1076e-005,0.0257762
5.108e-005,0.0209644
5.1084e-005,0.0196697
5.1088e-005,0.0193671
5.1092e-005,0.0189852
5.1096e-005,0.0193423
5.11e-005,0.00921279
5.1104e-005,0.00108733
5.1108e-005,0.00168756
5.1112e-005,0.000244031
5.1116e-005,0.000834342
5.112e-005,0.000878987
5.1124e-005,0.000253952
5.1128e-005,0.000789697
5.1132e-005,0.000804578
5.1136e-005,-0.00035124
5.114e-005,0.0115492
5.1144e-005,0.0192381
5.1148e-005,0.0199475
5.1152e-005,0.0207809
5.1156e-005,0.0224526
5.116e-005,0.0231967
5.1164e-005,0.0226758
5.1168e-005,0.0243327
5.1172e-005,0.0243922
5.1176e-005,0.0241442
5.118e-005,0.0255827
5.1184e-005,0.0260143
5.1188e-005,0.0259548
5.1192e-005,0.0262326
5.1196e-005,0.0259746
5.12e-005,0.0262623
5.1204e-005,0.0260838
5.1208e-005,0.0259498
5.1212e-005,0.0257365
5.1216e-005,0.0271453
5.122e-005,0.0266542
5.1224e-005,0.0266096
5.1228e-005,0.0269072
5.1232e-005,0.0268031
5.1236e-005,0.0268576
5.124e-005,0.026431
5.1244e-005,0.0264757
5.1248e-005,0.0264707
5.1252e-005,0.0263169
5.1256e-005,0.0264905
5.126e-005,0.0273438
