Time,Ampl
4.126e-005,0.0477963
4.1264e-005,0.0478707
4.1268e-005,0.0482179
4.1272e-005,0.0485652
4.1276e-005,0.048466
4.128e-005,0.0487735
4.1284e-005,0.0488281
4.1288e-005,0.04859
4.1292e-005,0.0490662
4.1296e-005,0.0479649
4.13e-005,0.0489571
4.1304e-005,0.0494035
4.1308e-005,0.0488975
4.1312e-005,0.0486545
4.1316e-005,0.0491654
4.132e-005,0.0487834
4.1324e-005,0.0487239
4.1328e-005,0.0496714
4.1332e-005,0.0491158
4.1336e-005,0.0489571
4.134e-005,0.0486793
4.1344e-005,0.0489372
4.1348e-005,0.0490216
4.1352e-005,0.049091
4.1356e-005,0.0488579
4.136e-005,0.0485305
4.1364e-005,0.0491654
4.1368e-005,0.048838
4.1372e-005,0.0493192
4.1376e-005,0.0498897
4.138e-005,0.0491059
4.1384e-005,0.0491604
4.1388e-005,0.0489819
4.1392e-005,0.049721
4.1396e-005,0.0494035
4.14e-005,0.0494333
4.1404e-005,0.0488876
4.1408e-005,0.0496466
4.1412e-005,0.0489819
4.1416e-005,0.0487884
4.142e-005,0.0489967
4.1424e-005,0.049349
4.1428e-005,0.0491853
4.1432e-005,0.0490166
4.1436e-005,0.0496218
4.144e-005,0.0491753
4.1444e-005,0.0492448
4.1448e-005,0.0494878
4.1452e-005,0.0492745
4.1456e-005,0.0495672
4.146e-005,0.0499492
4.1464e-005,0.049716
4.1468e-005,0.0493093
4.1472e-005,0.0501972
4.1476e-005,0.0495127
4.148e-005,0.049845
4.1484e-005,0.0501228
4.1488e-005,0.0493093
4.1492e-005,0.0499641
4.1496e-005,0.050093
4.15e-005,0.0490761
4.1504e-005,0.0494283
4.1508e-005,0.049344
4.1512e-005,0.0497111
4.1516e-005,0.0499442
4.152e-005,0.0495722
4.1524e-005,0.0497359
4.1528e-005,0.0495375
4.1532e-005,0.0492349
4.1536e-005,0.0494333
4.154e-005,0.0495176
4.1544e-005,0.0499095
4.1548e-005,0.0494035
4.1552e-005,0.0495275
4.1556e-005,0.0495722
4.156e-005,0.0503361
4.1564e-005,0.0493886
4.1568e-005,0.0501129
4.1572e-005,0.0493886
4.1576e-005,0.0497111
4.158e-005,0.0500583
4.1584e-005,0.0495077
4.1588e-005,0.0487983
4.1592e-005,0.0494134
4.1596e-005,0.0492051
4.16e-005,0.0495623
4.1604e-005,0.0492745
4.1608e-005,0.0493142
4.1612e-005,0.0492646
4.1616e-005,0.0494531
4.162e-005,0.0490811
4.1624e-005,0.0494928
4.1628e-005,0.049592
4.1632e-005,0.0501575
4.1636e-005,0.0497954
4.164e-005,0.0502567
4.1644e-005,0.049716
4.1648e-005,0.050346
4.1652e-005,0.049473
4.1656e-005,0.0494829
4.166e-005,0.0494928
4.1664e-005,0.0498549
4.1668e-005,0.0495771
4.1672e-005,0.0493142
4.1676e-005,0.0499293
4.168e-005,0.0501377
4.1684e-005,0.0500881
4.1688e-005,0.0498698
4.1692e-005,0.0494482
4.1696e-005,0.049468
4.17e-005,0.0498946
4.1704e-005,0.0491952
4.1708e-005,0.0489719
4.1712e-005,0.0498748
4.1716e-005,0.0494035
4.172e-005,0.0491108
4.1724e-005,0.0491753
4.1728e-005,0.0496714
4.1732e-005,0.049339
4.1736e-005,0.0494779
4.174e-005,0.0496813
4.1744e-005,0.0493787
4.1748e-005,0.0495672
4.1752e-005,0.0495474
4.1756e-005,0.0490414
4.176e-005,0.0496962
4.1764e-005,0.0492448
4.1768e-005,0.0483568
4.1772e-005,0.0501923
4.1776e-005,0.0494829
4.178e-005,0.0494482
4.1784e-005,0.0499145
4.1788e-005,0.0501526
4.1792e-005,0.0490067
4.1796e-005,0.0501129
4.18e-005,0.0496168
4.1804e-005,0.0498053
4.1808e-005,0.0506238
4.1812e-005,0.049969
4.1816e-005,0.0500434
4.182e-005,0.0499393
4.1824e-005,0.0492745
4.1828e-005,0.0489918
4.1832e-005,0.049339
4.1836e-005,0.0443388
4.184e-005,0.0407721
4.1844e-005,0.0385547
4.1848e-005,0.036377
4.1852e-005,0.0365853
4.1856e-005,0.0357867
4.186e-005,0.0286484
4.1864e-005,0.0213563
4.1868e-005,0.0201856
4.1872e-005,0.0186131
4.1876e-005,0.0186082
4.188e-005,0.0185238
4.1884e-005,0.0125661
4.1888e-005,0.00339401
4.1892e-005,0.00125103
4.1896e-005,-0.000867142
4.19e-005,-0.000812575
4.1904e-005,-5.36045e-005
4.1908e-005,0.000422613
4.1912e-005,-0.000137935
4.1916e-005,0.000174583
4.192e-005,-0.000857221
4.1924e-005,0.00645966
4.1928e-005,0.0165197
4.1932e-005,0.0192332
4.1936e-005,0.0195953
4.194e-005,0.0221649
4.1944e-005,0.022909
4.1948e-005,0.0221054
4.1952e-005,0.0238366
4.1956e-005,0.0239656
4.196e-005,0.0235638
4.1964e-005,0.0244021
4.1968e-005,0.0250867
4.1972e-005,0.0251164
4.1976e-005,0.0258407
4.198e-005,0.0255331
4.1984e-005,0.0258903
4.1988e-005,0.0256472
4.1992e-005,0.0257812
4.1996e-005,0.0262326
4.2e-005,0.0262028
4.2004e-005,0.025419
4.2008e-005,0.0259548
4.2012e-005,0.0267038
4.2016e-005,0.0261532
4.202e-005,0.0257663
4.2024e-005,0.0261731
4.2028e-005,0.0261879
4.2032e-005,0.0262028
4.2036e-005,0.025801
4.204e-005,0.0259498
4.2044e-005,0.0259647
4.2048e-005,0.0253992
4.2052e-005,0.0259349
4.2056e-005,0.0253496
4.206e-005,0.0251859
4.2064e-005,0.025419
4.2068e-005,0.0252752
4.2072e-005,0.0259052
4.2076e-005,0.0251264
4.208e-005,0.0248783
4.2084e-005,0.0251958
4.2088e-005,0.0246799
4.2092e-005,0.0250619
4.2096e-005,0.0255083
4.21e-005,0.025682
4.2104e-005,0.0261036
4.2108e-005,0.0257911
4.2112e-005,0.0256869
4.2116e-005,0.0255778
4.212e-005,0.0254587
4.2124e-005,0.025042
4.2128e-005,0.0252504
4.2132e-005,0.0259846
4.2136e-005,0.0252355
4.214e-005,0.0251363
4.2144e-005,0.0248238
4.2148e-005,0.0257117
4.2152e-005,0.0251809
4.2156e-005,0.0254637
4.216e-005,0.0249428
4.2164e-005,0.0253595
4.2168e-005,0.0250371
4.2172e-005,0.0250569
4.2176e-005,0.0248089
4.218e-005,0.0250371
4.2184e-005,0.0250668
4.2188e-005,0.0250222
4.2192e-005,0.0247047
4.2196e-005,0.025042
4.22e-005,0.0248436
4.2204e-005,0.0248932
4.2208e-005,0.0251016
4.2212e-005,0.025052
4.2216e-005,0.0252702
4.222e-005,0.0251164
4.2224e-005,0.0245509
4.2228e-005,0.0251313
4.2232e-005,0.0248188
4.2236e-005,0.0250321
4.224e-005,0.0252008
4.2244e-005,0.0256423
4.2248e-005,0.025424
4.2252e-005,0.0250172
4.2256e-005,0.0246005
4.226e-005,0.0246948
4.2264e-005,0.0239954
4.2268e-005,0.0249081
4.2272e-005,0.0239606
4.2276e-005,0.0247692
4.228e-005,0.0248238
4.2284e-005,0.0246254
4.2288e-005,0.0256472
4.2292e-005,0.0248585
4.2296e-005,0.0250321
4.23e-005,0.0249924
4.2304e-005,0.024035
4.2308e-005,0.0243128
4.2312e-005,0.0257365
4.2316e-005,0.0251909
4.232e-005,0.024799
4.2324e-005,0.0253645
4.2328e-005,0.0250222
4.2332e-005,0.0257564
4.2336e-005,0.0253744
4.234e-005,0.0252603
4.2344e-005,0.0247246
4.2348e-005,0.0254835
4.2352e-005,0.0251065
4.2356e-005,0.0253298
4.236e-005,0.025295
4.2364e-005,0.0249974
4.2368e-005,0.0252851
4.2372e-005,0.0249924
4.2376e-005,0.0246551
4.238e-005,0.0249478
4.2384e-005,0.0254141
4.2388e-005,0.0259598
4.2392e-005,0.0249974
4.2396e-005,0.0243426
4.24e-005,0.0249428
4.2404e-005,0.0253794
4.2408e-005,0.0252901
4.2412e-005,0.0252008
4.2416e-005,0.0248883
4.242e-005,0.0251016
4.2424e-005,0.0256175
4.2428e-005,0.0249031
4.2432e-005,0.0251561
4.2436e-005,0.0247444
4.244e-005,0.0251958
4.2444e-005,0.0252305
4.2448e-005,0.0256671
4.2452e-005,0.0250272
4.2456e-005,0.0252355
4.246e-005,0.0255133
4.2464e-005,0.0252057
4.2468e-005,0.0253198
4.2472e-005,0.0246105
4.2476e-005,0.0246452
4.248e-005,0.0251809
4.2484e-005,0.0248486
4.2488e-005,0.025171
4.2492e-005,0.0252851
4.2496e-005,0.0255381
4.25e-005,0.0253198
4.2504e-005,0.0252504
4.2508e-005,0.0248337
4.2512e-005,0.0259697
4.2516e-005,0.0253893
4.252e-005,0.0248486
4.2524e-005,0.0250172
4.2528e-005,0.0252355
4.2532e-005,0.0255331
4.2536e-005,0.0252355
4.254e-005,0.0251512
4.2544e-005,0.025295
4.2548e-005,0.0249478
4.2552e-005,0.0252603
4.2556e-005,0.0244865
4.256e-005,0.0244418
4.2564e-005,0.0247791
4.2568e-005,0.024799
4.2572e-005,0.0249478
4.2576e-005,0.0247295
4.258e-005,0.0244765
4.2584e-005,0.0248287
4.2588e-005,0.0255877
4.2592e-005,0.0252752
4.2596e-005,0.0246005
4.26e-005,0.024794
4.2604e-005,0.025042
4.2608e-005,0.0250768
4.2612e-005,0.0252107
4.2616e-005,0.025682
4.262e-005,0.0252901
4.2624e-005,0.0262425
4.2628e-005,0.0227205
4.2632e-005,0.0194465
4.2636e-005,0.019506
4.264e-005,0.0189951
4.2644e-005,0.018633
4.2648e-005,0.0189008
4.2652e-005,0.0119262
4.2656e-005,0.00304677
4.266e-005,0.000864105
4.2664e-005,-0.00093659
4.2668e-005,-0.000584388
4.2672e-005,7.04104e-005
4.2676e-005,-0.000371082
4.268e-005,-0.000574467
4.2684e-005,0.000248992
4.2688e-005,-0.000638955
4.2692e-005,0.0060132
4.2696e-005,0.0153094
4.27e-005,0.0192927
4.2704e-005,0.0206569
4.2708e-005,0.0235638
4.2712e-005,0.0246204
4.2716e-005,0.0259399
4.272e-005,0.0271602
4.2724e-005,0.028197
4.2728e-005,0.0286037
4.2732e-005,0.0294818
4.2736e-005,0.031213
4.274e-005,0.0307666
4.2744e-005,0.0318827
4.2748e-005,0.0320662
4.2752e-005,0.0325474
4.2756e-005,0.0326417
4.276e-005,0.032855
4.2764e-005,0.0332121
4.2768e-005,0.0329691
4.2772e-005,0.0330732
4.2776e-005,0.0336735
4.278e-005,0.0337032
4.2784e-005,0.0341199
4.2788e-005,0.0330782
4.2792e-005,0.0335891
4.2796e-005,0.0340753
4.28e-005,0.03285
4.2804e-005,0.0338917
4.2808e-005,0.0338372
4.2812e-005,0.0333709
4.2816e-005,0.033981
4.282e-005,0.0339265
4.2824e-005,0.0335891
4.2828e-005,0.0335247
4.2832e-005,0.0339215
4.2836e-005,0.0336735
4.284e-005,0.0341547
4.2844e-005,0.0338322
4.2848e-005,0.0346358
4.2852e-005,0.0336636
4.2856e-005,0.0343878
4.286e-005,0.0339017
4.2864e-005,0.0338868
4.2868e-005,0.0341844
4.2872e-005,0.033986
4.2876e-005,0.033857
4.288e-005,0.0340554
4.2884e-005,0.0328699
4.2888e-005,0.0336735
4.2892e-005,0.0338719
4.2896e-005,0.0339959
4.29e-005,0.0331377
4.2904e-005,0.0335247
4.2908e-005,0.0335495
4.2912e-005,0.033361
4.2916e-005,0.0337181
4.292e-005,0.0331873
4.2924e-005,0.0339413
4.2928e-005,0.0335495
4.2932e-005,0.032602
4.2936e-005,0.0328451
4.294e-005,0.0341695
4.2944e-005,0.0340554
4.2948e-005,0.0340505
4.2952e-005,0.0335594
4.2956e-005,0.0332617
4.296e-005,0.0345019
4.2964e-005,0.0336437
4.2968e-005,0.0334701
4.2972e-005,0.0332121
4.2976e-005,0.0333758
4.298e-005,0.0331377
4.2984e-005,0.0330633
4.2988e-005,0.033862
4.2992e-005,0.0330881
4.2996e-005,0.0335098
4.3e-005,0.0339612
4.3004e-005,0.0331625
4.3008e-005,0.0339116
4.3012e-005,0.0335544
4.3016e-005,0.0332369
4.302e-005,0.0340852
4.3024e-005,0.0333808
4.3028e-005,0.0336834
4.3032e-005,0.0332617
4.3036e-005,0.0335395
4.304e-005,0.0332518
4.3044e-005,0.0346557
4.3048e-005,0.0339711
4.3052e-005,0.033609
4.3056e-005,0.0334651
4.306e-005,0.0335693
4.3064e-005,0.03411
4.3068e-005,0.0335792
4.3072e-005,0.0332469
4.3076e-005,0.0337776
4.308e-005,0.0338769
4.3084e-005,0.0337628
4.3088e-005,0.0338372
4.3092e-005,0.0341993
4.3096e-005,0.0339562
4.31e-005,0.0334155
4.3104e-005,0.0335197
4.3108e-005,0.0333411
4.3112e-005,0.0331873
4.3116e-005,0.0335395
4.312e-005,0.0335048
4.3124e-005,0.0332717
4.3128e-005,0.0335941
4.3132e-005,0.0334106
4.3136e-005,0.0337677
4.314e-005,0.0345664
4.3144e-005,0.0331824
4.3148e-005,0.0331328
4.3152e-005,0.0334502
4.3156e-005,0.0335792
4.316e-005,0.0329492
4.3164e-005,0.0332419
4.3168e-005,0.0330336
4.3172e-005,0.033862
4.3176e-005,0.0333907
4.318e-005,0.0331477
4.3184e-005,0.033604
4.3188e-005,0.0335743
4.3192e-005,0.0345912
4.3196e-005,0.0331228
4.32e-005,0.0333808
4.3204e-005,0.0334453
4.3208e-005,0.0332171
4.3212e-005,0.033108
4.3216e-005,0.0335941
4.322e-005,0.0335445
4.3224e-005,0.0339761
4.3228e-005,0.0332121
4.3232e-005,0.0337578
4.3236e-005,0.0330187
4.324e-005,0.0327855
4.3244e-005,0.0334899
4.3248e-005,0.0331427
4.3252e-005,0.0327756
4.3256e-005,0.0327062
4.326e-005,0.0339711
4.3264e-005,0.0330137
4.3268e-005,0.0325722
4.3272e-005,0.0329492
4.3276e-005,0.0327508
4.328e-005,0.0326317
4.3284e-005,0.0330881
4.3288e-005,0.0329046
4.3292e-005,0.0326814
4.3296e-005,0.0331278
4.33e-005,0.0331873
4.3304e-005,0.032349
4.3308e-005,0.0330584
4.3312e-005,0.0330782
4.3316e-005,0.0332072
4.332e-005,0.0338818
4.3324e-005,0.0339165
4.3328e-005,0.0331625
4.3332e-005,0.0337082
4.3336e-005,0.0330236
4.334e-005,0.0332469
4.3344e-005,0.0340058
4.3348e-005,0.0336933
4.3352e-005,0.0328947
4.3356e-005,0.0330385
4.336e-005,0.0343035
4.3364e-005,0.0329988
4.3368e-005,0.0327954
4.3372e-005,0.0326665
4.3376e-005,0.0319472
4.338e-005,0.031213
4.3384e-005,0.0308459
4.3388e-005,0.0305533
4.3392e-005,0.0309253
4.3396e-005,0.0256026
4.34e-005,0.02089
4.3404e-005,0.0194167
4.3408e-005,0.018504
4.3412e-005,0.0184544
4.3416e-005,0.0184494
4.342e-005,0.0121296
4.3424e-005,0.00287315
4.3428e-005,0.00175205
4.3432e-005,-0.000678639
4.3436e-005,-0.000529821
4.344e-005,0.000591273
4.3444e-005,-0.000559585
4.3448e-005,-0.000331398
4.3452e-005,0.000224189
4.3456e-005,-0.00118958
4.346e-005,0.00563124
4.3464e-005,0.0160832
4.3468e-005,0.0202203
4.3472e-005,0.0223038
4.3476e-005,0.0258655
4.348e-005,0.0279341
4.3484e-005,0.0284996
4.3488e-005,0.0306326
4.3492e-005,0.0323936
4.3496e-005,0.033485
4.35e-005,0.0344324
4.3504e-005,0.035742
4.3508e-005,0.0356031
4.3512e-005,0.0370268
4.3516e-005,0.0376916
4.352e-005,0.0384108
4.3524e-005,0.0394575
4.3528e-005,0.0394873
4.3532e-005,0.0396014
4.3536e-005,0.0398048
4.354e-005,0.0394327
4.3544e-005,0.0397403
4.3548e-005,0.0403455
4.3552e-005,0.0401619
4.3556e-005,0.0408465
4.356e-005,0.0406381
4.3564e-005,0.0403554
4.3568e-005,0.0410896
4.3572e-005,0.0414963
4.3576e-005,0.0409804
4.358e-005,0.0412929
4.3584e-005,0.0412781
4.3588e-005,0.040906
4.3592e-005,0.0408118
4.3596e-005,0.0419477
4.36e-005,0.0412433
4.3604e-005,0.0408018
4.3608e-005,0.0417245
4.3612e-005,0.0412632
4.3616e-005,0.0415013
4.362e-005,0.0416253
4.3624e-005,0.0414864
4.3628e-005,0.0413078
4.3632e-005,0.041159
4.3636e-005,0.0414765
4.364e-005,0.0413574
4.3644e-005,0.0420271
4.3648e-005,0.0408018
4.3652e-005,0.0409011
4.3656e-005,0.0419081
4.366e-005,0.0414467
4.3664e-005,0.0408713
4.3668e-005,0.0410052
4.3672e-005,0.0409854
4.3676e-005,0.0406679
4.368e-005,0.0419329
4.3684e-005,0.0409209
4.3688e-005,0.0413574
4.3692e-005,0.0417096
4.3696e-005,0.041536
4.37e-005,0.041412
4.3704e-005,0.0412185
4.3708e-005,0.0412086
4.3712e-005,0.0413376
4.3716e-005,0.0414517
4.372e-005,0.0408267
4.3724e-005,0.0415906
4.3728e-005,0.0413674
4.3732e-005,0.0410152
4.3736e-005,0.0404993
4.374e-005,0.0413326
4.3744e-005,0.0413326
4.3748e-005,0.041288
4.3752e-005,0.0417295
4.3756e-005,0.0415162
4.376e-005,0.0415559
4.3764e-005,0.0417741
4.3768e-005,0.0414368
4.3772e-005,0.0407423
4.3776e-005,0.0416898
4.378e-005,0.0408713
4.3784e-005,0.0405241
4.3788e-005,0.0412384
4.3792e-005,0.0405637
4.3796e-005,0.0407969
4.38e-005,0.0419924
4.3804e-005,0.0410102
4.3808e-005,0.041417
4.3812e-005,0.0415162
4.3816e-005,0.041035
4.382e-005,0.0412285
4.3824e-005,0.0413773
4.3828e-005,0.041665
4.3832e-005,0.0415162
4.3836e-005,0.042414
4.384e-005,0.0410697
4.3844e-005,0.0411193
4.3848e-005,0.0410846
4.3852e-005,0.0408862
4.3856e-005,0.0412136
4.386e-005,0.042171
4.3864e-005,0.0412086
4.3868e-005,0.041283
4.3872e-005,0.0415955
4.3876e-005,0.0411689
4.388e-005,0.0408713
4.3884e-005,0.0415311
4.3888e-005,0.040777
4.3892e-005,0.0413773
4.3896e-005,0.04167
4.39e-005,0.0412334
4.3904e-005,0.0415063
4.3908e-005,0.0426075
4.3912e-005,0.0413574
4.3916e-005,0.0415658
4.392e-005,0.0417444
4.3924e-005,0.0414963
4.3928e-005,0.0408217
4.3932e-005,0.0421214
4.3936e-005,0.0412285
4.394e-005,0.0413971
4.3944e-005,0.0423198
4.3948e-005,0.0413723
4.3952e-005,0.0419725
4.3956e-005,0.042419
4.396e-005,0.0413376
4.3964e-005,0.0417692
4.3968e-005,0.0419775
4.3972e-005,0.0410102
4.3976e-005,0.0416055
4.398e-005,0.0417394
4.3984e-005,0.0415559
4.3988e-005,0.0413326
4.3992e-005,0.0417394
4.3996e-005,0.0406381
4.4e-005,0.0411342
4.4004e-005,0.0420668
4.4008e-005,0.0410152
4.4012e-005,0.0413029
4.4016e-005,0.04166
4.402e-005,0.0415112
4.4024e-005,0.0414219
4.4028e-005,0.0418485
4.4032e-005,0.0415955
4.4036e-005,0.0415013
4.404e-005,0.0416253
4.4044e-005,0.0417196
4.4048e-005,0.0408018
4.4052e-005,0.0418783
4.4056e-005,0.041164
4.406e-005,0.0416799
4.4064e-005,0.041789
4.4068e-005,0.0410846
4.4072e-005,0.0416501
4.4076e-005,0.0417047
4.408e-005,0.0410251
4.4084e-005,0.0417394
4.4088e-005,0.0419874
4.4092e-005,0.0410995
4.4096e-005,0.0413227
4.41e-005,0.041412
4.4104e-005,0.0407026
4.4108e-005,0.0414219
4.4112e-005,0.0426571
4.4116e-005,0.0410796
4.412e-005,0.0417493
4.4124e-005,0.041789
4.4128e-005,0.0424686
4.4132e-005,0.041913
4.4136e-005,0.0408614
4.414e-005,0.0390458
4.4144e-005,0.037007
4.4148e-005,0.0356081
4.4152e-005,0.0347102
4.4156e-005,0.0337429
4.416e-005,0.0334205
4.4164e-005,0.0276761
4.4168e-005,0.0215795
4.4172e-005,0.0207263
4.4176e-005,0.0193622
4.418e-005,0.0187322
4.4184e-005,0.0192233
4.4188e-005,0.0120502
4.4192e-005,0.00267472
4.4196e-005,0.00141969
4.42e-005,-0.000574467
4.4204e-005,-2.88015e-005
4.4208e-005,0.000442455
4.4212e-005,-0.000108171
4.4216e-005,-0.000118092
4.422e-005,0.000338282
4.4224e-005,-0.000425649
4.4228e-005,0.00643981
4.4232e-005,0.0167132
4.4236e-005,0.0209198
4.424e-005,0.023782
4.4244e-005,0.0283855
4.4248e-005,0.030965
4.4252e-005,0.0330832
4.4256e-005,0.0345019
4.426e-005,0.036248
4.4264e-005,0.0377858
4.4268e-005,0.0389615
4.4272e-005,0.0402859
4.4276e-005,0.0409705
4.428e-005,0.0427514
4.4284e-005,0.0424835
4.4288e-005,0.0434359
4.4292e-005,0.0442197
4.4296e-005,0.0447257
4.43e-005,0.0449787
4.4304e-005,0.0455839
4.4308e-005,0.0460452
4.4312e-005,0.0466157
4.4316e-005,0.0469431
4.432e-005,0.0470572
4.4324e-005,0.0471316
4.4328e-005,0.047712
4.4332e-005,0.0477467
4.4336e-005,0.0481336
4.434e-005,0.0480592
4.4344e-005,0.0482725
4.4348e-005,0.0486892
4.4352e-005,0.0486197
4.4356e-005,0.0483171
4.436e-005,0.0483171
4.4364e-005,0.0491257
4.4368e-005,0.0485305
4.4372e-005,0.0482527
4.4376e-005,0.0489571
4.438e-005,0.0481832
4.4384e-005,0.0492597
4.4388e-005,0.0491803
4.4392e-005,0.0486297
4.4396e-005,0.048461
4.44e-005,0.0495623
4.4404e-005,0.0490612
4.4408e-005,0.0487735
4.4412e-005,0.0496615
4.4416e-005,0.0495722
4.442e-005,0.0492101
4.4424e-005,0.0500236
4.4428e-005,0.0494978
4.4432e-005,0.0493986
4.4436e-005,0.0491853
4.444e-005,0.0492448
4.4444e-005,0.0492497
4.4448e-005,0.0499541
4.4452e-005,0.0495623
4.4456e-005,0.0493936
4.446e-005,0.0499343
4.4464e-005,0.0492299
4.4468e-005,0.0493539
4.4472e-005,0.0495722
4.4476e-005,0.0495375
4.448e-005,0.0492547
4.4484e-005,0.0495672
4.4488e-005,0.0494928
4.4492e-005,0.0492299
4.4496e-005,0.0496813
4.45e-005,0.0502518
4.4504e-005,0.0491505
4.4508e-005,0.0501129
4.4512e-005,0.0494283
4.4516e-005,0.0492745
4.452e-005,0.049974
4.4524e-005,0.0491952
4.4528e-005,0.0491853
4.4532e-005,0.0496515
4.4536e-005,0.0488281
4.454e-005,0.0494432
4.4544e-005,0.0495127
4.4548e-005,0.0491356
4.4552e-005,0.049344
4.4556e-005,0.0500186
4.456e-005,0.0487884
4.4564e-005,0.0495672
4.4568e-005,0.0497656
4.4572e-005,0.0489372
4.4576e-005,0.0493688
4.458e-005,0.0495275
4.4584e-005,0.0493589
4.4588e-005,0.0496863
4.4592e-005,0.0495375
4.4596e-005,0.0493241
4.46e-005,0.0494035
4.4604e-005,0.0498649
4.4608e-005,0.0490166
4.4612e-005,0.0484511
4.4616e-005,0.0496813
4.462e-005,0.0491902
4.4624e-005,0.0497805
4.4628e-005,0.0500037
4.4632e-005,0.0494085
4.4636e-005,0.0499591
4.464e-005,0.0496714
4.4644e-005,0.0495573
4.4648e-005,0.049721
4.4652e-005,0.0498649
4.4656e-005,0.0487537
4.466e-005,0.0494978
4.4664e-005,0.0499492
4.4668e-005,0.0493837
4.4672e-005,0.0492249
4.4676e-005,0.0492745
4.468e-005,0.0492894
4.4684e-005,0.0493539
4.4688e-005,0.0498649
4.4692e-005,0.0494333
4.4696e-005,0.0493043
4.47e-005,0.0496218
4.4704e-005,0.0499095
4.4708e-005,0.0493738
4.4712e-005,0.0498252
4.4716e-005,0.0489323
4.472e-005,0.0495325
4.4724e-005,0.0500137
4.4728e-005,0.0495226
4.4732e-005,0.0494333
4.4736e-005,0.0493738
4.474e-005,0.0488132
4.4744e-005,0.0489422
4.4748e-005,0.048843
4.4752e-005,0.0490265
4.4756e-005,0.049349
4.476e-005,0.0500087
4.4764e-005,0.0494779
4.4768e-005,0.049463
4.4772e-005,0.0493142
4.4776e-005,0.0493043
4.478e-005,0.049592
4.4784e-005,0.0498351
4.4788e-005,0.0496962
4.4792e-005,0.0493738
4.4796e-005,0.0501426
4.48e-005,0.0499988
4.4804e-005,0.049091
4.4808e-005,0.0497756
4.4812e-005,0.0493837
4.4816e-005,0.0497309
4.482e-005,0.0494085
4.4824e-005,0.0493638
4.4828e-005,0.0493986
4.4832e-005,0.0500385
4.4836e-005,0.048962
4.484e-005,0.049096
4.4844e-005,0.0498996
4.4848e-005,0.0496019
4.4852e-005,0.049473
4.4856e-005,0.0494234
4.486e-005,0.0496813
4.4864e-005,0.0492101
4.4868e-005,0.0493341
4.4872e-005,0.0494035
4.4876e-005,0.0494482
4.488e-005,0.0498897
4.4884e-005,0.0487735
4.4888e-005,0.0492845
4.4892e-005,0.0500583
4.4896e-005,0.0499194
4.49e-005,0.0489124
4.4904e-005,0.0489571
4.4908e-005,0.0440858
4.4912e-005,0.0408812
4.4916e-005,0.0369425
4.492e-005,0.0362679
4.4924e-005,0.0353551
4.4928e-005,0.0349731
4.4932e-005,0.0287774
4.4936e-005,0.0214307
4.494e-005,0.019764
4.4944e-005,0.0196449
4.4948e-005,0.0184941
4.4952e-005,0.0180625
4.4956e-005,0.0129729
4.496e-005,0.00284338
4.4964e-005,0.00152386
4.4968e-005,-0.000440531
4.4972e-005,-0.00104076
4.4976e-005,0.000457337
4.498e-005,0.000115056
4.4984e-005,-0.000276831
4.4988e-005,0.000209307
4.4992e-005,-0.000787772
4.4996e-005,0.00641997
4.5e-005,0.0159096
4.5004e-005,0.0187818
4.5008e-005,0.0199773
4.5012e-005,0.0219665
4.5016e-005,0.0218325
4.502e-005,0.0219466
4.5024e-005,0.0228495
4.5028e-005,0.0242136
4.5032e-005,0.0238465
4.5036e-005,0.0244666
4.504e-005,0.0247891
4.5044e-005,0.0248486
4.5048e-005,0.0250172
4.5052e-005,0.0259151
4.5056e-005,0.0249974
4.506e-005,0.0256919
4.5064e-005,0.0261433
4.5068e-005,0.0263913
4.5072e-005,0.0265054
4.5076e-005,0.0263566
4.508e-005,0.0254538
4.5084e-005,0.0260143
4.5088e-005,0.0258109
4.5092e-005,0.0265401
4.5096e-005,0.026312
4.51e-005,0.0267683
4.5104e-005,0.0260838
4.5108e-005,0.0258804
4.5112e-005,0.0259349
4.5116e-005,0.0255232
4.512e-005,0.025672
4.5124e-005,0.0259349
4.5128e-005,0.0260639
4.5132e-005,0.0261086
4.5136e-005,0.0262574
4.514e-005,0.0259002
4.5144e-005,0.0257663
4.5148e-005,0.0260242
4.5152e-005,0.0255827
4.5156e-005,0.0260292
4.516e-005,0.0259895
4.5164e-005,0.0256324
4.5168e-005,0.0258754
4.5172e-005,0.0259498
4.5176e-005,0.0254687
4.518e-005,0.0261631
4.5184e-005,0.0260887
4.5188e-005,0.0248833
4.5192e-005,0.0262227
4.5196e-005,0.0257613
4.52e-005,0.0258109
4.5204e-005,0.0256026
4.5208e-005,0.0262475
4.5212e-005,0.0253347
4.5216e-005,0.0262127
4.522e-005,0.024923
4.5224e-005,0.0256324
4.5228e-005,0.0253694
4.5232e-005,0.0256968
4.5236e-005,0.0256522
4.524e-005,0.0253645
4.5244e-005,0.0256572
4.5248e-005,0.0252454
4.5252e-005,0.0255728
4.5256e-005,0.0255927
4.526e-005,0.0252206
4.5264e-005,0.0254538
4.5268e-005,0.0245311
4.5272e-005,0.0255728
4.5276e-005,0.0255381
4.528e-005,0.025682
4.5284e-005,0.0254835
4.5288e-005,0.025419
4.5292e-005,0.0253694
4.5296e-005,0.0255579
4.53e-005,0.0252801
4.5304e-005,0.0246948
4.5308e-005,0.0253942
4.5312e-005,0.0253744
4.5316e-005,0.0258159
4.532e-005,0.0251264
4.5324e-005,0.0259647
4.5328e-005,0.0258556
4.5332e-005,0.0255976
4.5336e-005,0.0257613
4.534e-005,0.0253496
4.5344e-005,0.0255133
4.5348e-005,0.0254538
4.5352e-005,0.0249676
4.5356e-005,0.0248436
4.536e-005,0.025305
4.5364e-005,0.0250123
4.5368e-005,0.0251809
4.5372e-005,0.0255282
4.5376e-005,0.0251958
4.538e-005,0.0253794
4.5384e-005,0.0256274
4.5388e-005,0.0253149
4.5392e-005,0.0253149
4.5396e-005,0.0253099
4.54e-005,0.0255381
4.5404e-005,0.0254389
4.5408e-005,0.0256522
4.5412e-005,0.0250817
4.5416e-005,0.0250073
4.542e-005,0.025672
4.5424e-005,0.0255034
4.5428e-005,0.0253099
4.5432e-005,0.0254687
4.5436e-005,0.0247841
4.544e-005,0.0251611
4.5444e-005,0.025677
4.5448e-005,0.0254438
4.5452e-005,0.0253099
4.5456e-005,0.0257712
4.546e-005,0.025677
4.5464e-005,0.0252008
4.5468e-005,0.0253992
4.5472e-005,0.0260689
4.5476e-005,0.0249776
4.548e-005,0.0259449
4.5484e-005,0.0254885
4.5488e-005,0.0256423
4.5492e-005,0.0255431
4.5496e-005,0.0257961
4.55e-005,0.0253149
4.5504e-005,0.0249875
4.5508e-005,0.0255083
4.5512e-005,0.0254339
4.5516e-005,0.0255083
4.552e-005,0.0254885
4.5524e-005,0.0249031
4.5528e-005,0.0260143
4.5532e-005,0.0254488
4.5536e-005,0.0255232
4.554e-005,0.0258258
4.5544e-005,0.0254786
4.5548e-005,0.0253794
4.5552e-005,0.0260986
4.5556e-005,0.0256075
4.556e-005,0.0255083
4.5564e-005,0.0257812
4.5568e-005,0.0263318
4.5572e-005,0.0261234
4.5576e-005,0.025801
4.558e-005,0.0254042
4.5584e-005,0.0254786
4.5588e-005,0.0256324
4.5592e-005,0.0250718
4.5596e-005,0.0252256
4.56e-005,0.0257663
4.5604e-005,0.0254687
4.5608e-005,0.0249379
4.5612e-005,0.0248387
4.5616e-005,0.0249031
4.562e-005,0.0258457
4.5624e-005,0.0253446
4.5628e-005,0.0255728
4.5632e-005,0.0251611
4.5636e-005,0.0254835
4.564e-005,0.0242087
4.5644e-005,0.0249527
4.5648e-005,0.025176
4.5652e-005,0.0253992
4.5656e-005,0.025677
4.566e-005,0.025424
4.5664e-005,0.0259746
4.5668e-005,0.0245807
4.5672e-005,0.0253446
4.5676e-005,0.0248238
4.568e-005,0.0250024
4.5684e-005,0.025305
4.5688e-005,0.0253794
4.5692e-005,0.0260441
4.5696e-005,0.0261929
4.57e-005,0.0230231
4.5704e-005,0.0201559
4.5708e-005,0.0199822
4.5712e-005,0.0189852
4.5716e-005,0.0180774
4.572e-005,0.0189703
4.5724e-005,0.0123082
4.5728e-005,0.00268464
4.5732e-005,0.000551588
4.5736e-005,-0.00132848
4.574e-005,-0.00051494
4.5744e-005,0.000303558
4.5748e-005,-0.000728245
4.5752e-005,4.06468e-005
4.5756e-005,-3.37621e-005
4.576e-005,-0.000896905
4.5764e-005,0.00568084
4.5768e-005,0.0158302
4.5772e-005,0.0186131
4.5776e-005,0.0207561
4.578e-005,0.0229884
4.5784e-005,0.025171
4.5788e-005,0.0255183
4.5792e-005,0.0268874
4.5796e-005,0.0286137
4.58e-005,0.028822
4.5804e-005,0.0302209
4.5808e-005,0.031089
4.5812e-005,0.030707
4.5816e-005,0.0314362
4.582e-005,0.0318827
4.5824e-005,0.0328252
4.5828e-005,0.0324829
4.5832e-005,0.0327508
4.5836e-005,0.0328649
4.584e-005,0.0335643
4.5844e-005,0.0337032
4.5848e-005,0.0340356
4.5852e-005,0.0342489
4.5856e-005,0.0334254
4.586e-005,0.0335643
4.5864e-005,0.0337677
4.5868e-005,0.0341695
4.5872e-005,0.0337727
4.5876e-005,0.0337082
4.588e-005,0.0344572
4.5884e-005,0.0337925
4.5888e-005,0.0338273
4.5892e-005,0.0346209
4.5896e-005,0.0337231
4.59e-005,0.0342043
4.5904e-005,0.0341348
4.5908e-005,0.0335445
4.5912e-005,0.034234
4.5916e-005,0.0340356
4.592e-005,0.0343828
4.5924e-005,0.033227
4.5928e-005,0.0342539
4.5932e-005,0.033738
4.5936e-005,0.0340753
4.594e-005,0.0337727
4.5944e-005,0.0339761
4.5948e-005,0.0347946
4.5952e-005,0.0337231
4.5956e-005,0.0343084
4.596e-005,0.0345217
4.5964e-005,0.0336239
4.5968e-005,0.0337677
4.5972e-005,0.0338669
4.5976e-005,0.0337925
4.598e-005,0.0335395
4.5984e-005,0.0338868
4.5988e-005,0.0341199
4.5992e-005,0.0333362
4.5996e-005,0.0341298
4.6e-005,0.033991
4.6004e-005,0.0330931
4.6008e-005,0.0334304
4.6012e-005,0.0337876
4.6016e-005,0.0344275
4.602e-005,0.0331278
4.6024e-005,0.0331228
4.6028e-005,0.0338868
4.6032e-005,0.0331377
4.6036e-005,0.0335693
4.604e-005,0.032726
4.6044e-005,0.0336139
4.6048e-005,0.0333709
4.6052e-005,0.0337578
4.6056e-005,0.0332419
4.606e-005,0.0335544
4.6064e-005,0.0337677
4.6068e-005,0.0329443
4.6072e-005,0.0333114
4.6076e-005,0.0331725
4.608e-005,0.0338917
4.6084e-005,0.0329591
4.6088e-005,0.0331228
4.6092e-005,0.0338818
4.6096e-005,0.033738
4.61e-005,0.0330435
4.6104e-005,0.0339463
4.6108e-005,0.0338421
4.6112e-005,0.0331377
4.6116e-005,0.0340951
4.612e-005,0.0334006
4.6124e-005,0.0340306
4.6128e-005,0.0340604
4.6132e-005,0.0342142
4.6136e-005,0.0337727
4.614e-005,0.034492
4.6144e-005,0.0341745
4.6148e-005,0.0337727
4.6152e-005,0.0334354
4.6156e-005,0.033857
4.616e-005,0.0332766
4.6164e-005,0.0333213
4.6168e-005,0.033485
4.6172e-005,0.0331377
4.6176e-005,0.0342935
4.618e-005,0.0334552
4.6184e-005,0.0343283
4.6188e-005,0.0341298
4.6192e-005,0.032974
4.6196e-005,0.0336933
4.62e-005,0.033981
4.6204e-005,0.0337727
4.6208e-005,0.0332221
4.6212e-005,0.0339761
4.6216e-005,0.0339364
4.622e-005,0.0331278
4.6224e-005,0.0343134
4.6228e-005,0.0338719
4.6232e-005,0.0337578
4.6236e-005,0.0337975
4.624e-005,0.0332568
4.6244e-005,0.033098
4.6248e-005,0.0336139
4.6252e-005,0.0337876
4.6256e-005,0.0332072
4.626e-005,0.0334453
4.6264e-005,0.0329939
4.6268e-005,0.0332568
4.6272e-005,0.0334751
4.6276e-005,0.0334701
4.628e-005,0.0334602
4.6284e-005,0.0331179
4.6288e-005,0.0336933
4.6292e-005,0.0325226
4.6296e-005,0.0332469
4.63e-005,0.0328798
4.6304e-005,0.0328252
4.6308e-005,0.0330088
4.6312e-005,0.0331973
4.6316e-005,0.0331675
4.632e-005,0.0330187
4.6324e-005,0.0335941
4.6328e-005,0.0329988
4.6332e-005,0.033361
4.6336e-005,0.0328302
4.634e-005,0.0330881
4.6344e-005,0.0335842
4.6348e-005,0.0335991
4.6352e-005,0.0334899
4.6356e-005,0.0335048
4.636e-005,0.03348
4.6364e-005,0.0332717
4.6368e-005,0.0330683
4.6372e-005,0.0330336
4.6376e-005,0.033108
4.638e-005,0.0332568
4.6384e-005,0.0329095
4.6388e-005,0.0328351
4.6392e-005,0.0330683
4.6396e-005,0.0330435
4.64e-005,0.0326218
4.6404e-005,0.0334354
4.6408e-005,0.0328798
4.6412e-005,0.0325524
4.6416e-005,0.0332816
4.642e-005,0.0330286
4.6424e-005,0.0330832
4.6428e-005,0.0330782
4.6432e-005,0.0341646
4.6436e-005,0.0327558
4.644e-005,0.0332221
4.6444e-005,0.0315553
4.6448e-005,0.0311882
4.6452e-005,0.0304044
4.6456e-005,0.0299332
4.646e-005,0.0297844
4.6464e-005,0.0300671
4.6468e-005,0.0251214
4.6472e-005,0.0207561
4.6476e-005,0.0199922
4.648e-005,0.018499
4.6484e-005,0.0182758
4.6488e-005,0.0191241
4.6492e-005,0.0124322
4.6496e-005,0.0026896
4.65e-005,0.000660721
4.6504e-005,-0.000559585
4.6508e-005,-0.00107549
4.6512e-005,0.00031844
4.6516e-005,-0.000638955
4.652e-005,-0.000321477
4.6524e-005,-7.34468e-005
4.6528e-005,-0.00133344
4.6532e-005,0.00602312
4.6536e-005,0.0170059
4.654e-005,0.0199177
4.6544e-005,0.0217581
4.6548e-005,0.0258953
4.6552e-005,0.0276364
4.6556e-005,0.0287426
4.656e-005,0.0313222
4.6564e-005,0.0328599
4.6568e-005,0.033356
4.6572e-005,0.0353204
4.6576e-005,0.0362331
4.658e-005,0.0365357
4.6584e-005,0.0373344
4.6588e-005,0.0378503
4.6592e-005,0.0383811
4.6596e-005,0.0394079
4.66e-005,0.0392095
4.6604e-005,0.0397204
4.6608e-005,0.0401222
4.6612e-005,0.039904
4.6616e-005,0.0401867
4.662e-005,0.0409259
4.6624e-005,0.040906
4.6628e-005,0.0403455
4.6632e-005,0.0414467
4.6636e-005,0.0412285
4.664e-005,0.0410449
4.6644e-005,0.0416352
4.6648e-005,0.0412185
4.6652e-005,0.0416154
4.6656e-005,0.0420817
4.666e-005,0.0416055
4.6664e-005,0.0417592
4.6668e-005,0.0418237
4.6672e-005,0.0418088
4.6676e-005,0.0416104
4.668e-005,0.0422057
4.6684e-005,0.0418733
4.6688e-005,0.0418932
4.6692e-005,0.042037
4.6696e-005,0.0413674
4.67e-005,0.0412037
4.6704e-005,0.0417196
4.6708e-005,0.0416749
4.6712e-005,0.0416005
4.6716e-005,0.0426373
4.672e-005,0.041918
4.6724e-005,0.0415559
4.6728e-005,0.042667
4.6732e-005,0.0422206
4.6736e-005,0.0419428
4.674e-005,0.0418237
4.6744e-005,0.0415807
4.6748e-005,0.0420916
4.6752e-005,0.042295
4.6756e-005,0.041789
4.676e-005,0.0416055
4.6764e-005,0.0428754
4.6768e-005,0.0421412
4.6772e-005,0.0413872
4.6776e-005,0.0420718
4.678e-005,0.0415509
4.6784e-005,0.0413177
4.6788e-005,0.0432821
4.6792e-005,0.0417989
4.6796e-005,0.0421214
4.68e-005,0.0422206
4.6804e-005,0.0407175
4.6808e-005,0.0411342
4.6812e-005,0.04229
4.6816e-005,0.0413029
4.682e-005,0.0419428
4.6824e-005,0.0421263
4.6828e-005,0.0419229
4.6832e-005,0.0417989
4.6836e-005,0.04229
4.684e-005,0.0422255
4.6844e-005,0.04166
4.6848e-005,0.0422553
4.6852e-005,0.0409209
4.6856e-005,0.0417146
4.686e-005,0.0417692
4.6864e-005,0.0417245
4.6868e-005,0.0420222
4.6872e-005,0.0413227
4.6876e-005,0.0414864
4.688e-005,0.0418932
4.6884e-005,0.0420321
4.6888e-005,0.0416501
4.6892e-005,0.0422305
4.6896e-005,0.0419477
4.69e-005,0.0416154
4.6904e-005,0.0423942
4.6908e-005,0.0420073
4.6912e-005,0.0420271
4.6916e-005,0.0423843
4.692e-005,0.0424686
4.6924e-005,0.0415906
4.6928e-005,0.0418932
4.6932e-005,0.0425579
4.6936e-005,0.0418733
4.694e-005,0.0416997
4.6944e-005,0.0424785
4.6948e-005,0.0419329
4.6952e-005,0.0415906
4.6956e-005,0.042801
4.696e-005,0.0424289
4.6964e-005,0.0412681
4.6968e-005,0.0423198
4.6972e-005,0.0419527
4.6976e-005,0.0423446
4.698e-005,0.0423595
4.6984e-005,0.0419428
4.6988e-005,0.0419577
4.6992e-005,0.0419378
4.6996e-005,0.0416154
4.7e-005,0.0426918
4.7004e-005,0.0421958
4.7008e-005,0.0414467
4.7012e-005,0.0417146
4.7016e-005,0.0424488
4.702e-005,0.0418733
4.7024e-005,0.0417543
4.7028e-005,0.0420668
4.7032e-005,0.0420073
4.7036e-005,0.0417295
4.704e-005,0.0423942
4.7044e-005,0.0419825
4.7048e-005,0.0421462
4.7052e-005,0.0422751
4.7056e-005,0.0417642
4.706e-005,0.0419329
4.7064e-005,0.0427315
4.7068e-005,0.0412929
4.7072e-005,0.0415856
4.7076e-005,0.0417642
4.708e-005,0.0410201
4.7084e-005,0.041159
4.7088e-005,0.0423198
4.7092e-005,0.0418436
4.7096e-005,0.0415112
4.71e-005,0.0411342
4.7104e-005,0.042047
4.7108e-005,0.0414368
4.7112e-005,0.0421908
4.7116e-005,0.0419527
4.712e-005,0.0418833
4.7124e-005,0.0419725
4.7128e-005,0.0411739
4.7132e-005,0.0415162
4.7136e-005,0.0416997
4.714e-005,0.0418287
4.7144e-005,0.0418088
4.7148e-005,0.041784
4.7152e-005,0.0418684
4.7156e-005,0.0416253
4.716e-005,0.0420172
4.7164e-005,0.0418088
4.7168e-005,0.0411739
4.7172e-005,0.041789
4.7176e-005,0.0417344
4.718e-005,0.0419676
4.7184e-005,0.0423198
4.7188e-005,0.0422057
4.7192e-005,0.0418783
4.7196e-005,0.0426968
4.72e-005,0.0417741
4.7204e-005,0.041164
4.7208e-005,0.0408911
4.7212e-005,0.0387035
4.7216e-005,0.0357966
4.722e-005,0.0352559
4.7224e-005,0.0339413
4.7228e-005,0.033098
4.7232e-005,0.0333312
4.7236e-005,0.0276513
4.724e-005,0.0210884
4.7244e-005,0.0197243
4.7248e-005,0.0187074
4.7252e-005,0.0186528
4.7256e-005,0.0185337
4.726e-005,0.0133797
4.7264e-005,0.00356267
4.7268e-005,0.000779775
4.7272e-005,-0.000738166
4.7276e-005,-0.000465334
4.728e-005,0.000452376
4.7284e-005,-0.000256989
4.7288e-005,-8.3368e-005
4.7292e-005,0.000353164
4.7296e-005,-0.000390925
4.73e-005,0.00573541
4.7304e-005,0.016356
4.7308e-005,0.0211182
4.7312e-005,0.0241789
4.7316e-005,0.0282714
4.732e-005,0.0306426
4.7324e-005,0.032349
4.7328e-005,0.0350228
4.7332e-005,0.0364762
4.7336e-005,0.0376023
4.734e-005,0.0391797
4.7344e-005,0.0399784
4.7348e-005,0.0406431
4.7352e-005,0.0423942
4.7356e-005,0.0428655
4.736e-005,0.0431135
4.7364e-005,0.0441651
4.7368e-005,0.0448695
4.7372e-005,0.0452317
4.7376e-005,0.0461246
4.738e-005,0.0459609
4.7384e-005,0.0454846
4.7388e-005,0.0467942
4.7392e-005,0.0466405
4.7396e-005,0.0474242
4.74e-005,0.0476524
4.7404e-005,0.0478806
4.7408e-005,0.0479203
4.7412e-005,0.0484164
4.7416e-005,0.0476524
4.742e-005,0.0480394
4.7424e-005,0.0483023
4.7428e-005,0.0481832
4.7432e-005,0.048456
4.7436e-005,0.0489521
4.744e-005,0.0486644
4.7444e-005,0.0486842
4.7448e-005,0.0487338
4.7452e-005,0.0482328
4.7456e-005,0.0487487
4.746e-005,0.0491853
4.7464e-005,0.0488876
4.7468e-005,0.0488727
4.7472e-005,0.0487041
4.7476e-005,0.0482973
4.748e-005,0.0486049
4.7484e-005,0.0496367
4.7488e-005,0.0489174
4.7492e-005,0.0487438
4.7496e-005,0.0494035
4.75e-005,0.0489471
4.7504e-005,0.0486297
4.7508e-005,0.0492547
4.7512e-005,0.0488827
4.7516e-005,0.048719
4.752e-005,0.0496714
4.7524e-005,0.0486346
4.7528e-005,0.0489075
4.7532e-005,0.0492944
4.7536e-005,0.0491307
4.754e-005,0.0493093
4.7544e-005,0.0497904
4.7548e-005,0.0497309
4.7552e-005,0.0492001
4.7556e-005,0.0500385
4.756e-005,0.0491059
4.7564e-005,0.0489769
4.7568e-005,0.0499541
4.7572e-005,0.0494085
4.7576e-005,0.0492497
4.758e-005,0.0496565
4.7584e-005,0.0493986
4.7588e-005,0.0492696
4.7592e-005,0.0490265
4.7596e-005,0.0487487
4.76e-005,0.0500583
4.7604e-005,0.0494382
4.7608e-005,0.0484908
4.7612e-005,0.0490166
4.7616e-005,0.0496962
4.762e-005,0.0497904
4.7624e-005,0.0493539
4.7628e-005,0.049597
4.7632e-005,0.0492597
4.7636e-005,0.0494829
4.764e-005,0.0496664
4.7644e-005,0.0496466
4.7648e-005,0.0500583
4.7652e-005,0.0493986
4.7656e-005,0.0491853
4.766e-005,0.0496168
4.7664e-005,0.0500682
4.7668e-005,0.0496763
4.7672e-005,0.0495821
4.7676e-005,0.0497458
4.768e-005,0.0498599
4.7684e-005,0.0499789
4.7688e-005,0.049969
4.7692e-005,0.0492944
4.7696e-005,0.0498847
4.77e-005,0.0494829
4.7704e-005,0.0493589
4.7708e-005,0.0494432
4.7712e-005,0.0498797
4.7716e-005,0.0496863
4.772e-005,0.0492795
4.7724e-005,0.0496615
4.7728e-005,0.0490563
4.7732e-005,0.0496863
4.7736e-005,0.0499541
4.774e-005,0.0494432
4.7744e-005,0.0491108
4.7748e-005,0.0494234
4.7752e-005,0.0496218
4.7756e-005,0.0495375
4.776e-005,0.0494779
4.7764e-005,0.04922
4.7768e-005,0.049468
4.7772e-005,0.0497359
4.7776e-005,0.0496515
4.778e-005,0.0499641
4.7784e-005,0.0492349
4.7788e-005,0.0495275
4.7792e-005,0.0498202
4.7796e-005,0.0495722
4.78e-005,0.0485156
4.7804e-005,0.0486842
4.7808e-005,0.0493093
4.7812e-005,0.0491753
4.7816e-005,0.0497061
4.782e-005,0.0498797
4.7824e-005,0.049716
4.7828e-005,0.0488777
4.7832e-005,0.0499839
4.7836e-005,0.0488926
4.784e-005,0.0496714
4.7844e-005,0.0502121
4.7848e-005,0.049597
4.7852e-005,0.0500682
4.7856e-005,0.0501923
4.786e-005,0.0491902
4.7864e-005,0.049339
4.7868e-005,0.0498252
4.7872e-005,0.0497706
4.7876e-005,0.0491604
4.788e-005,0.0496615
4.7884e-005,0.0496119
4.7888e-005,0.049344
4.7892e-005,0.0500831
4.7896e-005,0.0494134
4.79e-005,0.0487487
4.7904e-005,0.0497359
4.7908e-005,0.0502022
4.7912e-005,0.0502022
4.7916e-005,0.049716
4.792e-005,0.0499442
4.7924e-005,0.0497656
4.7928e-005,0.049468
4.7932e-005,0.0494978
4.7936e-005,0.0491456
4.794e-005,0.0496714
4.7944e-005,0.049096
4.7948e-005,0.0498847
4.7952e-005,0.0501873
4.7956e-005,0.0494382
4.796e-005,0.0501575
4.7964e-005,0.0495375
4.7968e-005,0.04985
4.7972e-005,0.0490712
4.7976e-005,0.0491158
4.798e-005,0.0443487
4.7984e-005,0.0401421
4.7988e-005,0.0382967
4.7992e-005,0.0361538
4.7996e-005,0.0355734
4.8e-005,0.034358
4.8004e-005,0.0278795
4.8008e-005,0.0218474
4.8012e-005,0.0204932
4.8016e-005,0.0191737
4.802e-005,0.0191389
4.8024e-005,0.0190496
4.8028e-005,0.0133251
4.8032e-005,0.00346346
4.8036e-005,0.00163796
4.804e-005,-7.34468e-005
4.8044e-005,-6.35257e-005
4.8048e-005,0.000477179
4.8052e-005,-0.000232186
4.8056e-005,-0.000147856
4.806e-005,0.000129938
4.8064e-005,-0.000837378
4.8068e-005,0.00608265
4.8072e-005,0.0173978
4.8076e-005,0.0188562
4.808e-005,0.0202799
4.8084e-005,0.0217829
4.8088e-005,0.0221897
4.8092e-005,0.0225915
4.8096e-005,0.0237374
4.81e-005,0.0243029
4.8104e-005,0.0239706
4.8108e-005,0.0242583
4.8112e-005,0.0247394
4.8116e-005,0.0253397
4.812e-005,0.0250768
4.8124e-005,0.0254488
4.8128e-005,0.0252801
4.8132e-005,0.025801
4.8136e-005,0.0255976
4.814e-005,0.0255282
4.8144e-005,0.0258903
4.8148e-005,0.0257564
4.8152e-005,0.0255827
4.8156e-005,0.0259846
4.816e-005,0.0263764
4.8164e-005,0.0256919
4.8168e-005,0.0257266
4.8172e-005,0.0258605
4.8176e-005,0.0254538
4.818e-005,0.0252801
4.8184e-005,0.0257068
4.8188e-005,0.0258953
4.8192e-005,0.0253645
4.8196e-005,0.0252702
4.82e-005,0.0254438
4.8204e-005,0.0255133
4.8208e-005,0.0254488
4.8212e-005,0.025682
4.8216e-005,0.0258754
4.822e-005,0.0257564
4.8224e-005,0.025419
4.8228e-005,0.025925
4.8232e-005,0.0257663
4.8236e-005,0.0252653
4.824e-005,0.0254141
4.8244e-005,0.0254042
4.8248e-005,0.0253893
4.8252e-005,0.0257812
4.8256e-005,0.0256522
4.826e-005,0.0254935
4.8264e-005,0.025295
4.8268e-005,0.0258903
4.8272e-005,0.0253
4.8276e-005,0.0251561
4.828e-005,0.025295
4.8284e-005,0.0261086
4.8288e-005,0.0249627
4.8292e-005,0.026183
4.8296e-005,0.026059
4.83e-005,0.0257812
4.8304e-005,0.0251661
4.8308e-005,0.0251214
4.8312e-005,0.0255381
4.8316e-005,0.025548
4.832e-005,0.0252405
4.8324e-005,0.0254042
4.8328e-005,0.0254339
4.8332e-005,0.0252702
4.8336e-005,0.0249428
4.834e-005,0.0247791
4.8344e-005,0.0255133
4.8348e-005,0.0257266
4.8352e-005,0.0257861
4.8356e-005,0.0255282
4.836e-005,0.0258258
4.8364e-005,0.0255331
4.8368e-005,0.025305
4.8372e-005,0.0253397
4.8376e-005,0.0247891
4.838e-005,0.0243972
4.8384e-005,0.0251115
4.8388e-005,0.0248783
4.8392e-005,0.024794
4.8396e-005,0.0257068
4.84e-005,0.0249379
4.8404e-005,0.0255381
4.8408e-005,0.0252901
4.8412e-005,0.0255232
4.8416e-005,0.0255728
4.842e-005,0.0255381
4.8424e-005,0.0251661
4.8428e-005,0.0252355
4.8432e-005,0.0253397
4.8436e-005,0.0255728
4.844e-005,0.0253298
4.8444e-005,0.0255579
4.8448e-005,0.0254438
4.8452e-005,0.0249776
4.8456e-005,0.0254835
4.846e-005,0.0255976
4.8464e-005,0.0250718
4.8468e-005,0.0255579
4.8472e-005,0.0250867
4.8476e-005,0.0255083
4.848e-005,0.0261532
4.8484e-005,0.0258705
4.8488e-005,0.0250123
4.8492e-005,0.0256026
4.8496e-005,0.0254687
4.85e-005,0.0255679
4.8504e-005,0.0252405
4.8508e-005,0.0258357
4.8512e-005,0.0255778
4.8516e-005,0.0258457
4.852e-005,0.0262822
4.8524e-005,0.0253298
4.8528e-005,0.0254637
4.8532e-005,0.025925
4.8536e-005,0.0251313
4.854e-005,0.0256572
4.8544e-005,0.0259796
4.8548e-005,0.025295
4.8552e-005,0.0254587
4.8556e-005,0.0251512
4.856e-005,0.0254687
4.8564e-005,0.0257712
4.8568e-005,0.0259201
4.8572e-005,0.0253942
4.8576e-005,0.0257514
4.858e-005,0.0253843
4.8584e-005,0.0248535
4.8588e-005,0.0252256
4.8592e-005,0.0258308
4.8596e-005,0.0250668
4.86e-005,0.0249726
4.8604e-005,0.0248387
4.8608e-005,0.0250272
4.8612e-005,0.0252355
4.8616e-005,0.0244418
4.862e-005,0.0254339
4.8624e-005,0.0252305
4.8628e-005,0.0253595
4.8632e-005,0.0252603
4.8636e-005,0.0255778
4.864e-005,0.0250272
4.8644e-005,0.0249329
4.8648e-005,0.0256075
4.8652e-005,0.0253149
4.8656e-005,0.0246998
4.866e-005,0.0257663
4.8664e-005,0.0253248
4.8668e-005,0.0253
4.8672e-005,0.0255629
4.8676e-005,0.0247295
4.868e-005,0.0250272
4.8684e-005,0.0254637
4.8688e-005,0.024918
4.8692e-005,0.0252504
4.8696e-005,0.0252504
4.87e-005,0.0251016
4.8704e-005,0.0248684
4.8708e-005,0.0247047
4.8712e-005,0.0249577
4.8716e-005,0.0253744
4.872e-005,0.0253794
4.8724e-005,0.025295
4.8728e-005,0.0250718
4.8732e-005,0.025682
4.8736e-005,0.0254637
4.874e-005,0.0243029
4.8744e-005,0.0252206
4.8748e-005,0.0254736
4.8752e-005,0.0256026
4.8756e-005,0.0261631
4.876e-005,0.0251661
4.8764e-005,0.0258705
4.8768e-005,0.0261334
4.8772e-005,0.0227453
4.8776e-005,0.0201013
4.878e-005,0.0194911
4.8784e-005,0.0188562
4.8788e-005,0.0185139
4.8792e-005,0.018122
4.8796e-005,0.0118072
4.88e-005,0.00281858
4.8804e-005,0.000849224
4.8808e-005,-0.000906827
4.8812e-005,7.04104e-005
4.8816e-005,-0.000152816
4.882e-005,-0.000996117
4.8824e-005,-0.000475255
4.8828e-005,-0.00010321
4.8832e-005,-0.00111517
4.8836e-005,0.00626619
4.884e-005,0.0159592
4.8844e-005,0.0190695
4.8848e-005,0.0205081
4.8852e-005,0.022904
4.8856e-005,0.0247146
4.886e-005,0.0246204
4.8864e-005,0.0274182
4.8868e-005,0.0282218
4.8872e-005,0.0284797
4.8876e-005,0.0295314
4.888e-005,0.0300374
4.8884e-005,0.0304243
4.8888e-005,0.0316843
4.8892e-005,0.031337
4.8896e-005,0.0322498
4.89e-005,0.0328649
4.8904e-005,0.0330534
4.8908e-005,0.032354
4.8912e-005,0.0335445
4.8916e-005,0.0329095
4.892e-005,0.0329046
4.8924e-005,0.0336387
4.8928e-005,0.0329294
4.8932e-005,0.0330782
4.8936e-005,0.0343878
4.894e-005,0.0334602
4.8944e-005,0.0338322
4.8948e-005,0.0329691
4.8952e-005,0.03348
4.8956e-005,0.0331477
4.896e-005,0.0336487
4.8964e-005,0.0341745
4.8968e-005,0.0341249
4.8972e-005,0.033991
4.8976e-005,0.0332617
4.898e-005,0.0335792
4.8984e-005,0.0344721
4.8988e-005,0.0337876
4.8992e-005,0.0334056
4.8996e-005,0.0332419
4.9e-005,0.0338471
4.9004e-005,0.0335098
4.9008e-005,0.0340505
4.9012e-005,0.0339066
4.9016e-005,0.033227
4.902e-005,0.033981
4.9024e-005,0.0339413
4.9028e-005,0.0341844
4.9032e-005,0.0343828
4.9036e-005,0.0335296
4.904e-005,0.0336586
4.9044e-005,0.0334006
4.9048e-005,0.0338372
4.9052e-005,0.0329195
4.9056e-005,0.0334354
4.906e-005,0.0335693
4.9064e-005,0.0329542
4.9068e-005,0.0336884
4.9072e-005,0.0329492
4.9076e-005,0.0335147
4.908e-005,0.03348
4.9084e-005,0.0335693
4.9088e-005,0.0340505
4.9092e-005,0.0332865
4.9096e-005,0.0333064
4.91e-005,0.0335247
4.9104e-005,0.0340108
4.9108e-005,0.0336834
4.9112e-005,0.0334552
4.9116e-005,0.0335098
4.912e-005,0.0332419
4.9124e-005,0.0330385
4.9128e-005,0.0331129
4.9132e-005,0.0324829
4.9136e-005,0.0334205
4.914e-005,0.0333312
4.9144e-005,0.0334155
4.9148e-005,0.0338521
4.9152e-005,0.0340951
4.9156e-005,0.0335445
4.916e-005,0.0330385
4.9164e-005,0.0335693
4.9168e-005,0.0329691
4.9172e-005,0.0335346
4.9176e-005,0.0333858
4.918e-005,0.0332617
4.9184e-005,0.0329294
4.9188e-005,0.0342886
4.9192e-005,0.0330484
4.9196e-005,0.0336685
4.92e-005,0.0335098
4.9204e-005,0.0332072
4.9208e-005,0.0328847
4.9212e-005,0.033738
4.9216e-005,0.0336884
4.922e-005,0.0334403
4.9224e-005,0.0337826
4.9228e-005,0.0330584
4.9232e-005,0.0333907
4.9236e-005,0.033232
4.924e-005,0.032979
4.9244e-005,0.0330732
4.9248e-005,0.0335495
4.9252e-005,0.0332965
4.9256e-005,0.0335098
4.926e-005,0.0336338
4.9264e-005,0.0338074
4.9268e-005,0.0330088
4.9272e-005,0.0343481
4.9276e-005,0.0335395
4.928e-005,0.0334056
4.9284e-005,0.0337528
4.9288e-005,0.0333709
4.9292e-005,0.0331973
4.9296e-005,0.0340455
4.93e-005,0.0335147
4.9304e-005,0.0335544
4.9308e-005,0.0334502
4.9312e-005,0.033227
4.9316e-005,0.0334552
4.932e-005,0.0336685
4.9324e-005,0.033604
4.9328e-005,0.0329641
4.9332e-005,0.0334155
4.9336e-005,0.033227
4.934e-005,0.032721
4.9344e-005,0.0336636
4.9348e-005,0.0331526
4.9352e-005,0.033108
4.9356e-005,0.0337776
4.936e-005,0.0339513
4.9364e-005,0.0331278
4.9368e-005,0.033351
4.9372e-005,0.0334751
4.9376e-005,0.0333461
4.938e-005,0.0337925
4.9384e-005,0.0330534
4.9388e-005,0.0334453
4.9392e-005,0.0337975
4.9396e-005,0.0329195
4.94e-005,0.0328996
4.9404e-005,0.0335495
4.9408e-005,0.0334304
4.9412e-005,0.0343382
4.9416e-005,0.033991
4.942e-005,0.0330683
4.9424e-005,0.0333461
4.9428e-005,0.0340505
4.9432e-005,0.0331377
4.9436e-005,0.0333014
4.944e-005,0.0337677
4.9444e-005,0.0333262
4.9448e-005,0.0327905
4.9452e-005,0.0331427
4.9456e-005,0.0337628
4.946e-005,0.0331228
4.9464e-005,0.0336636
4.9468e-005,0.0334056
4.9472e-005,0.0337776
4.9476e-005,0.0337925
4.948e-005,0.0337082
4.9484e-005,0.0334899
4.9488e-005,0.0338173
4.9492e-005,0.0335048
4.9496e-005,0.0334701
4.95e-005,0.0341547
4.9504e-005,0.0335991
4.9508e-005,0.0337727
4.9512e-005,0.0331228
4.9516e-005,0.0321456
4.952e-005,0.0314065
4.9524e-005,0.030712
4.9528e-005,0.030454
4.9532e-005,0.0298935
4.9536e-005,0.0300919
4.954e-005,0.0252553
4.9544e-005,0.0211579
4.9548e-005,0.0200368
4.9552e-005,0.0192431
4.9556e-005,0.0188711
4.956e-005,0.0182907
4.9564e-005,0.0120205
4.9568e-005,0.00267968
4.9572e-005,0.000556549
4.9576e-005,-0.000896905
4.958e-005,-0.000832418
4.9584e-005,0.000447416
4.9588e-005,-0.00106061
4.9592e-005,-0.000991157
4.9596e-005,0.00023411
4.96e-005,-0.00107549
4.9604e-005,0.00560147
4.9608e-005,0.0168819
4.9612e-005,0.0204733
4.9616e-005,0.0229189
4.962e-005,0.0256423
4.9624e-005,0.0281027
4.9628e-005,0.0291494
4.9632e-005,0.0312825
4.9636e-005,0.0326466
4.964e-005,0.0337132
4.9644e-005,0.034616
4.9648e-005,0.0354692
4.9652e-005,0.0366746
4.9656e-005,0.0383265
4.966e-005,0.037885
4.9664e-005,0.0379346
4.9668e-005,0.0398196
4.9672e-005,0.0395171
4.9676e-005,0.0403901
4.968e-005,0.0410648
4.9684e-005,0.0402314
4.9688e-005,0.0405786
4.9692e-005,0.0413227
4.9696e-005,0.0407919
4.97e-005,0.0412235
4.9704e-005,0.0410251
4.9708e-005,0.0407622
4.9712e-005,0.0417047
4.9716e-005,0.0418684
4.972e-005,0.0412781
4.9724e-005,0.041913
4.9728e-005,0.041913
4.9732e-005,0.0417146
4.9736e-005,0.0421611
4.974e-005,0.0424041
4.9744e-005,0.0419974
4.9748e-005,0.0415906
4.9752e-005,0.0419229
4.9756e-005,0.0418684
4.976e-005,0.0416203
4.9764e-005,0.0426174
4.9768e-005,0.0426323
4.9772e-005,0.0423496
4.9776e-005,0.0421958
4.978e-005,0.0421611
4.9784e-005,0.0424884
4.9788e-005,0.0417989
4.9792e-005,0.0420718
4.9796e-005,0.0422107
4.98e-005,0.0427762
4.9804e-005,0.0422404
4.9808e-005,0.0419874
4.9812e-005,0.0428704
4.9816e-005,0.0414616
4.982e-005,0.0414963
4.9824e-005,0.0420122
4.9828e-005,0.0416005
4.9832e-005,0.0418833
4.9836e-005,0.0414418
4.984e-005,0.0412285
4.9844e-005,0.0413574
4.9848e-005,0.0420519
4.9852e-005,0.0416749
4.9856e-005,0.0410152
4.986e-005,0.0419378
4.9864e-005,0.0408366
4.9868e-005,0.0421809
4.9872e-005,0.0412086
4.9876e-005,0.0416898
4.988e-005,0.0418039
4.9884e-005,0.0414368
4.9888e-005,0.0416253
4.9892e-005,0.0418088
4.9896e-005,0.0421908
4.99e-005,0.0415013
4.9904e-005,0.0411937
4.9908e-005,0.0418882
4.9912e-005,0.0415211
4.9916e-005,0.0415608
4.992e-005,0.0417791
4.9924e-005,0.0409308
4.9928e-005,0.0414616
4.9932e-005,0.04166
4.9936e-005,0.0412037
4.994e-005,0.0414318
4.9944e-005,0.0419329
4.9948e-005,0.041035
4.9952e-005,0.0413376
4.9956e-005,0.0421362
4.996e-005,0.0413525
4.9964e-005,0.0414219
4.9968e-005,0.0421908
4.9972e-005,0.0412433
4.9976e-005,0.0416451
4.998e-005,0.0420618
4.9984e-005,0.0418088
4.9988e-005,0.0426819
4.9992e-005,0.0424537
4.9996e-005,0.0417543
5e-005,0.0422007
5.0004e-005,0.0425033
5.0008e-005,0.0413872
5.0012e-005,0.0418337
5.0016e-005,0.0418386
5.002e-005,0.0413376
5.0024e-005,0.0415162
5.0028e-005,0.042037
5.0032e-005,0.0417543
5.0036e-005,0.0420519
5.004e-005,0.0417692
5.0044e-005,0.0420668
5.0048e-005,0.0413723
5.0052e-005,0.041918
5.0056e-005,0.0420569
5.006e-005,0.0407324
5.0064e-005,0.0414914
5.0068e-005,0.041789
5.0072e-005,0.0408167
5.0076e-005,0.0415162
5.008e-005,0.0419329
5.0084e-005,0.0415211
5.0088e-005,0.0416352
5.0092e-005,0.0414864
5.0096e-005,0.0420916
5.01e-005,0.0421164
5.0104e-005,0.0411292
5.0108e-005,0.0415608
5.0112e-005,0.0423099
5.0116e-005,0.04166
5.012e-005,0.041283
5.0124e-005,0.0417741
5.0128e-005,0.0410201
5.0132e-005,0.0413227
5.0136e-005,0.0418337
5.014e-005,0.0417196
5.0144e-005,0.0417989
5.0148e-005,0.0421859
5.0152e-005,0.0419874
5.0156e-005,0.0412533
5.016e-005,0.0420767
5.0164e-005,0.0412533
5.0168e-005,0.0418684
5.0172e-005,0.0413822
5.0176e-005,0.0415013
5.018e-005,0.0414517
5.0184e-005,0.0413525
5.0188e-005,0.0415807
5.0192e-005,0.0416055
5.0196e-005,0.0420866
5.02e-005,0.0413029
5.0204e-005,0.0419924
5.0208e-005,0.0414814
5.0212e-005,0.0419825
5.0216e-005,0.0416848
5.022e-005,0.0425033
5.0224e-005,0.0419279
5.0228e-005,0.0416898
5.0232e-005,0.0425529
5.0236e-005,0.0417146
5.024e-005,0.0419477
5.0244e-005,0.0423694
5.0248e-005,0.0415955
5.0252e-005,0.0419329
5.0256e-005,0.0426521
5.026e-005,0.0415013
5.0264e-005,0.0413475
5.0268e-005,0.0423744
5.0272e-005,0.0424636
5.0276e-005,0.0415757
5.028e-005,0.0413426
5.0284e-005,0.0385944
5.0288e-005,0.0364316
5.0292e-005,0.0353898
5.0296e-005,0.0341249
5.03e-005,0.033609
5.0304e-005,0.0335842
5.0308e-005,0.0268179
5.0312e-005,0.0213315
5.0316e-005,0.0193721
5.032e-005,0.019
5.0324e-005,0.0186875
5.0328e-005,0.0185536
5.0332e-005,0.0117129
5.0336e-005,0.00255567
5.034e-005,0.000893869
5.0344e-005,-0.000118092
5.0348e-005,-0.000420688
5.0352e-005,-2.88015e-005
5.0356e-005,-0.000157777
5.036e-005,-0.000232186
5.0364e-005,-0.000361161
5.0368e-005,-0.000867142
5.0372e-005,0.00608265
5.0376e-005,0.0164503
5.038e-005,0.0208057
5.0384e-005,0.0235935
5.0388e-005,0.0280134
5.0392e-005,0.0304342
5.0396e-005,0.0322002
5.04e-005,0.0351071
5.0404e-005,0.0365853
5.0408e-005,0.0380834
5.0412e-005,0.039274
5.0416e-005,0.0404943
5.042e-005,0.0413922
5.0424e-005,0.0423992
5.0428e-005,0.0429051
5.0432e-005,0.0434756
5.0436e-005,0.0444677
5.044e-005,0.0445322
5.0444e-005,0.0454251
5.0448e-005,0.0460303
5.0452e-005,0.0461494
5.0456e-005,0.0459757
5.046e-005,0.0468339
5.0464e-005,0.0464371
5.0468e-005,0.0467198
5.0472e-005,0.0473548
5.0476e-005,0.0468389
5.048e-005,0.0475879
5.0484e-005,0.0482824
5.0488e-005,0.047955
5.0492e-005,0.0485751
5.0496e-005,0.0489124
5.05e-005,0.0483568
5.0504e-005,0.0483271
5.0508e-005,0.0490067
5.0512e-005,0.048456
5.0516e-005,0.0488281
5.052e-005,0.048709
5.0524e-005,0.0480542
5.0528e-005,0.0487884
5.0532e-005,0.0493192
5.0536e-005,0.0491753
5.054e-005,0.0482527
5.0544e-005,0.0491108
5.0548e-005,0.048719
5.0552e-005,0.0488628
5.0556e-005,0.0491505
5.056e-005,0.0491753
5.0564e-005,0.0489719
5.0568e-005,0.0492894
5.0572e-005,0.0493539
5.0576e-005,0.0490761
5.058e-005,0.0492398
5.0584e-005,0.048709
5.0588e-005,0.0486346
5.0592e-005,0.0499591
5.0596e-005,0.0489918
5.06e-005,0.0494581
5.0604e-005,0.0495176
5.0608e-005,0.0489868
5.0612e-005,0.0491902
5.0616e-005,0.0493192
5.062e-005,0.0484709
5.0624e-005,0.0496317
5.0628e-005,0.0499145
5.0632e-005,0.0495127
5.0636e-005,0.0494432
5.064e-005,0.0495226
5.0644e-005,0.04922
5.0648e-005,0.0491654
5.0652e-005,0.0500534
5.0656e-005,0.0491406
5.066e-005,0.0493291
5.0664e-005,0.0496019
5.0668e-005,0.0499541
5.0672e-005,0.0489819
5.0676e-005,0.0494878
5.068e-005,0.0492845
5.0684e-005,0.049716
5.0688e-005,0.0489223
5.0692e-005,0.050222
5.0696e-005,0.0487338
5.07e-005,0.0489223
5.0704e-005,0.049339
5.0708e-005,0.0491803
5.0712e-005,0.0495474
5.0716e-005,0.0495275
5.072e-005,0.0491059
5.0724e-005,0.0496664
5.0728e-005,0.049215
5.0732e-005,0.0488231
5.0736e-005,0.0493787
5.074e-005,0.0491604
5.0744e-005,0.0491902
5.0748e-005,0.0494184
5.0752e-005,0.0491456
5.0756e-005,0.0490464
5.076e-005,0.0496763
5.0764e-005,0.0492497
5.0768e-005,0.0490067
5.0772e-005,0.0494283
5.0776e-005,0.0492497
5.078e-005,0.049339
5.0784e-005,0.0497012
5.0788e-005,0.0496069
5.0792e-005,0.0490166
5.0796e-005,0.049091
5.08e-005,0.0488975
5.0804e-005,0.0487388
5.0808e-005,0.0496515
5.0812e-005,0.0490166
5.0816e-005,0.0492101
5.082e-005,0.0497458
5.0824e-005,0.0497359
5.0828e-005,0.048967
5.0832e-005,0.0500335
5.0836e-005,0.0490712
5.084e-005,0.0493837
5.0844e-005,0.0500037
5.0848e-005,0.0489819
5.0852e-005,0.0491208
5.0856e-005,0.0498996
5.086e-005,0.049974
5.0864e-005,0.0492101
5.0868e-005,0.0501228
5.0872e-005,0.0494482
5.0876e-005,0.0491356
5.088e-005,0.0502766
5.0884e-005,0.0487636
5.0888e-005,0.0499889
5.0892e-005,0.0496019
5.0896e-005,0.0494482
5.09e-005,0.0491952
5.0904e-005,0.0501129
5.0908e-005,0.0493936
5.0912e-005,0.0494184
5.0916e-005,0.0491456
5.092e-005,0.0491555
5.0924e-005,0.0497706
5.0928e-005,0.0496714
5.0932e-005,0.0489967
5.0936e-005,0.049473
5.094e-005,0.049974
5.0944e-005,0.049721
5.0948e-005,0.0499145
5.0952e-005,0.0494333
5.0956e-005,0.0489769
5.096e-005,0.0493936
5.0964e-005,0.0494581
5.0968e-005,0.0489372
5.0972e-005,0.0496763
5.0976e-005,0.0493589
5.098e-005,0.0486942
5.0984e-005,0.0495771
5.0988e-005,0.050093
5.0992e-005,0.0496466
5.0996e-005,0.0493192
5.1e-005,0.0495771
5.1004e-005,0.0491753
5.1008e-005,0.0491604
5.1012e-005,0.0497012
5.1016e-005,0.0491853
5.102e-005,0.0493093
5.1024e-005,0.0497061
5.1028e-005,0.0498996
5.1032e-005,0.0492944
5.1036e-005,0.0494432
5.104e-005,0.049845
5.1044e-005,0.0493936
5.1048e-005,0.048466
5.1052e-005,0.0440163
5.1056e-005,0.0406133
5.106e-005,0.0378801
5.1064e-005,0.0370665
5.1068e-005,0.0365754
5.1072e-005,0.0351319
5.1076e-005,0.0284748
5.108e-005,0.0223187
5.1084e-005,0.0201211
5.1088e-005,0.0191836
5.1092e-005,0.0187818
5.1096e-005,0.0186082
5.11e-005,0.0128539
5.1104e-005,0.00319558
5.1108e-005,0.00194055
5.1112e-005,-0.000693521
5.1116e-005,-3.37621e-005
5.112e-005,0.000358125
5.1124e-005,-0.000802654
5.1128e-005,-0.000276831
5.1132e-005,-7.84074e-005
5.1136e-005,-0.00111517
5.114e-005,0.00665312
5.1144e-005,0.0163461
5.1148e-005,0.0187421
5.1152e-005,0.0200418
5.1156e-005,0.0216192
5.116e-005,0.0227701
5.1164e-005,0.0220359
5.1168e-005,0.0230776
5.1172e-005,0.0235985
5.1176e-005,0.0238961
5.118e-005,0.0240747
5.1184e-005,0.024422
5.1188e-005,0.0247891
5.1192e-005,0.0256274
5.1196e-005,0.0264062
5.12e-005,0.0252256
5.1204e-005,0.0258556
5.1208e-005,0.0261582
5.1212e-005,0.0260937
5.1216e-005,0.0260887
5.122e-005,0.0255381
5.1224e-005,0.026059
5.1228e-005,0.0259201
5.1232e-005,0.0260639
5.1236e-005,0.0266294
5.124e-005,0.0256671
5.1244e-005,0.0258357
5.1248e-005,0.0259349
5.1252e-005,0.0257117
5.1256e-005,0.0254141
5.126e-005,0.0255927
