Time,Ampl
4.126e-005,-0.000946511
4.1264e-005,-6.35257e-005
4.1268e-005,-0.000177619
4.1272e-005,-0.000460373
4.1276e-005,-0.000187541
4.128e-005,-0.00113005
4.1284e-005,0.00945089
4.1288e-005,0.0179087
4.1292e-005,0.0197144
4.1296e-005,0.0219317
4.13e-005,0.0236183
4.1304e-005,0.0247047
4.1308e-005,0.0261929
4.1312e-005,0.0280333
4.1316e-005,0.0286881
4.132e-005,0.0297794
4.1324e-005,0.0304342
4.1328e-005,0.0306674
4.1332e-005,0.0311386
4.1336e-005,0.0312825
4.134e-005,0.0327062
4.1344e-005,0.0326516
4.1348e-005,0.0326417
4.1352e-005,0.033356
4.1356e-005,0.0330236
4.136e-005,0.0334701
4.1364e-005,0.0338322
4.1368e-005,0.0338372
4.1372e-005,0.0341795
4.1376e-005,0.0341298
4.138e-005,0.0340207
4.1384e-005,0.034487
4.1388e-005,0.0343432
4.1392e-005,0.0347301
4.1396e-005,0.0343779
4.14e-005,0.0345813
4.1404e-005,0.0337528
4.1408e-005,0.0342439
4.1412e-005,0.0342191
4.1416e-005,0.0341795
4.142e-005,0.0341844
4.1424e-005,0.0343084
4.1428e-005,0.0339116
4.1432e-005,0.0340802
4.1436e-005,0.033986
4.144e-005,0.0339165
4.1444e-005,0.0349731
4.1448e-005,0.0346209
4.1452e-005,0.0344771
4.1456e-005,0.0345664
4.146e-005,0.0349632
4.1464e-005,0.0343432
4.1468e-005,0.0349186
4.1472e-005,0.0343035
4.1476e-005,0.0341547
4.148e-005,0.0349335
4.1484e-005,0.0352162
4.1488e-005,0.03411
4.1492e-005,0.0338273
4.1496e-005,0.0345069
4.15e-005,0.0342737
4.1504e-005,0.035246
4.1508e-005,0.0348491
4.1512e-005,0.0349136
4.1516e-005,0.0345515
4.152e-005,0.0344969
4.1524e-005,0.0340306
4.1528e-005,0.0345763
4.1532e-005,0.0344225
4.1536e-005,0.0343332
4.154e-005,0.0342489
4.1544e-005,0.0342191
4.1548e-005,0.0345416
4.1552e-005,0.0341894
4.1556e-005,0.0337231
4.156e-005,0.0339314
4.1564e-005,0.0341298
4.1568e-005,0.0346061
4.1572e-005,0.0337826
4.1576e-005,0.0350476
4.158e-005,0.0341745
4.1584e-005,0.0337975
4.1588e-005,0.0341547
4.1592e-005,0.0339314
4.1596e-005,0.0337826
4.16e-005,0.0336834
4.1604e-005,0.0336338
4.1608e-005,0.0335197
4.1612e-005,0.0340455
4.1616e-005,0.0331725
4.162e-005,0.0341447
4.1624e-005,0.0337181
4.1628e-005,0.0344374
4.1632e-005,0.0340356
4.1636e-005,0.0348888
4.164e-005,0.0340703
4.1644e-005,0.0339066
4.1648e-005,0.0337975
4.1652e-005,0.0342291
4.1656e-005,0.0340108
4.166e-005,0.0332865
4.1664e-005,0.033981
4.1668e-005,0.0342886
4.1672e-005,0.0340108
4.1676e-005,0.0338868
4.168e-005,0.0333858
4.1684e-005,0.0339116
4.1688e-005,0.0344275
4.1692e-005,0.0336139
4.1696e-005,0.033981
4.17e-005,0.0341646
4.1704e-005,0.0335792
4.1708e-005,0.0341398
4.1712e-005,0.0338521
4.1716e-005,0.0339711
4.172e-005,0.0336636
4.1724e-005,0.0336933
4.1728e-005,0.0340902
4.1732e-005,0.0334106
4.1736e-005,0.0338917
4.174e-005,0.0335594
4.1744e-005,0.0338421
4.1748e-005,0.0337082
4.1752e-005,0.0340703
4.1756e-005,0.0346606
4.176e-005,0.0337578
4.1764e-005,0.0346854
4.1768e-005,0.033862
4.1772e-005,0.0342886
4.1776e-005,0.0333461
4.178e-005,0.0341497
4.1784e-005,0.0336487
4.1788e-005,0.0338868
4.1792e-005,0.0337826
4.1796e-005,0.0341745
4.18e-005,0.0338917
4.1804e-005,0.0338273
4.1808e-005,0.0332915
4.1812e-005,0.0338917
4.1816e-005,0.0338967
4.182e-005,0.0337925
4.1824e-005,0.0334701
4.1828e-005,0.0338372
4.1832e-005,0.0338223
4.1836e-005,0.0340802
4.184e-005,0.0339463
4.1844e-005,0.0338769
4.1848e-005,0.0339513
4.1852e-005,0.0336983
4.1856e-005,0.033609
4.186e-005,0.0337677
4.1864e-005,0.0334651
4.1868e-005,0.0336983
4.1872e-005,0.0334056
4.1876e-005,0.0340604
4.188e-005,0.0338173
4.1884e-005,0.0339364
4.1888e-005,0.0344126
4.1892e-005,0.0336834
4.1896e-005,0.0337727
4.19e-005,0.0333461
4.1904e-005,0.0338322
4.1908e-005,0.0334949
4.1912e-005,0.0336884
4.1916e-005,0.0343878
4.192e-005,0.0335544
4.1924e-005,0.033862
4.1928e-005,0.0339463
4.1932e-005,0.0338769
4.1936e-005,0.0344622
4.194e-005,0.0339761
4.1944e-005,0.0342638
4.1948e-005,0.0339463
4.1952e-005,0.0344473
4.1956e-005,0.0330236
4.196e-005,0.0333808
4.1964e-005,0.0322051
4.1968e-005,0.0314263
4.1972e-005,0.0311336
4.1976e-005,0.0306376
4.198e-005,0.0305433
4.1984e-005,0.0301713
4.1988e-005,0.023534
4.1992e-005,0.0201856
4.1996e-005,0.0198979
4.2e-005,0.0195655
4.2004e-005,0.0182609
4.2008e-005,0.0191935
4.2012e-005,0.00886554
4.2016e-005,0.00178182
4.202e-005,0.000799618
4.2024e-005,-0.000440531
4.2028e-005,-0.000425649
4.2032e-005,-7.34468e-005
4.2036e-005,-0.000440531
4.204e-005,-0.000400846
4.2044e-005,-0.000792733
4.2048e-005,-0.00102588
4.2052e-005,0.00895979
4.2056e-005,0.0174226
4.206e-005,0.0202303
4.2064e-005,0.0222889
4.2068e-005,0.0243029
4.2072e-005,0.0256026
4.2076e-005,0.0272495
4.208e-005,0.0283458
4.2084e-005,0.0298389
4.2088e-005,0.0302606
4.2092e-005,0.0312676
4.2096e-005,0.0320067
4.21e-005,0.0326863
4.2104e-005,0.0331675
4.2108e-005,0.0334701
4.2112e-005,0.0331725
4.2116e-005,0.0339017
4.212e-005,0.0349186
4.2124e-005,0.0348194
4.2128e-005,0.0346706
4.2132e-005,0.0346309
4.2136e-005,0.0352658
4.214e-005,0.0358065
4.2144e-005,0.0352757
4.2148e-005,0.036124
4.2152e-005,0.0353799
4.2156e-005,0.036005
4.216e-005,0.035241
4.2164e-005,0.0349235
4.2168e-005,0.0356478
4.2172e-005,0.0347846
4.2176e-005,0.0357272
4.218e-005,0.0357073
4.2184e-005,0.0359057
4.2188e-005,0.0355139
4.2192e-005,0.0356031
4.2196e-005,0.0347946
4.22e-005,0.0356577
4.2204e-005,0.0355486
4.2208e-005,0.0356081
4.2212e-005,0.0351418
4.2216e-005,0.0352658
4.222e-005,0.0358462
4.2224e-005,0.0349632
4.2228e-005,0.034998
4.2232e-005,0.0356875
4.2236e-005,0.0356428
4.224e-005,0.0354295
4.2244e-005,0.0350327
4.2248e-005,0.0354543
4.2252e-005,0.0352708
4.2256e-005,0.0349583
4.226e-005,0.0356825
4.2264e-005,0.0350624
4.2268e-005,0.0353154
4.2272e-005,0.0351418
4.2276e-005,0.035246
4.228e-005,0.0351914
4.2284e-005,0.0347499
4.2288e-005,0.0348739
4.2292e-005,0.0351815
4.2296e-005,0.0352509
4.23e-005,0.0351914
4.2304e-005,0.03474
4.2308e-005,0.0352162
4.2312e-005,0.0349781
4.2316e-005,0.0350823
4.232e-005,0.035499
4.2324e-005,0.0356776
4.2328e-005,0.0350376
4.2332e-005,0.0357272
4.2336e-005,0.0352658
4.234e-005,0.0348888
4.2344e-005,0.0352509
4.2348e-005,0.0354543
4.2352e-005,0.0345763
4.2356e-005,0.035365
4.236e-005,0.0353105
4.2364e-005,0.0355883
4.2368e-005,0.0345614
4.2372e-005,0.0345515
4.2376e-005,0.034864
4.238e-005,0.0353105
4.2384e-005,0.0352013
4.2388e-005,0.0349335
4.2392e-005,0.0350128
4.2396e-005,0.0354047
4.24e-005,0.0353799
4.2404e-005,0.0352013
4.2408e-005,0.0350426
4.2412e-005,0.0347251
4.2416e-005,0.0351071
4.242e-005,0.0345267
4.2424e-005,0.0353948
4.2428e-005,0.03474
4.2432e-005,0.0353849
4.2436e-005,0.0343233
4.244e-005,0.0354692
4.2444e-005,0.0346408
4.2448e-005,0.0348591
4.2452e-005,0.0350178
4.2456e-005,0.0350972
4.246e-005,0.0348789
4.2464e-005,0.0352609
4.2468e-005,0.0352509
4.2472e-005,0.0350624
4.2476e-005,0.0353204
4.248e-005,0.0346309
4.2484e-005,0.034998
4.2488e-005,0.0346954
4.2492e-005,0.0356478
4.2496e-005,0.0355387
4.25e-005,0.0357272
4.2504e-005,0.035747
4.2508e-005,0.0345813
4.2512e-005,0.0352757
4.2516e-005,0.0347946
4.252e-005,0.0350872
4.2524e-005,0.0355436
4.2528e-005,0.0352857
4.2532e-005,0.0348144
4.2536e-005,0.0357966
4.254e-005,0.0351865
4.2544e-005,0.0349682
4.2548e-005,0.0356478
4.2552e-005,0.0350972
4.2556e-005,0.0358313
4.256e-005,0.0354295
4.2564e-005,0.0353005
4.2568e-005,0.0354692
4.2572e-005,0.0348987
4.2576e-005,0.0348293
4.258e-005,0.0357668
4.2584e-005,0.0353254
4.2588e-005,0.0352261
4.2592e-005,0.0351617
4.2596e-005,0.034869
4.26e-005,0.0348987
4.2604e-005,0.0349186
4.2608e-005,0.0357123
4.2612e-005,0.0350922
4.2616e-005,0.035494
4.262e-005,0.0352361
4.2624e-005,0.0348591
4.2628e-005,0.03537
4.2632e-005,0.0343084
4.2636e-005,0.0352807
4.264e-005,0.0346904
4.2644e-005,0.0354692
4.2648e-005,0.0351865
4.2652e-005,0.0347549
4.2656e-005,0.0346259
4.266e-005,0.0346954
4.2664e-005,0.0356279
4.2668e-005,0.0352658
4.2672e-005,0.0351666
4.2676e-005,0.0352956
4.268e-005,0.0345912
4.2684e-005,0.0354146
4.2688e-005,0.0346011
4.2692e-005,0.0352857
4.2696e-005,0.0356081
4.27e-005,0.0354891
4.2704e-005,0.0353105
4.2708e-005,0.0354642
4.2712e-005,0.0350476
4.2716e-005,0.0352807
4.272e-005,0.0354841
4.2724e-005,0.0344672
4.2728e-005,0.0343332
4.2732e-005,0.033227
4.2736e-005,0.031972
4.274e-005,0.0309551
4.2744e-005,0.0316793
4.2748e-005,0.0309997
4.2752e-005,0.0310245
4.2756e-005,0.0237771
4.276e-005,0.0206718
4.2764e-005,0.0196945
4.2768e-005,0.0192133
4.2772e-005,0.0183204
4.2776e-005,0.0187272
4.278e-005,0.0085431
4.2784e-005,0.00166276
4.2788e-005,0.000645839
4.2792e-005,-0.000252028
4.2796e-005,-0.000142895
4.28e-005,-0.00026691
4.2804e-005,-0.000202422
4.2808e-005,-0.000574467
4.2812e-005,-0.000316516
4.2816e-005,-0.00101596
4.282e-005,0.00895483
4.2824e-005,0.0177301
4.2828e-005,0.0194862
4.2832e-005,0.0205973
4.2836e-005,0.0236283
4.284e-005,0.0243922
4.2844e-005,0.0239457
4.2848e-005,0.0259895
4.2852e-005,0.0264161
4.2856e-005,0.0267981
4.286e-005,0.0273934
4.2864e-005,0.0286682
4.2868e-005,0.0282615
4.2872e-005,0.0288567
4.2876e-005,0.0287774
4.288e-005,0.0286732
4.2884e-005,0.0289212
4.2888e-005,0.0293677
4.2892e-005,0.029576
4.2896e-005,0.0296157
4.29e-005,0.0297248
4.2904e-005,0.0299729
4.2908e-005,0.0294818
4.2912e-005,0.0292635
4.2916e-005,0.0299381
4.292e-005,0.0298092
4.2924e-005,0.0298092
4.2928e-005,0.0300622
4.2932e-005,0.0294222
4.2936e-005,0.0295463
4.294e-005,0.0294074
4.2944e-005,0.0292238
4.2948e-005,0.0291345
4.2952e-005,0.0294768
4.2956e-005,0.0296703
4.296e-005,0.0294867
4.2964e-005,0.0298141
4.2968e-005,0.0295413
4.2972e-005,0.0292139
4.2976e-005,0.0294818
4.298e-005,0.0295363
4.2984e-005,0.0291445
4.2988e-005,0.0295611
4.2992e-005,0.0289956
4.2996e-005,0.0291593
4.3e-005,0.0289907
4.3004e-005,0.0290452
4.3008e-005,0.0291048
4.3012e-005,0.0295711
4.3016e-005,0.0283458
4.302e-005,0.0285839
4.3024e-005,0.0288865
4.3028e-005,0.0294173
4.3032e-005,0.0292982
4.3036e-005,0.0290204
4.304e-005,0.0293082
4.3044e-005,0.0294719
4.3048e-005,0.0284797
4.3052e-005,0.0293181
4.3056e-005,0.02908
4.306e-005,0.0280978
4.3064e-005,0.0287377
4.3068e-005,0.0288518
4.3072e-005,0.0287476
4.3076e-005,0.0293726
4.308e-005,0.0295413
4.3084e-005,0.0288915
4.3088e-005,0.0292238
4.3092e-005,0.0283954
4.3096e-005,0.028946
4.31e-005,0.0290204
4.3104e-005,0.02844
4.3108e-005,0.028827
4.3112e-005,0.0285641
4.3116e-005,0.0284649
4.312e-005,0.0290006
4.3124e-005,0.0289411
4.3128e-005,0.0290601
4.3132e-005,0.0285145
4.3136e-005,0.0286732
4.314e-005,0.0281176
4.3144e-005,0.0284748
4.3148e-005,0.0290105
4.3152e-005,0.0291196
4.3156e-005,0.0289609
4.316e-005,0.0291891
4.3164e-005,0.0284649
4.3168e-005,0.0293181
4.3172e-005,0.0288518
4.3176e-005,0.0289609
4.318e-005,0.0293429
4.3184e-005,0.0289163
4.3188e-005,0.0287972
4.3192e-005,0.0281474
4.3196e-005,0.0290601
4.32e-005,0.02908
4.3204e-005,0.0293974
4.3208e-005,0.0290998
4.3212e-005,0.029328
4.3216e-005,0.0286831
4.322e-005,0.0288518
4.3224e-005,0.0292883
4.3228e-005,0.0289212
4.3232e-005,0.0291097
4.3236e-005,0.0295314
4.324e-005,0.0289956
4.3244e-005,0.0288518
4.3248e-005,0.0282218
4.3252e-005,0.0283954
4.3256e-005,0.0285194
4.326e-005,0.0292238
4.3264e-005,0.0287426
4.3268e-005,0.0293131
4.3272e-005,0.0288319
4.3276e-005,0.0290204
4.328e-005,0.0287972
4.3284e-005,0.0285889
4.3288e-005,0.0294322
4.3292e-005,0.0291494
4.3296e-005,0.028946
4.33e-005,0.029328
4.3304e-005,0.0289212
4.3308e-005,0.029333
4.3312e-005,0.0287922
4.3316e-005,0.0289411
4.332e-005,0.0295066
4.3324e-005,0.0287327
4.3328e-005,0.0292238
4.3332e-005,0.0287823
4.3336e-005,0.028703
4.334e-005,0.0283359
4.3344e-005,0.0288171
4.3348e-005,0.0288022
4.3352e-005,0.0290849
4.3356e-005,0.0291742
4.336e-005,0.0285591
4.3364e-005,0.0282714
4.3368e-005,0.0287129
4.3372e-005,0.028192
4.3376e-005,0.0291841
4.338e-005,0.0285442
4.3384e-005,0.0285343
4.3388e-005,0.0286236
4.3392e-005,0.0283954
4.3396e-005,0.0281623
4.34e-005,0.0289907
4.3404e-005,0.0287873
4.3408e-005,0.0288766
4.3412e-005,0.0289311
4.3416e-005,0.0290998
4.342e-005,0.0292883
4.3424e-005,0.0293726
4.3428e-005,0.0292238
4.3432e-005,0.0286285
4.3436e-005,0.0291345
4.344e-005,0.0295066
4.3444e-005,0.0289262
4.3448e-005,0.0282267
4.3452e-005,0.0288617
4.3456e-005,0.028693
4.346e-005,0.0294173
4.3464e-005,0.02907
4.3468e-005,0.0284152
4.3472e-005,0.0289163
4.3476e-005,0.0287873
4.348e-005,0.0288567
4.3484e-005,0.0286484
4.3488e-005,0.0289113
4.3492e-005,0.0284897
4.3496e-005,0.028321
4.35e-005,0.0284996
4.3504e-005,0.028192
4.3508e-005,0.0283855
4.3512e-005,0.0287129
4.3516e-005,0.0282763
4.352e-005,0.0287377
4.3524e-005,0.0222591
4.3528e-005,0.0200219
4.3532e-005,0.0196548
4.3536e-005,0.0190992
4.354e-005,0.0185536
4.3544e-005,0.018504
4.3548e-005,0.0078635
4.3552e-005,0.00178678
4.3556e-005,0.000878987
4.356e-005,-0.000842339
4.3564e-005,-0.000916748
4.3568e-005,-0.000867142
4.3572e-005,-0.000534782
4.3576e-005,-0.000445491
4.358e-005,-0.000187541
4.3584e-005,-0.00130863
4.3588e-005,0.00923263
4.3592e-005,0.0174424
4.3596e-005,0.0198086
4.36e-005,0.0219962
4.3604e-005,0.0239557
4.3608e-005,0.0243922
4.3612e-005,0.0254587
4.3616e-005,0.0266741
4.362e-005,0.0276464
4.3624e-005,0.0277704
4.3628e-005,0.0288766
4.3632e-005,0.0297248
4.3636e-005,0.0297199
4.364e-005,0.0303995
4.3644e-005,0.0301515
4.3648e-005,0.0304937
4.3652e-005,0.0316942
4.3656e-005,0.0313817
4.366e-005,0.0314958
4.3664e-005,0.0312973
4.3668e-005,0.0319323
4.3672e-005,0.0320762
4.3676e-005,0.0311188
4.368e-005,0.0319521
4.3684e-005,0.0319273
4.3688e-005,0.0324085
4.3692e-005,0.0317041
4.3696e-005,0.0312477
4.37e-005,0.0313966
4.3704e-005,0.0325623
4.3708e-005,0.031461
4.3712e-005,0.0319373
4.3716e-005,0.0320365
4.372e-005,0.0313569
4.3724e-005,0.031848
4.3728e-005,0.032101
4.3732e-005,0.0317289
4.3736e-005,0.0322299
4.374e-005,0.0320712
4.3744e-005,0.0314809
4.3748e-005,0.0324333
4.3752e-005,0.0322647
4.3756e-005,0.032096
4.376e-005,0.0315702
4.3764e-005,0.0320315
4.3768e-005,0.0318232
4.3772e-005,0.0321158
4.3776e-005,0.032974
4.378e-005,0.0329046
4.3784e-005,0.031461
4.3788e-005,0.0322051
4.3792e-005,0.0320166
4.3796e-005,0.0321208
4.38e-005,0.0314015
4.3804e-005,0.0314908
4.3808e-005,0.03159
4.3812e-005,0.0311485
4.3816e-005,0.0312577
4.382e-005,0.0320861
4.3824e-005,0.0318381
4.3828e-005,0.0317438
4.3832e-005,0.0316347
4.3836e-005,0.0327607
4.384e-005,0.0324036
4.3844e-005,0.0318133
4.3848e-005,0.0325623
4.3852e-005,0.0323143
4.3856e-005,0.0319621
4.386e-005,0.0318877
4.3864e-005,0.0319869
4.3868e-005,0.0321803
4.3872e-005,0.032091
4.3876e-005,0.0322696
4.388e-005,0.0324036
4.3884e-005,0.0321952
4.3888e-005,0.0321605
4.3892e-005,0.0321407
4.3896e-005,0.0323043
4.39e-005,0.0320861
4.3904e-005,0.0315702
4.3908e-005,0.0316545
4.3912e-005,0.0311833
4.3916e-005,0.0321853
4.392e-005,0.0324234
4.3924e-005,0.0320266
4.3928e-005,0.0322002
4.3932e-005,0.0322746
4.3936e-005,0.0321158
4.394e-005,0.0317984
4.3944e-005,0.0316744
4.3948e-005,0.032349
4.3952e-005,0.031724
4.3956e-005,0.0318381
4.396e-005,0.0320464
4.3964e-005,0.0317984
4.3968e-005,0.0321059
4.3972e-005,0.0325028
4.3976e-005,0.0319075
4.398e-005,0.0317587
4.3984e-005,0.031972
4.3988e-005,0.0313966
4.3992e-005,0.032225
4.3996e-005,0.0318877
4.4e-005,0.0325921
4.4004e-005,0.0318728
4.4008e-005,0.032096
4.4012e-005,0.0318182
4.4016e-005,0.031714
4.402e-005,0.0311783
4.4024e-005,0.0317587
4.4028e-005,0.0318827
4.4032e-005,0.0318777
4.4036e-005,0.0314362
4.404e-005,0.0314511
4.4044e-005,0.0312626
4.4048e-005,0.0321258
4.4052e-005,0.0314412
4.4056e-005,0.0313767
4.406e-005,0.0316793
4.4064e-005,0.0314412
4.4068e-005,0.0314908
4.4072e-005,0.0315206
4.4076e-005,0.0316694
4.408e-005,0.0310692
4.4084e-005,0.0311634
4.4088e-005,0.0319025
4.4092e-005,0.0310047
4.4096e-005,0.0325474
4.41e-005,0.031471
4.4104e-005,0.0315553
4.4108e-005,0.0317785
4.4112e-005,0.0312577
4.4116e-005,0.0313023
4.412e-005,0.0318381
4.4124e-005,0.0318083
4.4128e-005,0.0311932
4.4132e-005,0.0321952
4.4136e-005,0.0316595
4.414e-005,0.0317587
4.4144e-005,0.032096
4.4148e-005,0.032349
4.4152e-005,0.031714
4.4156e-005,0.031724
4.416e-005,0.0309055
4.4164e-005,0.0316198
4.4168e-005,0.0321655
4.4172e-005,0.032225
4.4176e-005,0.0315702
4.418e-005,0.0323391
4.4184e-005,0.0316396
4.4188e-005,0.0317438
4.4192e-005,0.0314908
4.4196e-005,0.0318629
4.42e-005,0.0314114
4.4204e-005,0.0315206
4.4208e-005,0.0316942
4.4212e-005,0.0314263
4.4216e-005,0.0314313
4.422e-005,0.0316347
4.4224e-005,0.0315107
4.4228e-005,0.0318877
4.4232e-005,0.0315851
4.4236e-005,0.0317736
4.424e-005,0.031848
4.4244e-005,0.031595
4.4248e-005,0.0317388
4.4252e-005,0.0319521
4.4256e-005,0.031977
4.426e-005,0.0307318
4.4264e-005,0.0308856
4.4268e-005,0.0305235
4.4272e-005,0.0297893
4.4276e-005,0.0289063
4.428e-005,0.0291196
4.4284e-005,0.0295413
4.4288e-005,0.0295115
4.4292e-005,0.0233703
4.4296e-005,0.0206271
4.43e-005,0.0197987
4.4304e-005,0.0192381
4.4308e-005,0.0183849
4.4312e-005,0.0187768
4.4316e-005,0.00827027
4.432e-005,0.00175205
4.4324e-005,0.00105261
4.4328e-005,-0.000395885
4.4332e-005,-4.86439e-005
4.4336e-005,-0.000311555
4.434e-005,-0.00051494
4.4344e-005,-0.000465334
4.4348e-005,-0.00060423
4.4352e-005,-0.000971314
4.4356e-005,0.00838437
4.436e-005,0.0172936
4.4364e-005,0.0195259
4.4368e-005,0.0212769
4.4372e-005,0.0243178
4.4376e-005,0.0251363
4.438e-005,0.026059
4.4384e-005,0.0277505
4.4388e-005,0.0279837
4.4392e-005,0.0294619
4.4396e-005,0.0302903
4.44e-005,0.0306426
4.4404e-005,0.0313073
4.4408e-005,0.031724
4.4412e-005,0.031977
4.4416e-005,0.0323887
4.442e-005,0.0327855
4.4424e-005,0.033356
4.4428e-005,0.0343928
4.4432e-005,0.0334006
4.4436e-005,0.0337231
4.444e-005,0.0335693
4.4444e-005,0.0333014
4.4448e-005,0.0335643
4.4452e-005,0.0337876
4.4456e-005,0.0336884
4.446e-005,0.0339413
4.4464e-005,0.034358
4.4468e-005,0.0338917
4.4472e-005,0.0338372
4.4476e-005,0.0345069
4.448e-005,0.0341894
4.4484e-005,0.0335991
4.4488e-005,0.0338421
4.4492e-005,0.0340058
4.4496e-005,0.0343928
4.45e-005,0.0338421
4.4504e-005,0.0342787
4.4508e-005,0.0340753
4.4512e-005,0.0340902
4.4516e-005,0.034234
4.452e-005,0.0346954
4.4524e-005,0.0340058
4.4528e-005,0.0341993
4.4532e-005,0.0342191
4.4536e-005,0.0334602
4.454e-005,0.0341298
4.4544e-005,0.0336884
4.4548e-005,0.0340306
4.4552e-005,0.0336586
4.4556e-005,0.0337479
4.456e-005,0.0338719
4.4564e-005,0.0341894
4.4568e-005,0.033862
4.4572e-005,0.0338372
4.4576e-005,0.0338273
4.458e-005,0.0335098
4.4584e-005,0.0338223
4.4588e-005,0.0337628
4.4592e-005,0.0343878
4.4596e-005,0.0334403
4.46e-005,0.0342142
4.4604e-005,0.0343928
4.4608e-005,0.0337429
4.4612e-005,0.0336685
4.4616e-005,0.0338273
4.462e-005,0.0338868
4.4624e-005,0.0340257
4.4628e-005,0.0335445
4.4632e-005,0.0336536
4.4636e-005,0.0337429
4.464e-005,0.033609
4.4644e-005,0.033351
4.4648e-005,0.0336239
4.4652e-005,0.0333461
4.4656e-005,0.033098
4.466e-005,0.033108
4.4664e-005,0.0337975
4.4668e-005,0.0331625
4.4672e-005,0.0337677
4.4676e-005,0.0338719
4.468e-005,0.0339215
4.4684e-005,0.0331278
4.4688e-005,0.0334205
4.4692e-005,0.0334403
4.4696e-005,0.0333858
4.47e-005,0.0338074
4.4704e-005,0.0337528
4.4708e-005,0.0334602
4.4712e-005,0.0335197
4.4716e-005,0.0331774
4.472e-005,0.0338322
4.4724e-005,0.0335693
4.4728e-005,0.0335594
4.4732e-005,0.0337727
4.4736e-005,0.0331725
4.474e-005,0.0339265
4.4744e-005,0.0337628
4.4748e-005,0.0334205
4.4752e-005,0.0338173
4.4756e-005,0.0340406
4.476e-005,0.0333461
4.4764e-005,0.0337132
4.4768e-005,0.0341298
4.4772e-005,0.0342241
4.4776e-005,0.0336338
4.478e-005,0.033733
4.4784e-005,0.033738
4.4788e-005,0.0336784
4.4792e-005,0.0339761
4.4796e-005,0.0338372
4.48e-005,0.0339413
4.4804e-005,0.0343134
4.4808e-005,0.0335743
4.4812e-005,0.0331228
4.4816e-005,0.03411
4.482e-005,0.033862
4.4824e-005,0.0339215
4.4828e-005,0.0333659
4.4832e-005,0.0336933
4.4836e-005,0.0332221
4.484e-005,0.0335098
4.4844e-005,0.0334254
4.4848e-005,0.0338074
4.4852e-005,0.0338719
4.4856e-005,0.0336189
4.486e-005,0.0346606
4.4864e-005,0.0344176
4.4868e-005,0.0336239
4.4872e-005,0.0337528
4.4876e-005,0.0332121
4.488e-005,0.0335792
4.4884e-005,0.0333461
4.4888e-005,0.0341596
4.4892e-005,0.0341398
4.4896e-005,0.033604
4.49e-005,0.0337032
4.4904e-005,0.0341844
4.4908e-005,0.033738
4.4912e-005,0.0335296
4.4916e-005,0.033991
4.492e-005,0.0335594
4.4924e-005,0.0336288
4.4928e-005,0.0334403
4.4932e-005,0.0339215
4.4936e-005,0.0334254
4.494e-005,0.0334354
4.4944e-005,0.0332121
4.4948e-005,0.0335941
4.4952e-005,0.0331774
4.4956e-005,0.0334106
4.496e-005,0.0335842
4.4964e-005,0.0330732
4.4968e-005,0.0335991
4.4972e-005,0.0340753
4.4976e-005,0.0335544
4.498e-005,0.0336784
4.4984e-005,0.0339562
4.4988e-005,0.0339066
4.4992e-005,0.033351
4.4996e-005,0.0332568
4.5e-005,0.0337479
4.5004e-005,0.0337628
4.5008e-005,0.0337231
4.5012e-005,0.0334751
4.5016e-005,0.0333709
4.502e-005,0.0332816
4.5024e-005,0.0335693
4.5028e-005,0.0326169
4.5032e-005,0.0332072
4.5036e-005,0.0322498
4.504e-005,0.0311237
4.5044e-005,0.0302606
4.5048e-005,0.03033
4.5052e-005,0.0298836
4.5056e-005,0.0301118
4.506e-005,0.0236134
4.5064e-005,0.0202948
4.5068e-005,0.0198929
4.5072e-005,0.0189355
4.5076e-005,0.0184048
4.508e-005,0.0191042
4.5084e-005,0.00912349
4.5088e-005,0.0021489
4.5092e-005,0.000829381
4.5096e-005,-0.000509979
4.51e-005,-0.000698482
4.5104e-005,-1.39197e-005
4.5108e-005,-6.84862e-005
4.5112e-005,-0.000728245
4.5116e-005,8.03316e-005
4.512e-005,-0.00132848
4.5124e-005,0.00913342
4.5128e-005,0.0177847
4.5132e-005,0.0197888
4.5136e-005,0.0216242
4.514e-005,0.0246204
4.5144e-005,0.0252057
4.5148e-005,0.0264856
4.5152e-005,0.0291097
4.5156e-005,0.0294024
4.516e-005,0.0305235
4.5164e-005,0.0318777
4.5168e-005,0.0330484
4.5172e-005,0.0333709
4.5176e-005,0.033728
4.518e-005,0.0345813
4.5184e-005,0.0342191
4.5188e-005,0.0343977
4.5192e-005,0.036124
4.5196e-005,0.0348739
4.52e-005,0.0353105
4.5204e-005,0.0356577
4.5208e-005,0.0354742
4.5212e-005,0.0359107
4.5216e-005,0.0360942
4.522e-005,0.0362877
4.5224e-005,0.0356528
4.5228e-005,0.0363175
4.5232e-005,0.0365159
4.5236e-005,0.03663
4.524e-005,0.0363869
4.5244e-005,0.0367738
4.5248e-005,0.0369524
4.5252e-005,0.0372054
4.5256e-005,0.0368284
4.526e-005,0.0368532
4.5264e-005,0.0361141
4.5268e-005,0.0363869
4.5272e-005,0.0371509
4.5276e-005,0.0368086
4.528e-005,0.0362827
4.5284e-005,0.0366846
4.5288e-005,0.0363621
4.5292e-005,0.0361687
4.5296e-005,0.0360992
4.53e-005,0.0368383
4.5304e-005,0.0364514
4.5308e-005,0.0365457
4.5312e-005,0.0361389
4.5316e-005,0.0362282
4.532e-005,0.0370864
4.5324e-005,0.0366101
4.5328e-005,0.0362431
4.5332e-005,0.0365209
4.5336e-005,0.0364861
4.534e-005,0.0368631
4.5344e-005,0.0368483
4.5348e-005,0.0361687
4.5352e-005,0.0368532
4.5356e-005,0.0369673
4.536e-005,0.0366399
4.5364e-005,0.0364861
4.5368e-005,0.0358958
4.5372e-005,0.0359008
4.5376e-005,0.0364464
4.538e-005,0.036005
4.5384e-005,0.035876
4.5388e-005,0.0361389
4.5392e-005,0.0361389
4.5396e-005,0.0364911
4.54e-005,0.0360099
4.5404e-005,0.0363373
4.5408e-005,0.0358363
4.5412e-005,0.0360893
4.5416e-005,0.036372
4.542e-005,0.0362331
4.5424e-005,0.0357966
4.5428e-005,0.0361339
4.5432e-005,0.0362976
4.5436e-005,0.0363522
4.544e-005,0.0364216
4.5444e-005,0.0359057
4.5448e-005,0.036129
4.5452e-005,0.0366399
4.5456e-005,0.0363224
4.546e-005,0.0360992
4.5464e-005,0.036253
4.5468e-005,0.0362877
4.5472e-005,0.0363423
4.5476e-005,0.0362232
4.548e-005,0.0359157
4.5484e-005,0.0356478
4.5488e-005,0.0364415
4.5492e-005,0.0362381
4.5496e-005,0.0357172
4.55e-005,0.0362927
4.5504e-005,0.0358363
4.5508e-005,0.0357718
4.5512e-005,0.0365209
4.5516e-005,0.0363621
4.552e-005,0.036119
4.5524e-005,0.0358859
4.5528e-005,0.0356974
4.5532e-005,0.0355833
4.5536e-005,0.0359454
4.554e-005,0.0359107
4.5544e-005,0.0361389
4.5548e-005,0.0357867
4.5552e-005,0.0360149
4.5556e-005,0.0355039
4.556e-005,0.0360347
4.5564e-005,0.0358065
4.5568e-005,0.0362976
4.5572e-005,0.0365556
4.5576e-005,0.0364564
4.558e-005,0.0360794
4.5584e-005,0.0364812
4.5588e-005,0.0364216
4.5592e-005,0.0365109
4.5596e-005,0.0366399
4.56e-005,0.0364266
4.5604e-005,0.0362034
4.5608e-005,0.0369127
4.5612e-005,0.0364464
4.5616e-005,0.0366598
4.562e-005,0.0368879
4.5624e-005,0.0357073
4.5628e-005,0.0363125
4.5632e-005,0.0358165
4.5636e-005,0.0360942
4.564e-005,0.0361935
4.5644e-005,0.0362629
4.5648e-005,0.0358065
4.5652e-005,0.0362431
4.5656e-005,0.0361935
4.566e-005,0.0360496
4.5664e-005,0.0361389
4.5668e-005,0.0363572
4.5672e-005,0.0364018
4.5676e-005,0.0360843
4.568e-005,0.0362927
4.5684e-005,0.0363175
4.5688e-005,0.0367242
4.5692e-005,0.0362232
4.5696e-005,0.0366498
4.57e-005,0.0363324
4.5704e-005,0.0364316
4.5708e-005,0.036501
4.5712e-005,0.0362034
4.5716e-005,0.0367986
4.572e-005,0.036377
4.5724e-005,0.0364812
4.5728e-005,0.0366002
4.5732e-005,0.0369425
4.5736e-005,0.0364167
4.574e-005,0.0366151
4.5744e-005,0.0364167
4.5748e-005,0.0364216
4.5752e-005,0.0365506
4.5756e-005,0.0367788
4.576e-005,0.0356974
4.5764e-005,0.0366002
4.5768e-005,0.0361786
4.5772e-005,0.0361984
4.5776e-005,0.0364316
4.578e-005,0.0363621
4.5784e-005,0.0368433
4.5788e-005,0.0365258
4.5792e-005,0.0365754
4.5796e-005,0.0355883
4.58e-005,0.0362282
4.5804e-005,0.0342092
4.5808e-005,0.0325226
4.5812e-005,0.0319571
4.5816e-005,0.0320762
4.582e-005,0.0315553
4.5824e-005,0.0312973
4.5828e-005,0.0246105
4.5832e-005,0.02026
4.5836e-005,0.0201658
4.584e-005,0.0190596
4.5844e-005,0.0182262
4.5848e-005,0.0193919
4.5852e-005,0.0102694
4.5856e-005,0.00171733
4.586e-005,0.000854184
4.5864e-005,-0.00112013
4.5868e-005,-0.000529821
4.5872e-005,0.000209307
4.5876e-005,0.000239071
4.588e-005,-0.000361161
4.5884e-005,9.02528e-005
4.5888e-005,-0.000926669
4.5892e-005,0.00943105
4.5896e-005,0.0177946
4.59e-005,0.019005
4.5904e-005,0.0202402
4.5908e-005,0.0224973
4.5912e-005,0.0230925
4.5916e-005,0.0238713
4.592e-005,0.0255927
4.5924e-005,0.0261234
4.5928e-005,0.0261483
4.5932e-005,0.0269866
4.5936e-005,0.0277952
4.594e-005,0.0274678
4.5944e-005,0.0285244
4.5948e-005,0.0283855
4.5952e-005,0.0286137
4.5956e-005,0.0291544
4.596e-005,0.0297447
4.5964e-005,0.0288964
4.5968e-005,0.0292387
4.5972e-005,0.0297645
4.5976e-005,0.0293429
4.598e-005,0.0293131
4.5984e-005,0.0294967
4.5988e-005,0.029953
4.5992e-005,0.0296951
4.5996e-005,0.0299282
4.6e-005,0.0296455
4.6004e-005,0.0301366
4.6008e-005,0.0291395
4.6012e-005,0.0303846
4.6016e-005,0.0296752
4.602e-005,0.0300076
4.6024e-005,0.0293627
4.6028e-005,0.0297943
4.6032e-005,0.0292089
4.6036e-005,0.0297248
4.604e-005,0.0299282
4.6044e-005,0.0291693
4.6048e-005,0.0293082
4.6052e-005,0.0296107
4.6056e-005,0.0294967
4.606e-005,0.0294867
4.6064e-005,0.0297
4.6068e-005,0.0297149
4.6072e-005,0.0292288
4.6076e-005,0.0298092
4.608e-005,0.0299977
4.6084e-005,0.0297943
4.6088e-005,0.0298141
4.6092e-005,0.0294421
4.6096e-005,0.0291395
4.61e-005,0.0297
4.6104e-005,0.0298439
4.6108e-005,0.0297397
4.6112e-005,0.0302655
4.6116e-005,0.0305632
4.612e-005,0.0302159
4.6124e-005,0.0295165
4.6128e-005,0.0300473
4.6132e-005,0.0300969
4.6136e-005,0.0297992
4.614e-005,0.0298241
4.6144e-005,0.0298588
4.6148e-005,0.0296504
4.6152e-005,0.0295314
4.6156e-005,0.0295215
4.616e-005,0.0299481
4.6164e-005,0.0297298
4.6168e-005,0.0292883
4.6172e-005,0.0297248
4.6176e-005,0.0292337
4.618e-005,0.0291742
4.6184e-005,0.0297447
4.6188e-005,0.0298786
4.6192e-005,0.028822
4.6196e-005,0.0290899
4.62e-005,0.0294421
4.6204e-005,0.0297199
4.6208e-005,0.0294322
4.6212e-005,0.029705
4.6216e-005,0.0297496
4.622e-005,0.0297199
4.6224e-005,0.0296951
4.6228e-005,0.02907
4.6232e-005,0.0298588
4.6236e-005,0.029705
4.624e-005,0.0298588
4.6244e-005,0.0299183
4.6248e-005,0.0294222
4.6252e-005,0.0294371
4.6256e-005,0.0291048
4.626e-005,0.0292883
4.6264e-005,0.0294818
4.6268e-005,0.0291395
4.6272e-005,0.0297893
4.6276e-005,0.0297496
4.628e-005,0.0295661
4.6284e-005,0.0289956
4.6288e-005,0.0294123
4.6292e-005,0.0297893
4.6296e-005,0.0289163
4.63e-005,0.0295859
4.6304e-005,0.0289808
4.6308e-005,0.0290502
4.6312e-005,0.0292784
4.6316e-005,0.02971
4.632e-005,0.0292139
4.6324e-005,0.0290601
4.6328e-005,0.0298687
4.6332e-005,0.0292685
4.6336e-005,0.0295165
4.634e-005,0.0293528
4.6344e-005,0.0293528
4.6348e-005,0.0293826
4.6352e-005,0.0299778
4.6356e-005,0.0297893
4.636e-005,0.0297596
4.6364e-005,0.0296107
4.6368e-005,0.02971
4.6372e-005,0.0294222
4.6376e-005,0.0290849
4.638e-005,0.0292486
4.6384e-005,0.028698
4.6388e-005,0.0298985
4.6392e-005,0.0293826
4.6396e-005,0.029705
4.64e-005,0.02971
4.6404e-005,0.0295611
4.6408e-005,0.0292685
4.6412e-005,0.0292387
4.6416e-005,0.0293627
4.642e-005,0.0285988
4.6424e-005,0.0293974
4.6428e-005,0.0292685
4.6432e-005,0.0287228
4.6436e-005,0.029333
4.644e-005,0.0297546
4.6444e-005,0.0286732
4.6448e-005,0.028822
4.6452e-005,0.0288964
4.6456e-005,0.029328
4.646e-005,0.0290601
4.6464e-005,0.0292288
4.6468e-005,0.0285889
4.6472e-005,0.0290948
4.6476e-005,0.0288071
4.648e-005,0.0292883
4.6484e-005,0.0292189
4.6488e-005,0.0293627
4.6492e-005,0.0290899
4.6496e-005,0.0295016
4.65e-005,0.0289014
4.6504e-005,0.0290601
4.6508e-005,0.0290651
4.6512e-005,0.0290403
4.6516e-005,0.0292784
4.652e-005,0.0294768
4.6524e-005,0.0286534
4.6528e-005,0.0289262
4.6532e-005,0.0291891
4.6536e-005,0.0290948
4.654e-005,0.0289857
4.6544e-005,0.0288617
4.6548e-005,0.0291593
4.6552e-005,0.0294818
4.6556e-005,0.0295066
4.656e-005,0.0300225
4.6564e-005,0.0282912
4.6568e-005,0.0287426
4.6572e-005,0.0279241
4.6576e-005,0.0280134
4.658e-005,0.0273785
4.6584e-005,0.0284599
4.6588e-005,0.0283557
4.6592e-005,0.0284004
4.6596e-005,0.0227403
4.66e-005,0.0200914
4.6604e-005,0.0195903
4.6608e-005,0.0195507
4.6612e-005,0.018633
4.6616e-005,0.0193324
4.662e-005,0.00992215
4.6624e-005,0.00223323
4.6628e-005,0.00120639
4.6632e-005,-0.000951472
4.6636e-005,-0.000906827
4.664e-005,0.000164662
4.6644e-005,-0.000495097
4.6648e-005,-0.000256989
4.6652e-005,0.000516864
4.6656e-005,-0.00100604
4.666e-005,0.00935664
4.6664e-005,0.0176508
4.6668e-005,0.0188413
4.6672e-005,0.0206519
4.6676e-005,0.0229884
4.668e-005,0.0240995
4.6684e-005,0.024918
4.6688e-005,0.0266493
4.6692e-005,0.0274827
4.6696e-005,0.0271453
4.67e-005,0.0288319
4.6704e-005,0.0293379
4.6708e-005,0.0293974
4.6712e-005,0.0299977
4.6716e-005,0.0311882
4.672e-005,0.0308707
4.6724e-005,0.0304937
4.6728e-005,0.0310791
4.6732e-005,0.031461
4.6736e-005,0.0318182
4.674e-005,0.031719
4.6744e-005,0.0312874
4.6748e-005,0.0311684
4.6752e-005,0.0311882
4.6756e-005,0.0317884
4.676e-005,0.0316446
4.6764e-005,0.0316694
4.6768e-005,0.0319224
4.6772e-005,0.0320563
4.6776e-005,0.0316595
4.678e-005,0.0317636
4.6784e-005,0.0325871
4.6788e-005,0.0319373
4.6792e-005,0.0318133
4.6796e-005,0.0322151
4.68e-005,0.031848
4.6804e-005,0.0311882
4.6808e-005,0.0316396
4.6812e-005,0.0311882
4.6816e-005,0.0314214
4.682e-005,0.0318133
4.6824e-005,0.0315603
4.6828e-005,0.0315156
4.6832e-005,0.0317785
4.6836e-005,0.0317984
4.684e-005,0.0312626
4.6844e-005,0.0316694
4.6848e-005,0.0315553
4.6852e-005,0.0310196
4.6856e-005,0.0316496
4.686e-005,0.0316247
4.6864e-005,0.0310741
4.6868e-005,0.0315107
4.6872e-005,0.0316744
4.6876e-005,0.0312626
4.688e-005,0.0311783
4.6884e-005,0.0311733
4.6888e-005,0.0314958
4.6892e-005,0.0310543
4.6896e-005,0.0314908
4.69e-005,0.0313321
4.6904e-005,0.0314958
4.6908e-005,0.0314809
4.6912e-005,0.03097
4.6916e-005,0.0311138
4.692e-005,0.0315255
4.6924e-005,0.0309749
4.6928e-005,0.0315851
4.6932e-005,0.0315751
4.6936e-005,0.0316247
4.694e-005,0.0310791
4.6944e-005,0.0311039
4.6948e-005,0.0320216
4.6952e-005,0.0315454
4.6956e-005,0.0316942
4.696e-005,0.0317835
4.6964e-005,0.0311535
4.6968e-005,0.0312477
4.6972e-005,0.0306773
4.6976e-005,0.0317587
4.698e-005,0.031714
4.6984e-005,0.0311088
4.6988e-005,0.0315652
4.6992e-005,0.0318877
4.6996e-005,0.0317984
4.7e-005,0.0314362
4.7004e-005,0.0317289
4.7008e-005,0.0320563
4.7012e-005,0.0310245
4.7016e-005,0.0310493
4.702e-005,0.0314015
4.7024e-005,0.0319422
4.7028e-005,0.0316297
4.7032e-005,0.0321208
4.7036e-005,0.0316644
4.704e-005,0.0314214
4.7044e-005,0.0312626
4.7048e-005,0.03159
4.7052e-005,0.0314114
4.7056e-005,0.03097
4.706e-005,0.0316347
4.7064e-005,0.0310146
4.7068e-005,0.0312874
4.7072e-005,0.0309948
4.7076e-005,0.0305979
4.708e-005,0.0309303
4.7084e-005,0.0313618
4.7088e-005,0.0315355
4.7092e-005,0.0308112
4.7096e-005,0.0318777
4.71e-005,0.0305979
4.7104e-005,0.0313767
4.7108e-005,0.0314511
4.7112e-005,0.031213
4.7116e-005,0.0317636
4.712e-005,0.0315107
4.7124e-005,0.0315603
4.7128e-005,0.0315851
4.7132e-005,0.0314214
4.7136e-005,0.0306773
4.714e-005,0.0315156
4.7144e-005,0.0318381
4.7148e-005,0.0316793
4.7152e-005,0.03097
4.7156e-005,0.0317041
4.716e-005,0.0317438
4.7164e-005,0.0309997
4.7168e-005,0.0314809
4.7172e-005,0.0310444
4.7176e-005,0.0312676
4.718e-005,0.0311188
4.7184e-005,0.0311585
4.7188e-005,0.0312329
4.7192e-005,0.0312031
4.7196e-005,0.0312229
4.72e-005,0.0313618
4.7204e-005,0.0317736
4.7208e-005,0.0318629
4.7212e-005,0.031218
4.7216e-005,0.0312477
4.722e-005,0.0314214
4.7224e-005,0.031213
4.7228e-005,0.0312527
4.7232e-005,0.0312428
4.7236e-005,0.0314362
4.724e-005,0.0304441
4.7244e-005,0.0313222
4.7248e-005,0.0316793
4.7252e-005,0.0314065
4.7256e-005,0.0308112
4.726e-005,0.0315702
4.7264e-005,0.0312378
4.7268e-005,0.0316099
4.7272e-005,0.0310791
4.7276e-005,0.0313668
4.728e-005,0.0318976
4.7284e-005,0.0313222
4.7288e-005,0.0318827
4.7292e-005,0.0316247
4.7296e-005,0.0311436
4.73e-005,0.0314561
4.7304e-005,0.0315255
4.7308e-005,0.0309055
4.7312e-005,0.0313618
4.7316e-005,0.0312825
4.732e-005,0.0312676
4.7324e-005,0.0309055
4.7328e-005,0.0319273
4.7332e-005,0.0306525
4.7336e-005,0.030459
4.734e-005,0.0302606
4.7344e-005,0.0296852
4.7348e-005,0.0291296
4.7352e-005,0.0296455
4.7356e-005,0.0292784
4.736e-005,0.0288319
4.7364e-005,0.0231521
4.7368e-005,0.0202104
4.7372e-005,0.0195259
4.7376e-005,0.0195655
4.738e-005,0.0183353
4.7384e-005,0.0189604
4.7388e-005,0.0103984
4.7392e-005,0.00174709
4.7396e-005,0.000343243
4.74e-005,-0.000132974
4.7404e-005,-0.000648876
4.7408e-005,-0.000227225
4.7412e-005,6.04892e-005
4.7416e-005,-0.000237146
4.742e-005,-0.000152816
4.7424e-005,-0.00103084
4.7428e-005,0.00967908
4.7432e-005,0.0169464
4.7436e-005,0.0191836
4.744e-005,0.0212819
4.7444e-005,0.02404
4.7448e-005,0.0255331
4.7452e-005,0.0269221
4.7456e-005,0.0277753
4.746e-005,0.0287079
4.7464e-005,0.028951
4.7468e-005,0.0293726
4.7472e-005,0.030464
4.7476e-005,0.0309154
4.748e-005,0.0315206
4.7484e-005,0.0316793
4.7488e-005,0.0324879
4.7492e-005,0.0324135
4.7496e-005,0.0330534
4.75e-005,0.0335643
4.7504e-005,0.0338818
4.7508e-005,0.0339066
4.7512e-005,0.0339959
4.7516e-005,0.0335743
4.752e-005,0.0335197
4.7524e-005,0.0344126
4.7528e-005,0.0342687
4.7532e-005,0.0339413
4.7536e-005,0.0332518
4.754e-005,0.0341745
4.7544e-005,0.0339265
4.7548e-005,0.0339215
4.7552e-005,0.0342291
4.7556e-005,0.0347053
4.756e-005,0.0345069
4.7564e-005,0.0338024
4.7568e-005,0.0337975
4.7572e-005,0.0339364
4.7576e-005,0.0332915
4.758e-005,0.0329542
4.7584e-005,0.0336834
4.7588e-005,0.033986
4.7592e-005,0.0345763
4.7596e-005,0.0333957
4.76e-005,0.0340207
4.7604e-005,0.0336834
4.7608e-005,0.0334354
4.7612e-005,0.0337776
4.7616e-005,0.0332171
4.762e-005,0.0340554
4.7624e-005,0.0338818
4.7628e-005,0.0334006
4.7632e-005,0.0334155
4.7636e-005,0.0334354
4.764e-005,0.0333957
4.7644e-005,0.0339215
4.7648e-005,0.0341795
4.7652e-005,0.0336139
4.7656e-005,0.033733
4.766e-005,0.0338917
4.7664e-005,0.0339265
4.7668e-005,0.0340554
4.7672e-005,0.0336636
4.7676e-005,0.0339066
4.768e-005,0.0337429
4.7684e-005,0.0333907
4.7688e-005,0.0334205
4.7692e-005,0.033609
4.7696e-005,0.0335991
4.77e-005,0.033857
4.7704e-005,0.0335346
4.7708e-005,0.0334106
4.7712e-005,0.0332121
4.7716e-005,0.0338124
4.772e-005,0.0337082
4.7724e-005,0.0331923
4.7728e-005,0.0330683
4.7732e-005,0.033108
4.7736e-005,0.033351
4.774e-005,0.0334502
4.7744e-005,0.0337925
4.7748e-005,0.032602
4.7752e-005,0.0332022
4.7756e-005,0.0330484
4.776e-005,0.0332171
4.7764e-005,0.0335048
4.7768e-005,0.0331179
4.7772e-005,0.0328401
4.7776e-005,0.0331576
4.778e-005,0.0334006
4.7784e-005,0.032979
4.7788e-005,0.0332469
4.7792e-005,0.0328004
4.7796e-005,0.032855
4.78e-005,0.0328252
4.7804e-005,0.0333808
4.7808e-005,0.0334056
4.7812e-005,0.0332816
4.7816e-005,0.0338322
4.782e-005,0.0342787
4.7824e-005,0.0336685
4.7828e-005,0.0335941
4.7832e-005,0.0331129
4.7836e-005,0.0329889
4.784e-005,0.0333213
4.7844e-005,0.0333907
4.7848e-005,0.0336536
4.7852e-005,0.0333114
4.7856e-005,0.033857
4.786e-005,0.0330832
4.7864e-005,0.0334651
4.7868e-005,0.0336239
4.7872e-005,0.0334006
4.7876e-005,0.0334602
4.788e-005,0.0334502
4.7884e-005,0.0336933
4.7888e-005,0.0340505
4.7892e-005,0.0341447
4.7896e-005,0.0334106
4.79e-005,0.0338719
4.7904e-005,0.0335991
4.7908e-005,0.033485
4.7912e-005,0.0333461
4.7916e-005,0.0342291
4.792e-005,0.0332766
4.7924e-005,0.0334056
4.7928e-005,0.0337677
4.7932e-005,0.0331725
4.7936e-005,0.0337776
4.794e-005,0.0329641
4.7944e-005,0.0333709
4.7948e-005,0.0332072
4.7952e-005,0.0327161
4.7956e-005,0.0333411
4.796e-005,0.0341844
4.7964e-005,0.0332667
4.7968e-005,0.0330584
4.7972e-005,0.0339959
4.7976e-005,0.0336685
4.798e-005,0.0335395
4.7984e-005,0.0335693
4.7988e-005,0.0329988
4.7992e-005,0.033862
4.7996e-005,0.0333114
4.8e-005,0.0327905
4.8004e-005,0.0335792
4.8008e-005,0.0336239
4.8012e-005,0.0335544
4.8016e-005,0.0335445
4.802e-005,0.0335147
4.8024e-005,0.0331228
4.8028e-005,0.0330236
4.8032e-005,0.033485
4.8036e-005,0.0336536
4.804e-005,0.0336735
4.8044e-005,0.0336735
4.8048e-005,0.0333709
4.8052e-005,0.0334403
4.8056e-005,0.0336834
4.806e-005,0.0338669
4.8064e-005,0.033604
4.8068e-005,0.0343779
4.8072e-005,0.0336884
4.8076e-005,0.0331228
4.808e-005,0.0331973
4.8084e-005,0.0337032
4.8088e-005,0.0331675
4.8092e-005,0.0336685
4.8096e-005,0.0337429
4.81e-005,0.0323837
4.8104e-005,0.0325077
4.8108e-005,0.0315801
4.8112e-005,0.0308757
4.8116e-005,0.0304342
4.812e-005,0.0303846
4.8124e-005,0.0302755
4.8128e-005,0.0302804
4.8132e-005,0.0232612
4.8136e-005,0.0204336
4.814e-005,0.0196201
4.8144e-005,0.0194515
4.8148e-005,0.0186429
4.8152e-005,0.019
4.8156e-005,0.0101454
4.816e-005,0.00159331
4.8164e-005,0.000665682
4.8168e-005,-0.000723285
4.8172e-005,-0.000703442
4.8176e-005,-0.000326437
4.818e-005,-0.000123053
4.8184e-005,0.000105135
4.8188e-005,2.08044e-005
4.8192e-005,-0.00129871
4.8196e-005,0.00975845
4.82e-005,0.0174374
4.8204e-005,0.0194614
4.8208e-005,0.021391
4.8212e-005,0.0248436
4.8216e-005,0.0263814
4.822e-005,0.026679
4.8224e-005,0.0284698
4.8228e-005,0.0294024
4.8232e-005,0.0297794
4.8236e-005,0.0305533
4.824e-005,0.0314859
4.8244e-005,0.0326218
4.8248e-005,0.0332072
4.8252e-005,0.0335792
4.8256e-005,0.0342043
4.826e-005,0.0341298
4.8264e-005,0.0349335
4.8268e-005,0.0353303
4.8272e-005,0.035112
4.8276e-005,0.0352113
4.828e-005,0.0350724
4.8284e-005,0.0357867
4.8288e-005,0.0357668
4.8292e-005,0.0356676
4.8296e-005,0.0359057
4.83e-005,0.0356279
4.8304e-005,0.0358413
4.8308e-005,0.0361488
4.8312e-005,0.036005
4.8316e-005,0.0358363
4.832e-005,0.0358363
4.8324e-005,0.0361141
4.8328e-005,0.0365804
4.8332e-005,0.0361488
4.8336e-005,0.0357123
4.834e-005,0.0356081
4.8344e-005,0.0361488
4.8348e-005,0.0359901
4.8352e-005,0.0363472
4.8356e-005,0.0359504
4.836e-005,0.0360496
4.8364e-005,0.0355337
4.8368e-005,0.0357916
4.8372e-005,0.0362877
4.8376e-005,0.0360099
4.838e-005,0.035876
4.8384e-005,0.0358809
4.8388e-005,0.0361835
4.8392e-005,0.0362679
4.8396e-005,0.0357668
4.84e-005,0.0355387
4.8404e-005,0.0363919
4.8408e-005,0.0360694
4.8412e-005,0.0354444
4.8416e-005,0.0356428
4.842e-005,0.0363373
4.8424e-005,0.0356776
4.8428e-005,0.0355089
4.8432e-005,0.0362728
4.8436e-005,0.035747
4.844e-005,0.0369078
4.8444e-005,0.0359454
4.8448e-005,0.0356379
4.8452e-005,0.0354196
4.8456e-005,0.0356825
4.846e-005,0.0360595
4.8464e-005,0.0363572
4.8468e-005,0.0360744
4.8472e-005,0.0361637
4.8476e-005,0.0358859
4.848e-005,0.0360099
4.8484e-005,0.0359157
4.8488e-005,0.0358611
4.8492e-005,0.0367391
4.8496e-005,0.0362877
4.85e-005,0.0365457
4.8504e-005,0.0355932
4.8508e-005,0.0360645
4.8512e-005,0.0364167
4.8516e-005,0.0362431
4.852e-005,0.0364068
4.8524e-005,0.0365457
4.8528e-005,0.036005
4.8532e-005,0.0357073
4.8536e-005,0.0368731
4.854e-005,0.0358462
4.8544e-005,0.035747
4.8548e-005,0.0352361
4.8552e-005,0.0357867
4.8556e-005,0.0354841
4.856e-005,0.0359057
4.8564e-005,0.0359355
4.8568e-005,0.0357321
4.8572e-005,0.0357867
4.8576e-005,0.0359901
4.858e-005,0.0357768
4.8584e-005,0.035747
4.8588e-005,0.0356676
4.8592e-005,0.0359752
4.8596e-005,0.0356726
4.86e-005,0.0360843
4.8604e-005,0.034864
4.8608e-005,0.0354841
4.8612e-005,0.0355635
4.8616e-005,0.035494
4.862e-005,0.0353948
4.8624e-005,0.0362282
4.8628e-005,0.0358859
4.8632e-005,0.0359553
4.8636e-005,0.0364068
4.864e-005,0.0362232
4.8644e-005,0.036
4.8648e-005,0.0358859
4.8652e-005,0.0361935
4.8656e-005,0.0358958
4.866e-005,0.0358661
4.8664e-005,0.036124
4.8668e-005,0.0362282
4.8672e-005,0.0358065
4.8676e-005,0.0359305
4.868e-005,0.0363224
4.8684e-005,0.0353154
4.8688e-005,0.0360595
4.8692e-005,0.0362877
4.8696e-005,0.0354345
4.87e-005,0.0358313
4.8704e-005,0.0359702
4.8708e-005,0.0358611
4.8712e-005,0.0358115
4.8716e-005,0.0358413
4.872e-005,0.0355039
4.8724e-005,0.0361637
4.8728e-005,0.0365853
4.8732e-005,0.0358859
4.8736e-005,0.035752
4.874e-005,0.0359901
4.8744e-005,0.0361339
4.8748e-005,0.0361984
4.8752e-005,0.0363125
4.8756e-005,0.036129
4.876e-005,0.0358413
4.8764e-005,0.0368879
4.8768e-005,0.0358165
4.8772e-005,0.0360198
4.8776e-005,0.0364018
4.878e-005,0.0356627
4.8784e-005,0.0359256
4.8788e-005,0.0362331
4.8792e-005,0.0360099
4.8796e-005,0.0359206
4.88e-005,0.03537
4.8804e-005,0.0356676
4.8808e-005,0.036501
4.8812e-005,0.0365903
4.8816e-005,0.0350724
4.882e-005,0.0352956
4.8824e-005,0.0361637
4.8828e-005,0.0361488
4.8832e-005,0.0359305
4.8836e-005,0.0356676
4.884e-005,0.0361389
4.8844e-005,0.0355387
4.8848e-005,0.0360446
4.8852e-005,0.0359802
4.8856e-005,0.0362629
4.886e-005,0.036248
4.8864e-005,0.0369425
4.8868e-005,0.0350872
4.8872e-005,0.0360942
4.8876e-005,0.0339364
4.888e-005,0.0333362
4.8884e-005,0.0312279
4.8888e-005,0.031595
4.8892e-005,0.0313916
4.8896e-005,0.0314462
4.89e-005,0.0238465
4.8904e-005,0.0205081
4.8908e-005,0.0192282
4.8912e-005,0.0190844
4.8916e-005,0.0186379
4.892e-005,0.0187867
4.8924e-005,0.00984278
4.8928e-005,0.00220843
4.8932e-005,0.00115678
4.8936e-005,-0.000366122
4.894e-005,-0.00105564
4.8944e-005,-3.37621e-005
4.8948e-005,-0.000584388
4.8952e-005,-0.000495097
4.8956e-005,-0.000509979
4.896e-005,-0.00143265
4.8964e-005,0.00926735
4.8968e-005,0.0171249
4.8972e-005,0.0196201
4.8976e-005,0.0212125
4.898e-005,0.0238366
4.8984e-005,0.0237771
4.8988e-005,0.0236233
4.8992e-005,0.0252653
4.8996e-005,0.0262177
4.9e-005,0.0266592
4.9004e-005,0.0275918
4.9008e-005,0.0281771
4.9012e-005,0.0282565
4.9016e-005,0.0288815
4.902e-005,0.0289311
4.9024e-005,0.0286583
4.9028e-005,0.0294719
4.9032e-005,0.0299282
4.9036e-005,0.0296901
4.904e-005,0.0302457
4.9044e-005,0.0300274
4.9048e-005,0.0305037
4.9052e-005,0.0302259
4.9056e-005,0.0299431
4.906e-005,0.0304689
4.9064e-005,0.030206
4.9068e-005,0.0301911
4.9072e-005,0.0298737
4.9076e-005,0.0298389
4.908e-005,0.0301961
4.9084e-005,0.0301663
4.9088e-005,0.0303152
4.9092e-005,0.0298885
4.9096e-005,0.0297348
4.91e-005,0.0305681
4.9104e-005,0.0301812
4.9108e-005,0.030707
4.9112e-005,0.0301415
4.9116e-005,0.0298141
4.912e-005,0.0305731
4.9124e-005,0.0296356
4.9128e-005,0.0296901
4.9132e-005,0.0302705
4.9136e-005,0.0295562
4.914e-005,0.0300324
4.9144e-005,0.0299381
4.9148e-005,0.0293925
4.9152e-005,0.0294719
4.9156e-005,0.029829
4.916e-005,0.0303796
4.9164e-005,0.0292784
4.9168e-005,0.0295165
4.9172e-005,0.0295314
4.9176e-005,0.0299778
4.918e-005,0.0291941
4.9184e-005,0.0304888
4.9188e-005,0.0294123
4.9192e-005,0.0302011
4.9196e-005,0.0297546
4.92e-005,0.0299977
4.9204e-005,0.0302159
4.9208e-005,0.0295711
4.9212e-005,0.0299679
4.9216e-005,0.0299679
4.922e-005,0.0302755
4.9224e-005,0.0300076
4.9228e-005,0.0297943
4.9232e-005,0.0297348
4.9236e-005,0.0290204
4.924e-005,0.0298637
4.9244e-005,0.0296058
4.9248e-005,0.0302903
4.9252e-005,0.0294421
4.9256e-005,0.0299034
4.926e-005,0.0301167
4.9264e-005,0.0298042
4.9268e-005,0.0298836
4.9272e-005,0.0302854
4.9276e-005,0.030082
4.928e-005,0.0293677
4.9284e-005,0.0296504
4.9288e-005,0.0290403
4.9292e-005,0.0296951
4.9296e-005,0.0301118
4.93e-005,0.0298885
4.9304e-005,0.030335
4.9308e-005,0.0304491
4.9312e-005,0.0301862
4.9316e-005,0.0300423
4.932e-005,0.0292635
4.9324e-005,0.0300622
4.9328e-005,0.0296356
4.9332e-005,0.0295066
4.9336e-005,0.029204
4.934e-005,0.0296802
4.9344e-005,0.0289411
4.9348e-005,0.0293082
4.9352e-005,0.0298439
4.9356e-005,0.0295463
4.936e-005,0.0293875
4.9364e-005,0.0298985
4.9368e-005,0.0302407
4.9372e-005,0.0299828
4.9376e-005,0.0297893
4.938e-005,0.0296405
4.9384e-005,0.0293082
4.9388e-005,0.0298935
4.9392e-005,0.0301118
4.9396e-005,0.0291941
4.94e-005,0.0301515
4.9404e-005,0.0297447
4.9408e-005,0.0301068
4.9412e-005,0.0294669
4.9416e-005,0.0298836
4.942e-005,0.0297199
4.9424e-005,0.0303846
4.9428e-005,0.0301663
4.9432e-005,0.0300274
4.9436e-005,0.0302705
4.944e-005,0.0300374
4.9444e-005,0.0298836
4.9448e-005,0.0292685
4.9452e-005,0.0296256
4.9456e-005,0.0299282
4.946e-005,0.0300026
4.9464e-005,0.0300423
4.9468e-005,0.0295264
4.9472e-005,0.029328
4.9476e-005,0.0294024
4.948e-005,0.0291048
4.9484e-005,0.0301415
4.9488e-005,0.029705
4.9492e-005,0.0293429
4.9496e-005,0.0296405
4.95e-005,0.0298637
4.9504e-005,0.0301266
4.9508e-005,0.0298092
4.9512e-005,0.0297298
4.9516e-005,0.02971
4.952e-005,0.0295859
4.9524e-005,0.0300622
4.9528e-005,0.0291445
4.9532e-005,0.0292486
4.9536e-005,0.0299481
4.954e-005,0.0298935
4.9544e-005,0.0294074
4.9548e-005,0.028827
4.9552e-005,0.0295859
4.9556e-005,0.0290056
4.956e-005,0.0299679
4.9564e-005,0.0291941
4.9568e-005,0.0297149
4.9572e-005,0.0293528
4.9576e-005,0.0290651
4.958e-005,0.0292883
4.9584e-005,0.029576
4.9588e-005,0.0291494
4.9592e-005,0.0295413
4.9596e-005,0.0295512
4.96e-005,0.0299878
4.9604e-005,0.0299977
4.9608e-005,0.029204
4.9612e-005,0.0293032
4.9616e-005,0.0292933
4.962e-005,0.0298042
4.9624e-005,0.0295016
4.9628e-005,0.0298687
4.9632e-005,0.0299431
4.9636e-005,0.0289262
4.964e-005,0.0294619
4.9644e-005,0.028569
4.9648e-005,0.0280531
4.9652e-005,0.0282962
4.9656e-005,0.028316
4.966e-005,0.0289014
4.9664e-005,0.0285045
4.9668e-005,0.0228941
4.9672e-005,0.0197342
4.9676e-005,0.0200219
4.968e-005,0.0191141
4.9684e-005,0.0185933
4.9688e-005,0.0192729
4.9692e-005,0.00971381
4.9696e-005,0.00132544
4.97e-005,0.00073513
4.9704e-005,-0.000291713
4.9708e-005,-0.000390925
4.9712e-005,0.000273795
4.9716e-005,-0.000207383
4.972e-005,-0.000976275
4.9724e-005,-0.0005199
4.9728e-005,-0.00118462
4.9732e-005,0.00901932
4.9736e-005,0.0174523
4.974e-005,0.0196201
4.9744e-005,0.0206668
4.9748e-005,0.0236382
4.9752e-005,0.0246849
4.9756e-005,0.0248932
4.976e-005,0.0272247
4.9764e-005,0.0275868
4.9768e-005,0.0287724
4.9772e-005,0.0288766
4.9776e-005,0.029705
4.978e-005,0.0301862
4.9784e-005,0.0298885
4.9788e-005,0.030707
4.9792e-005,0.0304392
4.9796e-005,0.0309005
4.98e-005,0.0317388
4.9804e-005,0.0309799
4.9808e-005,0.0315305
4.9812e-005,0.0316992
4.9816e-005,0.0318629
4.982e-005,0.0318629
4.9824e-005,0.0318331
4.9828e-005,0.0312725
4.9832e-005,0.0320414
4.9836e-005,0.0317438
4.984e-005,0.0316545
4.9844e-005,0.0321456
4.9848e-005,0.0317686
4.9852e-005,0.0317537
4.9856e-005,0.0322547
4.986e-005,0.0318381
4.9864e-005,0.0316347
4.9868e-005,0.0316892
4.9872e-005,0.0309303
4.9876e-005,0.0318877
4.988e-005,0.0321853
4.9884e-005,0.0316843
4.9888e-005,0.0316446
4.9892e-005,0.0316297
4.9896e-005,0.0323341
4.99e-005,0.0311386
4.9904e-005,0.0318331
4.9908e-005,0.0319025
4.9912e-005,0.0311882
4.9916e-005,0.0319075
4.992e-005,0.0316595
4.9924e-005,0.0312725
4.9928e-005,0.031714
4.9932e-005,0.0312577
4.9936e-005,0.0308955
4.994e-005,0.0312874
4.9944e-005,0.0314561
4.9948e-005,0.0320662
4.9952e-005,0.032096
4.9956e-005,0.0311088
4.996e-005,0.0316744
4.9964e-005,0.0305433
4.9968e-005,0.0317041
4.9972e-005,0.0317587
4.9976e-005,0.0313023
4.998e-005,0.0308955
4.9984e-005,0.0309352
4.9988e-005,0.0317984
4.9992e-005,0.0318182
4.9996e-005,0.0317488
5e-005,0.0315156
5.0004e-005,0.0310493
5.0008e-005,0.031218
5.0012e-005,0.0318877
5.0016e-005,0.0311684
5.002e-005,0.0314462
5.0024e-005,0.0310642
5.0028e-005,0.031972
5.0032e-005,0.0309451
5.0036e-005,0.0312676
5.004e-005,0.0308707
5.0044e-005,0.0316446
5.0048e-005,0.0312428
5.0052e-005,0.0318777
5.0056e-005,0.0314908
5.006e-005,0.0311932
5.0064e-005,0.031213
5.0068e-005,0.0313817
5.0072e-005,0.0315007
5.0076e-005,0.0308955
5.008e-005,0.0314065
5.0084e-005,0.0315255
5.0088e-005,0.0310096
5.0092e-005,0.0313866
5.0096e-005,0.0313023
5.01e-005,0.0319968
5.0104e-005,0.0315454
5.0108e-005,0.0315255
5.0112e-005,0.0315355
5.0116e-005,0.031466
5.012e-005,0.0316744
5.0124e-005,0.03097
5.0128e-005,0.0318381
5.0132e-005,0.0315057
5.0136e-005,0.0322895
5.014e-005,0.031461
5.0144e-005,0.0316793
5.0148e-005,0.0315652
5.0152e-005,0.0314462
5.0156e-005,0.0317934
5.016e-005,0.0317091
5.0164e-005,0.032091
5.0168e-005,0.0312279
5.0172e-005,0.0312477
5.0176e-005,0.0314859
5.018e-005,0.031471
5.0184e-005,0.0321506
5.0188e-005,0.0312577
5.0192e-005,0.0315057
5.0196e-005,0.0316843
5.02e-005,0.031595
5.0204e-005,0.0313966
5.0208e-005,0.0319323
5.0212e-005,0.031218
5.0216e-005,0.0308509
5.022e-005,0.0315851
5.0224e-005,0.0318033
5.0228e-005,0.0312477
5.0232e-005,0.0313569
5.0236e-005,0.0310741
5.024e-005,0.03222
5.0244e-005,0.0313222
5.0248e-005,0.0317984
5.0252e-005,0.0312924
5.0256e-005,0.0314511
5.026e-005,0.0308559
5.0264e-005,0.0312626
5.0268e-005,0.0315404
5.0272e-005,0.0314164
5.0276e-005,0.0314412
5.028e-005,0.0310741
5.0284e-005,0.0313569
5.0288e-005,0.031595
5.0292e-005,0.0305632
5.0296e-005,0.0317587
5.03e-005,0.0318133
5.0304e-005,0.0313569
5.0308e-005,0.0304441
5.0312e-005,0.0313817
5.0316e-005,0.0313618
5.032e-005,0.031213
5.0324e-005,0.0315305
5.0328e-005,0.0313966
5.0332e-005,0.0308261
5.0336e-005,0.0313222
5.034e-005,0.03096
5.0344e-005,0.030836
5.0348e-005,0.0313916
5.0352e-005,0.031967
5.0356e-005,0.0321307
5.036e-005,0.0314908
5.0364e-005,0.031466
5.0368e-005,0.0312329
5.0372e-005,0.0316992
5.0376e-005,0.0313966
5.038e-005,0.0314462
5.0384e-005,0.031972
5.0388e-005,0.0318976
5.0392e-005,0.0322746
5.0396e-005,0.0317091
5.04e-005,0.0321903
5.0404e-005,0.0309402
5.0408e-005,0.0311783
5.0412e-005,0.0305185
5.0416e-005,0.0295363
5.042e-005,0.0304292
5.0424e-005,0.0295959
5.0428e-005,0.0297
5.0432e-005,0.029953
5.0436e-005,0.0235439
5.044e-005,0.0200517
5.0444e-005,0.0199376
5.0448e-005,0.0192332
5.0452e-005,0.0187272
5.0456e-005,0.0192332
5.046e-005,0.0104926
5.0464e-005,0.00207449
5.0468e-005,0.000105135
5.0472e-005,-0.00043557
5.0476e-005,-0.000738166
5.048e-005,-0.000663758
5.0484e-005,-0.000400846
5.0488e-005,-0.000485176
5.0492e-005,-4.86439e-005
5.0496e-005,-0.00100108
5.05e-005,0.00911357
5.0504e-005,0.0175367
5.0508e-005,0.020384
5.0512e-005,0.0216143
5.0516e-005,0.0247146
5.052e-005,0.0255282
5.0524e-005,0.0264508
5.0528e-005,0.0279688
5.0532e-005,0.0286385
5.0536e-005,0.0290998
5.054e-005,0.0298191
5.0544e-005,0.0303995
5.0548e-005,0.0304144
5.0552e-005,0.0314114
5.0556e-005,0.0318579
5.056e-005,0.0318728
5.0564e-005,0.0329641
5.0568e-005,0.0333758
5.0572e-005,0.0328054
5.0576e-005,0.0329244
5.058e-005,0.0332121
5.0584e-005,0.0324432
5.0588e-005,0.032984
5.0592e-005,0.0339612
5.0596e-005,0.0333461
5.06e-005,0.0332717
5.0604e-005,0.0337181
5.0608e-005,0.034105
5.0612e-005,0.0339959
5.0616e-005,0.0336933
5.062e-005,0.0337181
5.0624e-005,0.0339265
5.0628e-005,0.0337876
5.0632e-005,0.0335594
5.0636e-005,0.033485
5.064e-005,0.0330336
5.0644e-005,0.0339066
5.0648e-005,0.0339959
5.0652e-005,0.0338124
5.0656e-005,0.0331328
5.066e-005,0.0339364
5.0664e-005,0.0341497
5.0668e-005,0.0337082
5.0672e-005,0.0340902
5.0676e-005,0.0333858
5.068e-005,0.0332072
5.0684e-005,0.0335346
5.0688e-005,0.0331873
5.0692e-005,0.0336139
5.0696e-005,0.0333659
5.07e-005,0.0337925
5.0704e-005,0.0333758
5.0708e-005,0.0336586
5.0712e-005,0.0337925
5.0716e-005,0.0342638
5.072e-005,0.033862
5.0724e-005,0.033738
5.0728e-005,0.0332965
5.0732e-005,0.0332617
5.0736e-005,0.0342687
5.074e-005,0.0336735
5.0744e-005,0.0340703
5.0748e-005,0.0339413
5.0752e-005,0.0340753
5.0756e-005,0.0341646
5.076e-005,0.0333858
5.0764e-005,0.0329889
5.0768e-005,0.0340306
5.0772e-005,0.0338322
5.0776e-005,0.0330683
5.078e-005,0.0341497
5.0784e-005,0.0336685
5.0788e-005,0.0341298
5.0792e-005,0.0343481
5.0796e-005,0.0337181
5.08e-005,0.0337578
5.0804e-005,0.0338818
5.0808e-005,0.0339066
5.0812e-005,0.0338719
5.0816e-005,0.0339413
5.082e-005,0.0332667
5.0824e-005,0.0341695
5.0828e-005,0.0335048
5.0832e-005,0.0337429
5.0836e-005,0.0343828
5.084e-005,0.0335098
5.0844e-005,0.0337826
5.0848e-005,0.0338917
5.0852e-005,0.0338669
5.0856e-005,0.0338372
5.086e-005,0.0330484
5.0864e-005,0.0326714
5.0868e-005,0.0341646
5.0872e-005,0.0332221
5.0876e-005,0.0342638
5.088e-005,0.0331228
5.0884e-005,0.033485
5.0888e-005,0.0338669
5.0892e-005,0.0336437
5.0896e-005,0.0342787
5.09e-005,0.0335941
5.0904e-005,0.0334502
5.0908e-005,0.0337528
5.0912e-005,0.0336338
5.0916e-005,0.0332766
5.092e-005,0.0333064
5.0924e-005,0.0337628
5.0928e-005,0.0332617
5.0932e-005,0.0334651
5.0936e-005,0.0337032
5.094e-005,0.0335346
5.0944e-005,0.0336636
5.0948e-005,0.033103
5.0952e-005,0.03348
5.0956e-005,0.0334354
5.096e-005,0.0336983
5.0964e-005,0.0339066
5.0968e-005,0.0339711
5.0972e-005,0.032984
5.0976e-005,0.034492
5.098e-005,0.0336437
5.0984e-005,0.0338669
5.0988e-005,0.033857
5.0992e-005,0.0340406
5.0996e-005,0.0334354
5.1e-005,0.0340009
5.1004e-005,0.0343531
5.1008e-005,0.0334254
5.1012e-005,0.0338322
5.1016e-005,0.0339761
5.102e-005,0.0336685
5.1024e-005,0.0338967
5.1028e-005,0.0341348
5.1032e-005,0.0344821
5.1036e-005,0.0343729
5.104e-005,0.0344126
5.1044e-005,0.0337132
5.1048e-005,0.0342638
5.1052e-005,0.0339463
5.1056e-005,0.0345317
5.106e-005,0.0338273
5.1064e-005,0.0340604
5.1068e-005,0.0339661
5.1072e-005,0.0340505
5.1076e-005,0.0335594
5.108e-005,0.033981
5.1084e-005,0.0341646
5.1088e-005,0.0336933
5.1092e-005,0.0335594
5.1096e-005,0.0333213
5.11e-005,0.0336983
5.1104e-005,0.0332667
5.1108e-005,0.0339513
5.1112e-005,0.0338818
5.1116e-005,0.0338421
5.112e-005,0.0339215
5.1124e-005,0.0334205
5.1128e-005,0.0337925
5.1132e-005,0.032984
5.1136e-005,0.0330038
5.114e-005,0.033862
5.1144e-005,0.0334701
5.1148e-005,0.033361
5.1152e-005,0.0337975
5.1156e-005,0.0335048
5.116e-005,0.0336685
5.1164e-005,0.0335147
5.1168e-005,0.0331973
5.1172e-005,0.0330782
5.1176e-005,0.0330534
5.118e-005,0.0317091
5.1184e-005,0.0311436
5.1188e-005,0.0306227
5.1192e-005,0.031218
5.1196e-005,0.0307616
5.12e-005,0.0306227
5.1204e-005,0.0246154
5.1208e-005,0.019883
5.1212e-005,0.0201807
5.1216e-005,0.0194911
5.122e-005,0.0183998
5.1224e-005,0.0191042
5.1228e-005,0.00939633
5.1232e-005,0.00172229
5.1236e-005,0.000829381
5.124e-005,-4.86439e-005
5.1244e-005,-0.000261949
5.1248e-005,-4.86439e-005
5.1252e-005,-0.000222265
5.1256e-005,-0.000465334
5.126e-005,-0.00035124
