Time,Ampl
4.126e-005,0.0323639
4.1264e-005,0.0316595
4.1268e-005,0.0307963
4.1272e-005,0.0306922
4.1276e-005,0.0313668
4.128e-005,0.0307765
4.1284e-005,0.0267286
4.1288e-005,0.0207561
4.1292e-005,0.0200368
4.1296e-005,0.0186677
4.13e-005,0.0190596
4.1304e-005,0.0187619
4.1308e-005,0.0130027
4.1312e-005,0.00300708
4.1316e-005,0.0011915
4.132e-005,-0.000718324
4.1324e-005,-0.000296674
4.1328e-005,-9.82498e-005
4.1332e-005,-0.00102588
4.1336e-005,-0.000733206
4.134e-005,-0.00010321
4.1344e-005,-0.00126895
4.1348e-005,0.0051699
4.1352e-005,0.0153689
4.1356e-005,0.0194217
4.136e-005,0.0222591
4.1364e-005,0.0249825
4.1368e-005,0.0271751
4.1372e-005,0.0280333
4.1376e-005,0.0299282
4.138e-005,0.0306426
4.1384e-005,0.0316148
4.1388e-005,0.0330088
4.1392e-005,0.0335594
4.1396e-005,0.035122
4.14e-005,0.0353948
4.1404e-005,0.0361141
4.1408e-005,0.0362629
4.1412e-005,0.0367342
4.1416e-005,0.0369673
4.142e-005,0.03726
4.1424e-005,0.0381975
4.1428e-005,0.0378156
4.1432e-005,0.0377362
4.1436e-005,0.0386241
4.144e-005,0.0382323
4.1444e-005,0.0385646
4.1448e-005,0.0389763
4.1452e-005,0.0387482
4.1456e-005,0.039021
4.146e-005,0.0387333
4.1464e-005,0.0386093
4.1468e-005,0.0391549
4.1472e-005,0.039393
4.1476e-005,0.0389515
4.148e-005,0.0387234
4.1484e-005,0.0391202
4.1488e-005,0.0386936
4.1492e-005,0.0389515
4.1496e-005,0.0391103
4.15e-005,0.0389168
4.1504e-005,0.0389714
4.1508e-005,0.0391748
4.1512e-005,0.038897
4.1516e-005,0.0386341
4.152e-005,0.0391797
4.1524e-005,0.0384604
4.1528e-005,0.0383662
4.1532e-005,0.039274
4.1536e-005,0.0386986
4.154e-005,0.0390359
4.1544e-005,0.0394972
4.1548e-005,0.0382571
4.1552e-005,0.0390508
4.1556e-005,0.0389664
4.156e-005,0.0385398
4.1564e-005,0.0387829
4.1568e-005,0.0392541
4.1572e-005,0.0382918
4.1576e-005,0.0388573
4.158e-005,0.0392045
4.1584e-005,0.0388027
4.1588e-005,0.0387779
4.1592e-005,0.0388871
4.1596e-005,0.0384257
4.16e-005,0.0388077
4.1604e-005,0.0385398
4.1608e-005,0.0381827
4.1612e-005,0.0385597
4.1616e-005,0.0392145
4.162e-005,0.0381926
4.1624e-005,0.0390061
4.1628e-005,0.0390805
4.1632e-005,0.0386837
4.1636e-005,0.0391301
4.164e-005,0.0391252
4.1644e-005,0.0384009
4.1648e-005,0.0390061
4.1652e-005,0.0393782
4.1656e-005,0.0384456
4.166e-005,0.0382918
4.1664e-005,0.0384108
4.1668e-005,0.0380884
4.1672e-005,0.0388672
4.1676e-005,0.0384108
4.168e-005,0.0383513
4.1684e-005,0.0384902
4.1688e-005,0.0389863
4.1692e-005,0.0383067
4.1696e-005,0.0384902
4.17e-005,0.0390012
4.1704e-005,0.0383563
4.1708e-005,0.0379793
4.1712e-005,0.0390557
4.1716e-005,0.0382918
4.172e-005,0.0385497
4.1724e-005,0.0384505
4.1728e-005,0.0379594
4.1732e-005,0.0386787
4.1736e-005,0.0383364
4.174e-005,0.0380636
4.1744e-005,0.0380834
4.1748e-005,0.0388573
4.1752e-005,0.038014
4.1756e-005,0.0386341
4.176e-005,0.0395419
4.1764e-005,0.038644
4.1768e-005,0.0381827
4.1772e-005,0.038897
4.1776e-005,0.0389069
4.178e-005,0.0387581
4.1784e-005,0.0385299
4.1788e-005,0.0380586
4.1792e-005,0.0385845
4.1796e-005,0.0392095
4.18e-005,0.0383811
4.1804e-005,0.0381529
4.1808e-005,0.0389813
4.1812e-005,0.038639
4.1816e-005,0.038396
4.182e-005,0.0389019
4.1824e-005,0.0385101
4.1828e-005,0.0385745
4.1832e-005,0.038773
4.1836e-005,0.0384158
4.184e-005,0.0390756
4.1844e-005,0.039021
4.1848e-005,0.0379892
4.1852e-005,0.0387928
4.1856e-005,0.0393236
4.186e-005,0.0381579
4.1864e-005,0.0396411
4.1868e-005,0.0393484
4.1872e-005,0.0387829
4.1876e-005,0.038892
4.188e-005,0.039393
4.1884e-005,0.038386
4.1888e-005,0.0384654
4.1892e-005,0.0391996
4.1896e-005,0.0387035
4.19e-005,0.0393286
4.1904e-005,0.0394823
4.1908e-005,0.0389168
4.1912e-005,0.0394774
4.1916e-005,0.039403
4.192e-005,0.0390805
4.1924e-005,0.0390458
4.1928e-005,0.0397552
4.1932e-005,0.0389069
4.1936e-005,0.0384208
4.194e-005,0.0394674
4.1944e-005,0.038768
4.1948e-005,0.0395815
4.1952e-005,0.0394774
4.1956e-005,0.0391202
4.196e-005,0.0388474
4.1964e-005,0.0393831
4.1968e-005,0.0395419
4.1972e-005,0.0396014
4.1976e-005,0.0395716
4.198e-005,0.038138
4.1984e-005,0.0385993
4.1988e-005,0.0395518
4.1992e-005,0.0381827
4.1996e-005,0.0394426
4.2e-005,0.0395766
4.2004e-005,0.0389515
4.2008e-005,0.0385398
4.2012e-005,0.0400379
4.2016e-005,0.0389813
4.202e-005,0.0388623
4.2024e-005,0.0384307
4.2028e-005,0.0364167
4.2032e-005,0.0353254
4.2036e-005,0.0345267
4.204e-005,0.0330534
4.2044e-005,0.0320216
4.2048e-005,0.0325673
4.2052e-005,0.0273834
4.2056e-005,0.0212373
4.206e-005,0.0202352
4.2064e-005,0.0192084
4.2068e-005,0.0184544
4.2072e-005,0.018757
4.2076e-005,0.0133747
4.208e-005,0.00404881
4.2084e-005,0.00090379
4.2088e-005,-0.000331398
4.2092e-005,-0.000256989
4.2096e-005,0.000462297
4.21e-005,-0.000792733
4.2104e-005,-0.000321477
4.2108e-005,-0.000237146
4.2112e-005,-0.0011995
4.2116e-005,0.00562132
4.212e-005,0.0166834
4.2124e-005,0.0199128
4.2128e-005,0.0231769
4.2132e-005,0.0259449
4.2136e-005,0.0286583
4.214e-005,0.0294669
4.2144e-005,0.0320067
4.2148e-005,0.0330484
4.2152e-005,0.0344076
4.2156e-005,0.0351567
4.216e-005,0.0361587
4.2164e-005,0.036759
4.2168e-005,0.0380934
4.2172e-005,0.0383364
4.2176e-005,0.0391549
4.218e-005,0.0399635
4.2184e-005,0.0400627
4.2188e-005,0.0412929
4.2192e-005,0.0419974
4.2196e-005,0.0410796
4.22e-005,0.0413574
4.2204e-005,0.0420519
4.2208e-005,0.041417
4.2212e-005,0.0419626
4.2216e-005,0.0423347
4.222e-005,0.0418634
4.2224e-005,0.042672
4.2228e-005,0.042667
4.2232e-005,0.0423843
4.2236e-005,0.042548
4.224e-005,0.0436591
4.2244e-005,0.042677
4.2248e-005,0.0428109
4.2252e-005,0.0432722
4.2256e-005,0.0421214
4.226e-005,0.0427464
4.2264e-005,0.0433417
4.2268e-005,0.0424537
4.2272e-005,0.0425083
4.2276e-005,0.0433367
4.228e-005,0.0425678
4.2284e-005,0.0426224
4.2288e-005,0.0436691
4.2292e-005,0.0426472
4.2296e-005,0.0431333
4.23e-005,0.0438179
4.2304e-005,0.0428903
4.2308e-005,0.042801
4.2312e-005,0.0435947
4.2316e-005,0.0424438
4.232e-005,0.0426918
4.2324e-005,0.0430242
4.2328e-005,0.042667
4.2332e-005,0.0432573
4.2336e-005,0.0432177
4.234e-005,0.0418188
4.2344e-005,0.0427712
4.2348e-005,0.0435302
4.2352e-005,0.0428655
4.2356e-005,0.0425926
4.236e-005,0.0438725
4.2364e-005,0.0429895
4.2368e-005,0.0432573
4.2372e-005,0.0434161
4.2376e-005,0.042419
4.238e-005,0.0431036
4.2384e-005,0.0431532
4.2388e-005,0.0428754
4.2392e-005,0.0431184
4.2396e-005,0.042667
4.24e-005,0.0427315
4.2404e-005,0.0420519
4.2408e-005,0.0430788
4.2412e-005,0.0418585
4.2416e-005,0.043044
4.242e-005,0.0428456
4.2424e-005,0.0426025
4.2428e-005,0.0421362
4.2432e-005,0.0426373
4.2436e-005,0.0423793
4.244e-005,0.0429795
4.2444e-005,0.0434012
4.2448e-005,0.0422007
4.2452e-005,0.0428456
4.2456e-005,0.042667
4.246e-005,0.0416997
4.2464e-005,0.0425926
4.2468e-005,0.043173
4.2472e-005,0.0423049
4.2476e-005,0.0427514
4.248e-005,0.0434359
4.2484e-005,0.0418485
4.2488e-005,0.0424636
4.2492e-005,0.0430391
4.2496e-005,0.0424091
4.25e-005,0.0427166
4.2504e-005,0.0427762
4.2508e-005,0.042037
4.2512e-005,0.0423247
4.2516e-005,0.0427861
4.252e-005,0.0423247
4.2524e-005,0.0423297
4.2528e-005,0.0428754
4.2532e-005,0.042414
4.2536e-005,0.0423496
4.254e-005,0.0431284
4.2544e-005,0.0423744
4.2548e-005,0.0435649
4.2552e-005,0.0427861
4.2556e-005,0.042925
4.256e-005,0.0425877
4.2564e-005,0.0422107
4.2568e-005,0.0425033
4.2572e-005,0.0431978
4.2576e-005,0.0432325
4.258e-005,0.0426373
4.2584e-005,0.0426174
4.2588e-005,0.0433665
4.2592e-005,0.0429895
4.2596e-005,0.0431383
4.26e-005,0.0431681
4.2604e-005,0.042424
4.2608e-005,0.042796
4.2612e-005,0.0425926
4.2616e-005,0.0422156
4.262e-005,0.0428258
4.2624e-005,0.0432177
4.2628e-005,0.0418981
4.2632e-005,0.0432077
4.2636e-005,0.0433714
4.264e-005,0.0419031
4.2644e-005,0.0429299
4.2648e-005,0.0432524
4.2652e-005,0.0428158
4.2656e-005,0.0434657
4.266e-005,0.0437038
4.2664e-005,0.0424091
4.2668e-005,0.0435897
4.2672e-005,0.0438725
4.2676e-005,0.0428059
4.268e-005,0.0430242
4.2684e-005,0.0434954
4.2688e-005,0.0433218
4.2692e-005,0.0430688
4.2696e-005,0.0426918
4.27e-005,0.0430887
4.2704e-005,0.0428903
4.2708e-005,0.0431333
4.2712e-005,0.0420916
4.2716e-005,0.0433665
4.272e-005,0.0428555
4.2724e-005,0.0424041
4.2728e-005,0.0430093
4.2732e-005,0.0439072
4.2736e-005,0.0428605
4.274e-005,0.0435947
4.2744e-005,0.0433318
4.2748e-005,0.0426224
4.2752e-005,0.0427811
4.2756e-005,0.0432375
4.276e-005,0.0424587
4.2764e-005,0.0429399
4.2768e-005,0.0430044
4.2772e-005,0.0421958
4.2776e-005,0.0430986
4.278e-005,0.0443636
4.2784e-005,0.0429944
4.2788e-005,0.042419
4.2792e-005,0.0417146
4.2796e-005,0.0395567
4.28e-005,0.0371012
4.2804e-005,0.035623
4.2808e-005,0.0344721
4.2812e-005,0.0332717
4.2816e-005,0.0336636
4.282e-005,0.028063
4.2824e-005,0.0217085
4.2828e-005,0.0205477
4.2832e-005,0.0188363
4.2836e-005,0.0189852
4.284e-005,0.019
4.2844e-005,0.013717
4.2848e-005,0.00374621
4.2852e-005,0.00141473
4.2856e-005,-0.000311555
4.286e-005,-0.000252028
4.2864e-005,0.000467258
4.2868e-005,-0.000648876
4.2872e-005,-0.00051494
4.2876e-005,-0.000445491
4.288e-005,-0.000961393
4.2884e-005,0.00564116
4.2888e-005,0.0156516
4.2892e-005,0.0200021
4.2896e-005,0.0232612
4.29e-005,0.0277456
4.2904e-005,0.029452
4.2908e-005,0.0314412
4.2912e-005,0.0336735
4.2916e-005,0.034616
4.292e-005,0.0361736
4.2924e-005,0.038019
4.2928e-005,0.0390012
4.2932e-005,0.0400379
4.2936e-005,0.0415856
4.294e-005,0.041154
4.2944e-005,0.0417295
4.2948e-005,0.043426
4.2952e-005,0.0430093
4.2956e-005,0.0437187
4.296e-005,0.0444082
4.2964e-005,0.0439617
4.2968e-005,0.0451275
4.2972e-005,0.0452118
4.2976e-005,0.0446662
4.298e-005,0.0453259
4.2984e-005,0.0465561
4.2988e-005,0.045063
4.2992e-005,0.0467198
4.2996e-005,0.0464668
4.3e-005,0.0452763
4.3004e-005,0.0464073
4.3008e-005,0.0470869
4.3012e-005,0.0462883
4.3016e-005,0.0470076
4.302e-005,0.0468439
4.3024e-005,0.0471762
4.3028e-005,0.0469728
4.3032e-005,0.0470125
4.3036e-005,0.0465462
4.304e-005,0.0469381
4.3044e-005,0.0477368
4.3048e-005,0.0462585
4.3052e-005,0.047077
4.3056e-005,0.0469183
4.306e-005,0.0462783
4.3064e-005,0.0475433
4.3068e-005,0.047449
4.3072e-005,0.0468637
4.3076e-005,0.0471464
4.308e-005,0.0470621
4.3084e-005,0.0462684
4.3088e-005,0.0474639
4.3092e-005,0.0471713
4.3096e-005,0.0464619
4.31e-005,0.0473349
4.3104e-005,0.0474441
4.3108e-005,0.0467546
4.3112e-005,0.0467496
4.3116e-005,0.047206
4.312e-005,0.0463379
4.3124e-005,0.0463924
4.3128e-005,0.0469183
4.3132e-005,0.0467347
4.3136e-005,0.047072
4.314e-005,0.0472258
4.3144e-005,0.0468042
4.3148e-005,0.0467546
4.3152e-005,0.0470076
4.3156e-005,0.0466802
4.316e-005,0.0471316
4.3164e-005,0.0471514
4.3168e-005,0.047077
4.3172e-005,0.047206
4.3176e-005,0.0472407
4.318e-005,0.0466454
4.3184e-005,0.046705
4.3188e-005,0.0471316
4.3192e-005,0.0465115
4.3196e-005,0.0474788
4.32e-005,0.0469827
4.3204e-005,0.0467198
4.3208e-005,0.0468984
4.3212e-005,0.0468885
4.3216e-005,0.0468587
4.322e-005,0.0465512
4.3224e-005,0.0465115
4.3228e-005,0.0462535
4.3232e-005,0.0464321
4.3236e-005,0.046953
4.324e-005,0.046452
4.3244e-005,0.0466851
4.3248e-005,0.0470224
4.3252e-005,0.0463726
4.3256e-005,0.0469083
4.326e-005,0.0471216
4.3264e-005,0.0465264
4.3268e-005,0.0470076
4.3272e-005,0.0471514
4.3276e-005,0.0465065
4.328e-005,0.0468488
4.3284e-005,0.0477467
4.3288e-005,0.0466057
4.3292e-005,0.0472754
4.3296e-005,0.0472605
4.33e-005,0.0467496
4.3304e-005,0.0476475
4.3308e-005,0.0477665
4.3312e-005,0.0471018
4.3316e-005,0.0470869
4.332e-005,0.047077
4.3324e-005,0.0471216
4.3328e-005,0.0471713
4.3332e-005,0.0473548
4.3336e-005,0.0467149
4.334e-005,0.0470274
4.3344e-005,0.047707
4.3348e-005,0.0470274
4.3352e-005,0.0470522
4.3356e-005,0.047201
4.336e-005,0.0472209
4.3364e-005,0.0465264
4.3368e-005,0.04796
4.3372e-005,0.0469282
4.3376e-005,0.0475284
4.338e-005,0.0477566
4.3384e-005,0.0472903
4.3388e-005,0.0465611
4.3392e-005,0.0472804
4.3396e-005,0.0465809
4.34e-005,0.0464867
4.3404e-005,0.0473151
4.3408e-005,0.0469282
4.3412e-005,0.0468091
4.3416e-005,0.0467149
4.342e-005,0.0468141
4.3424e-005,0.046571
4.3428e-005,0.0475036
4.3432e-005,0.0465313
4.3436e-005,0.0470869
4.344e-005,0.0477764
4.3444e-005,0.0467
4.3448e-005,0.0469927
4.3452e-005,0.0468091
4.3456e-005,0.0465016
4.346e-005,0.0469827
4.3464e-005,0.047206
4.3468e-005,0.0469331
4.3472e-005,0.0470869
4.3476e-005,0.046829
4.348e-005,0.0475383
4.3484e-005,0.0469133
4.3488e-005,0.0466653
4.3492e-005,0.0466107
4.3496e-005,0.0476921
4.35e-005,0.0481088
4.3504e-005,0.0465512
4.3508e-005,0.0473498
4.3512e-005,0.0468587
4.3516e-005,0.0469778
4.352e-005,0.0470919
4.3524e-005,0.0474838
4.3528e-005,0.0464817
4.3532e-005,0.0466405
4.3536e-005,0.0473697
4.354e-005,0.0473945
4.3544e-005,0.0467645
4.3548e-005,0.0475532
4.3552e-005,0.0473598
4.3556e-005,0.0467198
4.356e-005,0.0468637
4.3564e-005,0.0425381
4.3568e-005,0.0388325
4.3572e-005,0.0376221
4.3576e-005,0.0352857
4.358e-005,0.0355188
4.3584e-005,0.0345267
4.3588e-005,0.0285045
4.3592e-005,0.0224873
4.3596e-005,0.0197441
4.36e-005,0.0191141
4.3604e-005,0.0185139
4.3608e-005,0.0190596
4.3612e-005,0.0134045
4.3616e-005,0.00359739
4.362e-005,0.00142465
4.3624e-005,-0.000733206
4.3628e-005,-0.000276831
4.3632e-005,-3.99852e-006
4.3636e-005,-0.000658797
4.364e-005,-0.000450452
4.3644e-005,0.000159701
4.3648e-005,-0.00112013
4.3652e-005,0.00532864
4.3656e-005,0.0161824
4.366e-005,0.0190496
4.3664e-005,0.0211976
4.3668e-005,0.0240152
4.3672e-005,0.0252305
4.3676e-005,0.0262871
4.368e-005,0.0279986
4.3684e-005,0.0295711
4.3688e-005,0.0295363
4.3692e-005,0.0303449
4.3696e-005,0.0314313
4.37e-005,0.0315503
4.3704e-005,0.0321952
4.3708e-005,0.0322498
4.3712e-005,0.0334453
4.3716e-005,0.0335445
4.372e-005,0.0336983
4.3724e-005,0.034358
4.3728e-005,0.0344821
4.3732e-005,0.0347152
4.3736e-005,0.0345019
4.374e-005,0.0355287
4.3744e-005,0.0338471
4.3748e-005,0.0350426
4.3752e-005,0.0342489
4.3756e-005,0.0339612
4.376e-005,0.0341596
4.3764e-005,0.0345019
4.3768e-005,0.0342935
4.3772e-005,0.0340058
4.3776e-005,0.0349186
4.378e-005,0.0350426
4.3784e-005,0.0338074
4.3788e-005,0.0347202
4.3792e-005,0.0342191
4.3796e-005,0.0344076
4.38e-005,0.0348938
4.3804e-005,0.0345465
4.3808e-005,0.0352212
4.3812e-005,0.0348442
4.3816e-005,0.0339513
4.382e-005,0.0344523
4.3824e-005,0.0341001
4.3828e-005,0.0334751
4.3832e-005,0.0343184
4.3836e-005,0.0342985
4.384e-005,0.0334254
4.3844e-005,0.0347846
4.3848e-005,0.0341894
4.3852e-005,0.0343878
4.3856e-005,0.0340753
4.386e-005,0.034492
4.3864e-005,0.0343729
4.3868e-005,0.0343928
4.3872e-005,0.0344821
4.3876e-005,0.0336834
4.388e-005,0.034616
4.3884e-005,0.0338273
4.3888e-005,0.0341547
4.3892e-005,0.0334999
4.3896e-005,0.0342687
4.39e-005,0.0336387
4.3904e-005,0.0331675
4.3908e-005,0.0340356
4.3912e-005,0.0342588
4.3916e-005,0.0343084
4.392e-005,0.0345217
4.3924e-005,0.0331675
4.3928e-005,0.033356
4.3932e-005,0.0339562
4.3936e-005,0.0334304
4.394e-005,0.0334453
4.3944e-005,0.0340604
4.3948e-005,0.0338273
4.3952e-005,0.0337528
4.3956e-005,0.03411
4.396e-005,0.0338322
4.3964e-005,0.0333262
4.3968e-005,0.033351
4.3972e-005,0.0335743
4.3976e-005,0.0329641
4.398e-005,0.0338521
4.3984e-005,0.0331675
4.3988e-005,0.0334751
4.3992e-005,0.034115
4.3996e-005,0.0324383
4.4e-005,0.0337876
4.4004e-005,0.0331774
4.4008e-005,0.0331873
4.4012e-005,0.0331725
4.4016e-005,0.0336586
4.402e-005,0.0336685
4.4024e-005,0.0338769
4.4028e-005,0.0336387
4.4032e-005,0.0336239
4.4036e-005,0.0332221
4.404e-005,0.0340554
4.4044e-005,0.0335147
4.4048e-005,0.0338719
4.4052e-005,0.0335296
4.4056e-005,0.0331625
4.406e-005,0.0337082
4.4064e-005,0.0343332
4.4068e-005,0.0332965
4.4072e-005,0.0331328
4.4076e-005,0.0337032
4.408e-005,0.0331526
4.4084e-005,0.0329343
4.4088e-005,0.0338769
4.4092e-005,0.0331129
4.4096e-005,0.0331427
4.41e-005,0.0335693
4.4104e-005,0.0335247
4.4108e-005,0.0332816
4.4112e-005,0.0343382
4.4116e-005,0.0338917
4.412e-005,0.0335346
4.4124e-005,0.0338124
4.4128e-005,0.0328699
4.4132e-005,0.0326913
4.4136e-005,0.0332816
4.414e-005,0.032979
4.4144e-005,0.0329988
4.4148e-005,0.033728
4.4152e-005,0.0336139
4.4156e-005,0.0326466
4.416e-005,0.0335098
4.4164e-005,0.0332072
4.4168e-005,0.033862
4.4172e-005,0.0329492
4.4176e-005,0.0334949
4.418e-005,0.0331228
4.4184e-005,0.0332915
4.4188e-005,0.0330088
4.4192e-005,0.0337925
4.4196e-005,0.0342092
4.42e-005,0.0335495
4.4204e-005,0.0336933
4.4208e-005,0.0334701
4.4212e-005,0.0332717
4.4216e-005,0.0334304
4.422e-005,0.0335743
4.4224e-005,0.0337032
4.4228e-005,0.033351
4.4232e-005,0.0340902
4.4236e-005,0.0335544
4.424e-005,0.0335991
4.4244e-005,0.0339463
4.4248e-005,0.0340554
4.4252e-005,0.0336983
4.4256e-005,0.0337776
4.426e-005,0.0339364
4.4264e-005,0.0338868
4.4268e-005,0.0336636
4.4272e-005,0.0334354
4.4276e-005,0.0332965
4.428e-005,0.0341745
4.4284e-005,0.0335197
4.4288e-005,0.0336338
4.4292e-005,0.034487
4.4296e-005,0.0333907
4.43e-005,0.0338273
4.4304e-005,0.033728
4.4308e-005,0.0340505
4.4312e-005,0.0332766
4.4316e-005,0.0338223
4.432e-005,0.0343382
4.4324e-005,0.0338273
4.4328e-005,0.0339661
4.4332e-005,0.0326169
4.4336e-005,0.0318033
4.434e-005,0.030464
4.4344e-005,0.0306922
4.4348e-005,0.0306773
4.4352e-005,0.0306177
4.4356e-005,0.026555
4.436e-005,0.0207859
4.4364e-005,0.0201608
4.4368e-005,0.019129
4.4372e-005,0.0187074
4.4376e-005,0.0187024
4.438e-005,0.013087
4.4384e-005,0.00254575
4.4388e-005,0.00129072
4.4392e-005,-0.000901866
4.4396e-005,-0.000445491
4.44e-005,0.000412691
4.4404e-005,-0.000490137
4.4408e-005,-0.000326437
4.4412e-005,-0.0005199
4.4416e-005,-0.00148722
4.442e-005,0.00542785
4.4424e-005,0.0164602
4.4428e-005,0.019377
4.4432e-005,0.0215547
4.4436e-005,0.0248486
4.444e-005,0.0263665
4.4444e-005,0.0276612
4.4448e-005,0.0298687
4.4452e-005,0.0308707
4.4456e-005,0.0311585
4.446e-005,0.0326962
4.4464e-005,0.0335842
4.4468e-005,0.0346061
4.4472e-005,0.0352013
4.4476e-005,0.0352906
4.448e-005,0.0366449
4.4484e-005,0.0366399
4.4488e-005,0.0372798
4.4492e-005,0.0370764
4.4496e-005,0.0377858
4.45e-005,0.0370318
4.4504e-005,0.0378801
4.4508e-005,0.0386589
4.4512e-005,0.0376767
4.4516e-005,0.0390012
4.452e-005,0.0389416
4.4524e-005,0.0382075
4.4528e-005,0.0380239
4.4532e-005,0.0392194
4.4536e-005,0.0378751
4.454e-005,0.038768
4.4544e-005,0.0385745
4.4548e-005,0.0388474
4.4552e-005,0.0386291
4.4556e-005,0.0391649
4.456e-005,0.0383067
4.4564e-005,0.0390805
4.4568e-005,0.0392393
4.4572e-005,0.0391996
4.4576e-005,0.0389515
4.458e-005,0.040028
4.4584e-005,0.0384456
4.4588e-005,0.0390805
4.4592e-005,0.0397651
4.4596e-005,0.0385993
4.46e-005,0.0388077
4.4604e-005,0.0393583
4.4608e-005,0.0383364
4.4612e-005,0.0388871
4.4616e-005,0.0392938
4.462e-005,0.0390309
4.4624e-005,0.0389466
4.4628e-005,0.0385944
4.4632e-005,0.0382372
4.4636e-005,0.0382769
4.464e-005,0.0392293
4.4644e-005,0.0380884
4.4648e-005,0.0375328
4.4652e-005,0.0389416
4.4656e-005,0.0386886
4.466e-005,0.0385646
4.4664e-005,0.0382571
4.4668e-005,0.0381579
4.4672e-005,0.0380537
4.4676e-005,0.0387829
4.468e-005,0.0380586
4.4684e-005,0.0384009
4.4688e-005,0.0388226
4.4692e-005,0.038386
4.4696e-005,0.0386241
4.47e-005,0.0393583
4.4704e-005,0.0384604
4.4708e-005,0.0389714
4.4712e-005,0.0391599
4.4716e-005,0.0381529
4.472e-005,0.0391053
4.4724e-005,0.039021
4.4728e-005,0.0382967
4.4732e-005,0.0386341
4.4736e-005,0.039269
4.474e-005,0.0389515
4.4744e-005,0.0393335
4.4748e-005,0.0392244
4.4752e-005,0.0385001
4.4756e-005,0.0379594
4.476e-005,0.0386936
4.4764e-005,0.0381479
4.4768e-005,0.0385745
4.4772e-005,0.0386589
4.4776e-005,0.0379049
4.478e-005,0.0387035
4.4784e-005,0.0386489
4.4788e-005,0.03852
4.4792e-005,0.0388573
4.4796e-005,0.0384853
4.48e-005,0.0389416
4.4804e-005,0.038897
4.4808e-005,0.0387432
4.4812e-005,0.0379793
4.4816e-005,0.0388623
4.482e-005,0.03914
4.4824e-005,0.0389416
4.4828e-005,0.0383563
4.4832e-005,0.038763
4.4836e-005,0.0382719
4.484e-005,0.0379495
4.4844e-005,0.0383017
4.4848e-005,0.0382025
4.4852e-005,0.0388176
4.4856e-005,0.0392839
4.486e-005,0.0380834
4.4864e-005,0.0384108
4.4868e-005,0.039145
4.4872e-005,0.0383761
4.4876e-005,0.0390904
4.488e-005,0.0388226
4.4884e-005,0.0383612
4.4888e-005,0.0382719
4.4892e-005,0.0389416
4.4896e-005,0.038396
4.49e-005,0.0389119
4.4904e-005,0.0391996
4.4908e-005,0.0384704
4.4912e-005,0.0384604
4.4916e-005,0.0390557
4.492e-005,0.0375427
4.4924e-005,0.0386291
4.4928e-005,0.0392789
4.4932e-005,0.0386738
4.4936e-005,0.0390359
4.494e-005,0.0386837
4.4944e-005,0.0384356
4.4948e-005,0.038763
4.4952e-005,0.0392194
4.4956e-005,0.0380934
4.496e-005,0.038396
4.4964e-005,0.0386589
4.4968e-005,0.0380983
4.4972e-005,0.0390111
4.4976e-005,0.0392889
4.498e-005,0.0386241
4.4984e-005,0.038644
4.4988e-005,0.0387085
4.4992e-005,0.0382174
4.4996e-005,0.0385894
4.5e-005,0.0390061
4.5004e-005,0.0384009
4.5008e-005,0.0383067
4.5012e-005,0.0392145
4.5016e-005,0.038143
4.502e-005,0.0384853
4.5024e-005,0.038639
4.5028e-005,0.0388126
4.5032e-005,0.0385001
4.5036e-005,0.0389912
4.504e-005,0.0388375
4.5044e-005,0.038386
4.5048e-005,0.0393831
4.5052e-005,0.0380636
4.5056e-005,0.0387531
4.506e-005,0.0388722
4.5064e-005,0.0386043
4.5068e-005,0.0388275
4.5072e-005,0.038773
4.5076e-005,0.0389069
4.508e-005,0.0388722
4.5084e-005,0.0393881
4.5088e-005,0.038763
4.5092e-005,0.0382719
4.5096e-005,0.038386
4.51e-005,0.0358859
4.5104e-005,0.0341596
4.5108e-005,0.0342489
4.5112e-005,0.0335544
4.5116e-005,0.0326566
4.512e-005,0.0322002
4.5124e-005,0.0264062
4.5128e-005,0.0214258
4.5132e-005,0.0199822
4.5136e-005,0.0194713
4.514e-005,0.0187222
4.5144e-005,0.0182559
4.5148e-005,0.012338
4.5152e-005,0.0029674
4.5156e-005,0.00213898
4.516e-005,-0.00112509
4.5164e-005,-0.000425649
4.5168e-005,-0.000286752
4.5172e-005,-0.000247068
4.5176e-005,-0.000222265
4.518e-005,0.00048214
4.5184e-005,-0.00106061
4.5188e-005,0.00470361
4.5192e-005,0.0163263
4.5196e-005,0.0193026
4.52e-005,0.0221897
4.5204e-005,0.0267584
4.5208e-005,0.0276761
4.5212e-005,0.0294619
4.5216e-005,0.032091
4.522e-005,0.0328302
4.5224e-005,0.0340058
4.5228e-005,0.0358809
4.5232e-005,0.0362927
4.5236e-005,0.0370715
4.524e-005,0.0382769
4.5244e-005,0.0383811
4.5248e-005,0.0389664
4.5252e-005,0.0397998
4.5256e-005,0.0399635
4.526e-005,0.0400379
4.5264e-005,0.0408018
4.5268e-005,0.040787
4.5272e-005,0.0408663
4.5276e-005,0.0414021
4.528e-005,0.0406381
4.5284e-005,0.0412731
4.5288e-005,0.0421611
4.5292e-005,0.0414021
4.5296e-005,0.0414467
4.53e-005,0.0418783
4.5304e-005,0.041665
4.5308e-005,0.0422206
4.5312e-005,0.0427117
4.5316e-005,0.0416154
4.532e-005,0.042171
4.5324e-005,0.0422603
4.5328e-005,0.0416898
4.5332e-005,0.0423347
4.5336e-005,0.04229
4.534e-005,0.0423843
4.5344e-005,0.0417989
4.5348e-005,0.0428407
4.5352e-005,0.0419874
4.5356e-005,0.042295
4.536e-005,0.0427563
4.5364e-005,0.0417989
4.5368e-005,0.0421561
4.5372e-005,0.042796
4.5376e-005,0.042166
4.538e-005,0.0421362
4.5384e-005,0.0426025
4.5388e-005,0.0425381
4.5392e-005,0.042672
4.5396e-005,0.0427613
4.54e-005,0.0412086
4.5404e-005,0.0422652
4.5408e-005,0.042414
4.5412e-005,0.041784
4.5416e-005,0.041784
4.542e-005,0.0423744
4.5424e-005,0.0418485
4.5428e-005,0.0420122
4.5432e-005,0.0421511
4.5436e-005,0.0422454
4.544e-005,0.04166
4.5444e-005,0.0425678
4.5448e-005,0.0422702
4.5452e-005,0.0423396
4.5456e-005,0.0427514
4.546e-005,0.0418188
4.5464e-005,0.0420321
4.5468e-005,0.0426125
4.5472e-005,0.0419279
4.5476e-005,0.0415608
4.548e-005,0.0424388
4.5484e-005,0.0422206
4.5488e-005,0.0429746
4.5492e-005,0.042667
4.5496e-005,0.0417096
4.55e-005,0.0425083
4.5504e-005,0.0428506
4.5508e-005,0.0418436
4.5512e-005,0.0423297
4.5516e-005,0.0423992
4.552e-005,0.0419428
4.5524e-005,0.0423942
4.5528e-005,0.042414
4.5532e-005,0.0415906
4.5536e-005,0.0421164
4.554e-005,0.042414
4.5544e-005,0.0418535
4.5548e-005,0.0422801
4.5552e-005,0.0423595
4.5556e-005,0.0417344
4.556e-005,0.041789
4.5564e-005,0.0424984
4.5568e-005,0.0419775
4.5572e-005,0.0415906
4.5576e-005,0.0427811
4.558e-005,0.0418981
4.5584e-005,0.0422057
4.5588e-005,0.0421611
4.5592e-005,0.0418684
4.5596e-005,0.0418882
4.56e-005,0.0423496
4.5604e-005,0.0421561
4.5608e-005,0.0421462
4.5612e-005,0.0428754
4.5616e-005,0.0423297
4.562e-005,0.0414021
4.5624e-005,0.0427166
4.5628e-005,0.0419378
4.5632e-005,0.042037
4.5636e-005,0.0428307
4.564e-005,0.0419428
4.5644e-005,0.0426472
4.5648e-005,0.04292
4.5652e-005,0.0417692
4.5656e-005,0.0418287
4.566e-005,0.0423446
4.5664e-005,0.04229
4.5668e-005,0.042414
4.5672e-005,0.043044
4.5676e-005,0.0418783
4.568e-005,0.0412037
4.5684e-005,0.042672
4.5688e-005,0.0419825
4.5692e-005,0.0417444
4.5696e-005,0.0427762
4.57e-005,0.0415658
4.5704e-005,0.043044
4.5708e-005,0.0427811
4.5712e-005,0.0418436
4.5716e-005,0.0422999
4.572e-005,0.0423644
4.5724e-005,0.0421859
4.5728e-005,0.0421958
4.5732e-005,0.0429994
4.5736e-005,0.0418535
4.574e-005,0.04229
4.5744e-005,0.0427464
4.5748e-005,0.042037
4.5752e-005,0.0415707
4.5756e-005,0.043044
4.576e-005,0.0412582
4.5764e-005,0.0424091
4.5768e-005,0.0431085
4.5772e-005,0.0422107
4.5776e-005,0.0424686
4.578e-005,0.042543
4.5784e-005,0.0423247
4.5788e-005,0.0422007
4.5792e-005,0.0425629
4.5796e-005,0.0415311
4.58e-005,0.042419
4.5804e-005,0.0428407
4.5808e-005,0.0424785
4.5812e-005,0.0425976
4.5816e-005,0.0430589
4.582e-005,0.0416898
4.5824e-005,0.0420122
4.5828e-005,0.0422751
4.5832e-005,0.0417245
4.5836e-005,0.042424
4.584e-005,0.0423744
4.5844e-005,0.0416898
4.5848e-005,0.0419329
4.5852e-005,0.0422454
4.5856e-005,0.0421908
4.586e-005,0.0422999
4.5864e-005,0.0421114
4.5868e-005,0.0388672
4.5872e-005,0.0366101
4.5876e-005,0.0356726
4.588e-005,0.034492
4.5884e-005,0.0348392
4.5888e-005,0.0335643
4.5892e-005,0.0283359
4.5896e-005,0.0219317
4.59e-005,0.0200021
4.5904e-005,0.0187074
4.5908e-005,0.0178988
4.5912e-005,0.0185536
4.5916e-005,0.0124818
4.592e-005,0.0031311
4.5924e-005,0.00100796
4.5928e-005,-0.000777851
4.5932e-005,0.000115056
4.5936e-005,0.000209307
4.594e-005,-0.000405807
4.5944e-005,-0.000589349
4.5948e-005,0.000129938
4.5952e-005,-0.00127887
4.5956e-005,0.0053584
4.596e-005,0.0161576
4.5964e-005,0.0203741
4.5968e-005,0.0237771
4.5972e-005,0.0275075
4.5976e-005,0.0302011
4.598e-005,0.0316247
4.5984e-005,0.033733
4.5988e-005,0.0354246
4.5992e-005,0.0362282
4.5996e-005,0.0379991
4.6e-005,0.0394327
4.6004e-005,0.0396857
4.6008e-005,0.0409903
4.6012e-005,0.041407
4.6016e-005,0.0423892
4.602e-005,0.0432474
4.6024e-005,0.0427018
4.6028e-005,0.0435153
4.6032e-005,0.0443884
4.6036e-005,0.0442296
4.604e-005,0.0445372
4.6044e-005,0.0454747
4.6048e-005,0.0444975
4.6052e-005,0.0454896
4.6056e-005,0.0455591
4.606e-005,0.0453458
4.6064e-005,0.0461891
4.6068e-005,0.046571
4.6072e-005,0.0456434
4.6076e-005,0.0460154
4.608e-005,0.0464123
4.6084e-005,0.0460154
4.6088e-005,0.046194
4.6092e-005,0.0468587
4.6096e-005,0.0461791
4.61e-005,0.0470572
4.6104e-005,0.0469282
4.6108e-005,0.0461246
4.6112e-005,0.0463577
4.6116e-005,0.0467546
4.612e-005,0.0459658
4.6124e-005,0.046829
4.6128e-005,0.0469133
4.6132e-005,0.0459906
4.6136e-005,0.0471812
4.614e-005,0.0474044
4.6144e-005,0.045941
4.6148e-005,0.0465512
4.6152e-005,0.046829
4.6156e-005,0.0463577
4.616e-005,0.0467149
4.6164e-005,0.047072
4.6168e-005,0.0460551
4.6172e-005,0.0471018
4.6176e-005,0.0463974
4.618e-005,0.0460402
4.6184e-005,0.0470522
4.6188e-005,0.0468935
4.6192e-005,0.0463478
4.6196e-005,0.0471564
4.62e-005,0.0471861
4.6204e-005,0.046447
4.6208e-005,0.0463875
4.6212e-005,0.0472953
4.6216e-005,0.0457029
4.622e-005,0.0464073
4.6224e-005,0.0466603
4.6228e-005,0.0466802
4.6232e-005,0.0474788
4.6236e-005,0.0473945
4.624e-005,0.0462982
4.6244e-005,0.0464073
4.6248e-005,0.0474788
4.6252e-005,0.0460898
4.6256e-005,0.0465363
4.626e-005,0.0472903
4.6264e-005,0.0461146
4.6268e-005,0.047325
4.6272e-005,0.046705
4.6276e-005,0.0462139
4.628e-005,0.0467149
4.6284e-005,0.0467694
4.6288e-005,0.0465611
4.6292e-005,0.0465462
4.6296e-005,0.0470026
4.63e-005,0.04607
4.6304e-005,0.0467546
4.6308e-005,0.0474044
4.6312e-005,0.0467794
4.6316e-005,0.0476127
4.632e-005,0.0479848
4.6324e-005,0.0471216
4.6328e-005,0.0469133
4.6332e-005,0.0475483
4.6336e-005,0.0471961
4.634e-005,0.0472953
4.6344e-005,0.0472357
4.6348e-005,0.0473746
4.6352e-005,0.0464569
4.6356e-005,0.0470522
4.636e-005,0.0468587
4.6364e-005,0.0476177
4.6368e-005,0.047836
4.6372e-005,0.0471365
4.6376e-005,0.0469827
4.638e-005,0.0476574
4.6384e-005,0.0466653
4.6388e-005,0.0471514
4.6392e-005,0.0473697
4.6396e-005,0.0472159
4.64e-005,0.0466454
4.6404e-005,0.0471266
4.6408e-005,0.0469728
4.6412e-005,0.0473598
4.6416e-005,0.047702
4.642e-005,0.0467099
4.6424e-005,0.0472457
4.6428e-005,0.0472556
4.6432e-005,0.0466553
4.6436e-005,0.0468984
4.644e-005,0.0472109
4.6444e-005,0.0467843
4.6448e-005,0.0471464
4.6452e-005,0.0472209
4.6456e-005,0.0462139
4.646e-005,0.0473746
4.6464e-005,0.0476326
4.6468e-005,0.0471167
4.6472e-005,0.0476425
4.6476e-005,0.0474986
4.648e-005,0.0471961
4.6484e-005,0.0469679
4.6488e-005,0.0476127
4.6492e-005,0.0466008
4.6496e-005,0.0470274
4.65e-005,0.0476574
4.6504e-005,0.0466008
4.6508e-005,0.0468339
4.6512e-005,0.0473796
4.6516e-005,0.0462684
4.652e-005,0.0467744
4.6524e-005,0.0465264
4.6528e-005,0.0464371
4.6532e-005,0.0472754
4.6536e-005,0.0478856
4.654e-005,0.0469679
4.6544e-005,0.0464916
4.6548e-005,0.0468488
4.6552e-005,0.0469232
4.6556e-005,0.0466405
4.656e-005,0.0473697
4.6564e-005,0.046452
4.6568e-005,0.0467347
4.6572e-005,0.0468687
4.6576e-005,0.0466157
4.658e-005,0.0465859
4.6584e-005,0.0470671
4.6588e-005,0.0467
4.6592e-005,0.0468339
4.6596e-005,0.0474639
4.66e-005,0.0470224
4.6604e-005,0.047201
4.6608e-005,0.0472357
4.6612e-005,0.047449
4.6616e-005,0.0470274
4.662e-005,0.0475334
4.6624e-005,0.0476375
4.6628e-005,0.0463924
4.6632e-005,0.0459559
4.6636e-005,0.0423545
4.664e-005,0.0388523
4.6644e-005,0.03663
4.6648e-005,0.0357321
4.6652e-005,0.0350525
4.6656e-005,0.0345317
4.666e-005,0.0285442
4.6664e-005,0.0213563
4.6668e-005,0.0202997
4.6672e-005,0.0193522
4.6676e-005,0.0180774
4.668e-005,0.0190447
4.6684e-005,0.01334
4.6688e-005,0.00380574
4.6692e-005,0.00140977
4.6696e-005,-0.000733206
4.67e-005,-0.000440531
4.6704e-005,0.000586312
4.6708e-005,-0.000415728
4.6712e-005,-0.000381004
4.6716e-005,0.000204346
4.672e-005,-0.000961393
4.6724e-005,0.00489707
4.6728e-005,0.0151357
4.6732e-005,0.0189455
4.6736e-005,0.0209992
4.674e-005,0.023792
4.6744e-005,0.0253397
4.6748e-005,0.0263616
4.6752e-005,0.0275223
4.6756e-005,0.0286534
4.676e-005,0.0295463
4.6764e-005,0.0308112
4.6768e-005,0.0306624
4.6772e-005,0.031848
4.6776e-005,0.0318579
4.678e-005,0.0329591
4.6784e-005,0.0335098
4.6788e-005,0.0337181
4.6792e-005,0.033103
4.6796e-005,0.0341447
4.68e-005,0.0344027
4.6804e-005,0.0338471
4.6808e-005,0.0350872
4.6812e-005,0.0342687
4.6816e-005,0.0345267
4.682e-005,0.0351964
4.6824e-005,0.0348541
4.6828e-005,0.0345069
4.6832e-005,0.0345664
4.6836e-005,0.0346954
4.684e-005,0.0338124
4.6844e-005,0.034616
4.6848e-005,0.0350823
4.6852e-005,0.0350228
4.6856e-005,0.0345168
4.686e-005,0.0345813
4.6864e-005,0.034363
4.6868e-005,0.0344027
4.6872e-005,0.0341398
4.6876e-005,0.0339612
4.688e-005,0.0339165
4.6884e-005,0.0341844
4.6888e-005,0.0343233
4.6892e-005,0.034363
4.6896e-005,0.0346954
4.69e-005,0.0340009
4.6904e-005,0.0343084
4.6908e-005,0.0341497
4.6912e-005,0.0341646
4.6916e-005,0.0343233
4.692e-005,0.0343928
4.6924e-005,0.0338868
4.6928e-005,0.0332072
4.6932e-005,0.0340406
4.6936e-005,0.0335991
4.694e-005,0.0336636
4.6944e-005,0.0337231
4.6948e-005,0.0338521
4.6952e-005,0.0332865
4.6956e-005,0.0337132
4.696e-005,0.0344424
4.6964e-005,0.0332816
4.6968e-005,0.0338273
4.6972e-005,0.0339711
4.6976e-005,0.0341001
4.698e-005,0.03474
4.6984e-005,0.0337876
4.6988e-005,0.0338124
4.6992e-005,0.034363
4.6996e-005,0.0339314
4.7e-005,0.0338223
4.7004e-005,0.033981
4.7008e-005,0.0339364
4.7012e-005,0.0329889
4.7016e-005,0.0344275
4.702e-005,0.0335147
4.7024e-005,0.0335098
4.7028e-005,0.0344176
4.7032e-005,0.0345664
4.7036e-005,0.0332617
4.704e-005,0.0338024
4.7044e-005,0.0342291
4.7048e-005,0.0331526
4.7052e-005,0.0340703
4.7056e-005,0.0341497
4.706e-005,0.0336387
4.7064e-005,0.0341497
4.7068e-005,0.0336189
4.7072e-005,0.0336437
4.7076e-005,0.0341001
4.708e-005,0.0335941
4.7084e-005,0.0331526
4.7088e-005,0.0338669
4.7092e-005,0.0340852
4.7096e-005,0.0334304
4.71e-005,0.0337479
4.7104e-005,0.0338818
4.7108e-005,0.0339165
4.7112e-005,0.033991
4.7116e-005,0.0337628
4.712e-005,0.0344027
4.7124e-005,0.033728
4.7128e-005,0.0333312
4.7132e-005,0.0340108
4.7136e-005,0.0334056
4.714e-005,0.0335594
4.7144e-005,0.033733
4.7148e-005,0.0342985
4.7152e-005,0.0334155
4.7156e-005,0.0337429
4.716e-005,0.0339215
4.7164e-005,0.0340951
4.7168e-005,0.0332617
4.7172e-005,0.0338669
4.7176e-005,0.033609
4.718e-005,0.0335445
4.7184e-005,0.0334701
4.7188e-005,0.0336884
4.7192e-005,0.0339066
4.7196e-005,0.03411
4.72e-005,0.0333709
4.7204e-005,0.0335991
4.7208e-005,0.0341646
4.7212e-005,0.0330832
4.7216e-005,0.0332171
4.722e-005,0.0330484
4.7224e-005,0.03348
4.7228e-005,0.0330584
4.7232e-005,0.0335395
4.7236e-005,0.0335643
4.724e-005,0.0331675
4.7244e-005,0.0336536
4.7248e-005,0.033733
4.7252e-005,0.0340009
4.7256e-005,0.0342935
4.726e-005,0.033232
4.7264e-005,0.0330435
4.7268e-005,0.0335445
4.7272e-005,0.0336437
4.7276e-005,0.0342191
4.728e-005,0.0344572
4.7284e-005,0.0334949
4.7288e-005,0.0330683
4.7292e-005,0.0338719
4.7296e-005,0.0333858
4.73e-005,0.0338173
4.7304e-005,0.0343432
4.7308e-005,0.0334254
4.7312e-005,0.0338124
4.7316e-005,0.0342687
4.732e-005,0.0340902
4.7324e-005,0.0340902
4.7328e-005,0.0343134
4.7332e-005,0.0336735
4.7336e-005,0.0330832
4.734e-005,0.0341844
4.7344e-005,0.0334899
4.7348e-005,0.0341447
4.7352e-005,0.034864
4.7356e-005,0.0335693
4.736e-005,0.0335594
4.7364e-005,0.0343134
4.7368e-005,0.0336834
4.7372e-005,0.0335643
4.7376e-005,0.0334999
4.738e-005,0.0339761
4.7384e-005,0.0336636
4.7388e-005,0.0340505
4.7392e-005,0.0343828
4.7396e-005,0.0328996
4.74e-005,0.0332469
4.7404e-005,0.0321456
4.7408e-005,0.0311981
4.7412e-005,0.0312477
4.7416e-005,0.0306128
4.742e-005,0.0304441
4.7424e-005,0.0305086
4.7428e-005,0.0263864
4.7432e-005,0.0209892
4.7436e-005,0.0197144
4.744e-005,0.0191588
4.7444e-005,0.0189951
4.7448e-005,0.018127
4.7452e-005,0.012462
4.7456e-005,0.00339401
4.746e-005,0.000993081
4.7464e-005,-0.00043557
4.7468e-005,-0.000638955
4.7472e-005,0.000427573
4.7476e-005,-0.00059927
4.748e-005,-3.99852e-006
4.7484e-005,0.000298598
4.7488e-005,-0.00101596
4.7492e-005,0.00531376
4.7496e-005,0.0160534
4.75e-005,0.0194465
4.7504e-005,0.0220111
4.7508e-005,0.0253546
4.7512e-005,0.0266046
4.7516e-005,0.027939
4.752e-005,0.0300076
4.7524e-005,0.0307814
4.7528e-005,0.0320216
4.7532e-005,0.0327508
4.7536e-005,0.0338669
4.754e-005,0.0342787
4.7544e-005,0.0353204
4.7548e-005,0.0356627
4.7552e-005,0.0366598
4.7556e-005,0.0368086
4.756e-005,0.0374088
4.7564e-005,0.0377759
4.7568e-005,0.0376419
4.7572e-005,0.0378701
4.7576e-005,0.0378106
4.758e-005,0.0381827
4.7584e-005,0.0378602
4.7588e-005,0.0382819
4.7592e-005,0.0385001
4.7596e-005,0.0385051
4.76e-005,0.0382124
4.7604e-005,0.0384704
4.7608e-005,0.0383315
4.7612e-005,0.0376221
4.7616e-005,0.0388275
4.762e-005,0.0382967
4.7624e-005,0.0387531
4.7628e-005,0.0393286
4.7632e-005,0.0380487
4.7636e-005,0.0382719
4.764e-005,0.0392938
4.7644e-005,0.0377709
4.7648e-005,0.0385497
4.7652e-005,0.0387779
4.7656e-005,0.03852
4.766e-005,0.0390458
4.7664e-005,0.0387134
4.7668e-005,0.0376469
4.7672e-005,0.0384853
4.7676e-005,0.0380388
4.768e-005,0.0375626
4.7684e-005,0.0379991
4.7688e-005,0.0388176
4.7692e-005,0.0379346
4.7696e-005,0.0382819
4.77e-005,0.038138
4.7704e-005,0.038014
4.7708e-005,0.0386341
4.7712e-005,0.0391748
4.7716e-005,0.0382323
4.772e-005,0.0382075
4.7724e-005,0.0388771
4.7728e-005,0.0380041
4.7732e-005,0.0380834
4.7736e-005,0.0384704
4.774e-005,0.037885
4.7744e-005,0.0384604
4.7748e-005,0.0387432
4.7752e-005,0.0383414
4.7756e-005,0.0385299
4.776e-005,0.0386936
4.7764e-005,0.0377759
4.7768e-005,0.0383116
4.7772e-005,0.0380289
4.7776e-005,0.0384853
4.778e-005,0.0383216
4.7784e-005,0.0384356
4.7788e-005,0.0381132
4.7792e-005,0.0380586
4.7796e-005,0.0388573
4.78e-005,0.0378453
4.7804e-005,0.0383166
4.7808e-005,0.0379892
4.7812e-005,0.0378255
4.7816e-005,0.0382967
4.782e-005,0.0390656
4.7824e-005,0.0383563
4.7828e-005,0.0381876
4.7832e-005,0.0382372
4.7836e-005,0.0381876
4.784e-005,0.0381777
4.7844e-005,0.0385845
4.7848e-005,0.0374534
4.7852e-005,0.038262
4.7856e-005,0.0391252
4.786e-005,0.0375923
4.7864e-005,0.0385696
4.7868e-005,0.0384406
4.7872e-005,0.0378354
4.7876e-005,0.0377461
4.788e-005,0.0387928
4.7884e-005,0.0381132
4.7888e-005,0.0382967
4.7892e-005,0.0383612
4.7896e-005,0.0380934
4.79e-005,0.0379693
4.7904e-005,0.0385845
4.7908e-005,0.0373691
4.7912e-005,0.0384456
4.7916e-005,0.0390607
4.792e-005,0.0381727
4.7924e-005,0.0379693
4.7928e-005,0.0387829
4.7932e-005,0.038009
4.7936e-005,0.0378652
4.794e-005,0.0385993
4.7944e-005,0.0381876
4.7948e-005,0.037761
4.7952e-005,0.0384704
4.7956e-005,0.0381876
4.796e-005,0.0379942
4.7964e-005,0.0386837
4.7968e-005,0.0378602
4.7972e-005,0.0379297
4.7976e-005,0.0388523
4.798e-005,0.0376568
4.7984e-005,0.0378801
4.7988e-005,0.0382174
4.7992e-005,0.0377114
4.7996e-005,0.0380934
4.8e-005,0.0383464
4.8004e-005,0.038133
4.8008e-005,0.0378156
4.8012e-005,0.0384307
4.8016e-005,0.0376965
4.802e-005,0.0383612
4.8024e-005,0.0385795
4.8028e-005,0.0380338
4.8032e-005,0.0381529
4.8036e-005,0.0393831
4.804e-005,0.0381579
4.8044e-005,0.0383315
4.8048e-005,0.0388623
4.8052e-005,0.0381132
4.8056e-005,0.0383216
4.806e-005,0.0384356
4.8064e-005,0.0382075
4.8068e-005,0.0381529
4.8072e-005,0.0382223
4.8076e-005,0.0383712
4.808e-005,0.0384158
4.8084e-005,0.0378949
4.8088e-005,0.0381479
4.8092e-005,0.038267
4.8096e-005,0.0379842
4.81e-005,0.0380338
4.8104e-005,0.0382323
4.8108e-005,0.0382025
4.8112e-005,0.0381975
4.8116e-005,0.0383563
4.812e-005,0.0392988
4.8124e-005,0.0379594
4.8128e-005,0.0381082
4.8132e-005,0.0392293
4.8136e-005,0.0381579
4.814e-005,0.0382273
4.8144e-005,0.0385646
4.8148e-005,0.0378404
4.8152e-005,0.0384257
4.8156e-005,0.0381479
4.816e-005,0.0386688
4.8164e-005,0.0378255
4.8168e-005,0.0383116
4.8172e-005,0.0363324
4.8176e-005,0.0345069
4.818e-005,0.0333362
4.8184e-005,0.0327954
4.8188e-005,0.0323788
4.8192e-005,0.0320712
4.8196e-005,0.0271751
4.82e-005,0.0220954
4.8204e-005,0.0194118
4.8208e-005,0.0195705
4.8212e-005,0.0183552
4.8216e-005,0.018504
4.822e-005,0.0123132
4.8224e-005,0.00313606
4.8228e-005,0.00112206
4.8232e-005,-0.000638955
4.8236e-005,-0.000172659
4.824e-005,-0.000167698
4.8244e-005,-0.000405807
4.8248e-005,-7.84074e-005
4.8252e-005,0.000179543
4.8256e-005,-0.00147233
4.826e-005,0.00530384
4.8264e-005,0.015736
4.8268e-005,0.0197144
4.8272e-005,0.022651
4.8276e-005,0.0262822
4.828e-005,0.0288121
4.8284e-005,0.029705
4.8288e-005,0.0312825
4.8292e-005,0.0337677
4.8296e-005,0.0348045
4.83e-005,0.0355535
4.8304e-005,0.0365754
4.8308e-005,0.0373245
4.8312e-005,0.0384059
4.8316e-005,0.0386539
4.832e-005,0.0390805
4.8324e-005,0.0403951
4.8328e-005,0.0399833
4.8332e-005,0.0405935
4.8336e-005,0.0408663
4.834e-005,0.0407473
4.8344e-005,0.0415955
4.8348e-005,0.0419775
4.8352e-005,0.0413525
4.8356e-005,0.0420916
4.836e-005,0.0421114
4.8364e-005,0.0418188
4.8368e-005,0.0417245
4.8372e-005,0.0426918
4.8376e-005,0.0416352
4.838e-005,0.0424488
4.8384e-005,0.0432276
4.8388e-005,0.0418088
4.8392e-005,0.0427117
4.8396e-005,0.0427563
4.84e-005,0.0424488
4.8404e-005,0.0423545
4.8408e-005,0.0426571
4.8412e-005,0.042295
4.8416e-005,0.0429349
4.842e-005,0.0435451
4.8424e-005,0.0421511
4.8428e-005,0.0430688
4.8432e-005,0.0430341
4.8436e-005,0.0422156
4.844e-005,0.0423049
4.8444e-005,0.0428258
4.8448e-005,0.0422107
4.8452e-005,0.0429151
4.8456e-005,0.0427266
4.846e-005,0.0422404
4.8464e-005,0.0424934
4.8468e-005,0.0425827
4.8472e-005,0.0422851
4.8476e-005,0.0423793
4.848e-005,0.0432177
4.8484e-005,0.0425827
4.8488e-005,0.0426273
4.8492e-005,0.0435302
4.8496e-005,0.0423297
4.85e-005,0.042424
4.8504e-005,0.0431085
4.8508e-005,0.0420569
4.8512e-005,0.0424488
4.8516e-005,0.0426819
4.852e-005,0.0425629
4.8524e-005,0.0422603
4.8528e-005,0.0426224
4.8532e-005,0.0415608
4.8536e-005,0.0421362
4.854e-005,0.0432028
4.8544e-005,0.0420916
4.8548e-005,0.0420966
4.8552e-005,0.0428208
4.8556e-005,0.0419577
4.856e-005,0.0422999
4.8564e-005,0.0429944
4.8568e-005,0.0419378
4.8572e-005,0.0427166
4.8576e-005,0.0427514
4.858e-005,0.0418981
4.8584e-005,0.0426918
4.8588e-005,0.0423694
4.8592e-005,0.0419974
4.8596e-005,0.0428704
4.86e-005,0.0425777
4.8604e-005,0.041918
4.8608e-005,0.0425678
4.8612e-005,0.0429101
4.8616e-005,0.0421908
4.862e-005,0.0424488
4.8624e-005,0.0432573
4.8628e-005,0.0418783
4.8632e-005,0.042548
4.8636e-005,0.0424488
4.864e-005,0.0420916
4.8644e-005,0.0424884
4.8648e-005,0.0422007
4.8652e-005,0.0419974
4.8656e-005,0.0428307
4.866e-005,0.0428506
4.8664e-005,0.0411193
4.8668e-005,0.0421561
4.8672e-005,0.0428803
4.8676e-005,0.0420767
4.868e-005,0.0425182
4.8684e-005,0.0425133
4.8688e-005,0.0420569
4.8692e-005,0.0423049
4.8696e-005,0.0428109
4.87e-005,0.0421412
4.8704e-005,0.0422107
4.8708e-005,0.0423694
4.8712e-005,0.0423049
4.8716e-005,0.0422603
4.872e-005,0.042667
4.8724e-005,0.0425281
4.8728e-005,0.0429349
4.8732e-005,0.0429696
4.8736e-005,0.0414914
4.874e-005,0.0426521
4.8744e-005,0.0425827
4.8748e-005,0.0423148
4.8752e-005,0.0422305
4.8756e-005,0.0431383
4.876e-005,0.0424636
4.8764e-005,0.042548
4.8768e-005,0.0434161
4.8772e-005,0.0423992
4.8776e-005,0.0428456
4.878e-005,0.0432821
4.8784e-005,0.0423545
4.8788e-005,0.04229
4.8792e-005,0.0429101
4.8796e-005,0.0417047
4.88e-005,0.0428803
4.8804e-005,0.0428903
4.8808e-005,0.0425678
4.8812e-005,0.0432325
4.8816e-005,0.0434954
4.882e-005,0.0430788
4.8824e-005,0.0430589
4.8828e-005,0.0436492
4.8832e-005,0.0422007
4.8836e-005,0.0433318
4.884e-005,0.0429597
4.8844e-005,0.0424736
4.8848e-005,0.0431432
4.8852e-005,0.0434905
4.8856e-005,0.0423148
4.886e-005,0.0431432
4.8864e-005,0.0430986
4.8868e-005,0.0428655
4.8872e-005,0.0424984
4.8876e-005,0.0432325
4.888e-005,0.0429746
4.8884e-005,0.0434161
4.8888e-005,0.0433962
4.8892e-005,0.0419725
4.8896e-005,0.0429002
4.89e-005,0.0440461
4.8904e-005,0.0422107
4.8908e-005,0.0427563
4.8912e-005,0.0432921
4.8916e-005,0.0422255
4.892e-005,0.0428506
4.8924e-005,0.0434508
4.8928e-005,0.0426819
4.8932e-005,0.0428357
4.8936e-005,0.0426273
4.894e-005,0.0393682
4.8944e-005,0.0366994
4.8948e-005,0.0357817
4.8952e-005,0.0343084
4.8956e-005,0.0339364
4.896e-005,0.0340654
4.8964e-005,0.0283309
4.8968e-005,0.0214109
4.8972e-005,0.0199425
4.8976e-005,0.0191737
4.898e-005,0.0185139
4.8984e-005,0.0183651
4.8988e-005,0.0122536
4.8992e-005,0.00321047
4.8996e-005,0.0012808
4.9e-005,-0.000326437
4.9004e-005,-0.000197462
4.9008e-005,-0.000177619
4.9012e-005,-0.000256989
4.9016e-005,-0.000247068
4.902e-005,1.08833e-005
4.9024e-005,-0.0011499
4.9028e-005,0.00572053
4.9032e-005,0.0161923
4.9036e-005,0.0206866
4.904e-005,0.0233158
4.9044e-005,0.0269668
4.9048e-005,0.0299629
4.9052e-005,0.0307864
4.9056e-005,0.0330683
4.906e-005,0.0345713
4.9064e-005,0.0359851
4.9068e-005,0.0380289
4.9072e-005,0.03852
4.9076e-005,0.0394526
4.908e-005,0.0402661
4.9084e-005,0.0412533
4.9088e-005,0.041164
4.9092e-005,0.0426571
4.9096e-005,0.0431432
4.91e-005,0.0435996
4.9104e-005,0.0443139
4.9108e-005,0.0435699
4.9112e-005,0.044428
4.9116e-005,0.0451969
4.912e-005,0.0439915
4.9124e-005,0.045569
4.9128e-005,0.0458319
4.9132e-005,0.0453854
4.9136e-005,0.0459757
4.914e-005,0.0457525
4.9144e-005,0.0457178
4.9148e-005,0.0458666
4.9152e-005,0.0464073
4.9156e-005,0.045698
4.916e-005,0.0460105
4.9164e-005,0.0461791
4.9168e-005,0.0459757
4.9172e-005,0.0460849
4.9176e-005,0.0462436
4.918e-005,0.0464569
4.9184e-005,0.0461642
4.9188e-005,0.0466454
4.9192e-005,0.0466305
4.9196e-005,0.0461543
4.92e-005,0.0470175
4.9204e-005,0.046571
4.9208e-005,0.0466454
4.9212e-005,0.0468141
4.9216e-005,0.046075
4.922e-005,0.0468687
4.9224e-005,0.0464619
4.9228e-005,0.0461494
4.9232e-005,0.0461047
4.9236e-005,0.0468389
4.924e-005,0.0458567
4.9244e-005,0.0469827
4.9248e-005,0.0466157
4.9252e-005,0.0466057
4.9256e-005,0.0465809
4.926e-005,0.0470472
4.9264e-005,0.0463528
4.9268e-005,0.0465462
4.9272e-005,0.0473002
4.9276e-005,0.0467198
4.928e-005,0.0468587
4.9284e-005,0.046829
4.9288e-005,0.0466504
4.9292e-005,0.0471911
4.9296e-005,0.0469431
4.93e-005,0.0460055
4.9304e-005,0.0472407
4.9308e-005,0.0469232
4.9312e-005,0.0466008
4.9316e-005,0.0463875
4.932e-005,0.0469083
4.9324e-005,0.0461444
4.9328e-005,0.0461841
4.9332e-005,0.0474986
4.9336e-005,0.0461295
4.934e-005,0.0474738
4.9344e-005,0.0467645
4.9348e-005,0.0462139
4.9352e-005,0.0465264
4.9356e-005,0.0469232
4.936e-005,0.046194
4.9364e-005,0.0462089
4.9368e-005,0.0470125
4.9372e-005,0.0460254
4.9376e-005,0.0464073
4.938e-005,0.0468984
4.9384e-005,0.0458617
4.9388e-005,0.0464371
4.9392e-005,0.0469431
4.9396e-005,0.0467843
4.94e-005,0.0463825
4.9404e-005,0.0474838
4.9408e-005,0.0465115
4.9412e-005,0.0468091
4.9416e-005,0.0465611
4.942e-005,0.0466901
4.9424e-005,0.0475681
4.9428e-005,0.0470472
4.9432e-005,0.0467893
4.9436e-005,0.0471613
4.944e-005,0.0468736
4.9444e-005,0.0466702
4.9448e-005,0.0467248
4.9452e-005,0.0474242
4.9456e-005,0.0464024
4.946e-005,0.0461891
4.9464e-005,0.046824
4.9468e-005,0.0462585
4.9472e-005,0.0467099
4.9476e-005,0.0476028
4.948e-005,0.0467496
4.9484e-005,0.0466504
4.9488e-005,0.0470472
4.9492e-005,0.0467595
4.9496e-005,0.0472754
4.95e-005,0.0475235
4.9504e-005,0.0467248
4.9508e-005,0.0470572
4.9512e-005,0.0470572
4.9516e-005,0.0468389
4.952e-005,0.0468786
4.9524e-005,0.0472705
4.9528e-005,0.0459063
4.9532e-005,0.0470076
4.9536e-005,0.0471464
4.954e-005,0.046705
4.9544e-005,0.0468835
4.9548e-005,0.0469232
4.9552e-005,0.0464867
4.9556e-005,0.046571
4.956e-005,0.0467248
4.9564e-005,0.0468687
4.9568e-005,0.0469034
4.9572e-005,0.0468835
4.9576e-005,0.0470274
4.958e-005,0.0469976
4.9584e-005,0.0474937
4.9588e-005,0.0462883
4.9592e-005,0.0463031
4.9596e-005,0.0476772
4.96e-005,0.0468091
4.9604e-005,0.0466454
4.9608e-005,0.0471514
4.9612e-005,0.0466702
4.9616e-005,0.0471713
4.962e-005,0.0467347
4.9624e-005,0.0471266
4.9628e-005,0.0467446
4.9632e-005,0.0473201
4.9636e-005,0.0472209
4.964e-005,0.0466107
4.9644e-005,0.047201
4.9648e-005,0.0466454
4.9652e-005,0.0471663
4.9656e-005,0.0472506
4.966e-005,0.0462883
4.9664e-005,0.0466008
4.9668e-005,0.0468637
4.9672e-005,0.0465462
4.9676e-005,0.0463379
4.968e-005,0.0471216
4.9684e-005,0.0467149
4.9688e-005,0.0468587
4.9692e-005,0.0469232
4.9696e-005,0.0472506
4.97e-005,0.0476872
4.9704e-005,0.0460005
4.9708e-005,0.0421809
4.9712e-005,0.0387878
4.9716e-005,0.0371409
4.972e-005,0.0356528
4.9724e-005,0.0349235
4.9728e-005,0.034993
4.9732e-005,0.0280382
4.9736e-005,0.0221203
4.974e-005,0.0196449
4.9744e-005,0.0194217
4.9748e-005,0.0187421
4.9752e-005,0.0192927
4.9756e-005,0.0134888
4.976e-005,0.00338409
4.9764e-005,0.000993081
4.9768e-005,-0.000619112
4.9772e-005,-0.000222265
4.9776e-005,0.000358125
4.978e-005,-0.000549664
4.9784e-005,-0.00060423
4.9788e-005,9.52134e-005
4.9792e-005,-0.00128879
4.9796e-005,0.00559155
4.98e-005,0.0161427
4.9804e-005,0.0190496
4.9808e-005,0.0214406
4.9812e-005,0.0242632
4.9816e-005,0.0248188
4.982e-005,0.0260193
4.9824e-005,0.0282119
4.9828e-005,0.0284549
4.9832e-005,0.0295512
4.9836e-005,0.0308955
4.984e-005,0.0310493
4.9844e-005,0.031218
4.9848e-005,0.0325623
4.9852e-005,0.032344
4.9856e-005,0.0334751
4.986e-005,0.0339513
4.9864e-005,0.0324036
4.9868e-005,0.0333064
4.9872e-005,0.0345664
4.9876e-005,0.0338917
4.988e-005,0.0336586
4.9884e-005,0.034358
4.9888e-005,0.0340802
4.9892e-005,0.0344771
4.9896e-005,0.0344225
4.99e-005,0.0340009
4.9904e-005,0.0341348
4.9908e-005,0.0346805
4.9912e-005,0.0342092
4.9916e-005,0.0337975
4.992e-005,0.0342886
4.9924e-005,0.0341646
4.9928e-005,0.0341298
4.9932e-005,0.034115
4.9936e-005,0.0342191
4.994e-005,0.0338024
4.9944e-005,0.0341993
4.9948e-005,0.0349483
4.9952e-005,0.0342737
4.9956e-005,0.0342638
4.996e-005,0.034363
4.9964e-005,0.0345614
4.9968e-005,0.0344572
4.9972e-005,0.033485
4.9976e-005,0.0337578
4.998e-005,0.0343779
4.9984e-005,0.0341348
4.9988e-005,0.0341447
4.9992e-005,0.0341844
4.9996e-005,0.0342439
5e-005,0.0334751
5.0004e-005,0.0344473
5.0008e-005,0.0347202
5.0012e-005,0.0342191
5.0016e-005,0.0338769
5.002e-005,0.0344572
5.0024e-005,0.0339959
5.0028e-005,0.0341298
5.0032e-005,0.0338967
5.0036e-005,0.0340703
5.004e-005,0.0338471
5.0044e-005,0.0341695
5.0048e-005,0.0338769
5.0052e-005,0.0346755
5.0056e-005,0.0335147
5.006e-005,0.0337876
5.0064e-005,0.034358
5.0068e-005,0.033981
5.0072e-005,0.0339562
5.0076e-005,0.03411
5.008e-005,0.0336735
5.0084e-005,0.0339413
5.0088e-005,0.034105
5.0092e-005,0.0334552
5.0096e-005,0.0339413
5.01e-005,0.0343035
5.0104e-005,0.0337975
5.0108e-005,0.0332022
5.0112e-005,0.0339364
5.0116e-005,0.033356
5.012e-005,0.0336685
5.0124e-005,0.0341547
5.0128e-005,0.0332022
5.0132e-005,0.0334403
5.0136e-005,0.0338421
5.014e-005,0.0329294
5.0144e-005,0.0332617
5.0148e-005,0.0335495
5.0152e-005,0.0329939
5.0156e-005,0.0329889
5.016e-005,0.0332518
5.0164e-005,0.0337876
5.0168e-005,0.0332221
5.0172e-005,0.0335693
5.0176e-005,0.0340406
5.018e-005,0.0332121
5.0184e-005,0.0336189
5.0188e-005,0.0338124
5.0192e-005,0.0337826
5.0196e-005,0.0340852
5.02e-005,0.0341001
5.0204e-005,0.0340455
5.0208e-005,0.0335296
5.0212e-005,0.0336884
5.0216e-005,0.0340852
5.022e-005,0.0334899
5.0224e-005,0.033862
5.0228e-005,0.0332121
5.0232e-005,0.0330633
5.0236e-005,0.0333659
5.024e-005,0.0338173
5.0244e-005,0.0338322
5.0248e-005,0.0334949
5.0252e-005,0.0340058
5.0256e-005,0.0341596
5.026e-005,0.0337429
5.0264e-005,0.0337975
5.0268e-005,0.0344275
5.0272e-005,0.0339661
5.0276e-005,0.0340703
5.028e-005,0.0338521
5.0284e-005,0.0339364
5.0288e-005,0.0341596
5.0292e-005,0.0339413
5.0296e-005,0.0340108
5.03e-005,0.0335743
5.0304e-005,0.0331675
5.0308e-005,0.0340406
5.0312e-005,0.033733
5.0316e-005,0.0345217
5.032e-005,0.0346358
5.0324e-005,0.033733
5.0328e-005,0.0342886
5.0332e-005,0.0329492
5.0336e-005,0.0336189
5.034e-005,0.0333758
5.0344e-005,0.0329988
5.0348e-005,0.033857
5.0352e-005,0.0338074
5.0356e-005,0.0333709
5.036e-005,0.0333411
5.0364e-005,0.0333808
5.0368e-005,0.0331923
5.0372e-005,0.0339761
5.0376e-005,0.0335594
5.038e-005,0.0335495
5.0384e-005,0.0332171
5.0388e-005,0.0336735
5.0392e-005,0.0333362
5.0396e-005,0.0338521
5.04e-005,0.033738
5.0404e-005,0.03285
5.0408e-005,0.0337479
5.0412e-005,0.0338273
5.0416e-005,0.0331228
5.042e-005,0.0331675
5.0424e-005,0.0334899
5.0428e-005,0.033604
5.0432e-005,0.0335643
5.0436e-005,0.0342737
5.044e-005,0.0337925
5.0444e-005,0.0336139
5.0448e-005,0.033857
5.0452e-005,0.0334403
5.0456e-005,0.033361
5.046e-005,0.0341398
5.0464e-005,0.0344324
5.0468e-005,0.0340455
5.0472e-005,0.0332518
5.0476e-005,0.0325673
5.048e-005,0.0312676
5.0484e-005,0.0308658
5.0488e-005,0.0310592
5.0492e-005,0.0308807
5.0496e-005,0.0306723
5.05e-005,0.0262127
5.0504e-005,0.0206122
5.0508e-005,0.0184593
5.0512e-005,0.0184792
5.0516e-005,0.018122
5.052e-005,0.0179236
5.0524e-005,0.0124521
5.0528e-005,0.00327991
5.0532e-005,0.000993081
5.0536e-005,-0.000549664
5.054e-005,-0.000331398
5.0544e-005,0.00031844
5.0548e-005,-0.000549664
5.0552e-005,-0.000559585
5.0556e-005,-0.000475255
5.056e-005,-0.00154178
5.0564e-005,0.00529392
5.0568e-005,0.015612
5.0572e-005,0.0202848
5.0576e-005,0.0215498
5.058e-005,0.0247642
5.0584e-005,0.0262921
5.0588e-005,0.0278993
5.0592e-005,0.0294619
5.0596e-005,0.0310444
5.06e-005,0.0315057
5.0604e-005,0.0326317
5.0608e-005,0.0333709
5.0612e-005,0.0344027
5.0616e-005,0.0351567
5.062e-005,0.0357817
5.0624e-005,0.0364167
5.0628e-005,0.0366598
5.0632e-005,0.0368135
5.0636e-005,0.0367094
5.064e-005,0.037766
5.0644e-005,0.0377263
5.0648e-005,0.0379098
5.0652e-005,0.0382967
5.0656e-005,0.0374336
5.066e-005,0.038138
5.0664e-005,0.0388275
5.0668e-005,0.0376023
5.0672e-005,0.0384704
5.0676e-005,0.0388027
5.068e-005,0.0386043
5.0684e-005,0.0386688
5.0688e-005,0.0385894
5.0692e-005,0.0385795
5.0696e-005,0.0384158
5.07e-005,0.0386787
5.0704e-005,0.0381182
5.0708e-005,0.0387085
5.0712e-005,0.0388325
5.0716e-005,0.0379346
5.072e-005,0.0386489
5.0724e-005,0.0379693
5.0728e-005,0.0383166
5.0732e-005,0.0385051
5.0736e-005,0.0385944
5.074e-005,0.0380834
5.0744e-005,0.0385547
5.0748e-005,0.0387184
5.0752e-005,0.0376568
5.0756e-005,0.0385795
5.076e-005,0.0384307
5.0764e-005,0.0384307
5.0768e-005,0.0385993
5.0772e-005,0.0385894
5.0776e-005,0.0381132
5.078e-005,0.0383612
5.0784e-005,0.0385597
5.0788e-005,0.0383513
5.0792e-005,0.0384704
5.0796e-005,0.0388176
5.08e-005,0.0382571
5.0804e-005,0.0383811
5.0808e-005,0.0389664
5.0812e-005,0.0383315
5.0816e-005,0.0386738
5.082e-005,0.0388176
5.0824e-005,0.0378949
5.0828e-005,0.0380289
5.0832e-005,0.0385299
5.0836e-005,0.0384753
5.084e-005,0.0388424
5.0844e-005,0.0390061
5.0848e-005,0.0385696
5.0852e-005,0.0384704
5.0856e-005,0.0388474
5.086e-005,0.0387333
5.0864e-005,0.0386093
5.0868e-005,0.038515
5.0872e-005,0.0387085
5.0876e-005,0.0386837
5.088e-005,0.0392789
5.0884e-005,0.0383067
5.0888e-005,0.0383067
5.0892e-005,0.0390954
5.0896e-005,0.0380884
5.09e-005,0.0389813
5.0904e-005,0.0396609
5.0908e-005,0.0383464
5.0912e-005,0.0384505
5.0916e-005,0.0390408
5.092e-005,0.0386291
5.0924e-005,0.0381628
5.0928e-005,0.0391698
5.0932e-005,0.0386539
5.0936e-005,0.0385696
5.094e-005,0.0388275
5.0944e-005,0.0380934
5.0948e-005,0.0380785
5.0952e-005,0.038639
5.0956e-005,0.0383563
5.096e-005,0.0385249
5.0964e-005,0.039021
5.0968e-005,0.0381777
5.0972e-005,0.039026
5.0976e-005,0.0388722
5.098e-005,0.0380239
5.0984e-005,0.0385448
5.0988e-005,0.0385696
5.0992e-005,0.0386886
5.0996e-005,0.0385894
5.1e-005,0.0386986
5.1004e-005,0.0378553
5.1008e-005,0.0381132
5.1012e-005,0.0381579
5.1016e-005,0.0383166
5.102e-005,0.0383364
5.1024e-005,0.0385398
5.1028e-005,0.0381628
5.1032e-005,0.0382174
5.1036e-005,0.0385101
5.104e-005,0.0383067
5.1044e-005,0.0383712
5.1048e-005,0.0385547
5.1052e-005,0.0384257
5.1056e-005,0.0383811
5.106e-005,0.0388821
5.1064e-005,0.0385646
5.1068e-005,0.038267
5.1072e-005,0.0380041
5.1076e-005,0.0381628
5.108e-005,0.0382075
5.1084e-005,0.0384257
5.1088e-005,0.0377263
5.1092e-005,0.0384654
5.1096e-005,0.0387928
5.11e-005,0.0384257
5.1104e-005,0.0388176
5.1108e-005,0.0386043
5.1112e-005,0.038009
5.1116e-005,0.0383761
5.112e-005,0.0386539
5.1124e-005,0.0382719
5.1128e-005,0.0384257
5.1132e-005,0.0388077
5.1136e-005,0.0379396
5.114e-005,0.038267
5.1144e-005,0.0388523
5.1148e-005,0.0378503
5.1152e-005,0.0384555
5.1156e-005,0.0389168
5.116e-005,0.0382174
5.1164e-005,0.0386837
5.1168e-005,0.0386936
5.1172e-005,0.0382471
5.1176e-005,0.0382124
5.118e-005,0.0393782
5.1184e-005,0.0386142
5.1188e-005,0.0385101
5.1192e-005,0.0394129
5.1196e-005,0.0385944
5.12e-005,0.0383315
5.1204e-005,0.0393186
5.1208e-005,0.0387482
5.1212e-005,0.0381182
5.1216e-005,0.0388226
5.122e-005,0.0384555
5.1224e-005,0.0382025
5.1228e-005,0.0382223
5.1232e-005,0.0383116
5.1236e-005,0.0385001
5.124e-005,0.0379644
5.1244e-005,0.0364117
5.1248e-005,0.0347053
5.1252e-005,0.0338521
5.1256e-005,0.0337132
5.126e-005,0.0327458
