Time,Ampl
4.126e-005,0.0439766
4.1264e-005,0.0441205
4.1268e-005,0.0441254
4.1272e-005,0.0441453
4.1276e-005,0.0443834
4.128e-005,0.0445769
4.1284e-005,0.0437385
4.1288e-005,0.0427662
4.1292e-005,0.0410003
4.1296e-005,0.0385398
4.13e-005,0.0367788
4.1304e-005,0.0355238
4.1308e-005,0.0346309
4.1312e-005,0.0338372
4.1316e-005,0.0275025
4.132e-005,0.0211926
4.1324e-005,0.0199277
4.1328e-005,0.0190794
4.1332e-005,0.0190298
4.1336e-005,0.0181964
4.134e-005,0.0114451
4.1344e-005,0.00223819
4.1348e-005,0.00117166
4.1352e-005,-6.35257e-005
4.1356e-005,-0.00107053
4.136e-005,0.000293637
4.1364e-005,-0.000197462
4.1368e-005,-0.000470294
4.1372e-005,8.03316e-005
4.1376e-005,-0.00141777
4.138e-005,0.00618682
4.1384e-005,0.0171398
4.1388e-005,0.0174275
4.1392e-005,0.0172539
4.1396e-005,0.0188512
4.14e-005,0.0175565
4.1404e-005,0.0170555
4.1408e-005,0.0171944
4.1412e-005,0.0161427
4.1416e-005,0.0165297
4.142e-005,0.0159145
4.1424e-005,0.0162767
4.1428e-005,0.0163114
4.1432e-005,0.0151457
4.1436e-005,0.0155822
4.144e-005,0.0159741
4.1444e-005,0.0162023
4.1448e-005,0.0155871
4.1452e-005,0.0155276
4.1456e-005,0.0155028
4.146e-005,0.0160237
4.1464e-005,0.0153887
4.1468e-005,0.0158302
4.1472e-005,0.0156268
4.1476e-005,0.0152052
4.148e-005,0.0155475
4.1484e-005,0.0152945
4.1488e-005,0.0151457
4.1492e-005,0.0154582
4.1496e-005,0.0152151
4.15e-005,0.0157707
4.1504e-005,0.0157558
4.1508e-005,0.0155276
4.1512e-005,0.016108
4.1516e-005,0.0155177
4.152e-005,0.0155971
4.1524e-005,0.0157112
4.1528e-005,0.0156169
4.1532e-005,0.0156169
4.1536e-005,0.0157707
4.154e-005,0.0154135
4.1544e-005,0.0157161
4.1548e-005,0.0157211
4.1552e-005,0.0153342
4.1556e-005,0.0151357
4.156e-005,0.0149621
4.1564e-005,0.0154681
4.1568e-005,0.0158253
4.1572e-005,0.0160485
4.1576e-005,0.01586
4.158e-005,0.015349
4.1584e-005,0.0155524
4.1588e-005,0.0159443
4.1592e-005,0.015483
4.1596e-005,0.0168372
4.16e-005,0.0157062
4.1604e-005,0.0167281
4.1608e-005,0.0159989
4.1612e-005,0.015349
4.1616e-005,0.0160336
4.162e-005,0.0154185
4.1624e-005,0.0153887
4.1628e-005,0.0162072
4.1632e-005,0.0163312
4.1636e-005,0.0155276
4.164e-005,0.016619
4.1644e-005,0.0159642
4.1648e-005,0.0160435
4.1652e-005,0.0155822
4.1656e-005,0.0160386
4.166e-005,0.0155971
4.1664e-005,0.0164701
4.1668e-005,0.0156467
4.1672e-005,0.0160584
4.1676e-005,0.0155127
4.168e-005,0.0160237
4.1684e-005,0.0156764
4.1688e-005,0.0158501
4.1692e-005,0.0156417
4.1696e-005,0.0158749
4.17e-005,0.0153441
4.1704e-005,0.0161973
4.1708e-005,0.0155574
4.1712e-005,0.0154086
4.1716e-005,0.0153292
4.172e-005,0.016232
4.1724e-005,0.0156665
4.1728e-005,0.0156417
4.1732e-005,0.0159642
4.1736e-005,0.0148877
4.174e-005,0.0158153
4.1744e-005,0.0157409
4.1748e-005,0.0154334
4.1752e-005,0.0158352
4.1756e-005,0.0154334
4.176e-005,0.0157806
4.1764e-005,0.0153193
4.1768e-005,0.0155177
4.1772e-005,0.0164205
4.1776e-005,0.0160534
4.178e-005,0.0164007
4.1784e-005,0.0154135
4.1788e-005,0.0160534
4.1792e-005,0.0154532
4.1796e-005,0.0159145
4.18e-005,0.0162171
4.1804e-005,0.0154979
4.1808e-005,0.0167479
4.1812e-005,0.0155871
4.1816e-005,0.0159592
4.182e-005,0.0160485
4.1824e-005,0.0158947
4.1828e-005,0.0160237
4.1832e-005,0.0152796
4.1836e-005,0.0160981
4.184e-005,0.0155276
4.1844e-005,0.0152647
4.1848e-005,0.0160534
4.1852e-005,0.015483
4.1856e-005,0.0159245
4.186e-005,0.0157657
4.1864e-005,0.0163957
4.1868e-005,0.015607
4.1872e-005,0.0155921
4.1876e-005,0.0159939
4.188e-005,0.0159294
4.1884e-005,0.0161576
4.1888e-005,0.0159394
4.1892e-005,0.0159592
4.1896e-005,0.0161725
4.19e-005,0.0157806
4.1904e-005,0.0155623
4.1908e-005,0.0158947
4.1912e-005,0.0155276
4.1916e-005,0.0152846
4.192e-005,0.0158798
4.1924e-005,0.0154334
4.1928e-005,0.0156318
4.1932e-005,0.0152101
4.1936e-005,0.0155375
4.194e-005,0.0158501
4.1944e-005,0.016232
4.1948e-005,0.0163908
4.1952e-005,0.0154631
4.1956e-005,0.0156566
4.196e-005,0.0155971
4.1964e-005,0.0153639
4.1968e-005,0.0159394
4.1972e-005,0.0155078
4.1976e-005,0.0152945
4.198e-005,0.0155326
4.1984e-005,0.0153143
4.1988e-005,0.014972
4.1992e-005,0.0159145
4.1996e-005,0.0159542
4.2e-005,0.0153788
4.2004e-005,0.016356
4.2008e-005,0.0157558
4.2012e-005,0.0156764
4.2016e-005,0.015602
4.202e-005,0.0155871
4.2024e-005,0.0157558
4.2028e-005,0.0160237
4.2032e-005,0.0154036
4.2036e-005,0.015726
4.204e-005,0.0159989
4.2044e-005,0.0151407
4.2048e-005,0.0154185
4.2052e-005,0.014977
4.2056e-005,0.0148728
4.206e-005,0.0160931
4.2064e-005,0.0174027
4.2068e-005,0.0179881
4.2072e-005,0.0178789
4.2076e-005,0.0178789
4.208e-005,0.0183105
4.2084e-005,0.0171001
4.2088e-005,0.0184841
4.2092e-005,0.0188463
4.2096e-005,0.0178541
4.21e-005,0.0175565
4.2104e-005,0.0182907
4.2108e-005,0.0110383
4.2112e-005,0.00161812
4.2116e-005,0.00108237
4.212e-005,-0.000500058
4.2124e-005,-0.000371082
4.2128e-005,0.000174583
4.2132e-005,-0.000261949
4.2136e-005,-0.000872102
4.214e-005,-3.99852e-006
4.2144e-005,-0.00142273
4.2148e-005,0.00558659
4.2152e-005,0.0157062
4.2156e-005,0.0173035
4.216e-005,0.0184147
4.2164e-005,0.0206569
4.2168e-005,0.0204039
4.2172e-005,0.0203096
4.2176e-005,0.0216936
4.218e-005,0.0222244
4.2184e-005,0.022031
4.2188e-005,0.0223137
4.2192e-005,0.0233852
4.2196e-005,0.0230727
4.22e-005,0.0232562
4.2204e-005,0.0229487
4.2208e-005,0.0235886
4.2212e-005,0.0234398
4.2216e-005,0.0237027
4.222e-005,0.0236382
4.2224e-005,0.0235043
4.2228e-005,0.023916
4.2232e-005,0.023787
4.2236e-005,0.023787
4.224e-005,0.0241888
4.2244e-005,0.023782
4.2248e-005,0.0241987
4.2252e-005,0.0239557
4.2256e-005,0.0236531
4.226e-005,0.0239904
4.2264e-005,0.0240648
4.2268e-005,0.0235638
4.2272e-005,0.0234795
4.2276e-005,0.0238019
4.228e-005,0.0239358
4.2284e-005,0.0235291
4.2288e-005,0.0239011
4.2292e-005,0.0229784
4.2296e-005,0.0242335
4.23e-005,0.0240301
4.2304e-005,0.0241541
4.2308e-005,0.0244666
4.2312e-005,0.0240946
4.2316e-005,0.0236481
4.232e-005,0.0245609
4.2324e-005,0.0246849
4.2328e-005,0.0236481
4.2332e-005,0.0238961
4.2336e-005,0.0241789
4.234e-005,0.0232215
4.2344e-005,0.0238416
4.2348e-005,0.0237672
4.2352e-005,0.0234993
4.2356e-005,0.0242335
4.236e-005,0.02404
4.2364e-005,0.0233902
4.2368e-005,0.0246204
4.2372e-005,0.024288
4.2376e-005,0.0245658
4.238e-005,0.0247097
4.2384e-005,0.0240152
4.2388e-005,0.0236035
4.2392e-005,0.0239011
4.2396e-005,0.0243972
4.24e-005,0.0231917
4.2404e-005,0.0238664
4.2408e-005,0.0242186
4.2412e-005,0.0239606
4.2416e-005,0.0243277
4.242e-005,0.0235043
4.2424e-005,0.0238813
4.2428e-005,0.0241591
4.2432e-005,0.0236283
4.2436e-005,0.0232215
4.244e-005,0.023658
4.2444e-005,0.0236283
4.2448e-005,0.0234547
4.2452e-005,0.0240896
4.2456e-005,0.0239457
4.246e-005,0.0234398
4.2464e-005,0.0236481
4.2468e-005,0.0238664
4.2472e-005,0.0241144
4.2476e-005,0.0242186
4.248e-005,0.0240747
4.2484e-005,0.0241293
4.2488e-005,0.0239507
4.2492e-005,0.0238614
4.2496e-005,0.0236928
4.25e-005,0.0237672
4.2504e-005,0.0240698
4.2508e-005,0.0240202
4.2512e-005,0.0241938
4.2516e-005,0.0235241
4.252e-005,0.0236779
4.2524e-005,0.0238069
4.2528e-005,0.0234596
4.2532e-005,0.0240499
4.2536e-005,0.0237622
4.254e-005,0.0233158
4.2544e-005,0.0235489
4.2548e-005,0.0236928
4.2552e-005,0.024169
4.2556e-005,0.0236481
4.256e-005,0.0244765
4.2564e-005,0.0248287
4.2568e-005,0.0237523
4.2572e-005,0.0242533
4.2576e-005,0.0240003
4.258e-005,0.0243128
4.2584e-005,0.0242731
4.2588e-005,0.0243922
4.2592e-005,0.0245013
4.2596e-005,0.0243922
4.26e-005,0.0247444
4.2604e-005,0.0245361
4.2608e-005,0.0245559
4.2612e-005,0.0239656
4.2616e-005,0.0234398
4.262e-005,0.0238019
4.2624e-005,0.0236729
4.2628e-005,0.0241194
4.2632e-005,0.0235985
4.2636e-005,0.0242136
4.264e-005,0.0236382
4.2644e-005,0.0242136
4.2648e-005,0.0233604
4.2652e-005,0.0236729
4.2656e-005,0.0238614
4.266e-005,0.0237672
4.2664e-005,0.0235737
4.2668e-005,0.0237572
4.2672e-005,0.0238862
4.2676e-005,0.0238961
4.268e-005,0.0236481
4.2684e-005,0.0235241
4.2688e-005,0.0238317
4.2692e-005,0.0234547
4.2696e-005,0.0233753
4.27e-005,0.0241144
4.2704e-005,0.0240549
4.2708e-005,0.0240598
4.2712e-005,0.0238862
4.2716e-005,0.0242235
4.272e-005,0.0242434
4.2724e-005,0.023405
4.2728e-005,0.0240152
4.2732e-005,0.0240053
4.2736e-005,0.0238168
4.274e-005,0.0243773
4.2744e-005,0.0239408
4.2748e-005,0.0240698
4.2752e-005,0.0242483
4.2756e-005,0.0241888
4.276e-005,0.0235241
4.2764e-005,0.0241343
4.2768e-005,0.0245956
4.2772e-005,0.0240946
4.2776e-005,0.0243724
4.278e-005,0.0240797
4.2784e-005,0.0237374
4.2788e-005,0.0238813
4.2792e-005,0.0238366
4.2796e-005,0.0237622
4.28e-005,0.0241938
4.2804e-005,0.0240102
4.2808e-005,0.0239706
4.2812e-005,0.023916
4.2816e-005,0.0240053
4.282e-005,0.0233455
4.2824e-005,0.0238217
4.2828e-005,0.0237176
4.2832e-005,0.0241392
4.2836e-005,0.0242682
4.284e-005,0.0247494
4.2844e-005,0.0240152
4.2848e-005,0.0244468
4.2852e-005,0.021401
4.2856e-005,0.0194366
4.286e-005,0.0193274
4.2864e-005,0.01838
4.2868e-005,0.0181716
4.2872e-005,0.0184941
4.2876e-005,0.0117725
4.288e-005,0.00270449
4.2884e-005,0.00137009
4.2888e-005,-0.000698482
4.2892e-005,-0.000693521
4.2896e-005,8.03316e-005
4.29e-005,-4.86439e-005
4.2904e-005,-0.000777851
4.2908e-005,-0.000594309
4.2912e-005,-0.000822497
4.2916e-005,0.00542289
4.292e-005,0.01649
4.2924e-005,0.0194465
4.2928e-005,0.0203989
4.2932e-005,0.0237176
4.2936e-005,0.0250966
4.294e-005,0.025553
4.2944e-005,0.0275372
4.2948e-005,0.0279638
4.2952e-005,0.0291544
4.2956e-005,0.0305731
4.296e-005,0.0303449
4.2964e-005,0.0310146
4.2968e-005,0.0318629
4.2972e-005,0.032225
4.2976e-005,0.0318182
4.298e-005,0.0323639
4.2984e-005,0.03348
4.2988e-005,0.0330633
4.2992e-005,0.033728
4.2996e-005,0.0336983
4.3e-005,0.0342043
4.3004e-005,0.0340753
4.3008e-005,0.0335445
4.3012e-005,0.0336685
4.3016e-005,0.0341943
4.302e-005,0.0341447
4.3024e-005,0.0343184
4.3028e-005,0.0345118
4.3032e-005,0.0348144
4.3036e-005,0.0338471
4.304e-005,0.0345168
4.3044e-005,0.0342092
4.3048e-005,0.0345763
4.3052e-005,0.0341695
4.3056e-005,0.034611
4.306e-005,0.0337776
4.3064e-005,0.0349335
4.3068e-005,0.0339413
4.3072e-005,0.0340703
4.3076e-005,0.0344324
4.308e-005,0.0334949
4.3084e-005,0.0341547
4.3088e-005,0.034239
4.3092e-005,0.0342291
4.3096e-005,0.0340108
4.31e-005,0.0339513
4.3104e-005,0.0344672
4.3108e-005,0.0336735
4.3112e-005,0.0342142
4.3116e-005,0.0335048
4.312e-005,0.0339562
4.3124e-005,0.0339364
4.3128e-005,0.0336636
4.3132e-005,0.0333858
4.3136e-005,0.0336536
4.314e-005,0.0339413
4.3144e-005,0.0335594
4.3148e-005,0.0335197
4.3152e-005,0.0343184
4.3156e-005,0.0329542
4.316e-005,0.0334106
4.3164e-005,0.0338967
4.3168e-005,0.0325325
4.3172e-005,0.0336239
4.3176e-005,0.0334354
4.318e-005,0.0327954
4.3184e-005,0.0332816
4.3188e-005,0.0328153
4.3192e-005,0.0332072
4.3196e-005,0.0334651
4.32e-005,0.0334403
4.3204e-005,0.0337032
4.3208e-005,0.0331477
4.3212e-005,0.033351
4.3216e-005,0.0338173
4.322e-005,0.033986
4.3224e-005,0.0336536
4.3228e-005,0.0338223
4.3232e-005,0.0335495
4.3236e-005,0.0335495
4.324e-005,0.0339066
4.3244e-005,0.0334899
4.3248e-005,0.0340604
4.3252e-005,0.0336636
4.3256e-005,0.0332766
4.326e-005,0.034115
4.3264e-005,0.0334354
4.3268e-005,0.0337677
4.3272e-005,0.0337776
4.3276e-005,0.0341844
4.328e-005,0.0337132
4.3284e-005,0.0337429
4.3288e-005,0.0334751
4.3292e-005,0.0341596
4.3296e-005,0.0336437
4.33e-005,0.0335296
4.3304e-005,0.0336834
4.3308e-005,0.0336983
4.3312e-005,0.0338074
4.3316e-005,0.0339215
4.332e-005,0.0339314
4.3324e-005,0.0336586
4.3328e-005,0.0336586
4.3332e-005,0.0332568
4.3336e-005,0.0337776
4.334e-005,0.0337032
4.3344e-005,0.0336636
4.3348e-005,0.033733
4.3352e-005,0.0344225
4.3356e-005,0.0345813
4.336e-005,0.0339265
4.3364e-005,0.0342092
4.3368e-005,0.0336636
4.3372e-005,0.0333461
4.3376e-005,0.0338273
4.338e-005,0.0342687
4.3384e-005,0.0336487
4.3388e-005,0.0340753
4.3392e-005,0.0339017
4.3396e-005,0.0335247
4.34e-005,0.0338521
4.3404e-005,0.0339413
4.3408e-005,0.0339661
4.3412e-005,0.0335941
4.3416e-005,0.0340207
4.342e-005,0.0340654
4.3424e-005,0.0337082
4.3428e-005,0.0337925
4.3432e-005,0.0341199
4.3436e-005,0.0337628
4.344e-005,0.0339661
4.3444e-005,0.0333014
4.3448e-005,0.0341795
4.3452e-005,0.0339364
4.3456e-005,0.0332816
4.346e-005,0.0340703
4.3464e-005,0.0328351
4.3468e-005,0.0335941
4.3472e-005,0.0336239
4.3476e-005,0.0335991
4.348e-005,0.0339959
4.3484e-005,0.0336437
4.3488e-005,0.0342092
4.3492e-005,0.0340207
4.3496e-005,0.0340951
4.35e-005,0.0339017
4.3504e-005,0.033986
4.3508e-005,0.0335693
4.3512e-005,0.0338173
4.3516e-005,0.0335346
4.352e-005,0.0345019
4.3524e-005,0.0340009
4.3528e-005,0.0340158
4.3532e-005,0.0334999
4.3536e-005,0.0336189
4.354e-005,0.0340009
4.3544e-005,0.0343481
4.3548e-005,0.0340902
4.3552e-005,0.0334056
4.3556e-005,0.0337975
4.356e-005,0.0339413
4.3564e-005,0.0335792
4.3568e-005,0.0338273
4.3572e-005,0.0336784
4.3576e-005,0.0338719
4.358e-005,0.0336586
4.3584e-005,0.0350525
4.3588e-005,0.0336983
4.3592e-005,0.0337925
4.3596e-005,0.0327409
4.36e-005,0.0315851
4.3604e-005,0.030211
4.3608e-005,0.0306277
4.3612e-005,0.029958
4.3616e-005,0.030836
4.362e-005,0.0256026
4.3624e-005,0.0203493
4.3628e-005,0.0201013
4.3632e-005,0.0192183
4.3636e-005,0.0185982
4.364e-005,0.0188512
4.3644e-005,0.012338
4.3648e-005,0.00355275
4.3652e-005,0.00165284
4.3656e-005,-4.36833e-005
4.366e-005,-0.000385964
4.3664e-005,0.000467258
4.3668e-005,-0.000197462
4.3672e-005,-0.000336358
4.3676e-005,-0.000172659
4.368e-005,-0.000822497
4.3684e-005,0.00562628
4.3688e-005,0.016991
4.3692e-005,0.0208305
4.3696e-005,0.0223336
4.37e-005,0.0266344
4.3704e-005,0.0282962
4.3708e-005,0.0306128
4.3712e-005,0.0320712
4.3716e-005,0.0340852
4.372e-005,0.0347698
4.3724e-005,0.0364415
4.3728e-005,0.0375576
4.3732e-005,0.0378949
4.3736e-005,0.0387531
4.374e-005,0.0397403
4.3744e-005,0.0396113
4.3748e-005,0.0409705
4.3752e-005,0.0410796
4.3756e-005,0.0417196
4.376e-005,0.0428803
4.3764e-005,0.0422503
4.3768e-005,0.043173
4.3772e-005,0.0431284
4.3776e-005,0.0435649
4.378e-005,0.0432921
4.3784e-005,0.0431929
4.3788e-005,0.0442346
4.3792e-005,0.0435401
4.3796e-005,0.044309
4.38e-005,0.0442445
4.3804e-005,0.044428
4.3808e-005,0.0443884
4.3812e-005,0.0445372
4.3816e-005,0.0441155
4.382e-005,0.0446215
4.3824e-005,0.0442743
4.3828e-005,0.0442842
4.3832e-005,0.0448646
4.3836e-005,0.0443933
4.384e-005,0.0439568
4.3844e-005,0.0448943
4.3848e-005,0.0449836
4.3852e-005,0.0444429
4.3856e-005,0.0450779
4.386e-005,0.0452118
4.3864e-005,0.0446513
4.3868e-005,0.0448547
4.3872e-005,0.0443536
4.3876e-005,0.0436443
4.388e-005,0.0445025
4.3884e-005,0.0445719
4.3888e-005,0.0442197
4.3892e-005,0.0452713
4.3896e-005,0.0449985
4.39e-005,0.0441106
4.3904e-005,0.0449638
4.3908e-005,0.0448993
4.3912e-005,0.0451821
4.3916e-005,0.0450134
4.392e-005,0.044681
4.3924e-005,0.0443983
4.3928e-005,0.0454499
4.3932e-005,0.0451374
4.3936e-005,0.0449092
4.394e-005,0.0447505
4.3944e-005,0.0451027
4.3948e-005,0.0446314
4.3952e-005,0.0443189
4.3956e-005,0.0452217
4.396e-005,0.0439369
4.3964e-005,0.0447852
4.3968e-005,0.0449142
4.3972e-005,0.0446017
4.3976e-005,0.0450332
4.398e-005,0.0444479
4.3984e-005,0.0449092
4.3988e-005,0.0448001
4.3992e-005,0.0451275
4.3996e-005,0.0443139
4.4e-005,0.0449787
4.4004e-005,0.0449836
4.4008e-005,0.0454202
4.4012e-005,0.0446463
4.4016e-005,0.0450283
4.402e-005,0.044691
4.4024e-005,0.0450729
4.4028e-005,0.0446612
4.4032e-005,0.044691
4.4036e-005,0.0450084
4.404e-005,0.0444876
4.4044e-005,0.0448646
4.4048e-005,0.0444975
4.4052e-005,0.0444479
4.4056e-005,0.0447505
4.406e-005,0.044939
4.4064e-005,0.0444231
4.4068e-005,0.0443437
4.4072e-005,0.0442743
4.4076e-005,0.0447654
4.408e-005,0.0440213
4.4084e-005,0.0447951
4.4088e-005,0.0442842
4.4092e-005,0.0438675
4.4096e-005,0.0446662
4.41e-005,0.0448695
4.4104e-005,0.0450432
4.4108e-005,0.0451324
4.4112e-005,0.0442395
4.4116e-005,0.0442743
4.412e-005,0.0444628
4.4124e-005,0.0440014
4.4128e-005,0.0446116
4.4132e-005,0.0446413
4.4136e-005,0.0447108
4.414e-005,0.0446116
4.4144e-005,0.0450035
4.4148e-005,0.0446959
4.4152e-005,0.0445868
4.4156e-005,0.0447356
4.416e-005,0.0446711
4.4164e-005,0.0443437
4.4168e-005,0.0457773
4.4172e-005,0.0447257
4.4176e-005,0.0442792
4.418e-005,0.0452416
4.4184e-005,0.0445074
4.4188e-005,0.0440461
4.4192e-005,0.0443487
4.4196e-005,0.0445322
4.42e-005,0.0441502
4.4204e-005,0.0456335
4.4208e-005,0.0451225
4.4212e-005,0.0443834
4.4216e-005,0.0449638
4.422e-005,0.0445074
4.4224e-005,0.0434657
4.4228e-005,0.0445669
4.4232e-005,0.0445769
4.4236e-005,0.0434012
4.424e-005,0.0445471
4.4244e-005,0.0441254
4.4248e-005,0.0441999
4.4252e-005,0.0450531
4.4256e-005,0.0448993
4.426e-005,0.0447604
4.4264e-005,0.0455144
4.4268e-005,0.0447058
4.4272e-005,0.0443884
4.4276e-005,0.0450531
4.428e-005,0.0445322
4.4284e-005,0.044061
4.4288e-005,0.0444776
4.4292e-005,0.0437633
4.4296e-005,0.0444132
4.43e-005,0.0447207
4.4304e-005,0.0442048
4.4308e-005,0.0443388
4.4312e-005,0.0443487
4.4316e-005,0.0443288
4.432e-005,0.0448497
4.4324e-005,0.0452664
4.4328e-005,0.0439667
4.4332e-005,0.0445719
4.4336e-005,0.0450828
4.434e-005,0.0443586
4.4344e-005,0.0441949
4.4348e-005,0.0447058
4.4352e-005,0.0445173
4.4356e-005,0.0438179
4.436e-005,0.0443536
4.4364e-005,0.0408068
4.4368e-005,0.0378801
4.4372e-005,0.0363522
4.4376e-005,0.0347698
4.438e-005,0.0342191
4.4384e-005,0.0341497
4.4388e-005,0.0275124
4.4392e-005,0.0210835
4.4396e-005,0.0201707
4.44e-005,0.019129
4.4404e-005,0.0184693
4.4408e-005,0.0188115
4.4412e-005,0.0138013
4.4416e-005,0.00270449
4.442e-005,0.000854184
4.4424e-005,-0.000534782
4.4428e-005,-0.000113132
4.4432e-005,-0.000410767
4.4436e-005,-0.000311555
4.444e-005,-0.000440531
4.4444e-005,-0.000480216
4.4448e-005,-0.000847299
4.4452e-005,0.00648446
4.4456e-005,0.0164404
4.446e-005,0.0174126
4.4464e-005,0.0175218
4.4468e-005,0.0176805
4.4472e-005,0.0176855
4.4476e-005,0.0167082
4.448e-005,0.0176607
4.4484e-005,0.0171597
4.4488e-005,0.0166338
4.4492e-005,0.0166338
4.4496e-005,0.0170505
4.45e-005,0.0165098
4.4504e-005,0.0162667
4.4508e-005,0.0163362
4.4512e-005,0.0163461
4.4516e-005,0.015855
4.452e-005,0.0164701
4.4524e-005,0.0166388
4.4528e-005,0.0154086
4.4532e-005,0.0162271
4.4536e-005,0.0161527
4.454e-005,0.0152746
4.4544e-005,0.0162171
4.4548e-005,0.015855
4.4552e-005,0.0162866
4.4556e-005,0.0157558
4.456e-005,0.0163511
4.4564e-005,0.0159939
4.4568e-005,0.0163164
4.4572e-005,0.0165197
4.4576e-005,0.0155574
4.458e-005,0.0160534
4.4584e-005,0.0161626
4.4588e-005,0.0162072
4.4592e-005,0.016232
4.4596e-005,0.0161328
4.46e-005,0.0159145
4.4604e-005,0.0160882
4.4608e-005,0.0162965
4.4612e-005,0.0161229
4.4616e-005,0.0165743
4.462e-005,0.0162916
4.4624e-005,0.0168025
4.4628e-005,0.0165545
4.4632e-005,0.0163808
4.4636e-005,0.0161179
4.464e-005,0.0163114
4.4644e-005,0.0161626
4.4648e-005,0.0167182
4.4652e-005,0.0168521
4.4656e-005,0.0163759
4.466e-005,0.0161328
4.4664e-005,0.0162767
4.4668e-005,0.0163362
4.4672e-005,0.0163213
4.4676e-005,0.0162667
4.468e-005,0.0160534
4.4684e-005,0.0169414
4.4688e-005,0.0164453
4.4692e-005,0.0159443
4.4696e-005,0.0167628
4.47e-005,0.0167926
4.4704e-005,0.016361
4.4708e-005,0.0168075
4.4712e-005,0.0162221
4.4716e-005,0.0165545
4.472e-005,0.0168223
4.4724e-005,0.0167132
4.4728e-005,0.0162916
4.4732e-005,0.0168273
4.4736e-005,0.0163957
4.474e-005,0.0165743
4.4744e-005,0.0163858
4.4748e-005,0.016991
4.4752e-005,0.016485
4.4756e-005,0.0170009
4.476e-005,0.0162866
4.4764e-005,0.0171497
4.4768e-005,0.01649
4.4772e-005,0.0173382
4.4776e-005,0.0163064
4.478e-005,0.0163412
4.4784e-005,0.0165545
4.4788e-005,0.0164255
4.4792e-005,0.0163015
4.4796e-005,0.0164156
4.48e-005,0.0158798
4.4804e-005,0.0164354
4.4808e-005,0.017239
4.4812e-005,0.0165743
4.4816e-005,0.0162072
4.482e-005,0.016485
4.4824e-005,0.0161775
4.4828e-005,0.0171398
4.4832e-005,0.0160038
4.4836e-005,0.0161179
4.484e-005,0.0165941
4.4844e-005,0.0166487
4.4848e-005,0.0156814
4.4852e-005,0.0163312
4.4856e-005,0.0167132
4.486e-005,0.0171249
4.4864e-005,0.0169017
4.4868e-005,0.0166834
4.4872e-005,0.0166041
4.4876e-005,0.0162122
4.488e-005,0.0165941
4.4884e-005,0.0159046
4.4888e-005,0.0157508
4.4892e-005,0.0165941
4.4896e-005,0.0157161
4.49e-005,0.0160634
4.4904e-005,0.0160088
4.4908e-005,0.0167231
4.4912e-005,0.015736
4.4916e-005,0.0162469
4.492e-005,0.0162866
4.4924e-005,0.0160733
4.4928e-005,0.0159493
4.4932e-005,0.0165445
4.4936e-005,0.0157558
4.494e-005,0.01649
4.4944e-005,0.0164404
4.4948e-005,0.0158897
4.4952e-005,0.0167132
4.4956e-005,0.016614
4.496e-005,0.0163312
4.4964e-005,0.0167281
4.4968e-005,0.0162023
4.4972e-005,0.0164255
4.4976e-005,0.0163263
4.498e-005,0.0163114
4.4984e-005,0.0159046
4.4988e-005,0.0160187
4.4992e-005,0.0157409
4.4996e-005,0.0154731
4.5e-005,0.0153143
4.5004e-005,0.0161775
4.5008e-005,0.0160584
4.5012e-005,0.0158947
4.5016e-005,0.0158401
4.502e-005,0.0155127
4.5024e-005,0.0161229
4.5028e-005,0.0160336
4.5032e-005,0.0156665
4.5036e-005,0.0158253
4.504e-005,0.0171745
4.5044e-005,0.0156814
4.5048e-005,0.0154929
4.5052e-005,0.0155723
4.5056e-005,0.0161725
4.506e-005,0.0161725
4.5064e-005,0.0164503
4.5068e-005,0.0164354
4.5072e-005,0.0167876
4.5076e-005,0.0158153
4.508e-005,0.0163461
4.5084e-005,0.0159046
4.5088e-005,0.0165594
4.5092e-005,0.0164255
4.5096e-005,0.0155177
4.51e-005,0.0161725
4.5104e-005,0.0158054
4.5108e-005,0.0159493
4.5112e-005,0.01586
4.5116e-005,0.0162866
4.512e-005,0.017363
4.5124e-005,0.0163957
4.5128e-005,0.0159294
4.5132e-005,0.0167529
4.5136e-005,0.0180079
4.514e-005,0.018499
4.5144e-005,0.0189008
4.5148e-005,0.0186875
4.5152e-005,0.0187421
4.5156e-005,0.0174374
4.516e-005,0.0180922
4.5164e-005,0.0191737
4.5168e-005,0.0182758
4.5172e-005,0.0181815
4.5176e-005,0.0185486
4.518e-005,0.0121048
4.5184e-005,0.00275409
4.5188e-005,0.00135024
4.5192e-005,0.000184504
4.5196e-005,-0.000475255
4.52e-005,0.000368046
4.5204e-005,-0.000574467
4.5208e-005,-7.34468e-005
4.5212e-005,-3.87227e-005
4.5216e-005,-0.000777851
4.522e-005,0.00625627
4.5224e-005,0.0157508
4.5228e-005,0.0171993
4.5232e-005,0.0186875
4.5236e-005,0.0205577
4.524e-005,0.0211083
4.5244e-005,0.0207313
4.5248e-005,0.0221451
4.5252e-005,0.0226907
4.5256e-005,0.022026
4.526e-005,0.0225766
4.5264e-005,0.0237771
4.5268e-005,0.0236283
4.5272e-005,0.0240102
4.5276e-005,0.0240549
4.528e-005,0.0239457
4.5284e-005,0.0234398
4.5288e-005,0.0239904
4.5292e-005,0.023668
4.5296e-005,0.0245113
4.53e-005,0.024412
4.5304e-005,0.0236183
4.5308e-005,0.024169
4.5312e-005,0.0246204
4.5316e-005,0.0239706
4.532e-005,0.0241591
4.5324e-005,0.024035
4.5328e-005,0.0245063
4.5332e-005,0.0243029
4.5336e-005,0.0239557
4.534e-005,0.0237027
4.5344e-005,0.0241888
4.5348e-005,0.0240747
4.5352e-005,0.0241591
4.5356e-005,0.0244468
4.536e-005,0.0241243
4.5364e-005,0.0238366
4.5368e-005,0.0242285
4.5372e-005,0.0242037
4.5376e-005,0.02404
4.538e-005,0.0248039
4.5384e-005,0.0244716
4.5388e-005,0.0247444
4.5392e-005,0.0245509
4.5396e-005,0.0242682
4.54e-005,0.0242483
4.5404e-005,0.0240549
4.5408e-005,0.0240251
4.5412e-005,0.0242087
4.5416e-005,0.0246551
4.542e-005,0.0243724
4.5424e-005,0.0240648
4.5428e-005,0.0252355
4.5432e-005,0.0244865
4.5436e-005,0.0239706
4.544e-005,0.0249478
4.5444e-005,0.0243972
4.5448e-005,0.0237771
4.5452e-005,0.024412
4.5456e-005,0.0247692
4.546e-005,0.0240698
4.5464e-005,0.0244914
4.5468e-005,0.0244666
4.5472e-005,0.0237523
4.5476e-005,0.024164
4.548e-005,0.0245113
4.5484e-005,0.0243079
4.5488e-005,0.024665
4.5492e-005,0.0238961
4.5496e-005,0.0241194
4.55e-005,0.0240747
4.5504e-005,0.0238912
4.5508e-005,0.0233356
4.5512e-005,0.0241491
4.5516e-005,0.0239954
4.552e-005,0.0237572
4.5524e-005,0.0241392
4.5528e-005,0.0240698
4.5532e-005,0.0238515
4.5536e-005,0.023792
4.554e-005,0.0239358
4.5544e-005,0.0237027
4.5548e-005,0.0238664
4.5552e-005,0.0236977
4.5556e-005,0.0233604
4.556e-005,0.0242483
4.5564e-005,0.0234695
4.5568e-005,0.024035
4.5572e-005,0.0231173
4.5576e-005,0.0239507
4.558e-005,0.0237572
4.5584e-005,0.0236928
4.5588e-005,0.0240598
4.5592e-005,0.0240152
4.5596e-005,0.0241938
4.56e-005,0.0240499
4.5604e-005,0.0238168
4.5608e-005,0.0241491
4.5612e-005,0.0243575
4.5616e-005,0.0239954
4.562e-005,0.0243724
4.5624e-005,0.0248188
4.5628e-005,0.0238267
4.5632e-005,0.0240499
4.5636e-005,0.0237672
4.564e-005,0.0234646
4.5644e-005,0.0241045
4.5648e-005,0.0236928
4.5652e-005,0.0239061
4.5656e-005,0.0238763
4.566e-005,0.0240995
4.5664e-005,0.0241293
4.5668e-005,0.0246353
4.5672e-005,0.0245509
4.5676e-005,0.0240598
4.568e-005,0.0243476
4.5684e-005,0.024045
4.5688e-005,0.0240698
4.5692e-005,0.0246204
4.5696e-005,0.0239904
4.57e-005,0.0235787
4.5704e-005,0.0240102
4.5708e-005,0.0233009
4.5712e-005,0.0237721
4.5716e-005,0.0240301
4.572e-005,0.0243922
4.5724e-005,0.0236779
4.5728e-005,0.0239656
4.5732e-005,0.0236878
4.5736e-005,0.0238961
4.574e-005,0.0238862
4.5744e-005,0.0244418
4.5748e-005,0.0240251
4.5752e-005,0.0244765
4.5756e-005,0.0241541
4.576e-005,0.0239309
4.5764e-005,0.0237672
4.5768e-005,0.0243277
4.5772e-005,0.0237424
4.5776e-005,0.0237672
4.578e-005,0.0246402
4.5784e-005,0.0238366
4.5788e-005,0.02341
4.5792e-005,0.0238862
4.5796e-005,0.0236878
4.58e-005,0.0240202
4.5804e-005,0.024164
4.5808e-005,0.0239408
4.5812e-005,0.0244319
4.5816e-005,0.0236481
4.582e-005,0.0235191
4.5824e-005,0.023539
4.5828e-005,0.0240549
4.5832e-005,0.0239259
4.5836e-005,0.023787
4.584e-005,0.0239706
4.5844e-005,0.0236432
4.5848e-005,0.024169
4.5852e-005,0.024164
4.5856e-005,0.0234894
4.586e-005,0.0243674
4.5864e-005,0.0245956
4.5868e-005,0.0235043
4.5872e-005,0.0235886
4.5876e-005,0.0239309
4.588e-005,0.0235985
4.5884e-005,0.024417
4.5888e-005,0.0239061
4.5892e-005,0.0238465
4.5896e-005,0.0237721
4.59e-005,0.0249031
4.5904e-005,0.0238515
4.5908e-005,0.0242682
4.5912e-005,0.0248436
4.5916e-005,0.0244765
4.592e-005,0.0248833
4.5924e-005,0.0216639
4.5928e-005,0.0192183
4.5932e-005,0.0199029
4.5936e-005,0.01901
4.594e-005,0.0182212
4.5944e-005,0.0185536
4.5948e-005,0.0126406
4.5952e-005,0.00264992
4.5956e-005,0.0011419
4.596e-005,-0.000539743
4.5964e-005,-0.000589349
4.5968e-005,0.000799618
4.5972e-005,-1.39197e-005
4.5976e-005,-0.00059927
4.598e-005,5.55286e-005
4.5984e-005,-0.00113501
4.5988e-005,0.00552706
4.5992e-005,0.0166586
4.5996e-005,0.0192927
4.6e-005,0.0207561
4.6004e-005,0.0236878
4.6008e-005,0.0249776
4.6012e-005,0.0255331
4.6016e-005,0.0278349
4.602e-005,0.0287774
4.6024e-005,0.0293875
4.6028e-005,0.0298786
4.6032e-005,0.0308509
4.6036e-005,0.0311684
4.604e-005,0.0316545
4.6044e-005,0.0324879
4.6048e-005,0.0324135
4.6052e-005,0.0326367
4.6056e-005,0.033609
4.606e-005,0.0335098
4.6064e-005,0.033857
4.6068e-005,0.0335445
4.6072e-005,0.0342142
4.6076e-005,0.0342935
4.608e-005,0.0342638
4.6084e-005,0.0343134
4.6088e-005,0.0349731
4.6092e-005,0.0345118
4.6096e-005,0.0347598
4.61e-005,0.0345069
4.6104e-005,0.034358
4.6108e-005,0.0343928
4.6112e-005,0.0347598
4.6116e-005,0.0345614
4.612e-005,0.0355238
4.6124e-005,0.034864
4.6128e-005,0.0354345
4.6132e-005,0.0342489
4.6136e-005,0.0352906
4.614e-005,0.0346904
4.6144e-005,0.0345267
4.6148e-005,0.0346904
4.6152e-005,0.0343481
4.6156e-005,0.0346755
4.616e-005,0.0347251
4.6164e-005,0.0347946
4.6168e-005,0.0343977
4.6172e-005,0.0347301
4.6176e-005,0.0344126
4.618e-005,0.0350128
4.6184e-005,0.0344721
4.6188e-005,0.0349235
4.6192e-005,0.0340703
4.6196e-005,0.0341447
4.62e-005,0.0335247
4.6204e-005,0.033991
4.6208e-005,0.0343134
4.6212e-005,0.0350178
4.6216e-005,0.0342291
4.622e-005,0.0336487
4.6224e-005,0.0342092
4.6228e-005,0.0343184
4.6232e-005,0.0349533
4.6236e-005,0.0342291
4.624e-005,0.0334751
4.6244e-005,0.0340753
4.6248e-005,0.0341348
4.6252e-005,0.0344225
4.6256e-005,0.0344721
4.626e-005,0.0343382
4.6264e-005,0.0340257
4.6268e-005,0.0343184
4.6272e-005,0.0339265
4.6276e-005,0.0335643
4.628e-005,0.0342935
4.6284e-005,0.0346408
4.6288e-005,0.0339364
4.6292e-005,0.0339562
4.6296e-005,0.0344473
4.63e-005,0.0347747
4.6304e-005,0.0345664
4.6308e-005,0.0344126
4.6312e-005,0.0340852
4.6316e-005,0.0346259
4.632e-005,0.0346606
4.6324e-005,0.0340058
4.6328e-005,0.0345763
4.6332e-005,0.0342539
4.6336e-005,0.0337826
4.634e-005,0.034234
4.6344e-005,0.0345664
4.6348e-005,0.0339265
4.6352e-005,0.0338521
4.6356e-005,0.0343233
4.636e-005,0.0347747
4.6364e-005,0.0339314
4.6368e-005,0.0341745
4.6372e-005,0.0337429
4.6376e-005,0.0342191
4.638e-005,0.0339612
4.6384e-005,0.0331873
4.6388e-005,0.0342787
4.6392e-005,0.0341447
4.6396e-005,0.03411
4.64e-005,0.0338074
4.6404e-005,0.0338471
4.6408e-005,0.0340951
4.6412e-005,0.0344126
4.6416e-005,0.034735
4.642e-005,0.0344275
4.6424e-005,0.0342836
4.6428e-005,0.0348987
4.6432e-005,0.0347995
4.6436e-005,0.0343432
4.644e-005,0.0345465
4.6444e-005,0.0341447
4.6448e-005,0.0349632
4.6452e-005,0.034363
4.6456e-005,0.0340802
4.646e-005,0.0348938
4.6464e-005,0.0336536
4.6468e-005,0.0338868
4.6472e-005,0.0342836
4.6476e-005,0.0343332
4.648e-005,0.0337082
4.6484e-005,0.03474
4.6488e-005,0.0348491
4.6492e-005,0.0340554
4.6496e-005,0.0345961
4.65e-005,0.0340951
4.6504e-005,0.0344821
4.6508e-005,0.0340009
4.6512e-005,0.0342092
4.6516e-005,0.0341894
4.652e-005,0.0342092
4.6524e-005,0.0336437
4.6528e-005,0.0336338
4.6532e-005,0.0341249
4.6536e-005,0.0341298
4.654e-005,0.0344374
4.6544e-005,0.0344721
4.6548e-005,0.0341844
4.6552e-005,0.0334751
4.6556e-005,0.03411
4.656e-005,0.0339116
4.6564e-005,0.0337231
4.6568e-005,0.0337528
4.6572e-005,0.0337826
4.6576e-005,0.0342687
4.658e-005,0.0344969
4.6584e-005,0.0345217
4.6588e-005,0.0344572
4.6592e-005,0.0347301
4.6596e-005,0.0344225
4.66e-005,0.0338074
4.6604e-005,0.0346458
4.6608e-005,0.0345515
4.6612e-005,0.0339711
4.6616e-005,0.0341249
4.662e-005,0.0350277
4.6624e-005,0.034745
4.6628e-005,0.0348343
4.6632e-005,0.0344473
4.6636e-005,0.0340108
4.664e-005,0.0341249
4.6644e-005,0.0344473
4.6648e-005,0.0339463
4.6652e-005,0.0350277
4.6656e-005,0.0348491
4.666e-005,0.033609
4.6664e-005,0.0332816
4.6668e-005,0.0330782
4.6672e-005,0.0318232
4.6676e-005,0.0316099
4.668e-005,0.0313817
4.6684e-005,0.0303896
4.6688e-005,0.0308559
4.6692e-005,0.0253496
4.6696e-005,0.0203642
4.67e-005,0.019506
4.6704e-005,0.0191637
4.6708e-005,0.0185734
4.6712e-005,0.0179285
4.6716e-005,0.0131862
4.672e-005,0.00274913
4.6724e-005,0.00154867
4.6728e-005,-0.00026691
4.6732e-005,-0.000569506
4.6736e-005,5.92266e-006
4.674e-005,-0.000252028
4.6744e-005,-0.000668718
4.6748e-005,-0.000232186
4.6752e-005,-0.0011499
4.6756e-005,0.00492683
4.676e-005,0.0165049
4.6764e-005,0.0202253
4.6768e-005,0.0229536
4.6772e-005,0.0267634
4.6776e-005,0.0288567
4.678e-005,0.0295512
4.6784e-005,0.0321952
4.6788e-005,0.0337776
4.6792e-005,0.0348888
4.6796e-005,0.0358462
4.68e-005,0.0377114
4.6804e-005,0.0380983
4.6808e-005,0.0396659
4.6812e-005,0.0397601
4.6816e-005,0.0403008
4.682e-005,0.0408217
4.6824e-005,0.0417344
4.6828e-005,0.0421611
4.6832e-005,0.0428704
4.6836e-005,0.0423148
4.684e-005,0.0428208
4.6844e-005,0.0429547
4.6848e-005,0.0427166
4.6852e-005,0.0428555
4.6856e-005,0.0442792
4.686e-005,0.0433714
4.6864e-005,0.0432474
4.6868e-005,0.0448398
4.6872e-005,0.0432921
4.6876e-005,0.0436343
4.688e-005,0.0441155
4.6884e-005,0.043555
4.6888e-005,0.0442296
4.6892e-005,0.0446711
4.6896e-005,0.0444578
4.69e-005,0.044061
4.6904e-005,0.044815
4.6908e-005,0.0441205
4.6912e-005,0.0442098
4.6916e-005,0.0448894
4.692e-005,0.0442147
4.6924e-005,0.043932
4.6928e-005,0.0442495
4.6932e-005,0.0444528
4.6936e-005,0.0438725
4.694e-005,0.0447852
4.6944e-005,0.0446165
4.6948e-005,0.0451424
4.6952e-005,0.0446116
4.6956e-005,0.0441999
4.696e-005,0.0439915
4.6964e-005,0.0448497
4.6968e-005,0.0444727
4.6972e-005,0.0437931
4.6976e-005,0.0446165
4.698e-005,0.0443884
4.6984e-005,0.0443189
4.6988e-005,0.0452515
4.6992e-005,0.0446017
4.6996e-005,0.0449489
4.7e-005,0.0445421
4.7004e-005,0.0441155
4.7008e-005,0.0450878
4.7012e-005,0.0451523
4.7016e-005,0.044686
4.702e-005,0.044557
4.7024e-005,0.0453706
4.7028e-005,0.0443388
4.7032e-005,0.0443338
4.7036e-005,0.04418
4.704e-005,0.0439171
4.7044e-005,0.0438179
4.7048e-005,0.0442147
4.7052e-005,0.0440461
4.7056e-005,0.0437385
4.706e-005,0.0449836
4.7064e-005,0.0440114
4.7068e-005,0.0446116
4.7072e-005,0.0442594
4.7076e-005,0.0442296
4.708e-005,0.044051
4.7084e-005,0.0441999
4.7088e-005,0.0440709
4.7092e-005,0.0445917
4.7096e-005,0.0442842
4.71e-005,0.0447604
4.7104e-005,0.0440064
4.7108e-005,0.0445967
4.7112e-005,0.0444776
4.7116e-005,0.0451821
4.712e-005,0.0450828
4.7124e-005,0.0450779
4.7128e-005,0.0441899
4.7132e-005,0.0453606
4.7136e-005,0.0442495
4.714e-005,0.0441304
4.7144e-005,0.0446562
4.7148e-005,0.0442544
4.7152e-005,0.0440957
4.7156e-005,0.0450134
4.716e-005,0.0446662
4.7164e-005,0.0442197
4.7168e-005,0.0446612
4.7172e-005,0.0445719
4.7176e-005,0.0446066
4.718e-005,0.0452862
4.7184e-005,0.0448199
4.7188e-005,0.0444132
4.7192e-005,0.0439568
4.7196e-005,0.0443189
4.72e-005,0.0442445
4.7204e-005,0.0441403
4.7208e-005,0.0441304
4.7212e-005,0.0445421
4.7216e-005,0.044805
4.722e-005,0.0446562
4.7224e-005,0.0438278
4.7228e-005,0.0451473
4.7232e-005,0.0443288
4.7236e-005,0.0442247
4.724e-005,0.044557
4.7244e-005,0.0442991
4.7248e-005,0.0440163
4.7252e-005,0.0444628
4.7256e-005,0.0439865
4.726e-005,0.0442991
4.7264e-005,0.0452069
4.7268e-005,0.044557
4.7272e-005,0.0443586
4.7276e-005,0.0440461
4.728e-005,0.0445719
4.7284e-005,0.0441701
4.7288e-005,0.0437881
4.7292e-005,0.0443437
4.7296e-005,0.0432425
4.73e-005,0.0440114
4.7304e-005,0.0436889
4.7308e-005,0.0437832
4.7312e-005,0.0452118
4.7316e-005,0.0445124
4.732e-005,0.0442495
4.7324e-005,0.0447058
4.7328e-005,0.0443388
4.7332e-005,0.0443388
4.7336e-005,0.0447108
4.734e-005,0.044304
4.7344e-005,0.0445769
4.7348e-005,0.0449638
4.7352e-005,0.0440808
4.7356e-005,0.0439419
4.736e-005,0.043927
4.7364e-005,0.04418
4.7368e-005,0.0442693
4.7372e-005,0.0447058
4.7376e-005,0.0445669
4.738e-005,0.0437187
4.7384e-005,0.0438973
4.7388e-005,0.0444479
4.7392e-005,0.0444528
4.7396e-005,0.0449588
4.74e-005,0.04418
4.7404e-005,0.0444975
4.7408e-005,0.0440064
4.7412e-005,0.0444479
4.7416e-005,0.0439518
4.742e-005,0.0447306
4.7424e-005,0.0441751
4.7428e-005,0.0433764
4.7432e-005,0.0438526
4.7436e-005,0.0406878
4.744e-005,0.037766
4.7444e-005,0.0366498
4.7448e-005,0.034869
4.7452e-005,0.0351666
4.7456e-005,0.0338273
4.746e-005,0.0271801
4.7464e-005,0.0212273
4.7468e-005,0.0201311
4.7472e-005,0.0196201
4.7476e-005,0.0180625
4.748e-005,0.0176011
4.7484e-005,0.0130374
4.7488e-005,0.00271937
4.7492e-005,0.00151394
4.7496e-005,-0.000137935
4.75e-005,-0.000807615
4.7504e-005,0.000115056
4.7508e-005,-3.87227e-005
4.7512e-005,-0.00076793
4.7516e-005,0.000184504
4.752e-005,-0.00142769
4.7524e-005,0.0066928
4.7528e-005,0.0173382
4.7532e-005,0.0173134
4.7536e-005,0.0166586
4.754e-005,0.0184147
4.7544e-005,0.0175565
4.7548e-005,0.0166239
4.7552e-005,0.0171597
4.7556e-005,0.0167082
4.756e-005,0.0161328
4.7564e-005,0.0155723
4.7568e-005,0.0163808
4.7572e-005,0.0165148
4.7576e-005,0.0160435
4.758e-005,0.0154631
4.7584e-005,0.0158848
4.7588e-005,0.015726
4.7592e-005,0.0154929
4.7596e-005,0.0165743
4.76e-005,0.0153242
4.7604e-005,0.0156467
4.7608e-005,0.0153292
4.7612e-005,0.0152746
4.7616e-005,0.0152052
4.762e-005,0.0158203
4.7624e-005,0.0156864
4.7628e-005,0.0145355
4.7632e-005,0.0154681
4.7636e-005,0.0159096
4.764e-005,0.0153838
4.7644e-005,0.0155673
4.7648e-005,0.0158005
4.7652e-005,0.0166338
4.7656e-005,0.016237
4.766e-005,0.0159245
4.7664e-005,0.0155276
4.7668e-005,0.0156764
4.7672e-005,0.0159394
4.7676e-005,0.0154135
4.768e-005,0.0154234
4.7684e-005,0.0156616
4.7688e-005,0.0159741
4.7692e-005,0.0153986
4.7696e-005,0.015736
4.77e-005,0.0158649
4.7704e-005,0.0162618
4.7708e-005,0.0163461
4.7712e-005,0.0151804
4.7716e-005,0.0155673
4.772e-005,0.015726
4.7724e-005,0.0155623
4.7728e-005,0.0158352
4.7732e-005,0.0164255
4.7736e-005,0.0157409
4.774e-005,0.0159939
4.7744e-005,0.0159542
4.7748e-005,0.0148728
4.7752e-005,0.0168323
4.7756e-005,0.0155723
4.776e-005,0.0165396
4.7764e-005,0.0164652
4.7768e-005,0.0156219
4.7772e-005,0.0160981
4.7776e-005,0.0166884
4.778e-005,0.0161378
4.7784e-005,0.0154582
4.7788e-005,0.0159642
4.7792e-005,0.0162469
4.7796e-005,0.0163114
4.78e-005,0.016614
4.7804e-005,0.0169315
4.7808e-005,0.0165495
4.7812e-005,0.0161824
4.7816e-005,0.0163263
4.782e-005,0.0156913
4.7824e-005,0.0163362
4.7828e-005,0.0160138
4.7832e-005,0.0162221
4.7836e-005,0.0157409
4.784e-005,0.015736
4.7844e-005,0.0152846
4.7848e-005,0.0164304
4.7852e-005,0.0158649
4.7856e-005,0.016113
4.786e-005,0.016485
4.7864e-005,0.0166884
4.7868e-005,0.0165892
4.7872e-005,0.0160683
4.7876e-005,0.0161775
4.788e-005,0.0170654
4.7884e-005,0.0162618
4.7888e-005,0.016738
4.7892e-005,0.016614
4.7896e-005,0.0161229
4.79e-005,0.016366
4.7904e-005,0.0163064
4.7908e-005,0.0159691
4.7912e-005,0.0163362
4.7916e-005,0.0162916
4.792e-005,0.0163908
4.7924e-005,0.0162667
4.7928e-005,0.0162023
4.7932e-005,0.0160534
4.7936e-005,0.0159145
4.794e-005,0.0158054
4.7944e-005,0.0162767
4.7948e-005,0.0159344
4.7952e-005,0.0155425
4.7956e-005,0.0165991
4.796e-005,0.0164801
4.7964e-005,0.0165941
4.7968e-005,0.015989
4.7972e-005,0.0167231
4.7976e-005,0.0164106
4.798e-005,0.0163362
4.7984e-005,0.0158848
4.7988e-005,0.015726
4.7992e-005,0.0162916
4.7996e-005,0.015607
4.8e-005,0.0162072
4.8004e-005,0.0162916
4.8008e-005,0.0159344
4.8012e-005,0.0162469
4.8016e-005,0.0156566
4.802e-005,0.0165941
4.8024e-005,0.0160386
4.8028e-005,0.0161179
4.8032e-005,0.0160088
4.8036e-005,0.015989
4.804e-005,0.0164503
4.8044e-005,0.0161675
4.8048e-005,0.0164255
4.8052e-005,0.0163362
4.8056e-005,0.0159691
4.806e-005,0.0161279
4.8064e-005,0.0162866
4.8068e-005,0.0165346
4.8072e-005,0.0158104
4.8076e-005,0.0158897
4.808e-005,0.0161923
4.8084e-005,0.0160336
4.8088e-005,0.0159294
4.8092e-005,0.0162916
4.8096e-005,0.0157856
4.81e-005,0.0161626
4.8104e-005,0.0165991
4.8108e-005,0.0156616
4.8112e-005,0.0159096
4.8116e-005,0.0161328
4.812e-005,0.0160782
4.8124e-005,0.0162866
4.8128e-005,0.0157806
4.8132e-005,0.0159989
4.8136e-005,0.015855
4.814e-005,0.0152349
4.8144e-005,0.015731
4.8148e-005,0.0160832
4.8152e-005,0.0155623
4.8156e-005,0.0154681
4.816e-005,0.015602
4.8164e-005,0.0157161
4.8168e-005,0.015855
4.8172e-005,0.0161874
4.8176e-005,0.0159046
4.818e-005,0.0162618
4.8184e-005,0.0156467
4.8188e-005,0.0160534
4.8192e-005,0.0160981
4.8196e-005,0.015607
4.82e-005,0.0159741
4.8204e-005,0.0171646
4.8208e-005,0.0171894
4.8212e-005,0.018122
4.8216e-005,0.0189256
4.822e-005,0.01838
4.8224e-005,0.0184544
4.8228e-005,0.0171597
4.8232e-005,0.0180228
4.8236e-005,0.0185486
4.824e-005,0.0178641
4.8244e-005,0.0175863
4.8248e-005,0.0183849
4.8252e-005,0.0116336
4.8256e-005,0.00216378
4.826e-005,0.000779775
4.8264e-005,-0.000212343
4.8268e-005,-0.00018258
4.8272e-005,0.000377967
4.8276e-005,-0.000321477
4.828e-005,-0.00100604
4.8284e-005,-0.000118092
4.8288e-005,-0.000916748
4.8292e-005,0.00665808
4.8296e-005,0.015989
4.83e-005,0.0180476
4.8304e-005,0.0183502
4.8308e-005,0.0201261
4.8312e-005,0.0205924
4.8316e-005,0.0209198
4.832e-005,0.021902
4.8324e-005,0.0220558
4.8328e-005,0.0218325
4.8332e-005,0.022408
4.8336e-005,0.023281
4.834e-005,0.0231372
4.8344e-005,0.0235985
4.8348e-005,0.024045
4.8352e-005,0.0233108
4.8356e-005,0.0230628
4.836e-005,0.023663
4.8364e-005,0.0236382
4.8368e-005,0.0234398
4.8372e-005,0.0244319
4.8376e-005,0.0241243
4.838e-005,0.024035
4.8384e-005,0.024541
4.8388e-005,0.0239557
4.8392e-005,0.0246204
4.8396e-005,0.023911
4.84e-005,0.0243724
4.8404e-005,0.0243624
4.8408e-005,0.0239309
4.8412e-005,0.0241491
4.8416e-005,0.0240648
4.842e-005,0.0242831
4.8424e-005,0.0234646
4.8428e-005,0.0238515
4.8432e-005,0.0236035
4.8436e-005,0.0239408
4.844e-005,0.0239656
4.8444e-005,0.023911
4.8448e-005,0.024293
4.8452e-005,0.0244865
4.8456e-005,0.0240946
4.846e-005,0.0240053
4.8464e-005,0.023787
4.8468e-005,0.023792
4.8472e-005,0.0238961
4.8476e-005,0.024288
4.848e-005,0.0237424
4.8484e-005,0.0232265
4.8488e-005,0.0235886
4.8492e-005,0.0237523
4.8496e-005,0.022775
4.85e-005,0.0234298
4.8504e-005,0.0235737
4.8508e-005,0.0236928
4.8512e-005,0.0231223
4.8516e-005,0.0230132
4.852e-005,0.0234745
4.8524e-005,0.0237027
4.8528e-005,0.0235886
4.8532e-005,0.0232364
4.8536e-005,0.0235787
4.854e-005,0.0237374
4.8544e-005,0.0242434
4.8548e-005,0.0236084
4.8552e-005,0.0240598
4.8556e-005,0.0234894
4.856e-005,0.0232265
4.8564e-005,0.0236928
4.8568e-005,0.0235588
4.8572e-005,0.0235985
4.8576e-005,0.023291
4.858e-005,0.0233455
4.8584e-005,0.0233802
4.8588e-005,0.0238664
4.8592e-005,0.0230776
4.8596e-005,0.0234844
4.86e-005,0.0239061
4.8604e-005,0.0232116
4.8608e-005,0.0232612
4.8612e-005,0.0232215
4.8616e-005,0.0235489
4.862e-005,0.0240202
4.8624e-005,0.0234547
4.8628e-005,0.0234298
4.8632e-005,0.023405
4.8636e-005,0.0239209
4.864e-005,0.0232165
4.8644e-005,0.0233207
4.8648e-005,0.023782
4.8652e-005,0.0237424
4.8656e-005,0.0241293
4.866e-005,0.0239408
4.8664e-005,0.023787
4.8668e-005,0.0232066
4.8672e-005,0.0238267
4.8676e-005,0.0236233
4.868e-005,0.0239358
4.8684e-005,0.0238366
4.8688e-005,0.0238565
4.8692e-005,0.023782
4.8696e-005,0.0236828
4.87e-005,0.0234398
4.8704e-005,0.0236233
4.8708e-005,0.0235043
4.8712e-005,0.0238217
4.8716e-005,0.0237126
4.872e-005,0.0240598
4.8724e-005,0.0234795
4.8728e-005,0.0234646
4.8732e-005,0.0232066
4.8736e-005,0.0240251
4.874e-005,0.0237622
4.8744e-005,0.0239904
4.8748e-005,0.0239656
4.8752e-005,0.0240846
4.8756e-005,0.0240995
4.876e-005,0.0235043
4.8764e-005,0.0243029
4.8768e-005,0.0234348
4.8772e-005,0.0234894
4.8776e-005,0.0237523
4.878e-005,0.0235241
4.8784e-005,0.024164
4.8788e-005,0.0232562
4.8792e-005,0.024169
4.8796e-005,0.0241888
4.88e-005,0.0236531
4.8804e-005,0.0244666
4.8808e-005,0.0236878
4.8812e-005,0.0234844
4.8816e-005,0.0238614
4.882e-005,0.023668
4.8824e-005,0.0239904
4.8828e-005,0.0236183
4.8832e-005,0.0241343
4.8836e-005,0.0235588
4.884e-005,0.0231521
4.8844e-005,0.024045
4.8848e-005,0.0241442
4.8852e-005,0.0238217
4.8856e-005,0.0233356
4.886e-005,0.0242682
4.8864e-005,0.0231521
4.8868e-005,0.0235191
4.8872e-005,0.0238168
4.8876e-005,0.0236481
4.888e-005,0.0235539
4.8884e-005,0.0232463
4.8888e-005,0.0239755
4.8892e-005,0.0233604
4.8896e-005,0.023787
4.89e-005,0.023782
4.8904e-005,0.0237424
4.8908e-005,0.0238168
4.8912e-005,0.0241194
4.8916e-005,0.0233802
4.892e-005,0.0239209
4.8924e-005,0.0241739
4.8928e-005,0.0237672
4.8932e-005,0.0233257
4.8936e-005,0.0238565
4.894e-005,0.0236481
4.8944e-005,0.0238713
4.8948e-005,0.0246452
4.8952e-005,0.0237027
4.8956e-005,0.0238416
4.896e-005,0.0237324
4.8964e-005,0.0231769
4.8968e-005,0.0235588
4.8972e-005,0.0244815
4.8976e-005,0.024045
4.898e-005,0.0243079
4.8984e-005,0.0242186
4.8988e-005,0.0248883
4.8992e-005,0.0250024
4.8996e-005,0.0216788
4.9e-005,0.0194018
4.9004e-005,0.0194415
4.9008e-005,0.0189008
4.9012e-005,0.0185883
4.9016e-005,0.018623
4.902e-005,0.0119808
4.9024e-005,0.00209929
4.9028e-005,0.000715288
4.9032e-005,-0.00068856
4.9036e-005,-0.000837378
4.904e-005,0.000368046
4.9044e-005,-0.000663758
4.9048e-005,-0.000286752
4.9052e-005,-0.000172659
4.9056e-005,-0.00144753
4.906e-005,0.00555683
4.9064e-005,0.0169414
4.9068e-005,0.0192133
4.9072e-005,0.0201112
4.9076e-005,0.0233951
4.908e-005,0.0250916
4.9084e-005,0.0256621
4.9088e-005,0.0275075
4.9092e-005,0.0286583
4.9096e-005,0.0290552
4.91e-005,0.030087
4.9104e-005,0.0311535
4.9108e-005,0.0312081
4.9112e-005,0.0322795
4.9116e-005,0.0325772
4.912e-005,0.0334106
4.9124e-005,0.0326268
4.9128e-005,0.0332617
4.9132e-005,0.0332766
4.9136e-005,0.0341894
4.914e-005,0.034239
4.9144e-005,0.0340257
4.9148e-005,0.0340753
4.9152e-005,0.0339314
4.9156e-005,0.0350029
4.916e-005,0.0347747
4.9164e-005,0.034105
4.9168e-005,0.034492
4.9172e-005,0.0342985
4.9176e-005,0.0348839
4.918e-005,0.0344374
4.9184e-005,0.0347202
4.9188e-005,0.0343035
4.9192e-005,0.0348789
4.9196e-005,0.0344027
4.92e-005,0.0351666
4.9204e-005,0.0343332
4.9208e-005,0.0350376
4.9212e-005,0.0348243
4.9216e-005,0.0340753
4.922e-005,0.0344473
4.9224e-005,0.0341447
4.9228e-005,0.0343977
4.9232e-005,0.0343779
4.9236e-005,0.0346458
4.924e-005,0.0346011
4.9244e-005,0.0342638
4.9248e-005,0.034492
4.9252e-005,0.0342489
4.9256e-005,0.0354891
4.926e-005,0.0346507
4.9264e-005,0.0346358
4.9268e-005,0.0347202
4.9272e-005,0.0354543
4.9276e-005,0.0339513
4.928e-005,0.0347946
4.9284e-005,0.0347152
4.9288e-005,0.035117
4.9292e-005,0.0346011
4.9296e-005,0.0338769
4.93e-005,0.0344622
4.9304e-005,0.0349136
4.9308e-005,0.0350228
4.9312e-005,0.0343432
4.9316e-005,0.0345118
4.932e-005,0.034115
4.9324e-005,0.0342638
4.9328e-005,0.0341894
4.9332e-005,0.0344721
4.9336e-005,0.0342489
4.934e-005,0.0342092
4.9344e-005,0.0341844
4.9348e-005,0.0338521
4.9352e-005,0.0337826
4.9356e-005,0.0340108
4.936e-005,0.0337429
4.9364e-005,0.0335941
4.9368e-005,0.0336983
4.9372e-005,0.0344076
4.9376e-005,0.0339513
4.938e-005,0.0344027
4.9384e-005,0.0340058
4.9388e-005,0.0345465
4.9392e-005,0.0341745
4.9396e-005,0.0342588
4.94e-005,0.0346706
4.9404e-005,0.0342092
4.9408e-005,0.0338322
4.9412e-005,0.0340604
4.9416e-005,0.0344374
4.942e-005,0.0339116
4.9424e-005,0.0340356
4.9428e-005,0.0337429
4.9432e-005,0.0341795
4.9436e-005,0.0333808
4.944e-005,0.03348
4.9444e-005,0.0329145
4.9448e-005,0.0341348
4.9452e-005,0.0339959
4.9456e-005,0.0336437
4.946e-005,0.0338223
4.9464e-005,0.0336387
4.9468e-005,0.0333411
4.9472e-005,0.0339066
4.9476e-005,0.033604
4.948e-005,0.0338273
4.9484e-005,0.0339612
4.9488e-005,0.0338967
4.9492e-005,0.0329939
4.9496e-005,0.0332915
4.95e-005,0.0334949
4.9504e-005,0.0339265
4.9508e-005,0.0337925
4.9512e-005,0.0336735
4.9516e-005,0.0333312
4.952e-005,0.0339066
4.9524e-005,0.0338818
4.9528e-005,0.0331377
4.9532e-005,0.0341398
4.9536e-005,0.033351
4.954e-005,0.0335941
4.9544e-005,0.0344027
4.9548e-005,0.0339711
4.9552e-005,0.0337528
4.9556e-005,0.0338719
4.956e-005,0.0342638
4.9564e-005,0.0333262
4.9568e-005,0.0337628
4.9572e-005,0.0338322
4.9576e-005,0.033738
4.958e-005,0.0337727
4.9584e-005,0.033485
4.9588e-005,0.0338521
4.9592e-005,0.0340009
4.9596e-005,0.0336685
4.96e-005,0.0330881
4.9604e-005,0.0332518
4.9608e-005,0.0336933
4.9612e-005,0.0335048
4.9616e-005,0.0341547
4.962e-005,0.0343382
4.9624e-005,0.0338273
4.9628e-005,0.0334602
4.9632e-005,0.0348343
4.9636e-005,0.0343729
4.964e-005,0.0343928
4.9644e-005,0.0337925
4.9648e-005,0.0340306
4.9652e-005,0.0338421
4.9656e-005,0.0331576
4.966e-005,0.0341298
4.9664e-005,0.0335495
4.9668e-005,0.0334205
4.9672e-005,0.0335445
4.9676e-005,0.0341298
4.968e-005,0.0336387
4.9684e-005,0.0346209
4.9688e-005,0.0331725
4.9692e-005,0.0337727
4.9696e-005,0.0332667
4.97e-005,0.0344523
4.9704e-005,0.0339116
4.9708e-005,0.0333262
4.9712e-005,0.0340356
4.9716e-005,0.0334254
4.972e-005,0.0335197
4.9724e-005,0.03411
4.9728e-005,0.0348392
4.9732e-005,0.0336239
4.9736e-005,0.0331477
4.974e-005,0.032354
4.9744e-005,0.031724
4.9748e-005,0.0309402
4.9752e-005,0.030717
4.9756e-005,0.03033
4.976e-005,0.0308063
4.9764e-005,0.0252008
4.9768e-005,0.0201856
4.9772e-005,0.0190149
4.9776e-005,0.0185536
4.978e-005,0.0183254
4.9784e-005,0.0184246
4.9788e-005,0.0113855
4.9792e-005,0.0024515
4.9796e-005,0.0013304
4.98e-005,-0.000485176
4.9804e-005,-0.000584388
4.9808e-005,-0.000202422
4.9812e-005,-0.000172659
4.9816e-005,-0.000316516
4.982e-005,-0.000381004
4.9824e-005,-0.00100108
4.9828e-005,0.00529888
4.9832e-005,0.0167876
4.9836e-005,0.0202799
4.984e-005,0.0224873
4.9844e-005,0.0265104
4.9848e-005,0.0289014
4.9852e-005,0.0298042
4.9856e-005,0.032602
4.986e-005,0.0332915
4.9864e-005,0.0344523
4.9868e-005,0.036248
4.9872e-005,0.0375427
4.9876e-005,0.038009
4.988e-005,0.0385745
4.9884e-005,0.0401123
4.9888e-005,0.040281
4.9892e-005,0.0404496
4.9896e-005,0.041288
4.99e-005,0.041665
4.9904e-005,0.0423297
4.9908e-005,0.0423396
4.9912e-005,0.0426472
4.9916e-005,0.0428605
4.992e-005,0.0426373
4.9924e-005,0.0429597
4.9928e-005,0.0435351
4.9932e-005,0.0442395
4.9936e-005,0.0433367
4.994e-005,0.0447009
4.9944e-005,0.0438725
4.9948e-005,0.0438129
4.9952e-005,0.0439965
4.9956e-005,0.0441205
4.996e-005,0.0441999
4.9964e-005,0.0437732
4.9968e-005,0.0441205
4.9972e-005,0.043431
4.9976e-005,0.0442643
4.998e-005,0.0435996
4.9984e-005,0.0439121
4.9988e-005,0.0442891
4.9992e-005,0.0433913
4.9996e-005,0.0434558
5e-005,0.0447852
5.0004e-005,0.0438625
5.0008e-005,0.0439915
5.0012e-005,0.0441056
5.0016e-005,0.0443536
5.002e-005,0.0439865
5.0024e-005,0.0442197
5.0028e-005,0.044056
5.0032e-005,0.0437732
5.0036e-005,0.0445322
5.004e-005,0.0438228
5.0044e-005,0.0437385
5.0048e-005,0.0438824
5.0052e-005,0.0438377
5.0056e-005,0.0438973
5.006e-005,0.0442445
5.0064e-005,0.0435798
5.0068e-005,0.0438129
5.0072e-005,0.0436145
5.0076e-005,0.0440064
5.008e-005,0.0431978
5.0084e-005,0.0441304
5.0088e-005,0.0437088
5.0092e-005,0.0439766
5.0096e-005,0.0444925
5.01e-005,0.0442395
5.0104e-005,0.0439419
5.0108e-005,0.0445372
5.0112e-005,0.0437782
5.0116e-005,0.0436939
5.012e-005,0.044309
5.0124e-005,0.0441006
5.0128e-005,0.04355
5.0132e-005,0.0446513
5.0136e-005,0.0441155
5.014e-005,0.0433218
5.0144e-005,0.0443586
5.0148e-005,0.0438973
5.0152e-005,0.0435947
5.0156e-005,0.0442743
5.016e-005,0.0435649
5.0164e-005,0.0438129
5.0168e-005,0.0445273
5.0172e-005,0.0435203
5.0176e-005,0.0434062
5.018e-005,0.0441602
5.0184e-005,0.0436591
5.0188e-005,0.0440808
5.0192e-005,0.0433764
5.0196e-005,0.0441304
5.02e-005,0.0438576
5.0204e-005,0.0438576
5.0208e-005,0.0437385
5.0212e-005,0.0437683
5.0216e-005,0.0447406
5.022e-005,0.0431879
5.0224e-005,0.043426
5.0228e-005,0.0438576
5.0232e-005,0.0442941
5.0236e-005,0.0436195
5.024e-005,0.0440213
5.0244e-005,0.0442792
5.0248e-005,0.0433169
5.0252e-005,0.0438129
5.0256e-005,0.0437435
5.026e-005,0.0435054
5.0264e-005,0.0435103
5.0268e-005,0.0445421
5.0272e-005,0.0439022
5.0276e-005,0.0442643
5.028e-005,0.0438427
5.0284e-005,0.0438824
5.0288e-005,0.0437336
5.0292e-005,0.0439568
5.0296e-005,0.0440262
5.03e-005,0.044185
5.0304e-005,0.0437584
5.0308e-005,0.0439617
5.0312e-005,0.0443189
5.0316e-005,0.0440808
5.032e-005,0.0437881
5.0324e-005,0.0441999
5.0328e-005,0.0437336
5.0332e-005,0.0440163
5.0336e-005,0.043808
5.034e-005,0.0441701
5.0344e-005,0.0439221
5.0348e-005,0.0442098
5.0352e-005,0.0434508
5.0356e-005,0.0437584
5.036e-005,0.0441651
5.0364e-005,0.0442247
5.0368e-005,0.0437732
5.0372e-005,0.0445124
5.0376e-005,0.0440858
5.038e-005,0.0446761
5.0384e-005,0.0440808
5.0388e-005,0.0438228
5.0392e-005,0.0438973
5.0396e-005,0.0442792
5.04e-005,0.0442346
5.0404e-005,0.0437187
5.0408e-005,0.0445917
5.0412e-005,0.0443239
5.0416e-005,0.0443586
5.042e-005,0.0443636
5.0424e-005,0.044562
5.0428e-005,0.0437484
5.0432e-005,0.0451126
5.0436e-005,0.0441999
5.044e-005,0.0436591
5.0444e-005,0.044309
5.0448e-005,0.0445769
5.0452e-005,0.0445471
5.0456e-005,0.044438
5.046e-005,0.0443685
5.0464e-005,0.0442792
5.0468e-005,0.0443586
5.0472e-005,0.0445421
5.0476e-005,0.0436294
5.048e-005,0.0442296
5.0484e-005,0.0442296
5.0488e-005,0.0438129
5.0492e-005,0.0447604
5.0496e-005,0.0445521
5.05e-005,0.0435748
5.0504e-005,0.0443834
5.0508e-005,0.0406927
5.0512e-005,0.0379743
5.0516e-005,0.0363572
5.052e-005,0.0357718
5.0524e-005,0.033991
5.0528e-005,0.0343779
5.0532e-005,0.0277158
5.0536e-005,0.021014
5.054e-005,0.0196697
5.0544e-005,0.0195705
5.0548e-005,0.0188512
5.0552e-005,0.0181815
5.0556e-005,0.012085
5.056e-005,0.00156355
5.0564e-005,0.00145442
5.0568e-005,-0.000197462
5.0572e-005,-0.0011747
5.0576e-005,0.000253952
5.058e-005,-0.000465334
5.0584e-005,-0.000480216
5.0588e-005,-0.000311555
5.0592e-005,-0.00141281
5.0596e-005,0.00637533
5.06e-005,0.0161576
5.0604e-005,0.01837
5.0608e-005,0.0179633
5.0612e-005,0.0180079
5.0616e-005,0.0177549
5.062e-005,0.0165644
5.0624e-005,0.0171448
5.0628e-005,0.0169364
5.0632e-005,0.0164056
5.0636e-005,0.0159493
5.064e-005,0.016738
5.0644e-005,0.0162618
5.0648e-005,0.0163759
5.0652e-005,0.0154681
5.0656e-005,0.0163064
5.066e-005,0.0158401
5.0664e-005,0.0157459
5.0668e-005,0.0159493
5.0672e-005,0.0157508
5.0676e-005,0.016232
5.068e-005,0.0155127
5.0684e-005,0.0156566
5.0688e-005,0.0159642
5.0692e-005,0.0156913
5.0696e-005,0.0155971
5.07e-005,0.0160386
5.0704e-005,0.015984
5.0708e-005,0.0153887
5.0712e-005,0.0160832
5.0716e-005,0.016609
5.072e-005,0.0159493
5.0724e-005,0.0154681
5.0728e-005,0.016614
5.0732e-005,0.0161725
5.0736e-005,0.0157012
5.074e-005,0.0161179
5.0744e-005,0.0159592
5.0748e-005,0.0156368
5.0752e-005,0.0160882
5.0756e-005,0.0166785
5.076e-005,0.0159741
5.0764e-005,0.0157806
5.0768e-005,0.0161229
5.0772e-005,0.0161576
5.0776e-005,0.0155475
5.078e-005,0.0161923
5.0784e-005,0.0160981
5.0788e-005,0.0160286
5.0792e-005,0.016108
5.0796e-005,0.015979
5.08e-005,0.0158401
5.0804e-005,0.0160733
5.0808e-005,0.0154979
5.0812e-005,0.0158054
5.0816e-005,0.0158997
5.082e-005,0.0161477
5.0824e-005,0.0162568
5.0828e-005,0.0166041
5.0832e-005,0.015736
5.0836e-005,0.016738
5.084e-005,0.0158997
5.0844e-005,0.0156814
5.0848e-005,0.015989
5.0852e-005,0.01586
5.0856e-005,0.0168025
5.086e-005,0.0160733
5.0864e-005,0.0160683
5.0868e-005,0.015607
5.0872e-005,0.0162023
5.0876e-005,0.0158699
5.088e-005,0.0162717
5.0884e-005,0.0158104
5.0888e-005,0.0160336
5.0892e-005,0.016366
5.0896e-005,0.0159443
5.09e-005,0.0166388
5.0904e-005,0.0161824
5.0908e-005,0.0162171
5.0912e-005,0.0165247
5.0916e-005,0.0157856
5.092e-005,0.0165842
5.0924e-005,0.0163263
5.0928e-005,0.0164553
5.0932e-005,0.0160981
5.0936e-005,0.015483
5.094e-005,0.0162469
5.0944e-005,0.0163858
5.0948e-005,0.0165743
5.0952e-005,0.0165148
5.0956e-005,0.0160882
5.096e-005,0.0168868
5.0964e-005,0.016366
5.0968e-005,0.0162023
5.0972e-005,0.0169364
5.0976e-005,0.0162767
5.098e-005,0.0165793
5.0984e-005,0.0162271
5.0988e-005,0.0163957
5.0992e-005,0.0162618
5.0996e-005,0.0159394
5.1e-005,0.0158352
5.1004e-005,0.0159096
5.1008e-005,0.0156318
5.1012e-005,0.0160782
5.1016e-005,0.0165049
5.102e-005,0.016609
5.1024e-005,0.0163858
5.1028e-005,0.0160931
5.1032e-005,0.015359
5.1036e-005,0.0151953
5.104e-005,0.0155673
5.1044e-005,0.0158153
5.1048e-005,0.0164156
5.1052e-005,0.0161626
5.1056e-005,0.0154284
5.106e-005,0.015359
5.1064e-005,0.0155871
5.1068e-005,0.0158649
5.1072e-005,0.0164503
5.1076e-005,0.0162667
5.108e-005,0.015984
5.1084e-005,0.0153838
5.1088e-005,0.0164553
5.1092e-005,0.0162667
5.1096e-005,0.0151903
5.11e-005,0.0165545
5.1104e-005,0.0166636
5.1108e-005,0.0162667
5.1112e-005,0.0161279
5.1116e-005,0.0159443
5.112e-005,0.0155177
5.1124e-005,0.0150911
5.1128e-005,0.0155028
5.1132e-005,0.016113
5.1136e-005,0.0161626
5.114e-005,0.0164205
5.1144e-005,0.0163808
5.1148e-005,0.0164999
5.1152e-005,0.0159394
5.1156e-005,0.0153937
5.116e-005,0.0160782
5.1164e-005,0.0159939
5.1168e-005,0.0154483
5.1172e-005,0.0166686
5.1176e-005,0.0157558
5.118e-005,0.0162568
5.1184e-005,0.0155227
5.1188e-005,0.0164354
5.1192e-005,0.015984
5.1196e-005,0.0156516
5.12e-005,0.0155127
5.1204e-005,0.0153292
5.1208e-005,0.0151903
5.1212e-005,0.0163709
5.1216e-005,0.0161527
5.122e-005,0.0158997
5.1224e-005,0.015607
5.1228e-005,0.0160634
5.1232e-005,0.0162419
5.1236e-005,0.0154483
5.124e-005,0.0157955
5.1244e-005,0.0152101
5.1248e-005,0.0151258
5.1252e-005,0.0151209
5.1256e-005,0.0156715
5.126e-005,0.0156417
