Time,Ampl
4.126e-005,0.0175466
4.1264e-005,0.0171993
4.1268e-005,0.0170902
4.1272e-005,0.0171001
4.1276e-005,0.0173829
4.128e-005,0.0172589
4.1284e-005,0.0167231
4.1288e-005,0.0173035
4.1292e-005,0.0168372
4.1296e-005,0.0164255
4.13e-005,0.0165793
4.1304e-005,0.017373
4.1308e-005,0.0174821
4.1312e-005,0.0168719
4.1316e-005,0.0170654
4.132e-005,0.0167926
4.1324e-005,0.0167827
4.1328e-005,0.0167479
4.1332e-005,0.016738
4.1336e-005,0.0172688
4.134e-005,0.0172093
4.1344e-005,0.0163412
4.1348e-005,0.0169761
4.1352e-005,0.0170803
4.1356e-005,0.0173878
4.136e-005,0.0171497
4.1364e-005,0.0174027
4.1368e-005,0.0172341
4.1372e-005,0.016991
4.1376e-005,0.0166934
4.138e-005,0.0172936
4.1384e-005,0.0169315
4.1388e-005,0.0164701
4.1392e-005,0.0172787
4.1396e-005,0.0166884
4.14e-005,0.0168273
4.1404e-005,0.0174623
4.1408e-005,0.0172688
4.1412e-005,0.01649
4.1416e-005,0.0169017
4.142e-005,0.0166438
4.1424e-005,0.0168124
4.1428e-005,0.0167182
4.1432e-005,0.0165445
4.1436e-005,0.0169464
4.144e-005,0.0166983
4.1444e-005,0.0168323
4.1448e-005,0.0176607
4.1452e-005,0.0170208
4.1456e-005,0.0166834
4.146e-005,0.0168571
4.1464e-005,0.0174672
4.1468e-005,0.0173581
4.1472e-005,0.0177698
4.1476e-005,0.0171646
4.148e-005,0.0171398
4.1484e-005,0.0170108
4.1488e-005,0.0168868
4.1492e-005,0.0167082
4.1496e-005,0.0165297
4.15e-005,0.0164751
4.1504e-005,0.0169414
4.1508e-005,0.0167082
4.1512e-005,0.016862
4.1516e-005,0.0162618
4.152e-005,0.0163213
4.1524e-005,0.0163015
4.1528e-005,0.0172043
4.1532e-005,0.0169315
4.1536e-005,0.0172043
4.154e-005,0.0166289
4.1544e-005,0.0170555
4.1548e-005,0.0171249
4.1552e-005,0.0171299
4.1556e-005,0.016609
4.156e-005,0.0166586
4.1564e-005,0.016862
4.1568e-005,0.016356
4.1572e-005,0.0174077
4.1576e-005,0.017492
4.158e-005,0.0164751
4.1584e-005,0.0170009
4.1588e-005,0.0175863
4.1592e-005,0.0167132
4.1596e-005,0.0164701
4.16e-005,0.0165297
4.1604e-005,0.0165793
4.1608e-005,0.0169563
4.1612e-005,0.0172043
4.1616e-005,0.016738
4.162e-005,0.0164553
4.1624e-005,0.0167777
4.1628e-005,0.0171448
4.1632e-005,0.0170208
4.1636e-005,0.0166041
4.164e-005,0.0175813
4.1644e-005,0.0174126
4.1648e-005,0.0171249
4.1652e-005,0.0162717
4.1656e-005,0.0172688
4.166e-005,0.0165743
4.1664e-005,0.0167628
4.1668e-005,0.0173382
4.1672e-005,0.0169712
4.1676e-005,0.0175466
4.168e-005,0.0173333
4.1684e-005,0.0167231
4.1688e-005,0.0176359
4.1692e-005,0.0170108
4.1696e-005,0.0170803
4.17e-005,0.0165793
4.1704e-005,0.017626
4.1708e-005,0.0169215
4.1712e-005,0.016619
4.1716e-005,0.0176706
4.172e-005,0.0175565
4.1724e-005,0.016485
4.1728e-005,0.0168521
4.1732e-005,0.0169612
4.1736e-005,0.0170257
4.174e-005,0.0166586
4.1744e-005,0.0175218
4.1748e-005,0.0167727
4.1752e-005,0.0165743
4.1756e-005,0.0166785
4.176e-005,0.0165346
4.1764e-005,0.0172291
4.1768e-005,0.0169265
4.1772e-005,0.0171845
4.1776e-005,0.0176954
4.178e-005,0.0170555
4.1784e-005,0.0167479
4.1788e-005,0.0171001
4.1792e-005,0.0176061
4.1796e-005,0.0170704
4.18e-005,0.0161229
4.1804e-005,0.0174672
4.1808e-005,0.0181815
4.1812e-005,0.0191439
4.1816e-005,0.0193622
4.182e-005,0.0198533
4.1824e-005,0.0194217
4.1828e-005,0.0181319
4.1832e-005,0.0184792
4.1836e-005,0.0190695
4.184e-005,0.0183948
4.1844e-005,0.0181766
4.1848e-005,0.0184345
4.1852e-005,0.0138609
4.1856e-005,0.00263008
4.186e-005,0.000958357
4.1864e-005,-0.00034628
4.1868e-005,-0.000326437
4.1872e-005,6.54498e-005
4.1876e-005,-0.000485176
4.188e-005,5.55286e-005
4.1884e-005,-7.34468e-005
4.1888e-005,-0.00138304
4.1892e-005,0.00404881
4.1896e-005,0.0160584
4.19e-005,0.0175912
4.1904e-005,0.0185833
4.1908e-005,0.0190992
4.1912e-005,0.0200963
4.1916e-005,0.0196846
4.192e-005,0.0204039
4.1924e-005,0.020642
4.1928e-005,0.0202253
4.1932e-005,0.0206222
4.1936e-005,0.0209347
4.194e-005,0.0204733
4.1944e-005,0.0212621
4.1948e-005,0.0209992
4.1952e-005,0.0213563
4.1956e-005,0.0215895
4.196e-005,0.0215944
4.1964e-005,0.021272
4.1968e-005,0.0214605
4.1972e-005,0.0210438
4.1976e-005,0.0207214
4.198e-005,0.0210289
4.1984e-005,0.0208553
4.1988e-005,0.0207759
4.1992e-005,0.0211777
4.1996e-005,0.0208999
4.2e-005,0.0211083
4.2004e-005,0.0211629
4.2008e-005,0.0217532
4.2012e-005,0.0207958
4.2016e-005,0.02089
4.202e-005,0.021267
4.2024e-005,0.0214605
4.2028e-005,0.0210339
4.2032e-005,0.0210091
4.2036e-005,0.0213216
4.204e-005,0.020647
4.2044e-005,0.020895
4.2048e-005,0.0213117
4.2052e-005,0.0211777
4.2056e-005,0.0204237
4.206e-005,0.0205577
4.2064e-005,0.021267
4.2068e-005,0.021014
4.2072e-005,0.0213414
4.2076e-005,0.0209694
4.208e-005,0.0211331
4.2084e-005,0.0212075
4.2088e-005,0.0211232
4.2092e-005,0.0203245
4.2096e-005,0.0207561
4.21e-005,0.0207908
4.2104e-005,0.0207362
4.2108e-005,0.0206519
4.2112e-005,0.0208751
4.2116e-005,0.0204386
4.212e-005,0.0212621
4.2124e-005,0.0209247
4.2128e-005,0.0209148
4.2132e-005,0.0206866
4.2136e-005,0.0213315
4.214e-005,0.0209942
4.2144e-005,0.0210984
4.2148e-005,0.0209496
4.2152e-005,0.0207511
4.2156e-005,0.0211033
4.216e-005,0.0210438
4.2164e-005,0.0210537
4.2168e-005,0.0208603
4.2172e-005,0.0206023
4.2176e-005,0.0209793
4.218e-005,0.0207561
4.2184e-005,0.0208255
4.2188e-005,0.0204039
4.2192e-005,0.0209446
4.2196e-005,0.0210438
4.22e-005,0.0208751
4.2204e-005,0.0211678
4.2208e-005,0.0212621
4.2212e-005,0.0208603
4.2216e-005,0.0207362
4.222e-005,0.0206817
4.2224e-005,0.0209595
4.2228e-005,0.0209595
4.2232e-005,0.0206817
4.2236e-005,0.0210289
4.224e-005,0.0207759
4.2244e-005,0.0207809
4.2248e-005,0.0213166
4.2252e-005,0.0208652
4.2256e-005,0.0204585
4.226e-005,0.0205279
4.2264e-005,0.020384
4.2268e-005,0.0208503
4.2272e-005,0.0207561
4.2276e-005,0.0210339
4.228e-005,0.0209744
4.2284e-005,0.0203096
4.2288e-005,0.0210041
4.2292e-005,0.0209793
4.2296e-005,0.0212323
4.23e-005,0.0216093
4.2304e-005,0.0201261
4.2308e-005,0.0205874
4.2312e-005,0.0207809
4.2316e-005,0.0204138
4.232e-005,0.0209843
4.2324e-005,0.0210785
4.2328e-005,0.0206271
4.2332e-005,0.0206172
4.2336e-005,0.0209595
4.234e-005,0.0210488
4.2344e-005,0.0210091
4.2348e-005,0.0213216
4.2352e-005,0.0208156
4.2356e-005,0.0203196
4.236e-005,0.0209843
4.2364e-005,0.0208603
4.2368e-005,0.0210785
4.2372e-005,0.0210041
4.2376e-005,0.021267
4.238e-005,0.0206172
4.2384e-005,0.0210388
4.2388e-005,0.0215944
4.2392e-005,0.0209992
4.2396e-005,0.0210785
4.24e-005,0.0205725
4.2404e-005,0.0201757
4.2408e-005,0.0207114
4.2412e-005,0.0207164
4.2416e-005,0.020642
4.242e-005,0.0208156
4.2424e-005,0.0211132
4.2428e-005,0.0208206
4.2432e-005,0.021024
4.2436e-005,0.0203741
4.244e-005,0.0203791
4.2444e-005,0.0207412
4.2448e-005,0.020761
4.2452e-005,0.0207362
4.2456e-005,0.0213216
4.246e-005,0.0208107
4.2464e-005,0.0204436
4.2468e-005,0.0209297
4.2472e-005,0.0209744
4.2476e-005,0.0212472
4.248e-005,0.0209247
4.2484e-005,0.0215349
4.2488e-005,0.0211381
4.2492e-005,0.0216093
4.2496e-005,0.0211331
4.25e-005,0.0203444
4.2504e-005,0.0203741
4.2508e-005,0.0208206
4.2512e-005,0.0201509
4.2516e-005,0.0208751
4.252e-005,0.0214158
4.2524e-005,0.0204882
4.2528e-005,0.0210537
4.2532e-005,0.0209347
4.2536e-005,0.0209148
4.254e-005,0.0208851
4.2544e-005,0.0207759
4.2548e-005,0.0205577
4.2552e-005,0.0211579
4.2556e-005,0.0206966
4.256e-005,0.0215795
4.2564e-005,0.0211678
4.2568e-005,0.020766
4.2572e-005,0.0208851
4.2576e-005,0.0219714
4.258e-005,0.0219317
4.2584e-005,0.0221599
4.2588e-005,0.0225121
4.2592e-005,0.0229586
4.2596e-005,0.020761
4.26e-005,0.0188165
4.2604e-005,0.0190943
4.2608e-005,0.0184593
4.2612e-005,0.0182559
4.2616e-005,0.0183651
4.262e-005,0.0136128
4.2624e-005,0.00359739
4.2628e-005,0.00113694
4.2632e-005,-0.000217304
4.2636e-005,-0.000390925
4.264e-005,0.000258913
4.2644e-005,-0.000187541
4.2648e-005,0.000447416
4.2652e-005,-0.00059927
4.2656e-005,-0.00127391
4.266e-005,0.00391487
4.2664e-005,0.0151705
4.2668e-005,0.017745
4.2672e-005,0.0194812
4.2676e-005,0.0212521
4.268e-005,0.0216639
4.2684e-005,0.02152
4.2688e-005,0.023157
4.2692e-005,0.0236035
4.2696e-005,0.0239954
4.27e-005,0.0246005
4.2704e-005,0.0248883
4.2708e-005,0.0252603
4.2712e-005,0.0251611
4.2716e-005,0.0257068
4.272e-005,0.0257365
4.2724e-005,0.0255133
4.2728e-005,0.0258209
4.2732e-005,0.0264062
4.2736e-005,0.0258407
4.274e-005,0.0259548
4.2744e-005,0.0264806
4.2748e-005,0.0258407
4.2752e-005,0.025171
4.2756e-005,0.0261334
4.276e-005,0.0265005
4.2764e-005,0.0258308
4.2768e-005,0.0262822
4.2772e-005,0.026059
4.2776e-005,0.0255579
4.278e-005,0.0263368
4.2784e-005,0.0259746
4.2788e-005,0.0257018
4.2792e-005,0.0255381
4.2796e-005,0.0251264
4.28e-005,0.0255083
4.2804e-005,0.0255629
4.2808e-005,0.0260738
4.2812e-005,0.025295
4.2816e-005,0.0256968
4.282e-005,0.0256572
4.2824e-005,0.026059
4.2828e-005,0.0255778
4.2832e-005,0.0259101
4.2836e-005,0.0255381
4.284e-005,0.0255976
4.2844e-005,0.0259052
4.2848e-005,0.0262375
4.2852e-005,0.0254389
4.2856e-005,0.0255728
4.286e-005,0.0257415
4.2864e-005,0.0258705
4.2868e-005,0.0255232
4.2872e-005,0.0252603
4.2876e-005,0.0255778
4.288e-005,0.0262127
4.2884e-005,0.0247742
4.2888e-005,0.0252653
4.2892e-005,0.0253347
4.2896e-005,0.025295
4.29e-005,0.0252107
4.2904e-005,0.0259449
4.2908e-005,0.0252008
4.2912e-005,0.0254687
4.2916e-005,0.0258258
4.292e-005,0.0251611
4.2924e-005,0.0257961
4.2928e-005,0.025305
4.2932e-005,0.0260441
4.2936e-005,0.0261234
4.294e-005,0.0255827
4.2944e-005,0.025295
4.2948e-005,0.0252653
4.2952e-005,0.0252355
4.2956e-005,0.0255282
4.296e-005,0.0254538
4.2964e-005,0.0258457
4.2968e-005,0.0253744
4.2972e-005,0.0255034
4.2976e-005,0.024918
4.298e-005,0.0248039
4.2984e-005,0.0251313
4.2988e-005,0.0245063
4.2992e-005,0.025176
4.2996e-005,0.0256423
4.3e-005,0.0244269
4.3004e-005,0.0249478
4.3008e-005,0.0252801
4.3012e-005,0.0248089
4.3016e-005,0.0253099
4.302e-005,0.0248188
4.3024e-005,0.0244865
4.3028e-005,0.0243079
4.3032e-005,0.0255133
4.3036e-005,0.025171
4.304e-005,0.0255331
4.3044e-005,0.025052
4.3048e-005,0.0250966
4.3052e-005,0.0255034
4.3056e-005,0.0251462
4.306e-005,0.0254736
4.3064e-005,0.0249527
4.3068e-005,0.0249875
4.3072e-005,0.0250867
4.3076e-005,0.0250569
4.308e-005,0.0253099
4.3084e-005,0.0250123
4.3088e-005,0.0245956
4.3092e-005,0.0250371
4.3096e-005,0.0249379
4.31e-005,0.0251462
4.3104e-005,0.0252305
4.3108e-005,0.025047
4.3112e-005,0.0256522
4.3116e-005,0.0257266
4.312e-005,0.0250817
4.3124e-005,0.0253546
4.3128e-005,0.0251809
4.3132e-005,0.0253843
4.3136e-005,0.0252702
4.314e-005,0.0258705
4.3144e-005,0.0255579
4.3148e-005,0.025295
4.3152e-005,0.026307
4.3156e-005,0.0257663
4.316e-005,0.0260838
4.3164e-005,0.0256423
4.3168e-005,0.0256572
4.3172e-005,0.0248783
4.3176e-005,0.0252305
4.318e-005,0.0250668
4.3184e-005,0.0252752
4.3188e-005,0.0253496
4.3192e-005,0.0258705
4.3196e-005,0.0258308
4.32e-005,0.0259846
4.3204e-005,0.0261582
4.3208e-005,0.025424
4.3212e-005,0.0253744
4.3216e-005,0.0255083
4.322e-005,0.0252553
4.3224e-005,0.0252603
4.3228e-005,0.0255827
4.3232e-005,0.0253397
4.3236e-005,0.0255778
4.324e-005,0.025682
4.3244e-005,0.0249776
4.3248e-005,0.0255232
4.3252e-005,0.0254984
4.3256e-005,0.0257712
4.326e-005,0.0257663
4.3264e-005,0.0255827
4.3268e-005,0.0253694
4.3272e-005,0.0254339
4.3276e-005,0.0253
4.328e-005,0.0244319
4.3284e-005,0.0257812
4.3288e-005,0.025176
4.3292e-005,0.0248188
4.3296e-005,0.025419
4.33e-005,0.0250718
4.3304e-005,0.024794
4.3308e-005,0.0255034
4.3312e-005,0.0252851
4.3316e-005,0.0256075
4.332e-005,0.0257663
4.3324e-005,0.0257365
4.3328e-005,0.0258804
4.3332e-005,0.0251214
4.3336e-005,0.0250966
4.334e-005,0.0254488
4.3344e-005,0.0254141
4.3348e-005,0.0252504
4.3352e-005,0.0255679
4.3356e-005,0.0255331
4.336e-005,0.0261234
4.3364e-005,0.0226709
4.3368e-005,0.019377
4.3372e-005,0.0194961
4.3376e-005,0.0185784
4.338e-005,0.0188463
4.3384e-005,0.0181369
4.3388e-005,0.0144512
4.3392e-005,0.00307653
4.3396e-005,0.00081946
4.34e-005,-0.00060423
4.3404e-005,-0.000385964
4.3408e-005,-0.000137935
4.3412e-005,-0.000460373
4.3416e-005,0.000129938
4.342e-005,0.000110095
4.3424e-005,-0.00203784
4.3428e-005,0.00349818
4.3432e-005,0.016738
4.3436e-005,0.0185635
4.344e-005,0.0202402
4.3444e-005,0.0224328
4.3448e-005,0.0236481
4.3452e-005,0.0238664
4.3456e-005,0.0254438
4.346e-005,0.026937
4.3464e-005,0.0271553
4.3468e-005,0.0272545
4.3472e-005,0.0275372
4.3476e-005,0.028073
4.348e-005,0.0289907
4.3484e-005,0.0304789
4.3488e-005,0.0298141
4.3492e-005,0.0296256
4.3496e-005,0.0295016
4.35e-005,0.0297943
4.3504e-005,0.0300522
4.3508e-005,0.030211
4.3512e-005,0.0305979
4.3516e-005,0.0306029
4.352e-005,0.0304987
4.3524e-005,0.0305632
4.3528e-005,0.0305037
4.3532e-005,0.0302259
4.3536e-005,0.0309848
4.354e-005,0.0313073
4.3544e-005,0.0303052
4.3548e-005,0.03096
4.3552e-005,0.031089
4.3556e-005,0.0307368
4.356e-005,0.0310592
4.3564e-005,0.0307219
4.3568e-005,0.0308112
4.3572e-005,0.0310196
4.3576e-005,0.0309749
4.358e-005,0.0305086
4.3584e-005,0.0308856
4.3588e-005,0.0309055
4.3592e-005,0.0307269
4.3596e-005,0.0304789
4.36e-005,0.0312378
4.3604e-005,0.0308211
4.3608e-005,0.0301812
4.3612e-005,0.0308608
4.3616e-005,0.0304987
4.362e-005,0.0305632
4.3624e-005,0.0304342
4.3628e-005,0.0306872
4.3632e-005,0.0308559
4.3636e-005,0.0306326
4.364e-005,0.03034
4.3644e-005,0.0302358
4.3648e-005,0.0300721
4.3652e-005,0.0301167
4.3656e-005,0.0308311
4.366e-005,0.0307219
4.3664e-005,0.0302358
4.3668e-005,0.0301266
4.3672e-005,0.0300969
4.3676e-005,0.030077
4.368e-005,0.0299034
4.3684e-005,0.0299778
4.3688e-005,0.0305037
4.3692e-005,0.0304937
4.3696e-005,0.0294917
4.37e-005,0.0301663
4.3704e-005,0.0303152
4.3708e-005,0.0306177
4.3712e-005,0.0296852
4.3716e-005,0.0303052
4.372e-005,0.0308162
4.3724e-005,0.030082
4.3728e-005,0.0303003
4.3732e-005,0.0301812
4.3736e-005,0.0295413
4.374e-005,0.0299481
4.3744e-005,0.0303896
4.3748e-005,0.030087
4.3752e-005,0.0302159
4.3756e-005,0.0301266
4.376e-005,0.0297695
4.3764e-005,0.0301663
4.3768e-005,0.0306922
4.3772e-005,0.0299481
4.3776e-005,0.0301316
4.378e-005,0.0299282
4.3784e-005,0.0297844
4.3788e-005,0.0300126
4.3792e-005,0.0299629
4.3796e-005,0.0296256
4.38e-005,0.0300473
4.3804e-005,0.0305632
4.3808e-005,0.030087
4.3812e-005,0.0303102
4.3816e-005,0.0300374
4.382e-005,0.030211
4.3824e-005,0.0303449
4.3828e-005,0.0304193
4.3832e-005,0.029958
4.3836e-005,0.0298737
4.384e-005,0.0304689
4.3844e-005,0.0302159
4.3848e-005,0.0300572
4.3852e-005,0.0300919
4.3856e-005,0.0299729
4.386e-005,0.0307914
4.3864e-005,0.030082
4.3868e-005,0.0302259
4.3872e-005,0.029452
4.3876e-005,0.0302407
4.388e-005,0.0296901
4.3884e-005,0.0297943
4.3888e-005,0.0301018
4.3892e-005,0.0303449
4.3896e-005,0.0295859
4.39e-005,0.0302308
4.3904e-005,0.0299828
4.3908e-005,0.0303697
4.3912e-005,0.0297645
4.3916e-005,0.0303449
4.392e-005,0.0298637
4.3924e-005,0.0303152
4.3928e-005,0.0300126
4.3932e-005,0.0300324
4.3936e-005,0.0299729
4.394e-005,0.0304193
4.3944e-005,0.0300225
4.3948e-005,0.0299431
4.3952e-005,0.0297199
4.3956e-005,0.0301018
4.396e-005,0.0299133
4.3964e-005,0.0295711
4.3968e-005,0.030211
4.3972e-005,0.0299034
4.3976e-005,0.0304243
4.398e-005,0.0302507
4.3984e-005,0.0304144
4.3988e-005,0.0302159
4.3992e-005,0.0300126
4.3996e-005,0.0301564
4.4e-005,0.0303449
4.4004e-005,0.0301068
4.4008e-005,0.0306029
4.4012e-005,0.0302903
4.4016e-005,0.0311485
4.402e-005,0.0296504
4.4024e-005,0.0301614
4.4028e-005,0.0300076
4.4032e-005,0.0301167
4.4036e-005,0.0302358
4.404e-005,0.0306773
4.4044e-005,0.0300721
4.4048e-005,0.0297199
4.4052e-005,0.0300473
4.4056e-005,0.0305533
4.406e-005,0.0296703
4.4064e-005,0.0304094
4.4068e-005,0.0304292
4.4072e-005,0.0302953
4.4076e-005,0.0304491
4.408e-005,0.030211
4.4084e-005,0.0299084
4.4088e-005,0.0306674
4.4092e-005,0.0304937
4.4096e-005,0.0306426
4.41e-005,0.0303598
4.4104e-005,0.0297397
4.4108e-005,0.0291445
4.4112e-005,0.0295909
4.4116e-005,0.0291693
4.412e-005,0.0289758
4.4124e-005,0.0295611
4.4128e-005,0.0292486
4.4132e-005,0.0259746
4.4136e-005,0.0203543
4.414e-005,0.0199475
4.4144e-005,0.0192084
4.4148e-005,0.018757
4.4152e-005,0.0184196
4.4156e-005,0.0149522
4.416e-005,0.00316086
4.4164e-005,0.000943475
4.4168e-005,0.000110095
4.4172e-005,-0.000252028
4.4176e-005,-0.000118092
4.418e-005,-0.000405807
4.4184e-005,-9.32892e-005
4.4188e-005,-0.000142895
4.4192e-005,-0.000901866
4.4196e-005,0.00341385
4.42e-005,0.0161279
4.4204e-005,0.0178393
4.4208e-005,0.0179087
4.4212e-005,0.0183452
4.4216e-005,0.0183651
4.422e-005,0.0173234
4.4224e-005,0.0175863
4.4228e-005,0.0175019
4.4232e-005,0.0184048
4.4236e-005,0.0176011
4.424e-005,0.0176706
4.4244e-005,0.017244
4.4248e-005,0.0171349
4.4252e-005,0.0169761
4.4256e-005,0.016996
4.426e-005,0.0160882
4.4264e-005,0.017115
4.4268e-005,0.0172241
4.4272e-005,0.0164354
4.4276e-005,0.0166934
4.428e-005,0.0167281
4.4284e-005,0.0168323
4.4288e-005,0.0156616
4.4292e-005,0.0159245
4.4296e-005,0.0174722
4.43e-005,0.0169811
4.4304e-005,0.0163957
4.4308e-005,0.0170356
4.4312e-005,0.0170307
4.4316e-005,0.0172886
4.432e-005,0.0166438
4.4324e-005,0.0172738
4.4328e-005,0.0170604
4.4332e-005,0.0167182
4.4336e-005,0.0169215
4.434e-005,0.0168521
4.4344e-005,0.0163064
4.4348e-005,0.0164503
4.4352e-005,0.0168868
4.4356e-005,0.017239
4.436e-005,0.0166537
4.4364e-005,0.0175119
4.4368e-005,0.0170009
4.4372e-005,0.0171249
4.4376e-005,0.0165793
4.438e-005,0.0167182
4.4384e-005,0.0169364
4.4388e-005,0.0168918
4.4392e-005,0.0166686
4.4396e-005,0.0169513
4.44e-005,0.0171894
4.4404e-005,0.0170604
4.4408e-005,0.0166586
4.4412e-005,0.0172936
4.4416e-005,0.0167777
4.442e-005,0.0162469
4.4424e-005,0.0166338
4.4428e-005,0.0168422
4.4432e-005,0.0170803
4.4436e-005,0.016609
4.444e-005,0.0164453
4.4444e-005,0.0169563
4.4448e-005,0.0160882
4.4452e-005,0.016986
4.4456e-005,0.016996
4.446e-005,0.0162419
4.4464e-005,0.0167777
4.4468e-005,0.0175069
4.4472e-005,0.0170158
4.4476e-005,0.0170158
4.448e-005,0.0167777
4.4484e-005,0.016356
4.4488e-005,0.0169563
4.4492e-005,0.0170257
4.4496e-005,0.0160832
4.45e-005,0.0171497
4.4504e-005,0.0168124
4.4508e-005,0.0173779
4.4512e-005,0.0171894
4.4516e-005,0.0165545
4.452e-005,0.0167628
4.4524e-005,0.0169513
4.4528e-005,0.0166537
4.4532e-005,0.0166487
4.4536e-005,0.0167876
4.454e-005,0.0157459
4.4544e-005,0.0169265
4.4548e-005,0.0166537
4.4552e-005,0.0165743
4.4556e-005,0.0161279
4.456e-005,0.0168124
4.4564e-005,0.016862
4.4568e-005,0.0168521
4.4572e-005,0.0172192
4.4576e-005,0.016867
4.458e-005,0.0165445
4.4584e-005,0.017115
4.4588e-005,0.0169414
4.4592e-005,0.0166239
4.4596e-005,0.0165743
4.46e-005,0.0168174
4.4604e-005,0.0167777
4.4608e-005,0.0175565
4.4612e-005,0.0172291
4.4616e-005,0.0166041
4.462e-005,0.0173482
4.4624e-005,0.0165445
4.4628e-005,0.0169612
4.4632e-005,0.0171249
4.4636e-005,0.0169761
4.464e-005,0.0171597
4.4644e-005,0.0171993
4.4648e-005,0.0168174
4.4652e-005,0.0170208
4.4656e-005,0.0167727
4.466e-005,0.0170753
4.4664e-005,0.0166834
4.4668e-005,0.0177748
4.4672e-005,0.0172738
4.4676e-005,0.016986
4.468e-005,0.0177152
4.4684e-005,0.0177301
4.4688e-005,0.01774
4.4692e-005,0.0176706
4.4696e-005,0.0170257
4.47e-005,0.0168223
4.4704e-005,0.0169364
4.4708e-005,0.0175615
4.4712e-005,0.0168372
4.4716e-005,0.0170009
4.472e-005,0.0165049
4.4724e-005,0.0170952
4.4728e-005,0.0167827
4.4732e-005,0.0170654
4.4736e-005,0.0166636
4.474e-005,0.0172291
4.4744e-005,0.0173234
4.4748e-005,0.0169116
4.4752e-005,0.0171646
4.4756e-005,0.0175168
4.476e-005,0.0172936
4.4764e-005,0.0175813
4.4768e-005,0.0166983
4.4772e-005,0.0168769
4.4776e-005,0.0168471
4.478e-005,0.0171646
4.4784e-005,0.0172589
4.4788e-005,0.0168273
4.4792e-005,0.0172986
4.4796e-005,0.0172341
4.48e-005,0.0174474
4.4804e-005,0.0164106
4.4808e-005,0.0165545
4.4812e-005,0.0169414
4.4816e-005,0.0174821
4.482e-005,0.0172489
4.4824e-005,0.0165545
4.4828e-005,0.0169215
4.4832e-005,0.0171795
4.4836e-005,0.0167231
4.484e-005,0.0171894
4.4844e-005,0.016232
4.4848e-005,0.0164205
4.4852e-005,0.0170952
4.4856e-005,0.0166338
4.486e-005,0.0165495
4.4864e-005,0.0171696
4.4868e-005,0.0164106
4.4872e-005,0.0169067
4.4876e-005,0.0177797
4.488e-005,0.01838
4.4884e-005,0.0185933
4.4888e-005,0.019377
4.4892e-005,0.0194415
4.4896e-005,0.0192084
4.49e-005,0.0187074
4.4904e-005,0.0189355
4.4908e-005,0.0188066
4.4912e-005,0.0186925
4.4916e-005,0.0189306
4.492e-005,0.0182113
4.4924e-005,0.0141783
4.4928e-005,0.00313606
4.4932e-005,0.000705366
4.4936e-005,-0.000509979
4.494e-005,8.52922e-005
4.4944e-005,-0.000217304
4.4948e-005,-0.000743127
4.4952e-005,0.000581352
4.4956e-005,0.000169622
4.496e-005,-0.00167572
4.4964e-005,0.00371645
4.4968e-005,0.0152697
4.4972e-005,0.0172341
4.4976e-005,0.0176557
4.498e-005,0.0188661
4.4984e-005,0.0194911
4.4988e-005,0.0195159
4.4992e-005,0.0198533
4.4996e-005,0.0199475
4.5e-005,0.0201608
4.5004e-005,0.0197987
4.5008e-005,0.0203295
4.5012e-005,0.0206172
4.5016e-005,0.0208851
4.502e-005,0.0204039
4.5024e-005,0.0206668
4.5028e-005,0.020766
4.5032e-005,0.0204039
4.5036e-005,0.0213216
4.504e-005,0.0206866
4.5044e-005,0.0207214
4.5048e-005,0.0211182
4.5052e-005,0.0210587
4.5056e-005,0.0206916
4.506e-005,0.0209148
4.5064e-005,0.0205577
4.5068e-005,0.0207462
4.5072e-005,0.0213414
4.5076e-005,0.020394
4.508e-005,0.0204039
4.5084e-005,0.0209892
4.5088e-005,0.020766
4.5092e-005,0.0206172
4.5096e-005,0.021019
4.51e-005,0.0209446
4.5104e-005,0.0206222
4.5108e-005,0.0209198
4.5112e-005,0.0207908
4.5116e-005,0.0204783
4.512e-005,0.0210091
4.5124e-005,0.0212621
4.5128e-005,0.0207759
4.5132e-005,0.0209694
4.5136e-005,0.0205081
4.514e-005,0.0203394
4.5144e-005,0.0214059
4.5148e-005,0.0204733
4.5152e-005,0.0205428
4.5156e-005,0.0210587
4.516e-005,0.0208751
4.5164e-005,0.0206519
4.5168e-005,0.0209049
4.5172e-005,0.0207561
4.5176e-005,0.0206767
4.518e-005,0.0207958
4.5184e-005,0.0208156
4.5188e-005,0.0205676
4.5192e-005,0.0208999
4.5196e-005,0.0214704
4.52e-005,0.0209446
4.5204e-005,0.0210041
4.5208e-005,0.0212373
4.5212e-005,0.0208851
4.5216e-005,0.021014
4.522e-005,0.0212472
4.5224e-005,0.0211381
4.5228e-005,0.0215746
4.5232e-005,0.0211529
4.5236e-005,0.0208156
4.524e-005,0.0213018
4.5244e-005,0.0217036
4.5248e-005,0.0208553
4.5252e-005,0.0209595
4.5256e-005,0.0212323
4.526e-005,0.0212422
4.5264e-005,0.0212521
4.5268e-005,0.0204684
4.5272e-005,0.0208553
4.5276e-005,0.020771
4.528e-005,0.020771
4.5284e-005,0.0210537
4.5288e-005,0.020647
4.5292e-005,0.0206668
4.5296e-005,0.0203692
4.53e-005,0.0211331
4.5304e-005,0.0212819
4.5308e-005,0.0203047
4.5312e-005,0.0209297
4.5316e-005,0.020384
4.532e-005,0.0198979
4.5324e-005,0.020647
4.5328e-005,0.0210091
4.5332e-005,0.0204783
4.5336e-005,0.0213762
4.534e-005,0.0204138
4.5344e-005,0.0204585
4.5348e-005,0.0209744
4.5352e-005,0.0207908
4.5356e-005,0.0210884
4.536e-005,0.0208305
4.5364e-005,0.020637
4.5368e-005,0.020394
4.5372e-005,0.0208553
4.5376e-005,0.0208355
4.538e-005,0.0202749
4.5384e-005,0.020766
4.5388e-005,0.0203989
4.5392e-005,0.0209049
4.5396e-005,0.0206718
4.54e-005,0.0207759
4.5404e-005,0.0209347
4.5408e-005,0.0211281
4.5412e-005,0.0215299
4.5416e-005,0.0209099
4.542e-005,0.0208107
4.5424e-005,0.0205329
4.5428e-005,0.0205329
4.5432e-005,0.0209694
4.5436e-005,0.0213514
4.544e-005,0.0206569
4.5444e-005,0.0204535
4.5448e-005,0.0207065
4.5452e-005,0.0202451
4.5456e-005,0.0207412
4.546e-005,0.0205577
4.5464e-005,0.0215647
4.5468e-005,0.0211976
4.5472e-005,0.0208305
4.5476e-005,0.0210686
4.548e-005,0.0216341
4.5484e-005,0.0210537
4.5488e-005,0.0206718
4.5492e-005,0.0212621
4.5496e-005,0.0213315
4.55e-005,0.0213266
4.5504e-005,0.0214406
4.5508e-005,0.0209644
4.5512e-005,0.0205477
4.5516e-005,0.0213662
4.552e-005,0.0207462
4.5524e-005,0.0207015
4.5528e-005,0.0208404
4.5532e-005,0.0208751
4.5536e-005,0.0211182
4.554e-005,0.021024
4.5544e-005,0.0216391
4.5548e-005,0.0210736
4.5552e-005,0.0209496
4.5556e-005,0.021267
4.556e-005,0.0211629
4.5564e-005,0.0216887
4.5568e-005,0.020895
4.5572e-005,0.0213762
4.5576e-005,0.0213166
4.558e-005,0.0213216
4.5584e-005,0.0212521
4.5588e-005,0.020895
4.5592e-005,0.0213861
4.5596e-005,0.0207065
4.56e-005,0.0208603
4.5604e-005,0.0209644
4.5608e-005,0.0208603
4.5612e-005,0.0207859
4.5616e-005,0.0208503
4.562e-005,0.0204882
4.5624e-005,0.0206668
4.5628e-005,0.0207114
4.5632e-005,0.0212075
4.5636e-005,0.0209694
4.564e-005,0.0202055
4.5644e-005,0.0207908
4.5648e-005,0.0216589
4.5652e-005,0.0217631
4.5656e-005,0.0220657
4.566e-005,0.0220508
4.5664e-005,0.0223038
4.5668e-005,0.0200963
4.5672e-005,0.0189752
4.5676e-005,0.0197292
4.568e-005,0.0193274
4.5684e-005,0.0185238
4.5688e-005,0.0184147
4.5692e-005,0.0150464
4.5696e-005,0.00317078
4.57e-005,0.000640879
4.5704e-005,-0.000385964
4.5708e-005,-0.000242107
4.5712e-005,-0.000187541
4.5716e-005,-0.000500058
4.572e-005,0.000219228
4.5724e-005,-0.000450452
4.5728e-005,-0.00170548
4.5732e-005,0.00365692
4.5736e-005,0.0156219
4.574e-005,0.0177549
4.5744e-005,0.0194316
4.5748e-005,0.0205577
4.5752e-005,0.0219169
4.5756e-005,0.0217036
4.576e-005,0.0221004
4.5764e-005,0.0232165
4.5768e-005,0.0236035
4.5772e-005,0.0239656
4.5776e-005,0.0237275
4.578e-005,0.0251214
4.5784e-005,0.0246005
4.5788e-005,0.0248982
4.5792e-005,0.025047
4.5796e-005,0.0253546
4.58e-005,0.0255183
4.5804e-005,0.0259895
4.5808e-005,0.0253694
4.5812e-005,0.0248436
4.5816e-005,0.0260689
4.582e-005,0.0259994
4.5824e-005,0.0265352
4.5828e-005,0.0259498
4.5832e-005,0.0267138
4.5836e-005,0.0258556
4.584e-005,0.0261234
4.5844e-005,0.026431
4.5848e-005,0.0258853
4.5852e-005,0.0254042
4.5856e-005,0.0255381
4.586e-005,0.0248783
4.5864e-005,0.0251661
4.5868e-005,0.0253694
4.5872e-005,0.0251462
4.5876e-005,0.0254736
4.588e-005,0.0259151
4.5884e-005,0.0253099
4.5888e-005,0.0254538
4.5892e-005,0.0255133
4.5896e-005,0.0252057
4.59e-005,0.0251313
4.5904e-005,0.0248039
4.5908e-005,0.0253893
4.5912e-005,0.0252405
4.5916e-005,0.0250619
4.592e-005,0.024665
4.5924e-005,0.0250172
4.5928e-005,0.0255728
4.5932e-005,0.0253546
4.5936e-005,0.0262475
4.594e-005,0.0250817
4.5944e-005,0.0253347
4.5948e-005,0.0254687
4.5952e-005,0.025305
4.5956e-005,0.0248734
4.596e-005,0.0255579
4.5964e-005,0.0249081
4.5968e-005,0.0247097
4.5972e-005,0.0255331
4.5976e-005,0.0245906
4.598e-005,0.0250073
4.5984e-005,0.0253843
4.5988e-005,0.0249428
4.5992e-005,0.0251413
4.5996e-005,0.0255778
4.6e-005,0.024918
4.6004e-005,0.0252702
4.6008e-005,0.0249131
4.6012e-005,0.0247742
4.6016e-005,0.0250024
4.602e-005,0.0254091
4.6024e-005,0.0258258
4.6028e-005,0.0253893
4.6032e-005,0.0261234
4.6036e-005,0.0250619
4.604e-005,0.0255976
4.6044e-005,0.0256274
4.6048e-005,0.025682
4.6052e-005,0.0254091
4.6056e-005,0.0254786
4.606e-005,0.0251809
4.6064e-005,0.0253744
4.6068e-005,0.0258457
4.6072e-005,0.0257663
4.6076e-005,0.0251512
4.608e-005,0.0259647
4.6084e-005,0.025424
4.6088e-005,0.0247047
4.6092e-005,0.0258209
4.6096e-005,0.025677
4.61e-005,0.0249527
4.6104e-005,0.0251462
4.6108e-005,0.025419
4.6112e-005,0.0247891
4.6116e-005,0.0258655
4.612e-005,0.0261036
4.6124e-005,0.0253347
4.6128e-005,0.0257117
4.6132e-005,0.0256423
4.6136e-005,0.0257266
4.614e-005,0.0258308
4.6144e-005,0.0257514
4.6148e-005,0.0251661
4.6152e-005,0.0254389
4.6156e-005,0.0256175
4.616e-005,0.0248833
4.6164e-005,0.0259201
4.6168e-005,0.0251561
4.6172e-005,0.0253694
4.6176e-005,0.0257266
4.618e-005,0.0253446
4.6184e-005,0.0253942
4.6188e-005,0.0258159
4.6192e-005,0.0257514
4.6196e-005,0.0255183
4.62e-005,0.0253645
4.6204e-005,0.0252454
4.6208e-005,0.0251264
4.6212e-005,0.0252504
4.6216e-005,0.0254339
4.622e-005,0.0254488
4.6224e-005,0.0254736
4.6228e-005,0.0260639
4.6232e-005,0.0252157
4.6236e-005,0.0252553
4.624e-005,0.0252454
4.6244e-005,0.0253446
4.6248e-005,0.0257514
4.6252e-005,0.0259895
4.6256e-005,0.0257613
4.626e-005,0.025305
4.6264e-005,0.0257712
4.6268e-005,0.025176
4.6272e-005,0.0254091
4.6276e-005,0.0252653
4.628e-005,0.0248982
4.6284e-005,0.0253595
4.6288e-005,0.0258556
4.6292e-005,0.0248734
4.6296e-005,0.0253992
4.63e-005,0.0246254
4.6304e-005,0.0247543
4.6308e-005,0.0252553
4.6312e-005,0.0250867
4.6316e-005,0.0251512
4.632e-005,0.0253893
4.6324e-005,0.0255183
4.6328e-005,0.0249875
4.6332e-005,0.0256572
4.6336e-005,0.0254091
4.634e-005,0.0247742
4.6344e-005,0.0254687
4.6348e-005,0.0256075
4.6352e-005,0.0252851
4.6356e-005,0.0254488
4.636e-005,0.0260639
4.6364e-005,0.0249428
4.6368e-005,0.0255778
4.6372e-005,0.0256472
4.6376e-005,0.024675
4.638e-005,0.0254488
4.6384e-005,0.0251859
4.6388e-005,0.025429
4.6392e-005,0.0251909
4.6396e-005,0.025429
4.64e-005,0.0258357
4.6404e-005,0.0248139
4.6408e-005,0.0247394
4.6412e-005,0.0249031
4.6416e-005,0.0255927
4.642e-005,0.0249379
4.6424e-005,0.0251363
4.6428e-005,0.0252504
4.6432e-005,0.0260391
4.6436e-005,0.0235142
4.644e-005,0.019888
4.6444e-005,0.019
4.6448e-005,0.0183651
4.6452e-005,0.0185536
4.6456e-005,0.0180922
4.646e-005,0.0145553
4.6464e-005,0.00333448
4.6468e-005,0.000229149
4.6472e-005,-0.000906827
4.6476e-005,-0.000341319
4.648e-005,5.55286e-005
4.6484e-005,-0.000911787
4.6488e-005,0.000204346
4.6492e-005,-0.000247068
4.6496e-005,-0.00165092
4.65e-005,0.00339897
4.6504e-005,0.0159344
4.6508e-005,0.0185139
4.6512e-005,0.0202948
4.6516e-005,0.0221699
4.652e-005,0.0240301
4.6524e-005,0.024288
4.6528e-005,0.0258655
4.6532e-005,0.0259846
4.6536e-005,0.0269668
4.654e-005,0.0273289
4.6544e-005,0.0282615
4.6548e-005,0.0284301
4.6552e-005,0.029323
4.6556e-005,0.0291048
4.656e-005,0.0296405
4.6564e-005,0.0302159
4.6568e-005,0.030459
4.6572e-005,0.0306971
4.6576e-005,0.0301316
4.658e-005,0.0306227
4.6584e-005,0.03159
4.6588e-005,0.0311485
4.6592e-005,0.0307418
4.6596e-005,0.0312775
4.66e-005,0.0310394
4.6604e-005,0.0311833
4.6608e-005,0.0311783
4.6612e-005,0.0318133
4.6616e-005,0.0313668
4.662e-005,0.0312477
4.6624e-005,0.0308608
4.6628e-005,0.0306426
4.6632e-005,0.0315206
4.6636e-005,0.0305086
4.664e-005,0.0304441
4.6644e-005,0.0305533
4.6648e-005,0.0308013
4.6652e-005,0.0310096
4.6656e-005,0.0310344
4.666e-005,0.0304144
4.6664e-005,0.0304193
4.6668e-005,0.0313321
4.6672e-005,0.0306227
4.6676e-005,0.0304739
4.668e-005,0.0304342
4.6684e-005,0.0307566
4.6688e-005,0.0308509
4.6692e-005,0.0314263
4.6696e-005,0.0311336
4.67e-005,0.030206
4.6704e-005,0.0306822
4.6708e-005,0.0306475
4.6712e-005,0.030082
4.6716e-005,0.0306078
4.672e-005,0.0310692
4.6724e-005,0.0304838
4.6728e-005,0.0300622
4.6732e-005,0.0306475
4.6736e-005,0.0304937
4.674e-005,0.0313271
4.6744e-005,0.0305533
4.6748e-005,0.02971
4.6752e-005,0.0302903
4.6756e-005,0.0309203
4.676e-005,0.0300622
4.6764e-005,0.0308906
4.6768e-005,0.0303846
4.6772e-005,0.0309253
4.6776e-005,0.0306128
4.678e-005,0.0304292
4.6784e-005,0.0296455
4.6788e-005,0.030459
4.6792e-005,0.030464
4.6796e-005,0.029834
4.68e-005,0.0304689
4.6804e-005,0.0306574
4.6808e-005,0.0305185
4.6812e-005,0.0304094
4.6816e-005,0.0303052
4.682e-005,0.0306227
4.6824e-005,0.0313569
4.6828e-005,0.0310642
4.6832e-005,0.0308311
4.6836e-005,0.0303995
4.684e-005,0.0314214
4.6844e-005,0.0307814
4.6848e-005,0.0303449
4.6852e-005,0.0307814
4.6856e-005,0.0301812
4.686e-005,0.0306872
4.6864e-005,0.0311039
4.6868e-005,0.0300324
4.6872e-005,0.0306029
4.6876e-005,0.0300572
4.688e-005,0.0298885
4.6884e-005,0.0303945
4.6888e-005,0.0299183
4.6892e-005,0.0299481
4.6896e-005,0.0305582
4.69e-005,0.0302159
4.6904e-005,0.030717
4.6908e-005,0.0302358
4.6912e-005,0.0307368
4.6916e-005,0.0299381
4.692e-005,0.0304292
4.6924e-005,0.0302606
4.6928e-005,0.0302804
4.6932e-005,0.0304392
4.6936e-005,0.0300671
4.694e-005,0.0301167
4.6944e-005,0.0302953
4.6948e-005,0.0303251
4.6952e-005,0.0298092
4.6956e-005,0.0304292
4.696e-005,0.0305235
4.6964e-005,0.0303251
4.6968e-005,0.030459
4.6972e-005,0.030087
4.6976e-005,0.0304292
4.698e-005,0.0307269
4.6984e-005,0.0299977
4.6988e-005,0.0297496
4.6992e-005,0.0295959
4.6996e-005,0.0304144
4.7e-005,0.0306475
4.7004e-005,0.0308311
4.7008e-005,0.030583
4.7012e-005,0.0302308
4.7016e-005,0.0297496
4.702e-005,0.0304789
4.7024e-005,0.03097
4.7028e-005,0.030707
4.7032e-005,0.0300622
4.7036e-005,0.030087
4.704e-005,0.0306822
4.7044e-005,0.0306822
4.7048e-005,0.0303846
4.7052e-005,0.0309005
4.7056e-005,0.0310196
4.706e-005,0.0303251
4.7064e-005,0.0306773
4.7068e-005,0.0301614
4.7072e-005,0.0297298
4.7076e-005,0.0306872
4.708e-005,0.0301515
4.7084e-005,0.0294619
4.7088e-005,0.0304838
4.7092e-005,0.0301465
4.7096e-005,0.0305483
4.71e-005,0.0309104
4.7104e-005,0.0307616
4.7108e-005,0.0301614
4.7112e-005,0.0305979
4.7116e-005,0.0308559
4.712e-005,0.0305781
4.7124e-005,0.0307418
4.7128e-005,0.0311336
4.7132e-005,0.0304044
4.7136e-005,0.0307963
4.714e-005,0.0305731
4.7144e-005,0.0300721
4.7148e-005,0.0309154
4.7152e-005,0.0302854
4.7156e-005,0.0309154
4.716e-005,0.0304491
4.7164e-005,0.0305136
4.7168e-005,0.0311535
4.7172e-005,0.0311684
4.7176e-005,0.0300721
4.718e-005,0.0295066
4.7184e-005,0.0292883
4.7188e-005,0.0297
4.7192e-005,0.0288766
4.7196e-005,0.0293528
4.72e-005,0.0295711
4.7204e-005,0.0258804
4.7208e-005,0.0208355
4.7212e-005,0.0195457
4.7216e-005,0.0192282
4.722e-005,0.0193274
4.7224e-005,0.0188909
4.7228e-005,0.0148381
4.7232e-005,0.00326999
4.7236e-005,0.000908751
4.724e-005,-0.000410767
4.7244e-005,0.000189465
4.7248e-005,0.000174583
4.7252e-005,0.000298598
4.7256e-005,0.000134898
4.726e-005,-0.00018258
4.7264e-005,-0.00127391
4.7268e-005,0.00392975
4.7272e-005,0.0159145
4.7276e-005,0.0179335
4.728e-005,0.0170356
4.7284e-005,0.0182212
4.7288e-005,0.0178839
4.7292e-005,0.0175664
4.7296e-005,0.0169166
4.73e-005,0.0174573
4.7304e-005,0.0171845
4.7308e-005,0.01775
4.7312e-005,0.0178988
4.7316e-005,0.0169414
4.732e-005,0.0165098
4.7324e-005,0.0170803
4.7328e-005,0.0174126
4.7332e-005,0.0165991
4.7336e-005,0.0165098
4.734e-005,0.0172738
4.7344e-005,0.0161328
4.7348e-005,0.0171547
4.7352e-005,0.0165495
4.7356e-005,0.0168521
4.736e-005,0.0160931
4.7364e-005,0.0169116
4.7368e-005,0.0165445
4.7372e-005,0.0158897
4.7376e-005,0.0160931
4.738e-005,0.0164503
4.7384e-005,0.0157806
4.7388e-005,0.0166586
4.7392e-005,0.0166438
4.7396e-005,0.0166686
4.74e-005,0.0164453
4.7404e-005,0.0167033
4.7408e-005,0.0161378
4.7412e-005,0.0170753
4.7416e-005,0.0166041
4.742e-005,0.0165396
4.7424e-005,0.0171547
4.7428e-005,0.0164453
4.7432e-005,0.0165049
4.7436e-005,0.0171001
4.744e-005,0.0168918
4.7444e-005,0.0168223
4.7448e-005,0.0164404
4.7452e-005,0.0167727
4.7456e-005,0.0172539
4.746e-005,0.0164404
4.7464e-005,0.0167231
4.7468e-005,0.0164354
4.7472e-005,0.016738
4.7476e-005,0.0164949
4.748e-005,0.0167033
4.7484e-005,0.0166388
4.7488e-005,0.0168124
4.7492e-005,0.0169712
4.7496e-005,0.0162519
4.75e-005,0.0160882
4.7504e-005,0.0164255
4.7508e-005,0.0169017
4.7512e-005,0.0168868
4.7516e-005,0.0166388
4.752e-005,0.0171101
4.7524e-005,0.0167132
4.7528e-005,0.0166537
4.7532e-005,0.0166834
4.7536e-005,0.0166686
4.754e-005,0.0159542
4.7544e-005,0.0167231
4.7548e-005,0.0171944
4.7552e-005,0.0169315
4.7556e-005,0.0165049
4.756e-005,0.0163164
4.7564e-005,0.0164354
4.7568e-005,0.0165594
4.7572e-005,0.0168075
4.7576e-005,0.0170604
4.758e-005,0.0167231
4.7584e-005,0.0168323
4.7588e-005,0.016733
4.7592e-005,0.0162469
4.7596e-005,0.0156715
4.76e-005,0.0167975
4.7604e-005,0.0164503
4.7608e-005,0.01586
4.7612e-005,0.0166586
4.7616e-005,0.0170406
4.762e-005,0.0169364
4.7624e-005,0.0168372
4.7628e-005,0.0171249
4.7632e-005,0.0170852
4.7636e-005,0.0161279
4.764e-005,0.0167182
4.7644e-005,0.0163808
4.7648e-005,0.0161031
4.7652e-005,0.0166884
4.7656e-005,0.0173779
4.766e-005,0.0165941
4.7664e-005,0.016743
4.7668e-005,0.0169414
4.7672e-005,0.0165892
4.7676e-005,0.0171299
4.768e-005,0.016743
4.7684e-005,0.0169166
4.7688e-005,0.0170654
4.7692e-005,0.0170158
4.7696e-005,0.0166636
4.77e-005,0.0172291
4.7704e-005,0.0167082
4.7708e-005,0.017115
4.7712e-005,0.0169116
4.7716e-005,0.0172489
4.772e-005,0.0168521
4.7724e-005,0.0169464
4.7728e-005,0.0168025
4.7732e-005,0.0170952
4.7736e-005,0.0170307
4.774e-005,0.0168223
4.7744e-005,0.0170356
4.7748e-005,0.0167678
4.7752e-005,0.0172589
4.7756e-005,0.0171349
4.776e-005,0.0171349
4.7764e-005,0.0169712
4.7768e-005,0.0167033
4.7772e-005,0.0169116
4.7776e-005,0.0171845
4.778e-005,0.0158848
4.7784e-005,0.0163461
4.7788e-005,0.0164056
4.7792e-005,0.0166785
4.7796e-005,0.0162816
4.78e-005,0.0164156
4.7804e-005,0.0164354
4.7808e-005,0.0172539
4.7812e-005,0.016986
4.7816e-005,0.0168372
4.782e-005,0.016485
4.7824e-005,0.0168372
4.7828e-005,0.0164801
4.7832e-005,0.0161675
4.7836e-005,0.0169513
4.784e-005,0.0172589
4.7844e-005,0.0165793
4.7848e-005,0.0166884
4.7852e-005,0.0167827
4.7856e-005,0.0169166
4.786e-005,0.0161725
4.7864e-005,0.0168223
4.7868e-005,0.0165892
4.7872e-005,0.0161775
4.7876e-005,0.0169563
4.788e-005,0.0165197
4.7884e-005,0.0166041
4.7888e-005,0.016867
4.7892e-005,0.0169265
4.7896e-005,0.0167975
4.79e-005,0.0169464
4.7904e-005,0.0168967
4.7908e-005,0.0172192
4.7912e-005,0.0164205
4.7916e-005,0.0163461
4.792e-005,0.016743
4.7924e-005,0.0162419
4.7928e-005,0.0164205
4.7932e-005,0.0170704
4.7936e-005,0.017115
4.794e-005,0.016614
4.7944e-005,0.0160138
4.7948e-005,0.0165743
4.7952e-005,0.0180476
4.7956e-005,0.0189752
4.796e-005,0.0192183
4.7964e-005,0.0197491
4.7968e-005,0.0196499
4.7972e-005,0.0188314
4.7976e-005,0.0180129
4.798e-005,0.0185089
4.7984e-005,0.0180228
4.7988e-005,0.0186776
4.7992e-005,0.0180228
4.7996e-005,0.014094
4.8e-005,0.00320055
4.8004e-005,0.00131552
4.8008e-005,-0.000663758
4.8012e-005,0.000368046
4.8016e-005,0.000184504
4.802e-005,-0.000882024
4.8024e-005,-0.000296674
4.8028e-005,2.08044e-005
4.8032e-005,-0.00133344
4.8036e-005,0.00373133
4.804e-005,0.0152746
4.8044e-005,0.0173283
4.8048e-005,0.0179236
4.8052e-005,0.0193919
4.8056e-005,0.0201311
4.806e-005,0.0197888
4.8064e-005,0.0200963
4.8068e-005,0.020265
4.8072e-005,0.0205775
4.8076e-005,0.0203543
4.808e-005,0.0207809
4.8084e-005,0.0208801
4.8088e-005,0.0206023
4.8092e-005,0.0207164
4.8096e-005,0.0208652
4.81e-005,0.0207114
4.8104e-005,0.0208999
4.8108e-005,0.0207511
4.8112e-005,0.0210091
4.8116e-005,0.0208553
4.812e-005,0.0208206
4.8124e-005,0.0205676
4.8128e-005,0.0208454
4.8132e-005,0.0210041
4.8136e-005,0.021014
4.814e-005,0.0210041
4.8144e-005,0.0211182
4.8148e-005,0.0214506
4.8152e-005,0.0209545
4.8156e-005,0.0208503
4.816e-005,0.0210984
4.8164e-005,0.0201459
4.8168e-005,0.0207759
4.8172e-005,0.0208454
4.8176e-005,0.0207114
4.818e-005,0.0211976
4.8184e-005,0.0205973
4.8188e-005,0.0204585
4.8192e-005,0.0207065
4.8196e-005,0.0201261
4.82e-005,0.020637
4.8204e-005,0.0212571
4.8208e-005,0.0201906
4.8212e-005,0.020141
4.8216e-005,0.0212521
4.822e-005,0.0208057
4.8224e-005,0.0203196
4.8228e-005,0.0211281
4.8232e-005,0.020766
4.8236e-005,0.0203741
4.824e-005,0.0209595
4.8244e-005,0.0207511
4.8248e-005,0.021143
4.8252e-005,0.0207462
4.8256e-005,0.0206767
4.826e-005,0.0199574
4.8264e-005,0.021019
4.8268e-005,0.0210934
4.8272e-005,0.0206271
4.8276e-005,0.0214258
4.828e-005,0.0204733
4.8284e-005,0.0203047
4.8288e-005,0.0207462
4.8292e-005,0.0204833
4.8296e-005,0.0208553
4.83e-005,0.021143
4.8304e-005,0.0210636
4.8308e-005,0.0210091
4.8312e-005,0.0206966
4.8316e-005,0.0218722
4.832e-005,0.020384
4.8324e-005,0.0212422
4.8328e-005,0.0212075
4.8332e-005,0.0202997
4.8336e-005,0.0203989
4.834e-005,0.0208305
4.8344e-005,0.021143
4.8348e-005,0.0217085
4.8352e-005,0.0211132
4.8356e-005,0.0210091
4.836e-005,0.0213662
4.8364e-005,0.0208057
4.8368e-005,0.0212075
4.8372e-005,0.0212025
4.8376e-005,0.0210339
4.838e-005,0.020647
4.8384e-005,0.0206817
4.8388e-005,0.02152
4.8392e-005,0.0202799
4.8396e-005,0.0205973
4.84e-005,0.0216143
4.8404e-005,0.021148
4.8408e-005,0.0212968
4.8412e-005,0.021267
4.8416e-005,0.0201261
4.842e-005,0.0212769
4.8424e-005,0.0209247
4.8428e-005,0.0210884
4.8432e-005,0.02152
4.8436e-005,0.0215101
4.844e-005,0.0206073
4.8444e-005,0.021019
4.8448e-005,0.0210934
4.8452e-005,0.020895
4.8456e-005,0.0217184
4.846e-005,0.0207759
4.8464e-005,0.0209297
4.8468e-005,0.0211033
4.8472e-005,0.0212968
4.8476e-005,0.0206271
4.848e-005,0.021014
4.8484e-005,0.0211132
4.8488e-005,0.0210537
4.8492e-005,0.0209595
4.8496e-005,0.020642
4.85e-005,0.0208503
4.8504e-005,0.0210091
4.8508e-005,0.020761
4.8512e-005,0.0208156
4.8516e-005,0.0209347
4.852e-005,0.0213216
4.8524e-005,0.0205874
4.8528e-005,0.02089
4.8532e-005,0.0211083
4.8536e-005,0.0205874
4.854e-005,0.0209496
4.8544e-005,0.0206172
4.8548e-005,0.0206718
4.8552e-005,0.0206222
4.8556e-005,0.0206718
4.856e-005,0.0210984
4.8564e-005,0.0215795
4.8568e-005,0.0210041
4.8572e-005,0.0213811
4.8576e-005,0.0212422
4.858e-005,0.0206817
4.8584e-005,0.0205825
4.8588e-005,0.020761
4.8592e-005,0.0210636
4.8596e-005,0.0204535
4.86e-005,0.0204833
4.8604e-005,0.0212224
4.8608e-005,0.0204138
4.8612e-005,0.0204733
4.8616e-005,0.0207462
4.862e-005,0.0206718
4.8624e-005,0.0205924
4.8628e-005,0.0202799
4.8632e-005,0.0204932
4.8636e-005,0.0211926
4.864e-005,0.0209099
4.8644e-005,0.0205329
4.8648e-005,0.0208057
4.8652e-005,0.0209942
4.8656e-005,0.0204386
4.866e-005,0.0211579
4.8664e-005,0.0203791
4.8668e-005,0.0207462
4.8672e-005,0.0211728
4.8676e-005,0.0210488
4.868e-005,0.0205924
4.8684e-005,0.0211033
4.8688e-005,0.0205477
4.8692e-005,0.0205676
4.8696e-005,0.0201707
4.87e-005,0.0207214
4.8704e-005,0.0210934
4.8708e-005,0.0201013
4.8712e-005,0.0197888
4.8716e-005,0.0208851
4.872e-005,0.0214406
4.8724e-005,0.0217482
4.8728e-005,0.0219466
4.8732e-005,0.0228544
4.8736e-005,0.0224228
4.874e-005,0.0199723
4.8744e-005,0.0191191
4.8748e-005,0.0191241
4.8752e-005,0.0183105
4.8756e-005,0.0186032
4.876e-005,0.018504
4.8764e-005,0.0136525
4.8768e-005,0.00299716
4.8772e-005,0.000705366
4.8776e-005,-0.000673679
4.878e-005,-0.000202422
4.8784e-005,0.000581352
4.8788e-005,-0.000480216
4.8792e-005,0.000244031
4.8796e-005,-0.000475255
4.88e-005,-0.00173525
4.8804e-005,0.00451014
4.8808e-005,0.0162767
4.8812e-005,0.0177847
4.8816e-005,0.0191538
4.882e-005,0.0205577
4.8824e-005,0.0216837
4.8828e-005,0.0219367
4.8832e-005,0.0228891
4.8836e-005,0.0234695
4.884e-005,0.0239656
4.8844e-005,0.0238069
4.8848e-005,0.0245162
4.8852e-005,0.0239358
4.8856e-005,0.0248585
4.886e-005,0.025052
4.8864e-005,0.0258804
4.8868e-005,0.0251859
4.8872e-005,0.0249379
4.8876e-005,0.0259598
4.888e-005,0.026059
4.8884e-005,0.0258705
4.8888e-005,0.0254438
4.8892e-005,0.0260044
4.8896e-005,0.0259449
4.89e-005,0.0259002
4.8904e-005,0.0254637
4.8908e-005,0.0255232
4.8912e-005,0.0257812
4.8916e-005,0.0257762
4.892e-005,0.0255083
4.8924e-005,0.0257663
4.8928e-005,0.0261036
4.8932e-005,0.0253843
4.8936e-005,0.025801
4.894e-005,0.0256671
4.8944e-005,0.0251164
4.8948e-005,0.0255183
4.8952e-005,0.0249974
4.8956e-005,0.0250668
4.896e-005,0.0253794
4.8964e-005,0.0256572
4.8968e-005,0.0260342
4.8972e-005,0.0252553
4.8976e-005,0.0253
4.898e-005,0.0250569
4.8984e-005,0.0255927
4.8988e-005,0.0256224
4.8992e-005,0.0256423
4.8996e-005,0.0254587
4.9e-005,0.0252851
4.9004e-005,0.0251561
4.9008e-005,0.025042
4.9012e-005,0.0247543
4.9016e-005,0.0245509
4.902e-005,0.0251016
4.9024e-005,0.0249825
4.9028e-005,0.0251958
4.9032e-005,0.0257316
4.9036e-005,0.0250619
4.904e-005,0.0250619
4.9044e-005,0.0257961
4.9048e-005,0.0252653
4.9052e-005,0.0253198
4.9056e-005,0.0256472
4.906e-005,0.0253992
4.9064e-005,0.0254042
4.9068e-005,0.0253149
4.9072e-005,0.0264012
4.9076e-005,0.0253
4.908e-005,0.0255331
4.9084e-005,0.0253347
4.9088e-005,0.0253694
4.9092e-005,0.0253694
4.9096e-005,0.0252107
4.91e-005,0.0250668
4.9104e-005,0.0256075
4.9108e-005,0.0255331
4.9112e-005,0.0253347
4.9116e-005,0.0252305
4.912e-005,0.0256075
4.9124e-005,0.0250916
4.9128e-005,0.0250718
4.9132e-005,0.0250371
4.9136e-005,0.0255381
4.914e-005,0.0258804
4.9144e-005,0.0257613
4.9148e-005,0.0257861
4.9152e-005,0.0254587
4.9156e-005,0.0253645
4.916e-005,0.025295
4.9164e-005,0.0254736
4.9168e-005,0.0259052
4.9172e-005,0.0246402
4.9176e-005,0.0255232
4.918e-005,0.0249776
4.9184e-005,0.0247146
4.9188e-005,0.0253744
4.9192e-005,0.0247543
4.9196e-005,0.0257564
4.92e-005,0.0256026
4.9204e-005,0.0255133
4.9208e-005,0.0247196
4.9212e-005,0.0251065
4.9216e-005,0.0252107
4.922e-005,0.0251809
4.9224e-005,0.0251016
4.9228e-005,0.0248535
4.9232e-005,0.0251115
4.9236e-005,0.0257365
4.924e-005,0.0253248
4.9244e-005,0.0258209
4.9248e-005,0.0254091
4.9252e-005,0.025305
4.9256e-005,0.0249577
4.926e-005,0.0246005
4.9264e-005,0.025677
4.9268e-005,0.0249577
4.9272e-005,0.0256522
4.9276e-005,0.0251462
4.928e-005,0.0262276
4.9284e-005,0.0263169
4.9288e-005,0.0256423
4.9292e-005,0.0252653
4.9296e-005,0.0262723
4.93e-005,0.0257316
4.9304e-005,0.0255629
4.9308e-005,0.0258506
4.9312e-005,0.0254488
4.9316e-005,0.0255728
4.932e-005,0.026431
4.9324e-005,0.0258109
4.9328e-005,0.025171
4.9332e-005,0.0256423
4.9336e-005,0.0253397
4.934e-005,0.0251363
4.9344e-005,0.025295
4.9348e-005,0.0250966
4.9352e-005,0.0252454
4.9356e-005,0.0255331
4.936e-005,0.0253397
4.9364e-005,0.0253099
4.9368e-005,0.0256125
4.9372e-005,0.0251115
4.9376e-005,0.0248287
4.938e-005,0.0251264
4.9384e-005,0.026054
4.9388e-005,0.0254687
4.9392e-005,0.0260391
4.9396e-005,0.0260044
4.94e-005,0.0251909
4.9404e-005,0.0255877
4.9408e-005,0.0251462
4.9412e-005,0.0250073
4.9416e-005,0.0251809
4.942e-005,0.0251214
4.9424e-005,0.0249279
4.9428e-005,0.0249279
4.9432e-005,0.0249875
4.9436e-005,0.0246799
4.944e-005,0.0256324
4.9444e-005,0.0251909
4.9448e-005,0.0251264
4.9452e-005,0.0252801
4.9456e-005,0.025171
4.946e-005,0.0249478
4.9464e-005,0.0250966
4.9468e-005,0.0258109
4.9472e-005,0.0255877
4.9476e-005,0.0253
4.948e-005,0.024293
4.9484e-005,0.0250569
4.9488e-005,0.0251016
4.9492e-005,0.0248387
4.9496e-005,0.0252851
4.95e-005,0.0255877
4.9504e-005,0.0261036
4.9508e-005,0.0235489
4.9512e-005,0.0200715
4.9516e-005,0.0194266
4.952e-005,0.0185139
4.9524e-005,0.0185486
4.9528e-005,0.0179484
4.9532e-005,0.014352
4.9536e-005,0.00243165
4.954e-005,0.00152883
4.9544e-005,-0.000921708
4.9548e-005,-0.000202422
4.9552e-005,-7.84074e-005
4.9556e-005,-0.000534782
4.956e-005,-0.000276831
4.9564e-005,0.000204346
4.9568e-005,-0.00125407
4.9572e-005,0.0031807
4.9576e-005,0.0165049
4.958e-005,0.0178789
4.9584e-005,0.0206866
4.9588e-005,0.0225171
4.9592e-005,0.0241541
4.9596e-005,0.0251512
4.96e-005,0.0261383
4.9604e-005,0.0275422
4.9608e-005,0.0277902
4.9612e-005,0.0275769
4.9616e-005,0.0288667
4.962e-005,0.0292685
4.9624e-005,0.0293677
4.9628e-005,0.0299084
4.9632e-005,0.03034
4.9636e-005,0.0307715
4.964e-005,0.0305929
4.9644e-005,0.0311485
4.9648e-005,0.0308112
4.9652e-005,0.0306475
4.9656e-005,0.0308013
4.966e-005,0.0308509
4.9664e-005,0.0306029
4.9668e-005,0.0311287
4.9672e-005,0.0314065
4.9676e-005,0.0308955
4.968e-005,0.031719
4.9684e-005,0.0309104
4.9688e-005,0.0304491
4.9692e-005,0.0311188
4.9696e-005,0.0305086
4.97e-005,0.0302854
4.9704e-005,0.0303896
4.9708e-005,0.0302407
4.9712e-005,0.0305681
4.9716e-005,0.030707
4.972e-005,0.0308261
4.9724e-005,0.0307269
4.9728e-005,0.0308807
4.9732e-005,0.030459
4.9736e-005,0.0308807
4.974e-005,0.031337
4.9744e-005,0.0310791
4.9748e-005,0.030717
4.9752e-005,0.0302011
4.9756e-005,0.0308112
4.976e-005,0.0304044
4.9764e-005,0.0305632
4.9768e-005,0.0301217
4.9772e-005,0.0304292
4.9776e-005,0.0306177
4.978e-005,0.0308211
4.9784e-005,0.0298985
4.9788e-005,0.0305929
4.9792e-005,0.0308311
4.9796e-005,0.0305285
4.98e-005,0.0308063
4.9804e-005,0.0305681
4.9808e-005,0.0304392
4.9812e-005,0.0300274
4.9816e-005,0.0299927
4.982e-005,0.0300572
4.9824e-005,0.0300274
4.9828e-005,0.0304342
4.9832e-005,0.0297596
4.9836e-005,0.0305334
4.984e-005,0.0302854
4.9844e-005,0.0305285
4.9848e-005,0.0305235
4.9852e-005,0.0301366
4.9856e-005,0.0305781
4.986e-005,0.0306177
4.9864e-005,0.0310344
4.9868e-005,0.0301316
4.9872e-005,0.030717
4.9876e-005,0.0304491
4.988e-005,0.0302209
4.9884e-005,0.030588
4.9888e-005,0.0303548
4.9892e-005,0.0302259
4.9896e-005,0.0302655
4.99e-005,0.0305334
4.9904e-005,0.0297546
4.9908e-005,0.0306723
4.9912e-005,0.0302606
4.9916e-005,0.0300324
4.992e-005,0.0300175
4.9924e-005,0.0306574
4.9928e-005,0.0304739
4.9932e-005,0.0303648
4.9936e-005,0.0308955
4.994e-005,0.0305384
4.9944e-005,0.0301018
4.9948e-005,0.0304441
4.9952e-005,0.0305533
4.9956e-005,0.030841
4.996e-005,0.0311336
4.9964e-005,0.0298985
4.9968e-005,0.0309749
4.9972e-005,0.0303896
4.9976e-005,0.0303995
4.998e-005,0.0304292
4.9984e-005,0.0303896
4.9988e-005,0.030717
4.9992e-005,0.0303052
4.9996e-005,0.0301118
5e-005,0.0301862
5.0004e-005,0.0305433
5.0008e-005,0.0303152
5.0012e-005,0.0304739
5.0016e-005,0.0304193
5.002e-005,0.0306922
5.0024e-005,0.0302358
5.0028e-005,0.0301415
5.0032e-005,0.0303548
5.0036e-005,0.0297893
5.004e-005,0.0300026
5.0044e-005,0.0303796
5.0048e-005,0.0300175
5.0052e-005,0.0306624
5.0056e-005,0.0306128
5.006e-005,0.030588
5.0064e-005,0.0310791
5.0068e-005,0.0307368
5.0072e-005,0.0298042
5.0076e-005,0.0308955
5.008e-005,0.0310493
5.0084e-005,0.0303945
5.0088e-005,0.0310444
5.0092e-005,0.0306822
5.0096e-005,0.0301812
5.01e-005,0.0307864
5.0104e-005,0.0308261
5.0108e-005,0.0305384
5.0112e-005,0.0303648
5.0116e-005,0.0310394
5.012e-005,0.0303896
5.0124e-005,0.0309303
5.0128e-005,0.0310791
5.0132e-005,0.0303251
5.0136e-005,0.030583
5.014e-005,0.0307715
5.0144e-005,0.0306624
5.0148e-005,0.0309005
5.0152e-005,0.0302407
5.0156e-005,0.0302259
5.016e-005,0.031466
5.0164e-005,0.0303251
5.0168e-005,0.0305533
5.0172e-005,0.0309799
5.0176e-005,0.0307318
5.018e-005,0.0305384
5.0184e-005,0.0312428
5.0188e-005,0.0307517
5.0192e-005,0.0307517
5.0196e-005,0.0306029
5.02e-005,0.030464
5.0204e-005,0.0300473
5.0208e-005,0.0301961
5.0212e-005,0.0306674
5.0216e-005,0.030206
5.022e-005,0.0307864
5.0224e-005,0.0303796
5.0228e-005,0.0306574
5.0232e-005,0.0312676
5.0236e-005,0.0310096
5.024e-005,0.0311733
5.0244e-005,0.0305483
5.0248e-005,0.0308509
5.0252e-005,0.0291147
5.0256e-005,0.0290849
5.026e-005,0.0289262
5.0264e-005,0.0287625
5.0268e-005,0.0295066
5.0272e-005,0.0296306
5.0276e-005,0.0257117
5.028e-005,0.0206966
5.0284e-005,0.0199922
5.0288e-005,0.0186478
5.0292e-005,0.0191885
5.0296e-005,0.0189107
5.03e-005,0.0149323
5.0304e-005,0.00334936
5.0308e-005,0.000933554
5.0312e-005,-0.000455413
5.0316e-005,0.000263874
5.032e-005,0.000239071
5.0324e-005,-0.000653836
5.0328e-005,0.000769854
5.0332e-005,-0.000123053
5.0336e-005,-0.000976275
5.034e-005,0.0041629
5.0344e-005,0.0164255
5.0348e-005,0.018003
5.0352e-005,0.0176904
5.0356e-005,0.0183155
5.036e-005,0.017497
5.0364e-005,0.017373
5.0368e-005,0.017621
5.0372e-005,0.0177648
5.0376e-005,0.0171249
5.038e-005,0.017497
5.0384e-005,0.0169563
5.0388e-005,0.0172043
5.0392e-005,0.0166537
5.0396e-005,0.0166338
5.04e-005,0.0175763
5.0404e-005,0.0175168
5.0408e-005,0.0166686
5.0412e-005,0.0171597
5.0416e-005,0.016986
5.042e-005,0.0164255
5.0424e-005,0.0166934
5.0428e-005,0.0170208
5.0432e-005,0.0171597
5.0436e-005,0.016986
5.044e-005,0.016743
5.0444e-005,0.0167975
5.0448e-005,0.0168819
5.0452e-005,0.0172787
5.0456e-005,0.0163957
5.046e-005,0.016867
5.0464e-005,0.0165842
5.0468e-005,0.0174573
5.0472e-005,0.0174672
5.0476e-005,0.0166438
5.048e-005,0.0172688
5.0484e-005,0.0165197
5.0488e-005,0.016996
5.0492e-005,0.0165842
5.0496e-005,0.0167479
5.05e-005,0.017115
5.0504e-005,0.0178244
5.0508e-005,0.0174623
5.0512e-005,0.017874
5.0516e-005,0.0172341
5.052e-005,0.0170555
5.0524e-005,0.0160981
5.0528e-005,0.017239
5.0532e-005,0.0168521
5.0536e-005,0.0176011
5.054e-005,0.0170952
5.0544e-005,0.0176855
5.0548e-005,0.0172638
5.0552e-005,0.0172341
5.0556e-005,0.0166934
5.056e-005,0.0170902
5.0564e-005,0.017616
5.0568e-005,0.0174374
5.0572e-005,0.0169215
5.0576e-005,0.0172638
5.058e-005,0.0175119
5.0584e-005,0.0165892
5.0588e-005,0.0170307
5.0592e-005,0.0170356
5.0596e-005,0.0169364
5.06e-005,0.0168323
5.0604e-005,0.0171597
5.0608e-005,0.0172093
5.0612e-005,0.0170604
5.0616e-005,0.0165743
5.062e-005,0.016733
5.0624e-005,0.0167876
5.0628e-005,0.0167827
5.0632e-005,0.0172142
5.0636e-005,0.0170307
5.064e-005,0.0166934
5.0644e-005,0.0173482
5.0648e-005,0.0169315
5.0652e-005,0.0163213
5.0656e-005,0.016609
5.066e-005,0.0166636
5.0664e-005,0.0170108
5.0668e-005,0.0168918
5.0672e-005,0.0170654
5.0676e-005,0.0168868
5.068e-005,0.0172142
5.0684e-005,0.0177549
5.0688e-005,0.0173978
5.0692e-005,0.0172986
5.0696e-005,0.0176111
5.07e-005,0.0172638
5.0704e-005,0.0172738
5.0708e-005,0.016862
5.0712e-005,0.0176061
5.0716e-005,0.0174027
5.072e-005,0.0170952
5.0724e-005,0.0172043
5.0728e-005,0.0171845
5.0732e-005,0.0171944
5.0736e-005,0.0178393
5.074e-005,0.0169811
5.0744e-005,0.0170803
5.0748e-005,0.0164056
5.0752e-005,0.0169464
5.0756e-005,0.0170902
5.076e-005,0.0168769
5.0764e-005,0.0176508
5.0768e-005,0.0170704
5.0772e-005,0.0169662
5.0776e-005,0.0164553
5.078e-005,0.0171597
5.0784e-005,0.0170009
5.0788e-005,0.0169563
5.0792e-005,0.017239
5.0796e-005,0.0171101
5.08e-005,0.0177152
5.0804e-005,0.0172886
5.0808e-005,0.0173978
5.0812e-005,0.0177202
5.0816e-005,0.0174226
5.082e-005,0.0169116
5.0824e-005,0.016867
5.0828e-005,0.0172192
5.0832e-005,0.016996
5.0836e-005,0.0171497
5.084e-005,0.0166338
5.0844e-005,0.0175664
5.0848e-005,0.0176359
5.0852e-005,0.0175763
5.0856e-005,0.0165991
5.086e-005,0.0182361
5.0864e-005,0.0177301
5.0868e-005,0.0171944
5.0872e-005,0.0173878
5.0876e-005,0.0170604
5.088e-005,0.0173035
5.0884e-005,0.0168124
5.0888e-005,0.0171597
5.0892e-005,0.0169414
5.0896e-005,0.0174821
5.09e-005,0.017621
5.0904e-005,0.0171547
5.0908e-005,0.0167479
5.0912e-005,0.0170208
5.0916e-005,0.0171646
5.092e-005,0.0176458
5.0924e-005,0.0168819
5.0928e-005,0.0171448
5.0932e-005,0.0174821
5.0936e-005,0.0169166
5.094e-005,0.0172886
5.0944e-005,0.0174771
5.0948e-005,0.0170902
5.0952e-005,0.017115
5.0956e-005,0.0174672
5.096e-005,0.0175565
5.0964e-005,0.0175863
5.0968e-005,0.0170208
5.0972e-005,0.0170406
5.0976e-005,0.0178541
5.098e-005,0.0172489
5.0984e-005,0.0170158
5.0988e-005,0.0171646
5.0992e-005,0.0175912
5.0996e-005,0.0172936
5.1e-005,0.0173234
5.1004e-005,0.0172787
5.1008e-005,0.0182212
5.1012e-005,0.0173581
5.1016e-005,0.0166834
5.102e-005,0.01774
5.1024e-005,0.0186578
5.1028e-005,0.0195804
5.1032e-005,0.0196648
5.1036e-005,0.0203096
5.104e-005,0.0199078
5.1044e-005,0.0187669
5.1048e-005,0.0182311
5.1052e-005,0.0188959
5.1056e-005,0.0184345
5.106e-005,0.0182907
5.1064e-005,0.0178839
5.1068e-005,0.0140345
5.1072e-005,0.00346346
5.1076e-005,0.000720248
5.108e-005,-0.00106061
5.1084e-005,0.000179543
5.1088e-005,0.000204346
5.1092e-005,-0.00026691
5.1096e-005,0.000452376
5.11e-005,2.5765e-005
5.1104e-005,-0.00112509
5.1108e-005,0.00336921
5.1112e-005,0.0156318
5.1116e-005,0.0172936
5.112e-005,0.0183403
5.1124e-005,0.0194068
5.1128e-005,0.0195011
5.1132e-005,0.0196499
5.1136e-005,0.0197888
5.114e-005,0.0204485
5.1144e-005,0.0200219
5.1148e-005,0.0200914
5.1152e-005,0.0205973
5.1156e-005,0.0208404
5.116e-005,0.0204535
5.1164e-005,0.0206172
5.1168e-005,0.0212819
5.1172e-005,0.0207214
5.1176e-005,0.0204535
5.118e-005,0.021401
5.1184e-005,0.0208801
5.1188e-005,0.020136
5.1192e-005,0.0211827
5.1196e-005,0.0212323
5.12e-005,0.020766
5.1204e-005,0.0211976
5.1208e-005,0.0202551
5.1212e-005,0.0202104
5.1216e-005,0.0204981
5.122e-005,0.0210587
5.1224e-005,0.0206519
5.1228e-005,0.0215051
5.1232e-005,0.0211381
5.1236e-005,0.0201162
5.124e-005,0.0212918
5.1244e-005,0.0214605
5.1248e-005,0.0206321
5.1252e-005,0.0210884
5.1256e-005,0.0210686
5.126e-005,0.0208603
