Time,Ampl
4.126e-005,0.0420966
4.1264e-005,0.0421263
4.1268e-005,0.0432871
4.1272e-005,0.0430688
4.1276e-005,0.0431829
4.128e-005,0.0433714
4.1284e-005,0.043798
4.1288e-005,0.0436988
4.1292e-005,0.0439221
4.1296e-005,0.0439617
4.13e-005,0.0439121
4.1304e-005,0.0438873
4.1308e-005,0.0442346
4.1312e-005,0.0436443
4.1316e-005,0.0449737
4.132e-005,0.0442247
4.1324e-005,0.0445719
4.1328e-005,0.0444032
4.1332e-005,0.0445372
4.1336e-005,0.0445223
4.134e-005,0.0446612
4.1344e-005,0.0441453
4.1348e-005,0.0443735
4.1352e-005,0.0449291
4.1356e-005,0.0448695
4.136e-005,0.0443636
4.1364e-005,0.0448447
4.1368e-005,0.0445669
4.1372e-005,0.0454152
4.1376e-005,0.0445074
4.138e-005,0.0446959
4.1384e-005,0.0446711
4.1388e-005,0.0440858
4.1392e-005,0.0443288
4.1396e-005,0.0445124
4.14e-005,0.0447108
4.1404e-005,0.0439865
4.1408e-005,0.0438377
4.1412e-005,0.0434409
4.1416e-005,0.0446066
4.142e-005,0.0443636
4.1424e-005,0.0441899
4.1428e-005,0.0448298
4.1432e-005,0.0450382
4.1436e-005,0.0448001
4.144e-005,0.0446017
4.1444e-005,0.0445521
4.1448e-005,0.0449043
4.1452e-005,0.0449588
4.1456e-005,0.0438477
4.146e-005,0.0441751
4.1464e-005,0.0440213
4.1468e-005,0.0448298
4.1472e-005,0.0449142
4.1476e-005,0.0438625
4.148e-005,0.0442991
4.1484e-005,0.0447158
4.1488e-005,0.0445322
4.1492e-005,0.0445669
4.1496e-005,0.0443437
4.15e-005,0.0447703
4.1504e-005,0.0447108
4.1508e-005,0.0444925
4.1512e-005,0.0447703
4.1516e-005,0.0448745
4.152e-005,0.0450531
4.1524e-005,0.0450035
4.1528e-005,0.0442743
4.1532e-005,0.0447158
4.1536e-005,0.0449787
4.154e-005,0.0443834
4.1544e-005,0.0452217
4.1548e-005,0.044939
4.1552e-005,0.0449935
4.1556e-005,0.0441403
4.156e-005,0.0444826
4.1564e-005,0.0446116
4.1568e-005,0.0451721
4.1572e-005,0.045187
4.1576e-005,0.0449886
4.158e-005,0.0451821
4.1584e-005,0.0452912
4.1588e-005,0.0448943
4.1592e-005,0.0445769
4.1596e-005,0.0445372
4.16e-005,0.0445273
4.1604e-005,0.0452267
4.1608e-005,0.0451721
4.1612e-005,0.0448745
4.1616e-005,0.0449191
4.162e-005,0.044562
4.1624e-005,0.0446364
4.1628e-005,0.0446265
4.1632e-005,0.0450134
4.1636e-005,0.044691
4.164e-005,0.0454747
4.1644e-005,0.0448745
4.1648e-005,0.045058
4.1652e-005,0.0448348
4.1656e-005,0.0446513
4.166e-005,0.0442147
4.1664e-005,0.0450729
4.1668e-005,0.0442891
4.1672e-005,0.0444578
4.1676e-005,0.0448497
4.168e-005,0.0441999
4.1684e-005,0.0451821
4.1688e-005,0.0448646
4.1692e-005,0.0445124
4.1696e-005,0.0442395
4.17e-005,0.0446761
4.1704e-005,0.0447654
4.1708e-005,0.0441354
4.1712e-005,0.0455491
4.1716e-005,0.0449836
4.172e-005,0.045311
4.1724e-005,0.0451275
4.1728e-005,0.0454202
4.1732e-005,0.0438774
4.1736e-005,0.044691
4.174e-005,0.0447604
4.1744e-005,0.0448795
4.1748e-005,0.0447604
4.1752e-005,0.0444132
4.1756e-005,0.0444925
4.176e-005,0.0449886
4.1764e-005,0.0446017
4.1768e-005,0.0445223
4.1772e-005,0.0448795
4.1776e-005,0.0447356
4.178e-005,0.0445124
4.1784e-005,0.0453011
4.1788e-005,0.0454846
4.1792e-005,0.0446314
4.1796e-005,0.0450531
4.18e-005,0.0450432
4.1804e-005,0.0442395
4.1808e-005,0.0442395
4.1812e-005,0.0446562
4.1816e-005,0.0446413
4.182e-005,0.0448249
4.1824e-005,0.044939
4.1828e-005,0.0455442
4.1832e-005,0.0453458
4.1836e-005,0.0445223
4.184e-005,0.0453706
4.1844e-005,0.044562
4.1848e-005,0.0443189
4.1852e-005,0.0446215
4.1856e-005,0.044686
4.186e-005,0.0436145
4.1864e-005,0.0436641
4.1868e-005,0.0404943
4.1872e-005,0.0378949
4.1876e-005,0.0355089
4.188e-005,0.0351765
4.1884e-005,0.0345317
4.1888e-005,0.0335296
4.1892e-005,0.0256671
4.1896e-005,0.0202898
4.19e-005,0.0195953
4.1904e-005,0.0199078
4.1908e-005,0.0189504
4.1912e-005,0.0190645
4.1916e-005,0.0108895
4.192e-005,0.00255567
4.1924e-005,0.000834342
4.1928e-005,-0.000559585
4.1932e-005,-5.36045e-005
4.1936e-005,-0.000118092
4.194e-005,0.000531746
4.1944e-005,-3.99852e-006
4.1948e-005,-0.000410767
4.1952e-005,-0.000281792
4.1956e-005,0.00755595
4.196e-005,0.0169712
4.1964e-005,0.0215795
4.1968e-005,0.0250916
4.1972e-005,0.0287972
4.1976e-005,0.0308311
4.198e-005,0.0326665
4.1984e-005,0.0354097
4.1988e-005,0.0376271
4.1992e-005,0.0384902
4.1996e-005,0.0393484
4.2e-005,0.0414368
4.2004e-005,0.0417989
4.2008e-005,0.0425877
4.2012e-005,0.0437038
4.2016e-005,0.0443437
4.202e-005,0.044691
4.2024e-005,0.0453011
4.2028e-005,0.0457079
4.2032e-005,0.0456682
4.2036e-005,0.0465512
4.204e-005,0.0466553
4.2044e-005,0.0469877
4.2048e-005,0.047712
4.2052e-005,0.0480592
4.2056e-005,0.0473548
4.206e-005,0.0483519
4.2064e-005,0.0483668
4.2068e-005,0.0480642
4.2072e-005,0.0489422
4.2076e-005,0.0488926
4.208e-005,0.0493539
4.2084e-005,0.0483023
4.2088e-005,0.0489521
4.2092e-005,0.0491505
4.2096e-005,0.0489372
4.21e-005,0.0489223
4.2104e-005,0.049091
4.2108e-005,0.0500732
4.2112e-005,0.0496515
4.2116e-005,0.0489075
4.212e-005,0.0498152
4.2124e-005,0.0501426
4.2128e-005,0.0493936
4.2132e-005,0.0499889
4.2136e-005,0.0497111
4.214e-005,0.0498797
4.2144e-005,0.0503411
4.2148e-005,0.0493539
4.2152e-005,0.0498996
4.2156e-005,0.0502567
4.216e-005,0.0494531
4.2164e-005,0.0493837
4.2168e-005,0.0499938
4.2172e-005,0.0496218
4.2176e-005,0.0499541
4.218e-005,0.0504651
4.2184e-005,0.0501774
4.2188e-005,0.0494978
4.2192e-005,0.0501923
4.2196e-005,0.0499988
4.22e-005,0.0497954
4.2204e-005,0.0498152
4.2208e-005,0.0495523
4.2212e-005,0.0496615
4.2216e-005,0.049721
4.222e-005,0.0501873
4.2224e-005,0.049473
4.2228e-005,0.0505693
4.2232e-005,0.0504651
4.2236e-005,0.0499938
4.224e-005,0.0500633
4.2244e-005,0.0502915
4.2248e-005,0.0502815
4.2252e-005,0.0501278
4.2256e-005,0.0506883
4.226e-005,0.0503956
4.2264e-005,0.0504155
4.2268e-005,0.0499393
4.2272e-005,0.0500633
4.2276e-005,0.0498847
4.228e-005,0.0499343
4.2284e-005,0.0495821
4.2288e-005,0.0502171
4.2292e-005,0.0502716
4.2296e-005,0.0494234
4.23e-005,0.0502667
4.2304e-005,0.0497954
4.2308e-005,0.0499244
4.2312e-005,0.0501923
4.2316e-005,0.0501674
4.232e-005,0.0500484
4.2324e-005,0.0500286
4.2328e-005,0.049716
4.2332e-005,0.0505147
4.2336e-005,0.0506089
4.234e-005,0.0501278
4.2344e-005,0.0499194
4.2348e-005,0.0493638
4.2352e-005,0.0501426
4.2356e-005,0.0496069
4.236e-005,0.0506734
4.2364e-005,0.0500236
4.2368e-005,0.0502369
4.2372e-005,0.0509016
4.2376e-005,0.0500236
4.238e-005,0.0501129
4.2384e-005,0.0502518
4.2388e-005,0.050728
4.2392e-005,0.0498351
4.2396e-005,0.0508371
4.24e-005,0.0506883
4.2404e-005,0.0499442
4.2408e-005,0.05048
4.2412e-005,0.0505494
4.2416e-005,0.0501674
4.242e-005,0.0501972
4.2424e-005,0.0504006
4.2428e-005,0.0503014
4.2432e-005,0.0510157
4.2436e-005,0.0502716
4.244e-005,0.0498698
4.2444e-005,0.0499889
4.2448e-005,0.0500037
4.2452e-005,0.0496317
4.2456e-005,0.0501774
4.246e-005,0.050475
4.2464e-005,0.0502865
4.2468e-005,0.0503411
4.2472e-005,0.049721
4.2476e-005,0.0494878
4.248e-005,0.0501129
4.2484e-005,0.0497607
4.2488e-005,0.0501923
4.2492e-005,0.050093
4.2496e-005,0.0501079
4.25e-005,0.0504552
4.2504e-005,0.0504403
4.2508e-005,0.0501476
4.2512e-005,0.0501327
4.2516e-005,0.0500236
4.252e-005,0.0506536
4.2524e-005,0.0500782
4.2528e-005,0.0503708
4.2532e-005,0.0503808
4.2536e-005,0.0500434
4.254e-005,0.0499244
4.2544e-005,0.0504204
4.2548e-005,0.0502617
4.2552e-005,0.0503758
4.2556e-005,0.049726
4.256e-005,0.0496962
4.2564e-005,0.0501724
4.2568e-005,0.0501972
4.2572e-005,0.0496515
4.2576e-005,0.0501774
4.258e-005,0.0502915
4.2584e-005,0.0495722
4.2588e-005,0.0504056
4.2592e-005,0.0501178
4.2596e-005,0.0502022
4.26e-005,0.0503659
4.2604e-005,0.0504006
4.2608e-005,0.0496664
4.2612e-005,0.0500782
4.2616e-005,0.0501327
4.262e-005,0.050093
4.2624e-005,0.0504552
4.2628e-005,0.049463
4.2632e-005,0.0487487
4.2636e-005,0.0444479
4.264e-005,0.040281
4.2644e-005,0.0375378
4.2648e-005,0.0367639
4.2652e-005,0.0361984
4.2656e-005,0.0352857
4.266e-005,0.0271354
4.2664e-005,0.0213315
4.2668e-005,0.0197491
4.2672e-005,0.0190893
4.2676e-005,0.0181915
4.268e-005,0.0186478
4.2684e-005,0.0106414
4.2688e-005,0.00223819
4.2692e-005,0.000908751
4.2696e-005,8.52922e-005
4.27e-005,-1.39197e-005
4.2704e-005,-0.000872102
4.2708e-005,0.000328361
4.2712e-005,0.000224189
4.2716e-005,-0.000162738
4.272e-005,-0.000197462
4.2724e-005,0.00730792
4.2728e-005,0.0172291
4.2732e-005,0.0195308
4.2736e-005,0.021148
4.274e-005,0.0227701
4.2744e-005,0.0247791
4.2748e-005,0.0257117
4.2752e-005,0.0267584
4.2756e-005,0.0281573
4.276e-005,0.0280283
4.2764e-005,0.028822
4.2768e-005,0.0304292
4.2772e-005,0.0308856
4.2776e-005,0.0306822
4.278e-005,0.0311981
4.2784e-005,0.031848
4.2788e-005,0.0320266
4.2792e-005,0.0320464
4.2796e-005,0.0330832
4.28e-005,0.0318083
4.2804e-005,0.0326516
4.2808e-005,0.0326962
4.2812e-005,0.0328302
4.2816e-005,0.0330584
4.282e-005,0.0325425
4.2824e-005,0.031977
4.2828e-005,0.0328947
4.2832e-005,0.0325573
4.2836e-005,0.032726
4.284e-005,0.0328599
4.2844e-005,0.0324482
4.2848e-005,0.0326069
4.2852e-005,0.0328699
4.2856e-005,0.0330336
4.286e-005,0.0328947
4.2864e-005,0.0322051
4.2868e-005,0.0324184
4.2872e-005,0.0325127
4.2876e-005,0.0322597
4.288e-005,0.0323192
4.2884e-005,0.0319075
4.2888e-005,0.0324333
4.2892e-005,0.0324184
4.2896e-005,0.0320315
4.29e-005,0.0325276
4.2904e-005,0.032855
4.2908e-005,0.0324432
4.2912e-005,0.0326764
4.2916e-005,0.0322696
4.292e-005,0.0322448
4.2924e-005,0.0327161
4.2928e-005,0.032478
4.2932e-005,0.03222
4.2936e-005,0.0328847
4.294e-005,0.032468
4.2944e-005,0.031977
4.2948e-005,0.0327161
4.2952e-005,0.0325821
4.2956e-005,0.032468
4.296e-005,0.032096
4.2964e-005,0.0319869
4.2968e-005,0.0322051
4.2972e-005,0.0326317
4.2976e-005,0.0318877
4.298e-005,0.0319869
4.2984e-005,0.032597
4.2988e-005,0.0323192
4.2992e-005,0.03285
4.2996e-005,0.0322994
4.3e-005,0.0322498
4.3004e-005,0.0323242
4.3008e-005,0.0323887
4.3012e-005,0.032225
4.3016e-005,0.0318926
4.302e-005,0.0321803
4.3024e-005,0.0322051
4.3028e-005,0.0320563
4.3032e-005,0.0325821
4.3036e-005,0.032354
4.304e-005,0.0320662
4.3044e-005,0.0318281
4.3048e-005,0.0314859
4.3052e-005,0.0321307
4.3056e-005,0.0318777
4.306e-005,0.0325276
4.3064e-005,0.031843
4.3068e-005,0.0324482
4.3072e-005,0.032478
4.3076e-005,0.0314561
4.308e-005,0.0316247
4.3084e-005,0.0323837
4.3088e-005,0.0326069
4.3092e-005,0.0317537
4.3096e-005,0.0319273
4.31e-005,0.0319373
4.3104e-005,0.032225
4.3108e-005,0.0323639
4.3112e-005,0.032225
4.3116e-005,0.0317884
4.312e-005,0.0320067
4.3124e-005,0.0315503
4.3128e-005,0.0314114
4.3132e-005,0.031967
4.3136e-005,0.0318281
4.314e-005,0.0323143
4.3144e-005,0.0327409
4.3148e-005,0.0321357
4.3152e-005,0.0323043
4.3156e-005,0.0323589
4.316e-005,0.0319968
4.3164e-005,0.0320613
4.3168e-005,0.0317984
4.3172e-005,0.0318529
4.3176e-005,0.0320861
4.318e-005,0.0313817
4.3184e-005,0.03159
4.3188e-005,0.031337
4.3192e-005,0.0322647
4.3196e-005,0.0319571
4.32e-005,0.0317934
4.3204e-005,0.0311733
4.3208e-005,0.0318331
4.3212e-005,0.0316694
4.3216e-005,0.0318033
4.322e-005,0.0320762
4.3224e-005,0.0315454
4.3228e-005,0.0322349
4.3232e-005,0.0319422
4.3236e-005,0.0320464
4.324e-005,0.0323738
4.3244e-005,0.0321456
4.3248e-005,0.0320018
4.3252e-005,0.0321158
4.3256e-005,0.0325177
4.326e-005,0.0317884
4.3264e-005,0.0320563
4.3268e-005,0.0318777
4.3272e-005,0.0320018
4.3276e-005,0.0318579
4.328e-005,0.0316992
4.3284e-005,0.0320514
4.3288e-005,0.0317984
4.3292e-005,0.0319521
4.3296e-005,0.0320514
4.33e-005,0.0322845
4.3304e-005,0.0325325
4.3308e-005,0.032096
4.3312e-005,0.0323143
4.3316e-005,0.0320514
4.332e-005,0.0315999
4.3324e-005,0.0322101
4.3328e-005,0.031848
4.3332e-005,0.0319174
4.3336e-005,0.0315206
4.334e-005,0.0322448
4.3344e-005,0.0319422
4.3348e-005,0.0319422
4.3352e-005,0.0316992
4.3356e-005,0.0317537
4.336e-005,0.0315156
4.3364e-005,0.0314065
4.3368e-005,0.0315603
4.3372e-005,0.0317636
4.3376e-005,0.0313172
4.338e-005,0.0322647
4.3384e-005,0.0316644
4.3388e-005,0.032602
4.3392e-005,0.0320613
4.3396e-005,0.0311039
4.34e-005,0.0309799
4.3404e-005,0.0307269
4.3408e-005,0.0305979
4.3412e-005,0.0297596
4.3416e-005,0.0297298
4.342e-005,0.029834
4.3424e-005,0.0296901
4.3428e-005,0.0238019
4.3432e-005,0.0203295
4.3436e-005,0.0193126
4.344e-005,0.0195457
4.3444e-005,0.0185536
4.3448e-005,0.0182311
4.3452e-005,0.00920782
4.3456e-005,0.00150402
4.346e-005,0.000497021
4.3464e-005,-0.00102092
4.3468e-005,-0.000703442
4.3472e-005,-0.000867142
4.3476e-005,1.08833e-005
4.348e-005,-8.3368e-005
4.3484e-005,-0.000584388
4.3488e-005,-0.000227225
4.3492e-005,0.00785854
4.3496e-005,0.0175416
4.35e-005,0.0198235
4.3504e-005,0.022775
4.3508e-005,0.0258853
4.3512e-005,0.0274479
4.3516e-005,0.0283508
4.352e-005,0.0295066
4.3524e-005,0.0311088
4.3528e-005,0.0319571
4.3532e-005,0.0325573
4.3536e-005,0.0332717
4.354e-005,0.0347896
4.3544e-005,0.035375
4.3548e-005,0.0360893
4.3552e-005,0.0363572
4.3556e-005,0.0366548
4.356e-005,0.0369772
4.3564e-005,0.0378652
4.3568e-005,0.0374683
4.3572e-005,0.0381678
4.3576e-005,0.0382025
4.358e-005,0.0381579
4.3584e-005,0.0385894
4.3588e-005,0.0385894
4.3592e-005,0.0380735
4.3596e-005,0.0391549
4.36e-005,0.0386986
4.3604e-005,0.038773
4.3608e-005,0.0394972
4.3612e-005,0.0385497
4.3616e-005,0.0387382
4.362e-005,0.0389813
4.3624e-005,0.0390012
4.3628e-005,0.0386787
4.3632e-005,0.0388722
4.3636e-005,0.0390508
4.364e-005,0.0386043
4.3644e-005,0.0385993
4.3648e-005,0.0387978
4.3652e-005,0.0381678
4.3656e-005,0.0382223
4.366e-005,0.0387035
4.3664e-005,0.0381479
4.3668e-005,0.0387382
4.3672e-005,0.0385398
4.3676e-005,0.0384604
4.368e-005,0.0385547
4.3684e-005,0.0383364
4.3688e-005,0.0388424
4.3692e-005,0.0386837
4.3696e-005,0.0384654
4.37e-005,0.0381727
4.3704e-005,0.0388623
4.3708e-005,0.0384158
4.3712e-005,0.0387978
4.3716e-005,0.0387283
4.372e-005,0.0384059
4.3724e-005,0.0383017
4.3728e-005,0.0387184
4.3732e-005,0.0387878
4.3736e-005,0.0379793
4.374e-005,0.038768
4.3744e-005,0.0392393
4.3748e-005,0.0384456
4.3752e-005,0.0385845
4.3756e-005,0.0386638
4.376e-005,0.0387085
4.3764e-005,0.038892
4.3768e-005,0.0386291
4.3772e-005,0.0389466
4.3776e-005,0.0384307
4.378e-005,0.0383364
4.3784e-005,0.0386142
4.3788e-005,0.0386589
4.3792e-005,0.0388623
4.3796e-005,0.0385745
4.38e-005,0.03915
4.3804e-005,0.0385448
4.3808e-005,0.0388375
4.3812e-005,0.038768
4.3816e-005,0.0385398
4.382e-005,0.0384059
4.3824e-005,0.038391
4.3828e-005,0.0391351
4.3832e-005,0.0389267
4.3836e-005,0.0388573
4.384e-005,0.0383166
4.3844e-005,0.0391996
4.3848e-005,0.0393037
4.3852e-005,0.0394228
4.3856e-005,0.0389317
4.386e-005,0.0390061
4.3864e-005,0.0394923
4.3868e-005,0.0386142
4.3872e-005,0.0391053
4.3876e-005,0.0395964
4.388e-005,0.0388226
4.3884e-005,0.0390756
4.3888e-005,0.0390309
4.3892e-005,0.0385398
4.3896e-005,0.0386589
4.39e-005,0.0392591
4.3904e-005,0.0387878
4.3908e-005,0.0389912
4.3912e-005,0.03914
4.3916e-005,0.0392641
4.392e-005,0.0399933
4.3924e-005,0.0387531
4.3928e-005,0.0389863
4.3932e-005,0.0389416
4.3936e-005,0.0391599
4.394e-005,0.0387184
4.3944e-005,0.0391797
4.3948e-005,0.0389416
4.3952e-005,0.0385051
4.3956e-005,0.0391202
4.396e-005,0.03914
4.3964e-005,0.03914
4.3968e-005,0.039269
4.3972e-005,0.0388375
4.3976e-005,0.0386489
4.398e-005,0.0390061
4.3984e-005,0.038892
4.3988e-005,0.0386837
4.3992e-005,0.039269
4.3996e-005,0.0393732
4.4e-005,0.0384803
4.4004e-005,0.0389664
4.4008e-005,0.0384406
4.4012e-005,0.0387829
4.4016e-005,0.0385795
4.402e-005,0.0386986
4.4024e-005,0.0386638
4.4028e-005,0.0383811
4.4032e-005,0.0384704
4.4036e-005,0.0387581
4.404e-005,0.0389119
4.4044e-005,0.0391946
4.4048e-005,0.0383612
4.4052e-005,0.03914
4.4056e-005,0.0384604
4.406e-005,0.038773
4.4064e-005,0.0393087
4.4068e-005,0.0389912
4.4072e-005,0.0382075
4.4076e-005,0.039145
4.408e-005,0.0390309
4.4084e-005,0.0388424
4.4088e-005,0.0389019
4.4092e-005,0.039269
4.4096e-005,0.0389615
4.41e-005,0.0398345
4.4104e-005,0.0393087
4.4108e-005,0.0389615
4.4112e-005,0.0393037
4.4116e-005,0.0395567
4.412e-005,0.0391797
4.4124e-005,0.0392145
4.4128e-005,0.0389615
4.4132e-005,0.038639
4.4136e-005,0.0389863
4.414e-005,0.038639
4.4144e-005,0.0383067
4.4148e-005,0.0388077
4.4152e-005,0.0388771
4.4156e-005,0.0386489
4.416e-005,0.0391847
4.4164e-005,0.0388275
4.4168e-005,0.0376866
4.4172e-005,0.0363125
4.4176e-005,0.0345515
4.418e-005,0.0332022
4.4184e-005,0.0329443
4.4188e-005,0.0325425
4.4192e-005,0.0319323
4.4196e-005,0.025424
4.42e-005,0.0205676
4.4204e-005,0.0191439
4.4208e-005,0.0193274
4.4212e-005,0.0187222
4.4216e-005,0.0183998
4.422e-005,0.00988743
4.4224e-005,0.00145442
4.4228e-005,0.00065576
4.4232e-005,-0.000748088
4.4236e-005,-0.000559585
4.424e-005,-0.000172659
4.4244e-005,-0.000187541
4.4248e-005,-0.000356201
4.4252e-005,-0.000425649
4.4256e-005,-0.000643915
4.426e-005,0.00719878
4.4264e-005,0.0174077
4.4268e-005,0.0207859
4.4272e-005,0.0244071
4.4276e-005,0.0268477
4.428e-005,0.029075
4.4284e-005,0.0309848
4.4288e-005,0.0329145
4.4292e-005,0.0346755
4.4296e-005,0.0361587
4.43e-005,0.0366548
4.4304e-005,0.038639
4.4308e-005,0.0386291
4.4312e-005,0.0391797
4.4316e-005,0.0405637
4.432e-005,0.0405141
4.4324e-005,0.0408862
4.4328e-005,0.0417592
4.4332e-005,0.0417295
4.4336e-005,0.041784
4.434e-005,0.0426968
4.4344e-005,0.0425926
4.4348e-005,0.0433814
4.4352e-005,0.0435302
4.4356e-005,0.0438625
4.436e-005,0.0442941
4.4364e-005,0.044056
4.4368e-005,0.0435401
4.4372e-005,0.0441205
4.4376e-005,0.0443735
4.438e-005,0.0445421
4.4384e-005,0.0439568
4.4388e-005,0.0445868
4.4392e-005,0.0448943
4.4396e-005,0.0442743
4.44e-005,0.0452168
4.4404e-005,0.0448447
4.4408e-005,0.0443536
4.4412e-005,0.0446413
4.4416e-005,0.0448547
4.442e-005,0.0445868
4.4424e-005,0.0445769
4.4428e-005,0.0444727
4.4432e-005,0.0453507
4.4436e-005,0.0451821
4.444e-005,0.045812
4.4444e-005,0.0443189
4.4448e-005,0.0451275
4.4452e-005,0.0443636
4.4456e-005,0.0446959
4.446e-005,0.0447951
4.4464e-005,0.0443139
4.4468e-005,0.0447654
4.4472e-005,0.0448844
4.4476e-005,0.0448348
4.448e-005,0.0448894
4.4484e-005,0.0452465
4.4488e-005,0.0448844
4.4492e-005,0.0447207
4.4496e-005,0.0452465
4.45e-005,0.0442842
4.4504e-005,0.0445273
4.4508e-005,0.0445917
4.4512e-005,0.0442594
4.4516e-005,0.0448398
4.452e-005,0.0449291
4.4524e-005,0.0451176
4.4528e-005,0.0444181
4.4532e-005,0.0447406
4.4536e-005,0.0436939
4.454e-005,0.0444479
4.4544e-005,0.0448447
4.4548e-005,0.0449439
4.4552e-005,0.044939
4.4556e-005,0.0452019
4.456e-005,0.0449191
4.4564e-005,0.0442991
4.4568e-005,0.0451027
4.4572e-005,0.0448943
4.4576e-005,0.0449043
4.458e-005,0.0452763
4.4584e-005,0.0446364
4.4588e-005,0.0444628
4.4592e-005,0.0454152
4.4596e-005,0.0448745
4.46e-005,0.0445917
4.4604e-005,0.0453458
4.4608e-005,0.044691
4.4612e-005,0.0442891
4.4616e-005,0.0449687
4.462e-005,0.0452614
4.4624e-005,0.0448001
4.4628e-005,0.0449737
4.4632e-005,0.0449291
4.4636e-005,0.0445273
4.464e-005,0.0452019
4.4644e-005,0.0454797
4.4648e-005,0.0450729
4.4652e-005,0.0455343
4.4656e-005,0.0449935
4.466e-005,0.0446711
4.4664e-005,0.0445967
4.4668e-005,0.0450481
4.4672e-005,0.0441949
4.4676e-005,0.0448993
4.468e-005,0.044433
4.4684e-005,0.0449092
4.4688e-005,0.0447902
4.4692e-005,0.0448547
4.4696e-005,0.0446017
4.47e-005,0.0449539
4.4704e-005,0.0452317
4.4708e-005,0.044686
4.4712e-005,0.0455144
4.4716e-005,0.0451721
4.472e-005,0.0447257
4.4724e-005,0.0446463
4.4728e-005,0.0447604
4.4732e-005,0.0453706
4.4736e-005,0.0449836
4.474e-005,0.0450828
4.4744e-005,0.0438278
4.4748e-005,0.0446562
4.4752e-005,0.0452217
4.4756e-005,0.0446017
4.476e-005,0.0445521
4.4764e-005,0.0441056
4.4768e-005,0.0444578
4.4772e-005,0.0446265
4.4776e-005,0.0445273
4.478e-005,0.0452069
4.4784e-005,0.0447554
4.4788e-005,0.0443536
4.4792e-005,0.0445421
4.4796e-005,0.0448547
4.48e-005,0.0446165
4.4804e-005,0.0449191
4.4808e-005,0.0448795
4.4812e-005,0.0446215
4.4816e-005,0.044051
4.482e-005,0.044691
4.4824e-005,0.0449241
4.4828e-005,0.0436591
4.4832e-005,0.0448943
4.4836e-005,0.0447158
4.484e-005,0.0444082
4.4844e-005,0.0447058
4.4848e-005,0.04418
4.4852e-005,0.0449737
4.4856e-005,0.0453854
4.486e-005,0.0446165
4.4864e-005,0.0446017
4.4868e-005,0.0440014
4.4872e-005,0.0441949
4.4876e-005,0.044056
4.488e-005,0.0448894
4.4884e-005,0.0453408
4.4888e-005,0.0442643
4.4892e-005,0.045187
4.4896e-005,0.0453755
4.49e-005,0.045058
4.4904e-005,0.0450828
4.4908e-005,0.0443487
4.4912e-005,0.0449787
4.4916e-005,0.0442445
4.492e-005,0.0445421
4.4924e-005,0.044562
4.4928e-005,0.0455591
4.4932e-005,0.0445521
4.4936e-005,0.0432276
4.494e-005,0.0406828
4.4944e-005,0.0374782
4.4948e-005,0.0360942
4.4952e-005,0.0348094
4.4956e-005,0.0342985
4.496e-005,0.0336387
4.4964e-005,0.0263665
4.4968e-005,0.0205477
4.4972e-005,0.0193969
4.4976e-005,0.0196499
4.498e-005,0.0181071
4.4984e-005,0.0180228
4.4988e-005,0.0101702
4.4992e-005,0.00245646
4.4996e-005,0.000874027
4.5e-005,-0.000559585
4.5004e-005,-0.000648876
4.5008e-005,0.000427573
4.5012e-005,0.000407731
4.5016e-005,-0.000202422
4.502e-005,-0.000693521
4.5024e-005,-0.000802654
4.5028e-005,0.00689619
4.5032e-005,0.0173432
4.5036e-005,0.0211579
4.504e-005,0.0248684
4.5044e-005,0.0282119
4.5048e-005,0.0306525
4.5052e-005,0.0328699
4.5056e-005,0.0347251
4.506e-005,0.0372401
4.5064e-005,0.0384009
4.5068e-005,0.0396411
4.5072e-005,0.040782
4.5076e-005,0.0417692
4.508e-005,0.0424835
4.5084e-005,0.0433069
4.5088e-005,0.0438774
4.5092e-005,0.0443536
4.5096e-005,0.0454549
4.51e-005,0.0460849
4.5104e-005,0.0457972
4.5108e-005,0.0462734
4.5112e-005,0.047077
4.5116e-005,0.0464569
4.512e-005,0.048585
4.5124e-005,0.0470175
4.5128e-005,0.0479947
4.5132e-005,0.0478459
4.5136e-005,0.0480344
4.514e-005,0.0482527
4.5144e-005,0.0488678
4.5148e-005,0.0493539
4.5152e-005,0.048213
4.5156e-005,0.049974
4.516e-005,0.0489273
4.5164e-005,0.0485701
4.5168e-005,0.0491902
4.5172e-005,0.0490761
4.5176e-005,0.049086
4.518e-005,0.0494234
4.5184e-005,0.0493638
4.5188e-005,0.0487289
4.5192e-005,0.0499244
4.5196e-005,0.049463
4.52e-005,0.0499293
4.5204e-005,0.0491356
4.5208e-005,0.0489521
4.5212e-005,0.0491257
4.5216e-005,0.0503659
4.522e-005,0.0497458
4.5224e-005,0.0497012
4.5228e-005,0.0500286
4.5232e-005,0.0489223
4.5236e-005,0.0494382
4.524e-005,0.049721
4.5244e-005,0.0496615
4.5248e-005,0.0498599
4.5252e-005,0.0496168
4.5256e-005,0.0502171
4.526e-005,0.0496168
4.5264e-005,0.0501526
4.5268e-005,0.0497458
4.5272e-005,0.0494531
4.5276e-005,0.0498797
4.528e-005,0.0497904
4.5284e-005,0.0497111
4.5288e-005,0.0499393
4.5292e-005,0.0502468
4.5296e-005,0.0496813
4.53e-005,0.0496119
4.5304e-005,0.0494035
4.5308e-005,0.0497012
4.5312e-005,0.0504552
4.5316e-005,0.0491356
4.532e-005,0.0491555
4.5324e-005,0.0499641
4.5328e-005,0.0498946
4.5332e-005,0.0496813
4.5336e-005,0.0498599
4.534e-005,0.0498004
4.5344e-005,0.0501079
4.5348e-005,0.0500682
4.5352e-005,0.049716
4.5356e-005,0.049969
4.536e-005,0.0496367
4.5364e-005,0.0499492
4.5368e-005,0.0511298
4.5372e-005,0.0501228
4.5376e-005,0.050728
4.538e-005,0.0503014
4.5384e-005,0.050351
4.5388e-005,0.0501327
4.5392e-005,0.0498103
4.5396e-005,0.0501823
4.54e-005,0.0503708
4.5404e-005,0.0502964
4.5408e-005,0.0507082
4.5412e-005,0.0499789
4.5416e-005,0.0500633
4.542e-005,0.0502617
4.5424e-005,0.0502319
4.5428e-005,0.0500782
4.5432e-005,0.0503361
4.5436e-005,0.0503262
4.544e-005,0.0502319
4.5444e-005,0.0501823
4.5448e-005,0.0505941
4.5452e-005,0.0498847
4.5456e-005,0.0509859
4.546e-005,0.0510306
4.5464e-005,0.0505097
4.5468e-005,0.0506784
4.5472e-005,0.0503659
4.5476e-005,0.050604
4.548e-005,0.0497805
4.5484e-005,0.0505643
4.5488e-005,0.0497607
4.5492e-005,0.0501774
4.5496e-005,0.0496019
4.55e-005,0.0498053
4.5504e-005,0.0503212
4.5508e-005,0.0504304
4.5512e-005,0.050093
4.5516e-005,0.0497805
4.552e-005,0.0503212
4.5524e-005,0.0497061
4.5528e-005,0.0494779
4.5532e-005,0.0504849
4.5536e-005,0.0501476
4.554e-005,0.049721
4.5544e-005,0.0500286
4.5548e-005,0.0498599
4.5552e-005,0.0497656
4.5556e-005,0.0506685
4.556e-005,0.0496714
4.5564e-005,0.049716
4.5568e-005,0.0507429
4.5572e-005,0.0502766
4.5576e-005,0.050356
4.558e-005,0.0500137
4.5584e-005,0.0497408
4.5588e-005,0.0498946
4.5592e-005,0.0501228
4.5596e-005,0.0494829
4.56e-005,0.0501228
4.5604e-005,0.0504552
4.5608e-005,0.0496515
4.5612e-005,0.0508123
4.5616e-005,0.0498748
4.562e-005,0.0496466
4.5624e-005,0.0499492
4.5628e-005,0.0498202
4.5632e-005,0.0497656
4.5636e-005,0.0505296
4.564e-005,0.0502815
4.5644e-005,0.0498152
4.5648e-005,0.050227
4.5652e-005,0.0506189
4.5656e-005,0.049845
4.566e-005,0.0499293
4.5664e-005,0.0503311
4.5668e-005,0.049468
4.5672e-005,0.0502369
4.5676e-005,0.0503212
4.568e-005,0.0502121
4.5684e-005,0.050093
4.5688e-005,0.0505544
4.5692e-005,0.0501526
4.5696e-005,0.050723
4.57e-005,0.0502667
4.5704e-005,0.0490612
4.5708e-005,0.0440808
4.5712e-005,0.0399437
4.5716e-005,0.0377709
4.572e-005,0.0365159
4.5724e-005,0.0355486
4.5728e-005,0.0348938
4.5732e-005,0.0272991
4.5736e-005,0.0216738
4.574e-005,0.020389
4.5744e-005,0.0195556
4.5748e-005,0.0185288
4.5752e-005,0.0188413
4.5756e-005,0.0106067
4.576e-005,0.00174709
4.5764e-005,0.00125599
4.5768e-005,0.000303558
4.5772e-005,5.0568e-005
4.5776e-005,-0.000331398
4.578e-005,0.000288677
4.5784e-005,-0.000594309
4.5788e-005,-0.000505019
4.5792e-005,-0.000728245
4.5796e-005,0.00829508
4.58e-005,0.0171993
4.5804e-005,0.0201162
4.5808e-005,0.0217532
4.5812e-005,0.0241293
4.5816e-005,0.0251611
4.582e-005,0.0260986
4.5824e-005,0.0270263
4.5828e-005,0.0290948
4.5832e-005,0.0295314
4.5836e-005,0.0293379
4.584e-005,0.0305384
4.5844e-005,0.0306277
4.5848e-005,0.0314462
4.5852e-005,0.0321357
4.5856e-005,0.0322845
4.586e-005,0.0320563
4.5864e-005,0.0331477
4.5868e-005,0.032855
4.5872e-005,0.0325871
4.5876e-005,0.0331427
4.588e-005,0.0332667
4.5884e-005,0.0334751
4.5888e-005,0.0330534
4.5892e-005,0.0328699
4.5896e-005,0.0330584
4.59e-005,0.0331625
4.5904e-005,0.0332717
4.5908e-005,0.0327111
4.5912e-005,0.0328599
4.5916e-005,0.0335197
4.592e-005,0.0332022
4.5924e-005,0.0337479
4.5928e-005,0.0329195
4.5932e-005,0.0328203
4.5936e-005,0.0332915
4.594e-005,0.0334254
4.5944e-005,0.0329393
4.5948e-005,0.0328004
4.5952e-005,0.0330832
4.5956e-005,0.0332072
4.596e-005,0.0324879
4.5964e-005,0.0328699
4.5968e-005,0.0330336
4.5972e-005,0.0328401
4.5976e-005,0.0325276
4.598e-005,0.0327359
4.5984e-005,0.033098
4.5988e-005,0.0325077
4.5992e-005,0.0332072
4.5996e-005,0.0330881
4.6e-005,0.0332171
4.6004e-005,0.0327409
4.6008e-005,0.0328897
4.6012e-005,0.0329443
4.6016e-005,0.0323341
4.602e-005,0.0324631
4.6024e-005,0.032468
4.6028e-005,0.0321357
4.6032e-005,0.0320762
4.6036e-005,0.0320365
4.604e-005,0.0324333
4.6044e-005,0.0327062
4.6048e-005,0.032721
4.6052e-005,0.0323391
4.6056e-005,0.0328798
4.606e-005,0.0329988
4.6064e-005,0.0327508
4.6068e-005,0.0333064
4.6072e-005,0.0322994
4.6076e-005,0.0321754
4.608e-005,0.0327657
4.6084e-005,0.0327161
4.6088e-005,0.031972
4.6092e-005,0.032101
4.6096e-005,0.0320613
4.61e-005,0.0326268
4.6104e-005,0.032468
4.6108e-005,0.0317686
4.6112e-005,0.0321059
4.6116e-005,0.0328302
4.612e-005,0.0329343
4.6124e-005,0.0324184
4.6128e-005,0.0325028
4.6132e-005,0.0318728
4.6136e-005,0.0321407
4.614e-005,0.0325375
4.6144e-005,0.0319373
4.6148e-005,0.0320216
4.6152e-005,0.0324234
4.6156e-005,0.0324234
4.616e-005,0.0324135
4.6164e-005,0.0326069
4.6168e-005,0.0327905
4.6172e-005,0.0321456
4.6176e-005,0.0330782
4.618e-005,0.0319621
4.6184e-005,0.0317587
4.6188e-005,0.0316992
4.6192e-005,0.0318678
4.6196e-005,0.0314114
4.62e-005,0.0322845
4.6204e-005,0.0324234
4.6208e-005,0.0320811
4.6212e-005,0.0328847
4.6216e-005,0.03285
4.622e-005,0.0326169
4.6224e-005,0.0326913
4.6228e-005,0.0324432
4.6232e-005,0.0326417
4.6236e-005,0.0328203
4.624e-005,0.0330137
4.6244e-005,0.0333312
4.6248e-005,0.032726
4.6252e-005,0.0325871
4.6256e-005,0.0325772
4.626e-005,0.0328252
4.6264e-005,0.0319323
4.6268e-005,0.0325524
4.6272e-005,0.0332022
4.6276e-005,0.0325871
4.628e-005,0.0325177
4.6284e-005,0.0328004
4.6288e-005,0.0322597
4.6292e-005,0.0320315
4.6296e-005,0.0333858
4.63e-005,0.0327756
4.6304e-005,0.0329244
4.6308e-005,0.0327607
4.6312e-005,0.0331675
4.6316e-005,0.0327508
4.632e-005,0.0329591
4.6324e-005,0.0321754
4.6328e-005,0.0323192
4.6332e-005,0.0324333
4.6336e-005,0.0326962
4.634e-005,0.0325573
4.6344e-005,0.0316545
4.6348e-005,0.0326814
4.6352e-005,0.0327508
4.6356e-005,0.0323688
4.636e-005,0.0325375
4.6364e-005,0.0316942
4.6368e-005,0.0321357
4.6372e-005,0.032101
4.6376e-005,0.0319918
4.638e-005,0.0325028
4.6384e-005,0.0328847
4.6388e-005,0.0329691
4.6392e-005,0.0330336
4.6396e-005,0.0321555
4.64e-005,0.0325524
4.6404e-005,0.0326814
4.6408e-005,0.032091
4.6412e-005,0.0322349
4.6416e-005,0.0328054
4.642e-005,0.0329591
4.6424e-005,0.0329046
4.6428e-005,0.0325821
4.6432e-005,0.0329195
4.6436e-005,0.032731
4.644e-005,0.0325623
4.6444e-005,0.0325276
4.6448e-005,0.0325425
4.6452e-005,0.0326764
4.6456e-005,0.0335098
4.646e-005,0.0331179
4.6464e-005,0.0330336
4.6468e-005,0.0318926
4.6472e-005,0.0323143
4.6476e-005,0.0314759
4.648e-005,0.0306922
4.6484e-005,0.0298241
4.6488e-005,0.0304392
4.6492e-005,0.0302804
4.6496e-005,0.0298538
4.65e-005,0.0242037
4.6504e-005,0.0201459
4.6508e-005,0.0189355
4.6512e-005,0.0194018
4.6516e-005,0.0177996
4.652e-005,0.0186082
4.6524e-005,0.00973861
4.6528e-005,0.00149906
4.6532e-005,0.000799618
4.6536e-005,-0.000614152
4.654e-005,-0.000609191
4.6544e-005,-0.000247068
4.6548e-005,-0.000242107
4.6552e-005,0.000139859
4.6556e-005,-0.000648876
4.656e-005,-0.000693521
4.6564e-005,0.00787839
4.6568e-005,0.0171845
4.6572e-005,0.0201559
4.6576e-005,0.0223782
4.658e-005,0.0257514
4.6584e-005,0.0275075
4.6588e-005,0.0285244
4.6592e-005,0.0302755
4.6596e-005,0.031337
4.66e-005,0.0323143
4.6604e-005,0.0336139
4.6608e-005,0.0346755
4.6612e-005,0.0350624
4.6616e-005,0.0355486
4.662e-005,0.0367242
4.6624e-005,0.0360843
4.6628e-005,0.0369574
4.6632e-005,0.0376767
4.6636e-005,0.0375279
4.664e-005,0.0378056
4.6644e-005,0.0381182
4.6648e-005,0.0380487
4.6652e-005,0.0385051
4.6656e-005,0.0389962
4.666e-005,0.0389019
4.6664e-005,0.0383513
4.6668e-005,0.038773
4.6672e-005,0.0392393
4.6676e-005,0.0389069
4.668e-005,0.0388424
4.6684e-005,0.0394129
4.6688e-005,0.0383612
4.6692e-005,0.0390855
4.6696e-005,0.0392145
4.67e-005,0.0390061
4.6704e-005,0.0398196
4.6708e-005,0.0389019
4.6712e-005,0.0394426
4.6716e-005,0.0391946
4.672e-005,0.03915
4.6724e-005,0.0390012
4.6728e-005,0.039403
4.6732e-005,0.0384108
4.6736e-005,0.0391004
4.674e-005,0.038644
4.6744e-005,0.039021
4.6748e-005,0.0391202
4.6752e-005,0.0396708
4.6756e-005,0.0391996
4.676e-005,0.0387382
4.6764e-005,0.0389565
4.6768e-005,0.0390111
4.6772e-005,0.0387134
4.6776e-005,0.0389615
4.678e-005,0.0390111
4.6784e-005,0.0389367
4.6788e-005,0.0393087
4.6792e-005,0.0397155
4.6796e-005,0.0391053
4.68e-005,0.0391004
4.6804e-005,0.0392591
4.6808e-005,0.0390607
4.6812e-005,0.038892
4.6816e-005,0.0389813
4.682e-005,0.0392393
4.6824e-005,0.0388474
4.6828e-005,0.0388077
4.6832e-005,0.0390954
4.6836e-005,0.0391301
4.684e-005,0.0384307
4.6844e-005,0.039016
4.6848e-005,0.0390607
4.6852e-005,0.0384307
4.6856e-005,0.0379991
4.686e-005,0.0387432
4.6864e-005,0.0386787
4.6868e-005,0.0381579
4.6872e-005,0.0391649
4.6876e-005,0.0385993
4.688e-005,0.0391103
4.6884e-005,0.0388474
4.6888e-005,0.0385249
4.6892e-005,0.038768
4.6896e-005,0.0381082
4.69e-005,0.0388623
4.6904e-005,0.0389565
4.6908e-005,0.0385646
4.6912e-005,0.038773
4.6916e-005,0.038515
4.692e-005,0.0388424
4.6924e-005,0.0388672
4.6928e-005,0.0384158
4.6932e-005,0.0390012
4.6936e-005,0.0387234
4.694e-005,0.0383811
4.6944e-005,0.0387234
4.6948e-005,0.0385597
4.6952e-005,0.0379743
4.6956e-005,0.0384059
4.696e-005,0.0388424
4.6964e-005,0.0388722
4.6968e-005,0.0390359
4.6972e-005,0.0389416
4.6976e-005,0.0382422
4.698e-005,0.0382719
4.6984e-005,0.0388672
4.6988e-005,0.0388325
4.6992e-005,0.0389367
4.6996e-005,0.0385795
4.7e-005,0.0385299
4.7004e-005,0.0387184
4.7008e-005,0.0380934
4.7012e-005,0.0382868
4.7016e-005,0.0389863
4.702e-005,0.0389714
4.7024e-005,0.0383364
4.7028e-005,0.0390012
4.7032e-005,0.0389069
4.7036e-005,0.038515
4.704e-005,0.0384753
4.7044e-005,0.0385349
4.7048e-005,0.0381281
4.7052e-005,0.0392343
4.7056e-005,0.0386837
4.706e-005,0.0388722
4.7064e-005,0.0386142
4.7068e-005,0.0389565
4.7072e-005,0.0383364
4.7076e-005,0.0383067
4.708e-005,0.0386589
4.7084e-005,0.0381975
4.7088e-005,0.0393633
4.7092e-005,0.0391847
4.7096e-005,0.0386291
4.71e-005,0.0382719
4.7104e-005,0.038763
4.7108e-005,0.0385051
4.7112e-005,0.038773
4.7116e-005,0.0390061
4.712e-005,0.0382521
4.7124e-005,0.0384208
4.7128e-005,0.0387581
4.7132e-005,0.0384555
4.7136e-005,0.039016
4.714e-005,0.0386936
4.7144e-005,0.038515
4.7148e-005,0.0387333
4.7152e-005,0.0389416
4.7156e-005,0.0390805
4.716e-005,0.0392393
4.7164e-005,0.0385448
4.7168e-005,0.0386936
4.7172e-005,0.0387928
4.7176e-005,0.0388027
4.718e-005,0.0383067
4.7184e-005,0.0389962
4.7188e-005,0.038639
4.7192e-005,0.0383216
4.7196e-005,0.0386886
4.72e-005,0.0387878
4.7204e-005,0.0387531
4.7208e-005,0.0390904
4.7212e-005,0.0390656
4.7216e-005,0.0391847
4.722e-005,0.0388474
4.7224e-005,0.0381628
4.7228e-005,0.0388027
4.7232e-005,0.0393037
4.7236e-005,0.0386787
4.724e-005,0.038262
4.7244e-005,0.0366449
4.7248e-005,0.0349781
4.7252e-005,0.0337826
4.7256e-005,0.033485
4.726e-005,0.0328302
4.7264e-005,0.0326863
4.7268e-005,0.0257663
4.7272e-005,0.0201955
4.7276e-005,0.0192381
4.728e-005,0.0185238
4.7284e-005,0.0185387
4.7288e-005,0.0186379
4.7292e-005,0.00993207
4.7296e-005,0.00229276
4.73e-005,0.00105757
4.7304e-005,-0.000539743
4.7308e-005,-0.000371082
4.7312e-005,-0.000286752
4.7316e-005,0.000725209
4.732e-005,5.0568e-005
4.7324e-005,-0.000371082
4.7328e-005,-0.00116478
4.7332e-005,0.00696564
4.7336e-005,0.0173234
4.734e-005,0.0207313
4.7344e-005,0.0231521
4.7348e-005,0.0272842
4.7352e-005,0.0286236
4.7356e-005,0.0301763
4.736e-005,0.0323093
4.7364e-005,0.0342737
4.7368e-005,0.034993
4.7372e-005,0.0367639
4.7376e-005,0.037756
4.738e-005,0.0380735
4.7384e-005,0.0384902
4.7388e-005,0.0404695
4.7392e-005,0.0404893
4.7396e-005,0.0400379
4.74e-005,0.0413177
4.7404e-005,0.0414418
4.7408e-005,0.0413574
4.7412e-005,0.0428803
4.7416e-005,0.043431
4.742e-005,0.0433268
4.7424e-005,0.0431929
4.7428e-005,0.0433218
4.7432e-005,0.0436343
4.7436e-005,0.0434508
4.744e-005,0.0435252
4.7444e-005,0.0442197
4.7448e-005,0.0439667
4.7452e-005,0.044309
4.7456e-005,0.0440709
4.746e-005,0.0438873
4.7464e-005,0.0434161
4.7468e-005,0.0438477
4.7472e-005,0.0442495
4.7476e-005,0.0440312
4.748e-005,0.0440312
4.7484e-005,0.0447554
4.7488e-005,0.0443139
4.7492e-005,0.0441403
4.7496e-005,0.0444528
4.75e-005,0.0439865
4.7504e-005,0.0443735
4.7508e-005,0.0442147
4.7512e-005,0.0446215
4.7516e-005,0.0442048
4.752e-005,0.045316
4.7524e-005,0.0445421
4.7528e-005,0.0443388
4.7532e-005,0.0448001
4.7536e-005,0.0438179
4.754e-005,0.0441304
4.7544e-005,0.0445471
4.7548e-005,0.0444528
4.7552e-005,0.0447058
4.7556e-005,0.0445273
4.756e-005,0.0444132
4.7564e-005,0.0451721
4.7568e-005,0.045187
4.7572e-005,0.0444082
4.7576e-005,0.044934
4.758e-005,0.0446364
4.7584e-005,0.0451572
4.7588e-005,0.0444082
4.7592e-005,0.0446959
4.7596e-005,0.0442098
4.76e-005,0.0446711
4.7604e-005,0.0442594
4.7608e-005,0.0444776
4.7612e-005,0.0442544
4.7616e-005,0.0441453
4.762e-005,0.0446761
4.7624e-005,0.0448249
4.7628e-005,0.0449291
4.7632e-005,0.0447455
4.7636e-005,0.044051
4.764e-005,0.0452763
4.7644e-005,0.0447257
4.7648e-005,0.0448596
4.7652e-005,0.0448547
4.7656e-005,0.044686
4.766e-005,0.0441205
4.7664e-005,0.0447009
4.7668e-005,0.0446364
4.7672e-005,0.0444528
4.7676e-005,0.0448298
4.768e-005,0.0444876
4.7684e-005,0.0447852
4.7688e-005,0.044815
4.7692e-005,0.0444082
4.7696e-005,0.0448001
4.77e-005,0.0446364
4.7704e-005,0.0448199
4.7708e-005,0.0447852
4.7712e-005,0.0449687
4.7716e-005,0.0443437
4.772e-005,0.0446711
4.7724e-005,0.0451821
4.7728e-005,0.0446364
4.7732e-005,0.0445372
4.7736e-005,0.0447108
4.774e-005,0.0444975
4.7744e-005,0.0444975
4.7748e-005,0.0449638
4.7752e-005,0.0450134
4.7756e-005,0.0441999
4.776e-005,0.0447257
4.7764e-005,0.0447753
4.7768e-005,0.0447406
4.7772e-005,0.0452862
4.7776e-005,0.0450035
4.778e-005,0.0441106
4.7784e-005,0.0443834
4.7788e-005,0.0445818
4.7792e-005,0.0448001
4.7796e-005,0.0451374
4.78e-005,0.0443288
4.7804e-005,0.0442346
4.7808e-005,0.0450233
4.7812e-005,0.0446066
4.7816e-005,0.0450184
4.782e-005,0.0451424
4.7824e-005,0.0443834
4.7828e-005,0.0450084
4.7832e-005,0.0453011
4.7836e-005,0.0449737
4.784e-005,0.044562
4.7844e-005,0.044805
4.7848e-005,0.0441254
4.7852e-005,0.0440907
4.7856e-005,0.0452614
4.786e-005,0.0455839
4.7864e-005,0.0444032
4.7868e-005,0.0447505
4.7872e-005,0.0443784
4.7876e-005,0.0444578
4.788e-005,0.0449539
4.7884e-005,0.0439221
4.7888e-005,0.0440957
4.7892e-005,0.0445967
4.7896e-005,0.0446463
4.79e-005,0.0437633
4.7904e-005,0.0446066
4.7908e-005,0.0450283
4.7912e-005,0.0447306
4.7916e-005,0.0450729
4.792e-005,0.0439022
4.7924e-005,0.0439518
4.7928e-005,0.0451126
4.7932e-005,0.0442693
4.7936e-005,0.0439766
4.794e-005,0.0446761
4.7944e-005,0.0444479
4.7948e-005,0.0449489
4.7952e-005,0.0452317
4.7956e-005,0.0448547
4.796e-005,0.0437782
4.7964e-005,0.0448497
4.7968e-005,0.0448695
4.7972e-005,0.0441106
4.7976e-005,0.0449439
4.798e-005,0.0446562
4.7984e-005,0.0444628
4.7988e-005,0.0450779
4.7992e-005,0.0453458
4.7996e-005,0.0447554
4.8e-005,0.0456583
4.8004e-005,0.0443437
4.8008e-005,0.0442544
4.8012e-005,0.0407225
4.8016e-005,0.0382967
4.802e-005,0.0359256
4.8024e-005,0.0349037
4.8028e-005,0.0347053
4.8032e-005,0.0338521
4.8036e-005,0.026178
4.804e-005,0.0209049
4.8044e-005,0.019888
4.8048e-005,0.0189256
4.8052e-005,0.018127
4.8056e-005,0.0184941
4.806e-005,0.0103785
4.8064e-005,0.00180166
4.8068e-005,0.000606155
4.8072e-005,-0.000118092
4.8076e-005,-0.000197462
4.808e-005,-0.00018258
4.8084e-005,-0.000495097
4.8088e-005,-0.000877063
4.8092e-005,-0.000197462
4.8096e-005,-0.000534782
4.81e-005,0.00810161
4.8104e-005,0.0179137
4.8108e-005,0.021773
4.8112e-005,0.0243922
4.8116e-005,0.0283508
4.812e-005,0.0315156
4.8124e-005,0.0334899
4.8128e-005,0.0349781
4.8132e-005,0.0372798
4.8136e-005,0.0378553
4.814e-005,0.0394774
4.8144e-005,0.0409804
4.8148e-005,0.0421611
4.8152e-005,0.0423496
4.8156e-005,0.0429547
4.816e-005,0.0442098
4.8164e-005,0.0448745
4.8168e-005,0.0454698
4.8172e-005,0.0458071
4.8176e-005,0.0453061
4.818e-005,0.0470472
4.8184e-005,0.0470671
4.8188e-005,0.046953
4.8192e-005,0.0475086
4.8196e-005,0.0474639
4.82e-005,0.0476971
4.8204e-005,0.0487983
4.8208e-005,0.0481733
4.8212e-005,0.0483816
4.8216e-005,0.0486793
4.822e-005,0.0489769
4.8224e-005,0.0480542
4.8228e-005,0.0487239
4.8232e-005,0.0490662
4.8236e-005,0.0483072
4.824e-005,0.0497706
4.8244e-005,0.0488727
4.8248e-005,0.0487586
4.8252e-005,0.0493638
4.8256e-005,0.0491009
4.826e-005,0.0493787
4.8264e-005,0.0501278
4.8268e-005,0.0495275
4.8272e-005,0.0490216
4.8276e-005,0.0501625
4.828e-005,0.04922
4.8284e-005,0.0493688
4.8288e-005,0.0496119
4.8292e-005,0.0497359
4.8296e-005,0.049473
4.83e-005,0.0499789
4.8304e-005,0.04984
4.8308e-005,0.0492001
4.8312e-005,0.0496615
4.8316e-005,0.0495027
4.832e-005,0.0500732
4.8324e-005,0.0500186
4.8328e-005,0.0501178
4.8332e-005,0.049473
4.8336e-005,0.0499591
4.834e-005,0.0495871
4.8344e-005,0.0496218
4.8348e-005,0.0497756
4.8352e-005,0.0498549
4.8356e-005,0.0500831
4.836e-005,0.0505097
4.8364e-005,0.049721
4.8368e-005,0.0495672
4.8372e-005,0.0500236
4.8376e-005,0.0501972
4.838e-005,0.049969
4.8384e-005,0.050475
4.8388e-005,0.0501674
4.8392e-005,0.0500286
4.8396e-005,0.0505048
4.84e-005,0.0500484
4.8404e-005,0.050604
4.8408e-005,0.0500831
4.8412e-005,0.0498599
4.8416e-005,0.0493589
4.842e-005,0.04985
4.8424e-005,0.0501228
4.8428e-005,0.0500831
4.8432e-005,0.0500782
4.8436e-005,0.0498946
4.844e-005,0.0493837
4.8444e-005,0.0497557
4.8448e-005,0.0508768
4.8452e-005,0.0496813
4.8456e-005,0.0506089
4.846e-005,0.0499641
4.8464e-005,0.0495275
4.8468e-005,0.0502667
4.8472e-005,0.0500881
4.8476e-005,0.0493043
4.848e-005,0.0505693
4.8484e-005,0.0496763
4.8488e-005,0.0495623
4.8492e-005,0.0505494
4.8496e-005,0.0503708
4.85e-005,0.0494531
4.8504e-005,0.0501129
4.8508e-005,0.0497111
4.8512e-005,0.049716
4.8516e-005,0.0508123
4.852e-005,0.0495771
4.8524e-005,0.0499145
4.8528e-005,0.0498152
4.8532e-005,0.0497508
4.8536e-005,0.0493093
4.854e-005,0.0496416
4.8544e-005,0.0503113
4.8548e-005,0.0495027
4.8552e-005,0.0502716
4.8556e-005,0.0500236
4.856e-005,0.0497756
4.8564e-005,0.0499938
4.8568e-005,0.0493638
4.8572e-005,0.049592
4.8576e-005,0.0501674
4.858e-005,0.0496515
4.8584e-005,0.0492993
4.8588e-005,0.0502319
4.8592e-005,0.0497706
4.8596e-005,0.0497458
4.86e-005,0.0505296
4.8604e-005,0.0500087
4.8608e-005,0.0498549
4.8612e-005,0.0509314
4.8616e-005,0.0507429
4.862e-005,0.0502468
4.8624e-005,0.0506189
4.8628e-005,0.0501327
4.8632e-005,0.0501178
4.8636e-005,0.0504304
4.864e-005,0.0505593
4.8644e-005,0.0501674
4.8648e-005,0.0499442
4.8652e-005,0.049969
4.8656e-005,0.0500236
4.866e-005,0.0503808
4.8664e-005,0.0507627
4.8668e-005,0.0503609
4.8672e-005,0.0503014
4.8676e-005,0.0508917
4.868e-005,0.0498698
4.8684e-005,0.0502815
4.8688e-005,0.050227
4.8692e-005,0.0502171
4.8696e-005,0.0505742
4.87e-005,0.0495226
4.8704e-005,0.0503708
4.8708e-005,0.0507776
4.8712e-005,0.049974
4.8716e-005,0.049592
4.872e-005,0.0500087
4.8724e-005,0.0495821
4.8728e-005,0.0498053
4.8732e-005,0.0503907
4.8736e-005,0.049969
4.874e-005,0.0507181
4.8744e-005,0.0507528
4.8748e-005,0.050475
4.8752e-005,0.0498847
4.8756e-005,0.0506139
4.876e-005,0.0501079
4.8764e-005,0.0496714
4.8768e-005,0.0502022
4.8772e-005,0.0498649
4.8776e-005,0.0487338
4.878e-005,0.0445868
4.8784e-005,0.0403405
4.8788e-005,0.0380834
4.8792e-005,0.0372153
4.8796e-005,0.0361935
4.88e-005,0.0353998
4.8804e-005,0.0272545
4.8808e-005,0.0209545
4.8812e-005,0.0193374
4.8816e-005,0.0195407
4.882e-005,0.0184147
4.8824e-005,0.0183502
4.8828e-005,0.010324
4.8832e-005,0.00257055
4.8836e-005,0.00089883
4.884e-005,-0.000579427
4.8844e-005,-4.36833e-005
4.8848e-005,-0.000157777
4.8852e-005,-0.000157777
4.8856e-005,7.04104e-005
4.886e-005,9.02528e-005
4.8864e-005,-0.000108171
4.8868e-005,0.00776429
4.8872e-005,0.01649
4.8876e-005,0.019888
4.888e-005,0.0208801
4.8884e-005,0.0230181
4.8888e-005,0.0252504
4.8892e-005,0.0259002
4.8896e-005,0.0276712
4.89e-005,0.0280531
4.8904e-005,0.0287724
4.8908e-005,0.0290452
4.8912e-005,0.0307517
4.8916e-005,0.0302259
4.892e-005,0.0306723
4.8924e-005,0.0318728
4.8928e-005,0.0320067
4.8932e-005,0.0323043
4.8936e-005,0.0329939
4.894e-005,0.0325623
4.8944e-005,0.0326466
4.8948e-005,0.0332568
4.8952e-005,0.0335147
4.8956e-005,0.0330931
4.896e-005,0.0330484
4.8964e-005,0.0333659
4.8968e-005,0.0330881
4.8972e-005,0.0331179
4.8976e-005,0.0335098
4.898e-005,0.0331129
4.8984e-005,0.0332072
4.8988e-005,0.0328451
4.8992e-005,0.0332518
4.8996e-005,0.0328351
4.9e-005,0.0329691
4.9004e-005,0.0327012
4.9008e-005,0.0332221
4.9012e-005,0.032984
4.9016e-005,0.0326764
4.902e-005,0.0331278
4.9024e-005,0.0326863
4.9028e-005,0.0324184
4.9032e-005,0.0323192
4.9036e-005,0.032344
4.904e-005,0.0322994
4.9044e-005,0.0325226
4.9048e-005,0.0322498
4.9052e-005,0.0326714
4.9056e-005,0.0325077
4.906e-005,0.033361
4.9064e-005,0.0325722
4.9068e-005,0.0325325
4.9072e-005,0.032478
4.9076e-005,0.0322845
4.908e-005,0.0329294
4.9084e-005,0.032974
4.9088e-005,0.0316545
4.9092e-005,0.0326615
4.9096e-005,0.0324631
4.91e-005,0.0318182
4.9104e-005,0.0319273
4.9108e-005,0.0319472
4.9112e-005,0.0321555
4.9116e-005,0.0323192
4.912e-005,0.0322746
4.9124e-005,0.0324581
4.9128e-005,0.0321655
4.9132e-005,0.0321655
4.9136e-005,0.0326119
4.914e-005,0.0327806
4.9144e-005,0.0331179
4.9148e-005,0.0324333
4.9152e-005,0.0326317
4.9156e-005,0.0322399
4.916e-005,0.0315702
4.9164e-005,0.0322448
4.9168e-005,0.0320563
4.9172e-005,0.032473
4.9176e-005,0.0327706
4.918e-005,0.0328599
4.9184e-005,0.0321853
4.9188e-005,0.0329393
4.9192e-005,0.0330931
4.9196e-005,0.032344
4.92e-005,0.0326814
4.9204e-005,0.0326566
4.9208e-005,0.0320266
4.9212e-005,0.0321456
4.9216e-005,0.0327062
4.922e-005,0.0329939
4.9224e-005,0.0327706
4.9228e-005,0.0324184
4.9232e-005,0.0324929
4.9236e-005,0.0321605
4.924e-005,0.0324085
4.9244e-005,0.0322895
4.9248e-005,0.0319323
4.9252e-005,0.0322597
4.9256e-005,0.0320414
4.926e-005,0.031843
4.9264e-005,0.0326962
4.9268e-005,0.0319968
4.9272e-005,0.0319373
4.9276e-005,0.0314065
4.928e-005,0.0317388
4.9284e-005,0.0320514
4.9288e-005,0.0319373
4.9292e-005,0.0320662
4.9296e-005,0.0323391
4.93e-005,0.0318926
4.9304e-005,0.0319968
4.9308e-005,0.0321803
4.9312e-005,0.0323788
4.9316e-005,0.0317636
4.932e-005,0.0320315
4.9324e-005,0.0317537
4.9328e-005,0.0325375
4.9332e-005,0.031967
4.9336e-005,0.0315305
4.934e-005,0.0322647
4.9344e-005,0.0321109
4.9348e-005,0.0322349
4.9352e-005,0.0322002
4.9356e-005,0.0325921
4.936e-005,0.0321357
4.9364e-005,0.0314114
4.9368e-005,0.0327806
4.9372e-005,0.0322498
4.9376e-005,0.0321407
4.938e-005,0.0323093
4.9384e-005,0.0322299
4.9388e-005,0.0325474
4.9392e-005,0.031972
4.9396e-005,0.0314462
4.94e-005,0.0322448
4.9404e-005,0.0317934
4.9408e-005,0.0321307
4.9412e-005,0.03222
4.9416e-005,0.0318182
4.942e-005,0.0322597
4.9424e-005,0.0318728
4.9428e-005,0.0318877
4.9432e-005,0.0321655
4.9436e-005,0.0317091
4.944e-005,0.0319323
4.9444e-005,0.032721
4.9448e-005,0.032101
4.9452e-005,0.0324284
4.9456e-005,0.0326169
4.946e-005,0.0320563
4.9464e-005,0.0325028
4.9468e-005,0.0312725
4.9472e-005,0.0315404
4.9476e-005,0.0318579
4.948e-005,0.0320762
4.9484e-005,0.0314908
4.9488e-005,0.0328748
4.9492e-005,0.031843
4.9496e-005,0.0312031
4.95e-005,0.0317884
4.9504e-005,0.0320117
4.9508e-005,0.0320662
4.9512e-005,0.0317488
4.9516e-005,0.0318579
4.952e-005,0.0315999
4.9524e-005,0.0315851
4.9528e-005,0.0318629
4.9532e-005,0.0316297
4.9536e-005,0.0325623
4.954e-005,0.0319521
4.9544e-005,0.0317091
4.9548e-005,0.0310444
4.9552e-005,0.0301961
4.9556e-005,0.029829
4.956e-005,0.030707
4.9564e-005,0.0301564
4.9568e-005,0.0305781
4.9572e-005,0.0244666
4.9576e-005,0.0202005
4.958e-005,0.0191191
4.9584e-005,0.019005
4.9588e-005,0.0183056
4.9592e-005,0.0185139
4.9596e-005,0.009689
4.96e-005,0.0023126
4.9604e-005,0.000541667
4.9608e-005,-0.000271871
4.9612e-005,-0.000177619
4.9616e-005,0.000303558
4.962e-005,-0.00051494
4.9624e-005,-0.000564546
4.9628e-005,-0.000505019
4.9632e-005,-0.000862181
4.9636e-005,0.00787342
4.964e-005,0.0174573
4.9644e-005,0.0203047
4.9648e-005,0.0226758
4.9652e-005,0.0251413
4.9656e-005,0.0270461
4.966e-005,0.0283855
4.9664e-005,0.0301713
4.9668e-005,0.0312825
4.9672e-005,0.0322498
4.9676e-005,0.0330881
4.968e-005,0.0342539
4.9684e-005,0.034993
4.9688e-005,0.0355436
4.9692e-005,0.0364167
4.9696e-005,0.0369822
4.97e-005,0.0371757
4.9704e-005,0.0371211
4.9708e-005,0.0378205
4.9712e-005,0.037761
4.9716e-005,0.0387035
4.972e-005,0.0379396
4.9724e-005,0.0382124
4.9728e-005,0.0388623
4.9732e-005,0.0386093
4.9736e-005,0.0387382
4.974e-005,0.039274
4.9744e-005,0.039274
4.9748e-005,0.0386986
4.9752e-005,0.0389565
4.9756e-005,0.0390706
4.976e-005,0.0384307
4.9764e-005,0.0392492
4.9768e-005,0.0388871
4.9772e-005,0.0385249
4.9776e-005,0.0393286
4.978e-005,0.0384853
4.9784e-005,0.0390805
4.9788e-005,0.039269
4.9792e-005,0.0389912
4.9796e-005,0.0389912
4.98e-005,0.0391549
4.9804e-005,0.0392343
4.9808e-005,0.0387531
4.9812e-005,0.0393286
4.9816e-005,0.0391549
4.982e-005,0.038396
4.9824e-005,0.0389863
4.9828e-005,0.0390061
4.9832e-005,0.0390458
4.9836e-005,0.0387779
4.984e-005,0.0392442
4.9844e-005,0.0393732
4.9848e-005,0.0393137
4.9852e-005,0.0394129
4.9856e-005,0.0388821
4.986e-005,0.03914
4.9864e-005,0.0392889
4.9868e-005,0.0395815
4.9872e-005,0.0390607
4.9876e-005,0.0395171
4.988e-005,0.0392988
4.9884e-005,0.0390756
4.9888e-005,0.0388821
4.9892e-005,0.0389664
4.9896e-005,0.0389763
4.99e-005,0.0391946
4.9904e-005,0.0391649
4.9908e-005,0.0392343
4.9912e-005,0.0391748
4.9916e-005,0.0386341
4.992e-005,0.0387382
4.9924e-005,0.0391897
4.9928e-005,0.0389912
4.9932e-005,0.0389912
4.9936e-005,0.0397403
4.994e-005,0.0391649
4.9944e-005,0.0392641
4.9948e-005,0.0383612
4.9952e-005,0.0388126
4.9956e-005,0.0386688
4.996e-005,0.0393831
4.9964e-005,0.0389615
4.9968e-005,0.0387482
4.9972e-005,0.0388375
4.9976e-005,0.038773
4.998e-005,0.0391649
4.9984e-005,0.03914
4.9988e-005,0.0393335
4.9992e-005,0.0389615
4.9996e-005,0.0390012
5e-005,0.0392393
5.0004e-005,0.0394178
5.0008e-005,0.0386986
5.0012e-005,0.0390855
5.0016e-005,0.0389069
5.002e-005,0.0394873
5.0024e-005,0.0385696
5.0028e-005,0.0389416
5.0032e-005,0.0393682
5.0036e-005,0.0396113
5.004e-005,0.0391847
5.0044e-005,0.0390904
5.0048e-005,0.0388672
5.0052e-005,0.0389367
5.0056e-005,0.0383017
5.006e-005,0.0386241
5.0064e-005,0.0398494
5.0068e-005,0.0383662
5.0072e-005,0.038763
5.0076e-005,0.0389962
5.008e-005,0.0384704
5.0084e-005,0.0387978
5.0088e-005,0.0387779
5.0092e-005,0.0388871
5.0096e-005,0.0385547
5.01e-005,0.0391202
5.0104e-005,0.038386
5.0108e-005,0.0380388
5.0112e-005,0.039026
5.0116e-005,0.0389565
5.012e-005,0.0386936
5.0124e-005,0.0388424
5.0128e-005,0.0384356
5.0132e-005,0.0386341
5.0136e-005,0.0390954
5.014e-005,0.0384952
5.0144e-005,0.0385051
5.0148e-005,0.0388821
5.0152e-005,0.0386539
5.0156e-005,0.0380934
5.016e-005,0.0383712
5.0164e-005,0.0386489
5.0168e-005,0.0388573
5.0172e-005,0.0390309
5.0176e-005,0.0392293
5.018e-005,0.0386142
5.0184e-005,0.0385051
5.0188e-005,0.0391351
5.0192e-005,0.0386638
5.0196e-005,0.0395617
5.02e-005,0.0388672
5.0204e-005,0.0385993
5.0208e-005,0.0390855
5.0212e-005,0.0385249
5.0216e-005,0.0389664
5.022e-005,0.0390458
5.0224e-005,0.0384952
5.0228e-005,0.0391748
5.0232e-005,0.0392145
5.0236e-005,0.0392641
5.024e-005,0.0381975
5.0244e-005,0.0394377
5.0248e-005,0.0389565
5.0252e-005,0.03914
5.0256e-005,0.0385993
5.026e-005,0.0386291
5.0264e-005,0.0381281
5.0268e-005,0.0397353
5.0272e-005,0.0381479
5.0276e-005,0.0383563
5.028e-005,0.0389664
5.0284e-005,0.0386886
5.0288e-005,0.037756
5.0292e-005,0.0382769
5.0296e-005,0.0387035
5.03e-005,0.0384505
5.0304e-005,0.0395171
5.0308e-005,0.038143
5.0312e-005,0.0380537
5.0316e-005,0.0359454
5.032e-005,0.0340058
5.0324e-005,0.0329492
5.0328e-005,0.0326516
5.0332e-005,0.0319174
5.0336e-005,0.031977
5.034e-005,0.0255728
5.0344e-005,0.0202451
5.0348e-005,0.0191241
5.0352e-005,0.0187818
5.0356e-005,0.0189207
5.036e-005,0.0181369
5.0364e-005,0.00998168
5.0368e-005,0.00223323
5.0372e-005,0.00113694
5.0376e-005,-0.000529821
5.038e-005,-1.88803e-005
5.0384e-005,-0.000296674
5.0388e-005,0.000328361
5.0392e-005,-0.000162738
5.0396e-005,-0.000624073
5.04e-005,-0.000891945
5.0404e-005,0.00742201
5.0408e-005,0.0166834
5.0412e-005,0.0209347
5.0416e-005,0.023787
5.042e-005,0.0276364
5.0424e-005,0.0294619
5.0428e-005,0.0309848
5.0432e-005,0.0328302
5.0436e-005,0.0346854
5.044e-005,0.0357817
5.0444e-005,0.0367391
5.0448e-005,0.0389565
5.0452e-005,0.038639
5.0456e-005,0.0393682
5.046e-005,0.0408564
5.0464e-005,0.0405985
5.0468e-005,0.041417
5.0472e-005,0.04166
5.0476e-005,0.042419
5.048e-005,0.0427762
5.0484e-005,0.0435748
5.0488e-005,0.0439865
5.0492e-005,0.0427166
5.0496e-005,0.0440163
5.05e-005,0.0437633
5.0504e-005,0.0441949
5.0508e-005,0.0437633
5.0512e-005,0.0441899
5.0516e-005,0.044051
5.052e-005,0.0445917
5.0524e-005,0.0446662
5.0528e-005,0.0447207
5.0532e-005,0.0447406
5.0536e-005,0.0444826
5.054e-005,0.0440262
5.0544e-005,0.0444429
5.0548e-005,0.0441354
5.0552e-005,0.044185
5.0556e-005,0.0447108
5.056e-005,0.0442743
5.0564e-005,0.0446513
5.0568e-005,0.0442693
5.0572e-005,0.0448596
5.0576e-005,0.0451523
5.058e-005,0.0447108
5.0584e-005,0.0442991
5.0588e-005,0.0448795
5.0592e-005,0.0453259
5.0596e-005,0.0444975
5.06e-005,0.0450084
5.0604e-005,0.0451424
5.0608e-005,0.0445025
5.0612e-005,0.0446265
5.0616e-005,0.0454598
5.062e-005,0.044691
5.0624e-005,0.0449935
5.0628e-005,0.0448199
5.0632e-005,0.0450332
5.0636e-005,0.0450332
5.064e-005,0.0446314
5.0644e-005,0.0449439
5.0648e-005,0.0442098
5.0652e-005,0.0454251
5.0656e-005,0.0452664
5.066e-005,0.0444826
5.0664e-005,0.0449241
5.0668e-005,0.04418
5.0672e-005,0.0443487
5.0676e-005,0.0448795
5.068e-005,0.0453656
5.0684e-005,0.0446364
5.0688e-005,0.044433
5.0692e-005,0.044428
5.0696e-005,0.0447406
5.07e-005,0.0447455
5.0704e-005,0.0451126
5.0708e-005,0.0444231
5.0712e-005,0.0450332
5.0716e-005,0.0450084
5.072e-005,0.0447951
5.0724e-005,0.0452465
5.0728e-005,0.0446017
5.0732e-005,0.0443983
5.0736e-005,0.0448993
5.074e-005,0.044562
5.0744e-005,0.0447257
5.0748e-005,0.0452168
5.0752e-005,0.0445769
5.0756e-005,0.0445173
5.076e-005,0.0448447
5.0764e-005,0.044562
5.0768e-005,0.0443735
5.0772e-005,0.0451821
5.0776e-005,0.0452317
5.078e-005,0.0444578
5.0784e-005,0.0452217
5.0788e-005,0.0446066
5.0792e-005,0.0447158
5.0796e-005,0.0449787
5.08e-005,0.0449588
5.0804e-005,0.0446761
5.0808e-005,0.0450283
5.0812e-005,0.04481
5.0816e-005,0.0441205
5.082e-005,0.0447951
5.0824e-005,0.0449836
5.0828e-005,0.0450432
5.0832e-005,0.0446662
5.0836e-005,0.045435
5.084e-005,0.0447009
5.0844e-005,0.045693
5.0848e-005,0.0446761
5.0852e-005,0.0452515
5.0856e-005,0.0449191
5.086e-005,0.0445322
5.0864e-005,0.0448695
5.0868e-005,0.0453507
5.0872e-005,0.0445967
5.0876e-005,0.0452763
5.088e-005,0.0450928
5.0884e-005,0.0453854
5.0888e-005,0.0449588
5.0892e-005,0.044934
5.0896e-005,0.0446761
5.09e-005,0.0448249
5.0904e-005,0.0452217
5.0908e-005,0.0452267
5.0912e-005,0.044939
5.0916e-005,0.0452664
5.092e-005,0.0449588
5.0924e-005,0.0450283
5.0928e-005,0.0450283
5.0932e-005,0.0444032
5.0936e-005,0.0446364
5.094e-005,0.0449687
5.0944e-005,0.0451572
5.0948e-005,0.0445223
5.0952e-005,0.0451622
5.0956e-005,0.0446265
5.096e-005,0.0449836
5.0964e-005,0.0450382
5.0968e-005,0.0450481
5.0972e-005,0.0451275
5.0976e-005,0.045435
5.098e-005,0.0448447
5.0984e-005,0.0448447
5.0988e-005,0.0446364
5.0992e-005,0.045316
5.0996e-005,0.0454102
5.1e-005,0.0449191
5.1004e-005,0.0449935
5.1008e-005,0.0450481
5.1012e-005,0.0455839
5.1016e-005,0.0450432
5.102e-005,0.0450233
5.1024e-005,0.0453904
5.1028e-005,0.0452465
5.1032e-005,0.0449439
5.1036e-005,0.0451572
5.104e-005,0.0445273
5.1044e-005,0.0443685
5.1048e-005,0.0448795
5.1052e-005,0.0451821
5.1056e-005,0.0450332
5.106e-005,0.0453259
5.1064e-005,0.0453408
5.1068e-005,0.0446959
5.1072e-005,0.0458617
5.1076e-005,0.0443139
5.108e-005,0.0442296
5.1084e-005,0.0414517
5.1088e-005,0.0378354
5.1092e-005,0.0367788
5.1096e-005,0.0364167
5.11e-005,0.0342439
5.1104e-005,0.0339265
5.1108e-005,0.0267088
5.1112e-005,0.0204634
5.1116e-005,0.0195804
5.112e-005,0.0192381
5.1124e-005,0.0184246
5.1128e-005,0.018633
5.1132e-005,0.0103537
5.1136e-005,0.00220347
5.114e-005,0.000159701
5.1144e-005,0.000204346
5.1148e-005,1.58439e-005
5.1152e-005,-0.00034628
5.1156e-005,0.000184504
5.116e-005,3.56862e-005
5.1164e-005,-0.000376043
5.1168e-005,-0.000326437
5.1172e-005,0.0080024
5.1176e-005,0.0178045
5.118e-005,0.0216936
5.1184e-005,0.0256472
5.1188e-005,0.0292437
5.1192e-005,0.0312378
5.1196e-005,0.0334155
5.12e-005,0.0352361
5.1204e-005,0.0373245
5.1208e-005,0.0382967
5.1212e-005,0.0396014
5.1216e-005,0.0417245
5.122e-005,0.042171
5.1224e-005,0.0427365
5.1228e-005,0.0435699
5.1232e-005,0.0440858
5.1236e-005,0.0443636
5.124e-005,0.0460254
5.1244e-005,0.046075
5.1248e-005,0.045822
5.1252e-005,0.0469034
5.1256e-005,0.0471117
5.126e-005,0.0471365
