Time,Ampl
4.126e-005,0.0452961
4.1264e-005,0.0442792
4.1268e-005,0.045822
4.1272e-005,0.0453011
4.1276e-005,0.0443784
4.128e-005,0.0455243
4.1284e-005,0.0451424
4.1288e-005,0.0452763
4.1292e-005,0.0454202
4.1296e-005,0.0455839
4.13e-005,0.0447902
4.1304e-005,0.0451622
4.1308e-005,0.0453458
4.1312e-005,0.045192
4.1316e-005,0.0445173
4.132e-005,0.0440461
4.1324e-005,0.041159
4.1328e-005,0.0387829
4.1332e-005,0.0363869
4.1336e-005,0.0351716
4.134e-005,0.0345267
4.1344e-005,0.0345664
4.1348e-005,0.0268279
4.1352e-005,0.0210686
4.1356e-005,0.0201112
4.136e-005,0.0190248
4.1364e-005,0.0181419
4.1368e-005,0.018499
4.1372e-005,0.0107456
4.1376e-005,0.00248126
4.138e-005,0.00118158
4.1384e-005,-0.000921708
4.1388e-005,-0.000633994
4.1392e-005,0.000293637
4.1396e-005,-0.00068856
4.14e-005,8.03316e-005
4.1404e-005,-7.84074e-005
4.1408e-005,-0.00104076
4.1412e-005,0.00779406
4.1416e-005,0.0168967
4.142e-005,0.0183403
4.1424e-005,0.0174226
4.1428e-005,0.0177748
4.1432e-005,0.0172341
4.1436e-005,0.017492
4.144e-005,0.0169017
4.1444e-005,0.0171497
4.1448e-005,0.0163908
4.1452e-005,0.0164404
4.1456e-005,0.0171597
4.146e-005,0.0158947
4.1464e-005,0.0159939
4.1468e-005,0.0160634
4.1472e-005,0.0161923
4.1476e-005,0.0163015
4.148e-005,0.0166686
4.1484e-005,0.0154631
4.1488e-005,0.0162469
4.1492e-005,0.0157707
4.1496e-005,0.0156963
4.15e-005,0.0165098
4.1504e-005,0.016738
4.1508e-005,0.0161427
4.1512e-005,0.0160435
4.1516e-005,0.0160733
4.152e-005,0.0162568
4.1524e-005,0.016232
4.1528e-005,0.0164106
4.1532e-005,0.0162469
4.1536e-005,0.0157905
4.154e-005,0.0159294
4.1544e-005,0.0165049
4.1548e-005,0.0158352
4.1552e-005,0.0161725
4.1556e-005,0.0156963
4.156e-005,0.0160931
4.1564e-005,0.016108
4.1568e-005,0.015726
4.1572e-005,0.0164404
4.1576e-005,0.0166338
4.158e-005,0.0160584
4.1584e-005,0.0160237
4.1588e-005,0.0155574
4.1592e-005,0.0164751
4.1596e-005,0.016743
4.16e-005,0.0165545
4.1604e-005,0.0166289
4.1608e-005,0.0160386
4.1612e-005,0.016366
4.1616e-005,0.0162667
4.162e-005,0.0168124
4.1624e-005,0.0160534
4.1628e-005,0.0163759
4.1632e-005,0.0159741
4.1636e-005,0.0160683
4.164e-005,0.016108
4.1644e-005,0.0161229
4.1648e-005,0.0166388
4.1652e-005,0.0154731
4.1656e-005,0.0162767
4.166e-005,0.0158401
4.1664e-005,0.0163511
4.1668e-005,0.0166834
4.1672e-005,0.0164949
4.1676e-005,0.0166636
4.168e-005,0.0164304
4.1684e-005,0.0159691
4.1688e-005,0.0164404
4.1692e-005,0.0161626
4.1696e-005,0.0174821
4.17e-005,0.0165495
4.1704e-005,0.0158352
4.1708e-005,0.0163064
4.1712e-005,0.0163808
4.1716e-005,0.0164354
4.172e-005,0.0168174
4.1724e-005,0.0165545
4.1728e-005,0.0160634
4.1732e-005,0.016609
4.1736e-005,0.016614
4.174e-005,0.016862
4.1744e-005,0.0165396
4.1748e-005,0.0159939
4.1752e-005,0.0158947
4.1756e-005,0.0158649
4.176e-005,0.016232
4.1764e-005,0.0168223
4.1768e-005,0.016738
4.1772e-005,0.016232
4.1776e-005,0.0162965
4.178e-005,0.0154433
4.1784e-005,0.0158501
4.1788e-005,0.0166636
4.1792e-005,0.0163808
4.1796e-005,0.0170257
4.18e-005,0.01649
4.1804e-005,0.0167727
4.1808e-005,0.0164503
4.1812e-005,0.0167281
4.1816e-005,0.0168769
4.182e-005,0.0166586
4.1824e-005,0.0160534
4.1828e-005,0.0164701
4.1832e-005,0.0164156
4.1836e-005,0.0158947
4.184e-005,0.0172241
4.1844e-005,0.0164999
4.1848e-005,0.0174275
4.1852e-005,0.0169166
4.1856e-005,0.0164056
4.186e-005,0.0170456
4.1864e-005,0.0162767
4.1868e-005,0.0163709
4.1872e-005,0.0166438
4.1876e-005,0.0168323
4.188e-005,0.0166239
4.1884e-005,0.0177648
4.1888e-005,0.0166884
4.1892e-005,0.0165545
4.1896e-005,0.0165247
4.19e-005,0.0169215
4.1904e-005,0.0165396
4.1908e-005,0.016485
4.1912e-005,0.0168422
4.1916e-005,0.0167231
4.192e-005,0.0167827
4.1924e-005,0.0167678
4.1928e-005,0.0168918
4.1932e-005,0.0166289
4.1936e-005,0.0164304
4.194e-005,0.0162618
4.1944e-005,0.0168471
4.1948e-005,0.0160782
4.1952e-005,0.0159493
4.1956e-005,0.0164056
4.196e-005,0.0157757
4.1964e-005,0.0162023
4.1968e-005,0.0164453
4.1972e-005,0.0166289
4.1976e-005,0.0170753
4.198e-005,0.0168967
4.1984e-005,0.0168918
4.1988e-005,0.0168422
4.1992e-005,0.0163114
4.1996e-005,0.0161824
4.2e-005,0.0165991
4.2004e-005,0.0162866
4.2008e-005,0.0164056
4.2012e-005,0.0166239
4.2016e-005,0.0165197
4.202e-005,0.0171051
4.2024e-005,0.016733
4.2028e-005,0.0163461
4.2032e-005,0.0167678
4.2036e-005,0.016237
4.204e-005,0.015979
4.2044e-005,0.0158798
4.2048e-005,0.0165941
4.2052e-005,0.016733
4.2056e-005,0.0159245
4.206e-005,0.0158798
4.2064e-005,0.0165793
4.2068e-005,0.0166388
4.2072e-005,0.0167182
4.2076e-005,0.0171845
4.208e-005,0.0170902
4.2084e-005,0.0162023
4.2088e-005,0.0162667
4.2092e-005,0.0167182
4.2096e-005,0.0184196
4.21e-005,0.0179732
4.2104e-005,0.0190992
4.2108e-005,0.0188066
4.2112e-005,0.0189604
4.2116e-005,0.0175664
4.212e-005,0.0180922
4.2124e-005,0.0183601
4.2128e-005,0.0183304
4.2132e-005,0.0177549
4.2136e-005,0.0184147
4.214e-005,0.0103636
4.2144e-005,0.00168756
4.2148e-005,0.00116174
4.2152e-005,-0.000981236
4.2156e-005,-0.000951472
4.216e-005,0.000199386
4.2164e-005,6.54498e-005
4.2168e-005,-0.00103084
4.2172e-005,-0.000946511
4.2176e-005,-0.00108045
4.218e-005,0.00714422
4.2184e-005,0.0162171
4.2188e-005,0.0177946
4.2192e-005,0.0191786
4.2196e-005,0.0202055
4.22e-005,0.0207164
4.2204e-005,0.0209644
4.2208e-005,0.0221748
4.2212e-005,0.0222046
4.2216e-005,0.0228743
4.222e-005,0.0227006
4.2224e-005,0.0231124
4.2228e-005,0.0236878
4.2232e-005,0.0235092
4.2236e-005,0.0238465
4.224e-005,0.0238317
4.2244e-005,0.0239755
4.2248e-005,0.024164
4.2252e-005,0.0249329
4.2256e-005,0.0237672
4.226e-005,0.0247345
4.2264e-005,0.0240946
4.2268e-005,0.0243823
4.2272e-005,0.0243525
4.2276e-005,0.0244319
4.228e-005,0.0252057
4.2284e-005,0.0249329
4.2288e-005,0.0245212
4.2292e-005,0.0252653
4.2296e-005,0.0245162
4.23e-005,0.023668
4.2304e-005,0.0243674
4.2308e-005,0.0244071
4.2312e-005,0.024293
4.2316e-005,0.0245658
4.232e-005,0.0243872
4.2324e-005,0.0246998
4.2328e-005,0.0245063
4.2332e-005,0.0241194
4.2336e-005,0.0245757
4.234e-005,0.0242483
4.2344e-005,0.0244964
4.2348e-005,0.024288
4.2352e-005,0.024799
4.2356e-005,0.0245708
4.236e-005,0.0238961
4.2364e-005,0.0241541
4.2368e-005,0.0234348
4.2372e-005,0.0241888
4.2376e-005,0.0235539
4.238e-005,0.0241491
4.2384e-005,0.0242831
4.2388e-005,0.0238912
4.2392e-005,0.023658
4.2396e-005,0.02404
4.24e-005,0.024417
4.2404e-005,0.0242235
4.2408e-005,0.0240003
4.2412e-005,0.0245708
4.2416e-005,0.0241094
4.242e-005,0.0238019
4.2424e-005,0.0242285
4.2428e-005,0.0237721
4.2432e-005,0.0244319
4.2436e-005,0.0245113
4.244e-005,0.0249279
4.2444e-005,0.0247841
4.2448e-005,0.0246998
4.2452e-005,0.0242632
4.2456e-005,0.0242831
4.246e-005,0.0253546
4.2464e-005,0.0249478
4.2468e-005,0.0249131
4.2472e-005,0.0256026
4.2476e-005,0.0246948
4.248e-005,0.0246452
4.2484e-005,0.0249379
4.2488e-005,0.0243426
4.2492e-005,0.0242235
4.2496e-005,0.0244517
4.25e-005,0.0245212
4.2504e-005,0.0243228
4.2508e-005,0.0245509
4.2512e-005,0.0244567
4.2516e-005,0.0239954
4.252e-005,0.0244071
4.2524e-005,0.0243674
4.2528e-005,0.0243029
4.2532e-005,0.0246303
4.2536e-005,0.0244914
4.254e-005,0.0248684
4.2544e-005,0.0250371
4.2548e-005,0.024675
4.2552e-005,0.0246204
4.2556e-005,0.0247444
4.256e-005,0.0243674
4.2564e-005,0.0244517
4.2568e-005,0.0247097
4.2572e-005,0.0247742
4.2576e-005,0.0247791
4.258e-005,0.0244716
4.2584e-005,0.0247444
4.2588e-005,0.025047
4.2592e-005,0.0249726
4.2596e-005,0.0254091
4.26e-005,0.0247196
4.2604e-005,0.0247593
4.2608e-005,0.0247246
4.2612e-005,0.024918
4.2616e-005,0.0249527
4.262e-005,0.0243972
4.2624e-005,0.0241938
4.2628e-005,0.0249428
4.2632e-005,0.0244319
4.2636e-005,0.0244418
4.264e-005,0.0243575
4.2644e-005,0.025305
4.2648e-005,0.0240747
4.2652e-005,0.0247097
4.2656e-005,0.02467
4.266e-005,0.0248337
4.2664e-005,0.024298
4.2668e-005,0.0248139
4.2672e-005,0.0244666
4.2676e-005,0.0247146
4.268e-005,0.0243228
4.2684e-005,0.0240648
4.2688e-005,0.0245013
4.2692e-005,0.024035
4.2696e-005,0.0238614
4.27e-005,0.0247444
4.2704e-005,0.0243277
4.2708e-005,0.0245361
4.2712e-005,0.0244517
4.2716e-005,0.0240648
4.272e-005,0.02404
4.2724e-005,0.0247841
4.2728e-005,0.0239954
4.2732e-005,0.0247791
4.2736e-005,0.0245361
4.274e-005,0.024035
4.2744e-005,0.0243823
4.2748e-005,0.0243624
4.2752e-005,0.0242087
4.2756e-005,0.0244666
4.276e-005,0.0246502
4.2764e-005,0.0245113
4.2768e-005,0.0247742
4.2772e-005,0.0246601
4.2776e-005,0.0243823
4.278e-005,0.0244617
4.2784e-005,0.0252355
4.2788e-005,0.0244914
4.2792e-005,0.0243327
4.2796e-005,0.0245807
4.28e-005,0.0243426
4.2804e-005,0.0242434
4.2808e-005,0.0243624
4.2812e-005,0.024417
4.2816e-005,0.0243724
4.282e-005,0.0247196
4.2824e-005,0.0245807
4.2828e-005,0.0236481
4.2832e-005,0.0237771
4.2836e-005,0.0246502
4.284e-005,0.0243079
4.2844e-005,0.0243029
4.2848e-005,0.0246105
4.2852e-005,0.0236878
4.2856e-005,0.0238862
4.286e-005,0.0244914
4.2864e-005,0.0246105
4.2868e-005,0.0249875
4.2872e-005,0.0248337
4.2876e-005,0.0249329
4.288e-005,0.0252107
4.2884e-005,0.0221699
4.2888e-005,0.0191637
4.2892e-005,0.0192878
4.2896e-005,0.0186875
4.29e-005,0.0187173
4.2904e-005,0.0186875
4.2908e-005,0.00978821
4.2912e-005,0.00208441
4.2916e-005,0.000685524
4.292e-005,-0.000633994
4.2924e-005,-0.000371082
4.2928e-005,-0.000247068
4.2932e-005,-0.000321477
4.2936e-005,-5.36045e-005
4.294e-005,-0.000544703
4.2944e-005,-0.000956433
4.2948e-005,0.00742697
4.2952e-005,0.0171349
4.2956e-005,0.0194018
4.296e-005,0.0213613
4.2964e-005,0.0241591
4.2968e-005,0.0256671
4.2972e-005,0.0259895
4.2976e-005,0.0282813
4.298e-005,0.0290056
4.2984e-005,0.0297298
4.2988e-005,0.0302259
4.2992e-005,0.0312775
4.2996e-005,0.0311585
4.3e-005,0.0324184
4.3004e-005,0.0331774
4.3008e-005,0.0330088
4.3012e-005,0.0332865
4.3016e-005,0.0341943
4.302e-005,0.034105
4.3024e-005,0.0340009
4.3028e-005,0.0341894
4.3032e-005,0.0350476
4.3036e-005,0.0344523
4.304e-005,0.0348987
4.3044e-005,0.0349335
4.3048e-005,0.0351319
4.3052e-005,0.0354196
4.3056e-005,0.0344771
4.306e-005,0.0354543
4.3064e-005,0.0345664
4.3068e-005,0.0356478
4.3072e-005,0.0349483
4.3076e-005,0.0350674
4.308e-005,0.0345713
4.3084e-005,0.0352658
4.3088e-005,0.0351914
4.3092e-005,0.0349682
4.3096e-005,0.0349037
4.31e-005,0.0347102
4.3104e-005,0.0346557
4.3108e-005,0.035742
4.3112e-005,0.0345118
4.3116e-005,0.0355387
4.312e-005,0.0345118
4.3124e-005,0.03474
4.3128e-005,0.034368
4.3132e-005,0.0353551
4.3136e-005,0.0346061
4.314e-005,0.0341348
4.3144e-005,0.0345317
4.3148e-005,0.0342638
4.3152e-005,0.0341199
4.3156e-005,0.0347896
4.316e-005,0.0340554
4.3164e-005,0.0343878
4.3168e-005,0.0350426
4.3172e-005,0.0347053
4.3176e-005,0.0351071
4.318e-005,0.0341943
4.3184e-005,0.0345664
4.3188e-005,0.0348194
4.3192e-005,0.0352559
4.3196e-005,0.0343779
4.32e-005,0.0342935
4.3204e-005,0.0349583
4.3208e-005,0.0348541
4.3212e-005,0.0351269
4.3216e-005,0.0352609
4.322e-005,0.0346656
4.3224e-005,0.0352807
4.3228e-005,0.034869
4.3232e-005,0.0348591
4.3236e-005,0.0347549
4.324e-005,0.0342191
4.3244e-005,0.0346557
4.3248e-005,0.0352559
4.3252e-005,0.0352162
4.3256e-005,0.0346755
4.326e-005,0.0350178
4.3264e-005,0.0345961
4.3268e-005,0.034988
4.3272e-005,0.0347896
4.3276e-005,0.0352559
4.328e-005,0.0350327
4.3284e-005,0.0340902
4.3288e-005,0.0349632
4.3292e-005,0.0344324
4.3296e-005,0.0346606
4.33e-005,0.0354593
4.3304e-005,0.0355039
4.3308e-005,0.0352658
4.3312e-005,0.0347946
4.3316e-005,0.0348094
4.332e-005,0.0353551
4.3324e-005,0.0351914
4.3328e-005,0.0349285
4.3332e-005,0.0347202
4.3336e-005,0.0349583
4.334e-005,0.0354196
4.3344e-005,0.0350922
4.3348e-005,0.0346954
4.3352e-005,0.0346011
4.3356e-005,0.0348739
4.336e-005,0.0346606
4.3364e-005,0.0352757
4.3368e-005,0.0350575
4.3372e-005,0.0349632
4.3376e-005,0.0351418
4.338e-005,0.0349335
4.3384e-005,0.0346755
4.3388e-005,0.0349483
4.3392e-005,0.0342836
4.3396e-005,0.035375
4.34e-005,0.0343382
4.3404e-005,0.0352013
4.3408e-005,0.0349781
4.3412e-005,0.0349285
4.3416e-005,0.0344821
4.342e-005,0.0349731
4.3424e-005,0.0345713
4.3428e-005,0.0347003
4.3432e-005,0.0344027
4.3436e-005,0.0353055
4.344e-005,0.0345763
4.3444e-005,0.0351567
4.3448e-005,0.034115
4.3452e-005,0.0343928
4.3456e-005,0.0345366
4.346e-005,0.0346706
4.3464e-005,0.034998
4.3468e-005,0.0356478
4.3472e-005,0.0354444
4.3476e-005,0.0352509
4.348e-005,0.0354692
4.3484e-005,0.0347499
4.3488e-005,0.0348194
4.3492e-005,0.035246
4.3496e-005,0.035499
4.35e-005,0.034993
4.3504e-005,0.0350327
4.3508e-005,0.0353303
4.3512e-005,0.0347499
4.3516e-005,0.0352162
4.352e-005,0.0352361
4.3524e-005,0.0352311
4.3528e-005,0.0353452
4.3532e-005,0.0351914
4.3536e-005,0.0350178
4.354e-005,0.0350376
4.3544e-005,0.0341547
4.3548e-005,0.0352162
4.3552e-005,0.0355089
4.3556e-005,0.0351815
4.356e-005,0.0354494
4.3564e-005,0.0356329
4.3568e-005,0.0355139
4.3572e-005,0.0354494
4.3576e-005,0.0357371
4.358e-005,0.0350277
4.3584e-005,0.0358661
4.3588e-005,0.0355287
4.3592e-005,0.0350029
4.3596e-005,0.0346209
4.36e-005,0.0352708
4.3604e-005,0.0349483
4.3608e-005,0.0356875
4.3612e-005,0.0353055
4.3616e-005,0.0353105
4.362e-005,0.0343928
4.3624e-005,0.0335544
4.3628e-005,0.0333362
4.3632e-005,0.0319323
4.3636e-005,0.0315206
4.364e-005,0.0306078
4.3644e-005,0.0308658
4.3648e-005,0.0305433
4.3652e-005,0.0256175
4.3656e-005,0.0211083
4.366e-005,0.0201112
4.3664e-005,0.0192084
4.3668e-005,0.018375
4.3672e-005,0.0189256
4.3676e-005,0.0117526
4.368e-005,0.0024763
4.3684e-005,0.000253952
4.3688e-005,-0.000762969
4.3692e-005,-0.000316516
4.3696e-005,0.000283716
4.37e-005,0.000258913
4.3704e-005,-0.000202422
4.3708e-005,-0.000440531
4.3712e-005,-0.00105564
4.3716e-005,0.00702516
4.372e-005,0.0169563
4.3724e-005,0.0205825
4.3728e-005,0.0237126
4.3732e-005,0.027056
4.3736e-005,0.0290304
4.374e-005,0.0299878
4.3744e-005,0.0327062
4.3748e-005,0.0345515
4.3752e-005,0.0357867
4.3756e-005,0.0362778
4.376e-005,0.0378751
4.3764e-005,0.0388027
4.3768e-005,0.0395419
4.3772e-005,0.0400082
4.3776e-005,0.0408564
4.378e-005,0.0413773
4.3784e-005,0.0417444
4.3788e-005,0.042419
4.3792e-005,0.0429051
4.3796e-005,0.0431681
4.38e-005,0.0437881
4.3804e-005,0.0435947
4.3808e-005,0.0436343
4.3812e-005,0.0430143
4.3816e-005,0.0433169
4.382e-005,0.0433913
4.3824e-005,0.0435947
4.3828e-005,0.0435996
4.3832e-005,0.044304
4.3836e-005,0.0444677
4.384e-005,0.0442247
4.3844e-005,0.0438526
4.3848e-005,0.0446165
4.3852e-005,0.0442643
4.3856e-005,0.0436542
4.386e-005,0.044056
4.3864e-005,0.0445917
4.3868e-005,0.0442693
4.3872e-005,0.0437881
4.3876e-005,0.0445521
4.388e-005,0.0441254
4.3884e-005,0.0446413
4.3888e-005,0.0451374
4.3892e-005,0.0439518
4.3896e-005,0.0441949
4.39e-005,0.0450332
4.3904e-005,0.0445669
4.3908e-005,0.0448596
4.3912e-005,0.0451374
4.3916e-005,0.0442247
4.392e-005,0.0443437
4.3924e-005,0.0448398
4.3928e-005,0.0444727
4.3932e-005,0.044681
4.3936e-005,0.0441651
4.394e-005,0.0443338
4.3944e-005,0.0445669
4.3948e-005,0.0451771
4.3952e-005,0.0449092
4.3956e-005,0.0445173
4.396e-005,0.0447802
4.3964e-005,0.0443784
4.3968e-005,0.0446513
4.3972e-005,0.044438
4.3976e-005,0.0445124
4.398e-005,0.0446364
4.3984e-005,0.0447058
4.3988e-005,0.0445223
4.3992e-005,0.0446513
4.3996e-005,0.0451572
4.4e-005,0.0445471
4.4004e-005,0.0455491
4.4008e-005,0.0453209
4.4012e-005,0.0445322
4.4016e-005,0.0450432
4.402e-005,0.0449687
4.4024e-005,0.0451771
4.4028e-005,0.0448348
4.4032e-005,0.0451969
4.4036e-005,0.0449737
4.404e-005,0.0453706
4.4044e-005,0.045564
4.4048e-005,0.0448497
4.4052e-005,0.0449588
4.4056e-005,0.0452515
4.406e-005,0.0452217
4.4064e-005,0.0450035
4.4068e-005,0.0455392
4.4072e-005,0.0451969
4.4076e-005,0.0447505
4.408e-005,0.0450332
4.4084e-005,0.0452763
4.4088e-005,0.0446463
4.4092e-005,0.0450779
4.4096e-005,0.044686
4.41e-005,0.0444082
4.4104e-005,0.0445719
4.4108e-005,0.0444528
4.4112e-005,0.0451225
4.4116e-005,0.0449241
4.412e-005,0.0454152
4.4124e-005,0.0455591
4.4128e-005,0.0458517
4.4132e-005,0.0448695
4.4136e-005,0.0454549
4.414e-005,0.045698
4.4144e-005,0.0453656
4.4148e-005,0.0452961
4.4152e-005,0.045316
4.4156e-005,0.0447951
4.416e-005,0.0451523
4.4164e-005,0.045435
4.4168e-005,0.0452217
4.4172e-005,0.0450977
4.4176e-005,0.0451821
4.418e-005,0.0448993
4.4184e-005,0.0450134
4.4188e-005,0.0456384
4.4192e-005,0.0452416
4.4196e-005,0.044805
4.42e-005,0.045688
4.4204e-005,0.0450332
4.4208e-005,0.045192
4.4212e-005,0.0464272
4.4216e-005,0.0450878
4.422e-005,0.0452763
4.4224e-005,0.0450283
4.4228e-005,0.0447455
4.4232e-005,0.0451324
4.4236e-005,0.0451374
4.424e-005,0.0446959
4.4244e-005,0.0451622
4.4248e-005,0.0453458
4.4252e-005,0.0442643
4.4256e-005,0.044815
4.426e-005,0.0450977
4.4264e-005,0.0446364
4.4268e-005,0.0446413
4.4272e-005,0.0447356
4.4276e-005,0.0446662
4.428e-005,0.0450035
4.4284e-005,0.0451622
4.4288e-005,0.0446364
4.4292e-005,0.0456632
4.4296e-005,0.0453209
4.43e-005,0.0449687
4.4304e-005,0.0454301
4.4308e-005,0.045569
4.4312e-005,0.0449489
4.4316e-005,0.0449886
4.432e-005,0.0454747
4.4324e-005,0.0451374
4.4328e-005,0.0457575
4.4332e-005,0.0455888
4.4336e-005,0.0459708
4.434e-005,0.0455243
4.4344e-005,0.0457426
4.4348e-005,0.0453706
4.4352e-005,0.045698
4.4356e-005,0.0455987
4.436e-005,0.0451076
4.4364e-005,0.0454896
4.4368e-005,0.0455591
4.4372e-005,0.0451672
4.4376e-005,0.045435
4.438e-005,0.045822
4.4384e-005,0.0451821
4.4388e-005,0.0448447
4.4392e-005,0.0453061
4.4396e-005,0.0409556
4.44e-005,0.0387234
4.4404e-005,0.0369772
4.4408e-005,0.0349087
4.4412e-005,0.0342836
4.4416e-005,0.034115
4.442e-005,0.0270114
4.4424e-005,0.0215994
4.4428e-005,0.020012
4.4432e-005,0.0193374
4.4436e-005,0.0188413
4.444e-005,0.0191489
4.4444e-005,0.0127745
4.4448e-005,0.00272433
4.4452e-005,0.00118158
4.4456e-005,-0.000242107
4.446e-005,0.000159701
4.4464e-005,-0.000128013
4.4468e-005,-0.000261949
4.4472e-005,0.000100174
4.4476e-005,0.000134898
4.448e-005,-0.00076793
4.4484e-005,0.00778413
4.4488e-005,0.0174722
4.4492e-005,0.0184147
4.4496e-005,0.0174176
4.45e-005,0.0184841
4.4504e-005,0.0179682
4.4508e-005,0.0170208
4.4512e-005,0.018246
4.4516e-005,0.0178988
4.452e-005,0.0169166
4.4524e-005,0.016862
4.4528e-005,0.0170952
4.4532e-005,0.0172241
4.4536e-005,0.0159542
4.454e-005,0.0170555
4.4544e-005,0.0166785
4.4548e-005,0.0163808
4.4552e-005,0.0164255
4.4556e-005,0.0169414
4.456e-005,0.0165644
4.4564e-005,0.0166041
4.4568e-005,0.0167082
4.4572e-005,0.016485
4.4576e-005,0.0169513
4.458e-005,0.0166983
4.4584e-005,0.0165793
4.4588e-005,0.0167975
4.4592e-005,0.0168819
4.4596e-005,0.0171547
4.46e-005,0.0170555
4.4604e-005,0.0168819
4.4608e-005,0.0167231
4.4612e-005,0.01649
4.4616e-005,0.0167876
4.462e-005,0.016862
4.4624e-005,0.0166586
4.4628e-005,0.0165743
4.4632e-005,0.0167479
4.4636e-005,0.0168967
4.464e-005,0.0167529
4.4644e-005,0.0168471
4.4648e-005,0.0166041
4.4652e-005,0.0167033
4.4656e-005,0.0175267
4.466e-005,0.0166983
4.4664e-005,0.0166239
4.4668e-005,0.0159939
4.4672e-005,0.0165148
4.4676e-005,0.0169712
4.468e-005,0.0156764
4.4684e-005,0.0166338
4.4688e-005,0.0162916
4.4692e-005,0.0157558
4.4696e-005,0.0164701
4.47e-005,0.0162519
4.4704e-005,0.0165495
4.4708e-005,0.0170307
4.4712e-005,0.0168075
4.4716e-005,0.0167132
4.472e-005,0.0166586
4.4724e-005,0.0169811
4.4728e-005,0.0173829
4.4732e-005,0.0172142
4.4736e-005,0.0170555
4.474e-005,0.0166934
4.4744e-005,0.0161775
4.4748e-005,0.0168223
4.4752e-005,0.0169662
4.4756e-005,0.0170009
4.476e-005,0.0166289
4.4764e-005,0.0172489
4.4768e-005,0.0169315
4.4772e-005,0.0166239
4.4776e-005,0.016743
4.478e-005,0.0171993
4.4784e-005,0.0170803
4.4788e-005,0.0168174
4.4792e-005,0.0170208
4.4796e-005,0.0164949
4.48e-005,0.0170604
4.4804e-005,0.0167578
4.4808e-005,0.0156764
4.4812e-005,0.0167926
4.4816e-005,0.0167827
4.482e-005,0.0164949
4.4824e-005,0.0161775
4.4828e-005,0.0166586
4.4832e-005,0.0166239
4.4836e-005,0.0163511
4.484e-005,0.0166338
4.4844e-005,0.0169513
4.4848e-005,0.0165941
4.4852e-005,0.0170803
4.4856e-005,0.0164404
4.486e-005,0.0168273
4.4864e-005,0.0171944
4.4868e-005,0.0171696
4.4872e-005,0.0166884
4.4876e-005,0.0168422
4.488e-005,0.0167132
4.4884e-005,0.0165346
4.4888e-005,0.0165793
4.4892e-005,0.0160386
4.4896e-005,0.0157707
4.49e-005,0.0170108
4.4904e-005,0.0166338
4.4908e-005,0.0161874
4.4912e-005,0.0170654
4.4916e-005,0.0165892
4.492e-005,0.0173134
4.4924e-005,0.0172738
4.4928e-005,0.0169315
4.4932e-005,0.0165743
4.4936e-005,0.0172489
4.494e-005,0.0165842
4.4944e-005,0.016996
4.4948e-005,0.0173333
4.4952e-005,0.0172986
4.4956e-005,0.0172638
4.496e-005,0.0169215
4.4964e-005,0.0168124
4.4968e-005,0.01649
4.4972e-005,0.0167777
4.4976e-005,0.0168075
4.498e-005,0.0173333
4.4984e-005,0.016986
4.4988e-005,0.0167578
4.4992e-005,0.0167926
4.4996e-005,0.0170108
4.5e-005,0.016733
4.5004e-005,0.0168769
4.5008e-005,0.0161675
4.5012e-005,0.0164652
4.5016e-005,0.0166785
4.502e-005,0.0171696
4.5024e-005,0.0164156
4.5028e-005,0.0160534
4.5032e-005,0.0171795
4.5036e-005,0.0169563
4.504e-005,0.0169662
4.5044e-005,0.0170704
4.5048e-005,0.0171448
4.5052e-005,0.0167975
4.5056e-005,0.0169315
4.506e-005,0.0169116
4.5064e-005,0.0159195
4.5068e-005,0.0165495
4.5072e-005,0.0172192
4.5076e-005,0.0168719
4.508e-005,0.0164205
4.5084e-005,0.0169067
4.5088e-005,0.0170952
4.5092e-005,0.0166686
4.5096e-005,0.0162023
4.51e-005,0.016485
4.5104e-005,0.016738
4.5108e-005,0.0164106
4.5112e-005,0.0170009
4.5116e-005,0.0165693
4.512e-005,0.0168273
4.5124e-005,0.0161923
4.5128e-005,0.0167231
4.5132e-005,0.0169215
4.5136e-005,0.0164354
4.514e-005,0.0170208
4.5144e-005,0.0164751
4.5148e-005,0.0165197
4.5152e-005,0.0170307
4.5156e-005,0.0161328
4.516e-005,0.0162023
4.5164e-005,0.0173283
4.5168e-005,0.0181121
4.5172e-005,0.0186726
4.5176e-005,0.0189802
4.518e-005,0.0191836
4.5184e-005,0.0190596
4.5188e-005,0.0188314
4.5192e-005,0.0185635
4.5196e-005,0.0187074
4.52e-005,0.0187024
4.5204e-005,0.0188859
4.5208e-005,0.0185238
4.5212e-005,0.0114302
4.5216e-005,0.00213402
4.522e-005,0.00111214
4.5224e-005,-0.000817536
4.5228e-005,-0.000956433
4.5232e-005,-0.000242107
4.5236e-005,-6.84862e-005
4.524e-005,9.62069e-007
4.5244e-005,8.03316e-005
4.5248e-005,-0.00146241
4.5252e-005,0.00641997
4.5256e-005,0.01649
4.526e-005,0.0182808
4.5264e-005,0.0187768
4.5268e-005,0.0200616
4.5272e-005,0.0218028
4.5276e-005,0.0210339
4.528e-005,0.0221947
4.5284e-005,0.0233406
4.5288e-005,0.0230628
4.5292e-005,0.0231273
4.5296e-005,0.0230975
4.53e-005,0.0230876
4.5304e-005,0.0245361
4.5308e-005,0.024169
4.5312e-005,0.0248535
4.5316e-005,0.0245063
4.532e-005,0.0243476
4.5324e-005,0.0244914
4.5328e-005,0.0244468
4.5332e-005,0.0245113
4.5336e-005,0.0250718
4.534e-005,0.0251512
4.5344e-005,0.0255331
4.5348e-005,0.0241789
4.5352e-005,0.0247097
4.5356e-005,0.0253546
4.536e-005,0.0250123
4.5364e-005,0.0250569
4.5368e-005,0.025429
4.5372e-005,0.0253198
4.5376e-005,0.0251611
4.538e-005,0.0248387
4.5384e-005,0.0244765
4.5388e-005,0.0244815
4.5392e-005,0.0249279
4.5396e-005,0.0248287
4.54e-005,0.0249081
4.5404e-005,0.0245609
4.5408e-005,0.0246303
4.5412e-005,0.0247196
4.5416e-005,0.0239755
4.542e-005,0.0246849
4.5424e-005,0.0241789
4.5428e-005,0.0243674
4.5432e-005,0.0246799
4.5436e-005,0.0247494
4.544e-005,0.0244716
4.5444e-005,0.0249726
4.5448e-005,0.0253446
4.5452e-005,0.0246799
4.5456e-005,0.0244914
4.546e-005,0.0245212
4.5464e-005,0.0240598
4.5468e-005,0.0244071
4.5472e-005,0.0245609
4.5476e-005,0.024918
4.548e-005,0.0253298
4.5484e-005,0.0248535
4.5488e-005,0.0248486
4.5492e-005,0.0245063
4.5496e-005,0.0241541
4.55e-005,0.0242037
4.5504e-005,0.0254488
4.5508e-005,0.0250966
4.5512e-005,0.0250073
4.5516e-005,0.0256175
4.552e-005,0.0245311
4.5524e-005,0.0246005
4.5528e-005,0.0248783
4.5532e-005,0.0244418
4.5536e-005,0.0248833
4.554e-005,0.0249131
4.5544e-005,0.0253893
4.5548e-005,0.0244914
4.5552e-005,0.0244567
4.5556e-005,0.024794
4.556e-005,0.0238961
4.5564e-005,0.0243773
4.5568e-005,0.0247295
4.5572e-005,0.0243376
4.5576e-005,0.0240499
4.558e-005,0.0245708
4.5584e-005,0.0246204
4.5588e-005,0.0248635
4.5592e-005,0.0247593
4.5596e-005,0.0243476
4.56e-005,0.0241938
4.5604e-005,0.0246005
4.5608e-005,0.0246799
4.5612e-005,0.023539
4.5616e-005,0.0244368
4.562e-005,0.0246055
4.5624e-005,0.0244567
4.5628e-005,0.0244319
4.5632e-005,0.0244964
4.5636e-005,0.0244567
4.564e-005,0.0242384
4.5644e-005,0.0242483
4.5648e-005,0.0245807
4.5652e-005,0.0248287
4.5656e-005,0.0245162
4.566e-005,0.0243823
4.5664e-005,0.0243575
4.5668e-005,0.0248139
4.5672e-005,0.0244517
4.5676e-005,0.0245807
4.568e-005,0.0241839
4.5684e-005,0.0241938
4.5688e-005,0.0244319
4.5692e-005,0.0245559
4.5696e-005,0.0243525
4.57e-005,0.0243724
4.5704e-005,0.0250718
4.5708e-005,0.0244765
4.5712e-005,0.0243872
4.5716e-005,0.0250123
4.572e-005,0.0245113
4.5724e-005,0.0251958
4.5728e-005,0.0248139
4.5732e-005,0.0248039
4.5736e-005,0.0252107
4.574e-005,0.0242731
4.5744e-005,0.0240946
4.5748e-005,0.0253198
4.5752e-005,0.0248089
4.5756e-005,0.0245807
4.576e-005,0.0244269
4.5764e-005,0.02467
4.5768e-005,0.0244914
4.5772e-005,0.0251809
4.5776e-005,0.0247394
4.578e-005,0.0243277
4.5784e-005,0.0244319
4.5788e-005,0.0242583
4.5792e-005,0.0242136
4.5796e-005,0.0246849
4.58e-005,0.0239904
4.5804e-005,0.0246254
4.5808e-005,0.0246005
4.5812e-005,0.024417
4.5816e-005,0.024169
4.582e-005,0.0248287
4.5824e-005,0.0240648
4.5828e-005,0.0242781
4.5832e-005,0.0242781
4.5836e-005,0.0245113
4.584e-005,0.0247196
4.5844e-005,0.0246154
4.5848e-005,0.0242682
4.5852e-005,0.0244269
4.5856e-005,0.0248883
4.586e-005,0.0244716
4.5864e-005,0.0245807
4.5868e-005,0.0248089
4.5872e-005,0.0247692
4.5876e-005,0.0248783
4.588e-005,0.0245212
4.5884e-005,0.0251809
4.5888e-005,0.024541
4.5892e-005,0.0252157
4.5896e-005,0.0249279
4.59e-005,0.0245906
4.5904e-005,0.0245956
4.5908e-005,0.0241888
4.5912e-005,0.0241144
4.5916e-005,0.024417
4.592e-005,0.0248833
4.5924e-005,0.0237622
4.5928e-005,0.0246353
4.5932e-005,0.0239706
4.5936e-005,0.0248932
4.594e-005,0.0250123
4.5944e-005,0.0256522
4.5948e-005,0.0252752
4.5952e-005,0.0251462
4.5956e-005,0.0209744
4.596e-005,0.0194713
4.5964e-005,0.0189653
4.5968e-005,0.0186677
4.5972e-005,0.0178442
4.5976e-005,0.0183155
4.598e-005,0.0115343
4.5984e-005,0.00316086
4.5988e-005,0.000700406
4.5992e-005,-0.000728245
4.5996e-005,-0.000594309
4.6e-005,0.000387888
4.6004e-005,0.000248992
4.6008e-005,-0.000524861
4.6012e-005,-7.84074e-005
4.6016e-005,-0.000782812
4.602e-005,0.00673745
4.6024e-005,0.0164949
4.6028e-005,0.0191042
4.6032e-005,0.0211579
4.6036e-005,0.0238317
4.604e-005,0.0247642
4.6044e-005,0.0261086
4.6048e-005,0.02844
4.6052e-005,0.0285293
4.6056e-005,0.0296356
4.606e-005,0.0307864
4.6064e-005,0.0313073
4.6068e-005,0.0312874
4.6072e-005,0.0320315
4.6076e-005,0.0329889
4.608e-005,0.033733
4.6084e-005,0.0339761
4.6088e-005,0.0340753
4.6092e-005,0.0348591
4.6096e-005,0.0349235
4.61e-005,0.0352212
4.6104e-005,0.035499
4.6108e-005,0.0348987
4.6112e-005,0.0350426
4.6116e-005,0.0353353
4.612e-005,0.0355783
4.6124e-005,0.0352708
4.6128e-005,0.0363472
4.6132e-005,0.0358561
4.6136e-005,0.0356379
4.614e-005,0.0357817
4.6144e-005,0.0357718
4.6148e-005,0.035375
4.6152e-005,0.035623
4.6156e-005,0.0358264
4.616e-005,0.0349136
4.6164e-005,0.0355039
4.6168e-005,0.0357916
4.6172e-005,0.0355486
4.6176e-005,0.0353898
4.618e-005,0.0348591
4.6184e-005,0.0350773
4.6188e-005,0.0348888
4.6192e-005,0.0355734
4.6196e-005,0.0347648
4.62e-005,0.0353254
4.6204e-005,0.0349235
4.6208e-005,0.0347301
4.6212e-005,0.0355139
4.6216e-005,0.0357668
4.622e-005,0.0355089
4.6224e-005,0.0353254
4.6228e-005,0.03537
4.6232e-005,0.0352013
4.6236e-005,0.0353105
4.624e-005,0.0353353
4.6244e-005,0.035122
4.6248e-005,0.0350327
4.6252e-005,0.0348888
4.6256e-005,0.0349335
4.626e-005,0.0360099
4.6264e-005,0.0355139
4.6268e-005,0.0356081
4.6272e-005,0.0355734
4.6276e-005,0.0355139
4.628e-005,0.0355783
4.6284e-005,0.0352956
4.6288e-005,0.0350575
4.6292e-005,0.0352956
4.6296e-005,0.0348789
4.63e-005,0.0352361
4.6304e-005,0.0355238
4.6308e-005,0.0350872
4.6312e-005,0.0351418
4.6316e-005,0.0350872
4.632e-005,0.0355436
4.6324e-005,0.0347797
4.6328e-005,0.0350525
4.6332e-005,0.0350972
4.6336e-005,0.0353105
4.634e-005,0.0352906
4.6344e-005,0.0354097
4.6348e-005,0.0348144
4.6352e-005,0.03474
4.6356e-005,0.0347648
4.636e-005,0.0353402
4.6364e-005,0.03474
4.6368e-005,0.0345069
4.6372e-005,0.0352311
4.6376e-005,0.0352906
4.638e-005,0.0347102
4.6384e-005,0.0346706
4.6388e-005,0.0350079
4.6392e-005,0.0355585
4.6396e-005,0.0352113
4.64e-005,0.0351716
4.6404e-005,0.0355387
4.6408e-005,0.0361736
4.6412e-005,0.0353303
4.6416e-005,0.0348591
4.642e-005,0.0355436
4.6424e-005,0.0357569
4.6428e-005,0.0349533
4.6432e-005,0.0352063
4.6436e-005,0.0350426
4.644e-005,0.0348343
4.6444e-005,0.034993
4.6448e-005,0.0351617
4.6452e-005,0.0348392
4.6456e-005,0.0350525
4.646e-005,0.0349682
4.6464e-005,0.0349682
4.6468e-005,0.0351865
4.6472e-005,0.0351815
4.6476e-005,0.0350178
4.648e-005,0.0350674
4.6484e-005,0.0350674
4.6488e-005,0.0348839
4.6492e-005,0.0349335
4.6496e-005,0.0351815
4.65e-005,0.034735
4.6504e-005,0.0347301
4.6508e-005,0.0346854
4.6512e-005,0.0356627
4.6516e-005,0.0352956
4.652e-005,0.0350575
4.6524e-005,0.0349384
4.6528e-005,0.0354246
4.6532e-005,0.0340902
4.6536e-005,0.0346854
4.654e-005,0.0350376
4.6544e-005,0.0348144
4.6548e-005,0.0342985
4.6552e-005,0.0346954
4.6556e-005,0.0354891
4.656e-005,0.0349831
4.6564e-005,0.0348491
4.6568e-005,0.0347648
4.6572e-005,0.0349384
4.6576e-005,0.0350724
4.658e-005,0.0339314
4.6584e-005,0.0346557
4.6588e-005,0.0347102
4.6592e-005,0.0345465
4.6596e-005,0.0344572
4.66e-005,0.0351666
4.6604e-005,0.0351021
4.6608e-005,0.0346358
4.6612e-005,0.0351071
4.6616e-005,0.0346755
4.662e-005,0.0347301
4.6624e-005,0.0356726
4.6628e-005,0.0347946
4.6632e-005,0.0351071
4.6636e-005,0.0355436
4.664e-005,0.0351666
4.6644e-005,0.0353998
4.6648e-005,0.03537
4.6652e-005,0.0347797
4.6656e-005,0.0354444
4.666e-005,0.0348938
4.6664e-005,0.0352609
4.6668e-005,0.0351865
4.6672e-005,0.0354097
4.6676e-005,0.0352609
4.668e-005,0.0356577
4.6684e-005,0.0355039
4.6688e-005,0.0358859
4.6692e-005,0.0345317
4.6696e-005,0.0342638
4.67e-005,0.0335247
4.6704e-005,0.0319224
4.6708e-005,0.0318976
4.6712e-005,0.0312676
4.6716e-005,0.0304392
4.672e-005,0.0305781
4.6724e-005,0.0244815
4.6728e-005,0.020012
4.6732e-005,0.0195606
4.6736e-005,0.019253
4.674e-005,0.0187421
4.6744e-005,0.0191985
4.6748e-005,0.0115492
4.6752e-005,0.00264992
4.6756e-005,0.00131056
4.676e-005,-0.000891945
4.6764e-005,-0.000276831
4.6768e-005,0.000377967
4.6772e-005,-0.000381004
4.6776e-005,-0.000222265
4.678e-005,0.0004871
4.6784e-005,-0.00121934
4.6788e-005,0.00670769
4.6792e-005,0.0171101
4.6796e-005,0.0205477
4.68e-005,0.0233703
4.6804e-005,0.0274529
4.6808e-005,0.0291147
4.6812e-005,0.030335
4.6816e-005,0.0330633
4.682e-005,0.0343134
4.6824e-005,0.035241
4.6828e-005,0.0364316
4.6832e-005,0.0373542
4.6836e-005,0.0385249
4.684e-005,0.0397948
4.6844e-005,0.0395518
4.6848e-005,0.0403207
4.6852e-005,0.0413773
4.6856e-005,0.0419874
4.686e-005,0.0426174
4.6864e-005,0.043173
4.6868e-005,0.0432226
4.6872e-005,0.043173
4.6876e-005,0.04355
4.688e-005,0.0433169
4.6884e-005,0.0435599
4.6888e-005,0.0438576
4.6892e-005,0.0445124
4.6896e-005,0.0444132
4.69e-005,0.0446165
4.6904e-005,0.0443636
4.6908e-005,0.0454995
4.6912e-005,0.0452267
4.6916e-005,0.0447306
4.692e-005,0.0451424
4.6924e-005,0.0442147
4.6928e-005,0.0445421
4.6932e-005,0.0449985
4.6936e-005,0.0456285
4.694e-005,0.0454301
4.6944e-005,0.0449489
4.6948e-005,0.0453011
4.6952e-005,0.04544
4.6956e-005,0.0453755
4.696e-005,0.0456483
4.6964e-005,0.045445
4.6968e-005,0.0449787
4.6972e-005,0.0451721
4.6976e-005,0.0443884
4.698e-005,0.0452267
4.6984e-005,0.044562
4.6988e-005,0.0443388
4.6992e-005,0.0441502
4.6996e-005,0.0450779
4.7e-005,0.0449191
4.7004e-005,0.0452366
4.7008e-005,0.0445818
4.7012e-005,0.0447306
4.7016e-005,0.044438
4.702e-005,0.044939
4.7024e-005,0.0446017
4.7028e-005,0.0450035
4.7032e-005,0.0452912
4.7036e-005,0.0446513
4.704e-005,0.044934
4.7044e-005,0.0447406
4.7048e-005,0.0446662
4.7052e-005,0.0451275
4.7056e-005,0.0450828
4.706e-005,0.0444132
4.7064e-005,0.0455491
4.7068e-005,0.0452069
4.7072e-005,0.044691
4.7076e-005,0.045316
4.708e-005,0.0443983
4.7084e-005,0.045068
4.7088e-005,0.0449241
4.7092e-005,0.0452614
4.7096e-005,0.0448943
4.71e-005,0.0451622
4.7104e-005,0.0449241
4.7108e-005,0.0448447
4.7112e-005,0.0451275
4.7116e-005,0.0447406
4.712e-005,0.0447554
4.7124e-005,0.044428
4.7128e-005,0.0454251
4.7132e-005,0.0452366
4.7136e-005,0.0453904
4.714e-005,0.0447108
4.7144e-005,0.045698
4.7148e-005,0.0445967
4.7152e-005,0.0453209
4.7156e-005,0.0442544
4.716e-005,0.0444876
4.7164e-005,0.0450878
4.7168e-005,0.0450283
4.7172e-005,0.0450977
4.7176e-005,0.0451721
4.718e-005,0.0446513
4.7184e-005,0.0452862
4.7188e-005,0.0453904
4.7192e-005,0.0452366
4.7196e-005,0.0450035
4.72e-005,0.0455144
4.7204e-005,0.0446314
4.7208e-005,0.0446612
4.7212e-005,0.0451473
4.7216e-005,0.0453358
4.722e-005,0.0450481
4.7224e-005,0.0447902
4.7228e-005,0.0447951
4.7232e-005,0.0447703
4.7236e-005,0.0459361
4.724e-005,0.0447802
4.7244e-005,0.0451771
4.7248e-005,0.0446463
4.7252e-005,0.0443933
4.7256e-005,0.0449489
4.726e-005,0.0447257
4.7264e-005,0.044061
4.7268e-005,0.0448547
4.7272e-005,0.0450977
4.7276e-005,0.0439518
4.728e-005,0.0452118
4.7284e-005,0.045187
4.7288e-005,0.0448348
4.7292e-005,0.0452664
4.7296e-005,0.0446959
4.73e-005,0.0447257
4.7304e-005,0.044681
4.7308e-005,0.0457674
4.7312e-005,0.0450283
4.7316e-005,0.0451275
4.732e-005,0.0449539
4.7324e-005,0.0447406
4.7328e-005,0.0449836
4.7332e-005,0.0448943
4.7336e-005,0.0442643
4.734e-005,0.0451473
4.7344e-005,0.0446761
4.7348e-005,0.0442891
4.7352e-005,0.044428
4.7356e-005,0.0448695
4.736e-005,0.0448298
4.7364e-005,0.0447852
4.7368e-005,0.0452763
4.7372e-005,0.0449787
4.7376e-005,0.044934
4.738e-005,0.0451424
4.7384e-005,0.0452565
4.7388e-005,0.0444876
4.7392e-005,0.045187
4.7396e-005,0.0449142
4.74e-005,0.0453061
4.7404e-005,0.0448497
4.7408e-005,0.0441949
4.7412e-005,0.0444727
4.7416e-005,0.0453458
4.742e-005,0.0444429
4.7424e-005,0.0448745
4.7428e-005,0.0453458
4.7432e-005,0.0445868
4.7436e-005,0.0447406
4.744e-005,0.0453309
4.7444e-005,0.0445769
4.7448e-005,0.0449588
4.7452e-005,0.0452565
4.7456e-005,0.0451027
4.746e-005,0.0448844
4.7464e-005,0.0445521
4.7468e-005,0.0413326
4.7472e-005,0.0382025
4.7476e-005,0.0367391
4.748e-005,0.0354891
4.7484e-005,0.0346259
4.7488e-005,0.0346656
4.7492e-005,0.0272842
4.7496e-005,0.021267
4.75e-005,0.0201906
4.7504e-005,0.0196697
4.7508e-005,0.0187619
4.7512e-005,0.0186429
4.7516e-005,0.0118766
4.752e-005,0.00212906
4.7524e-005,0.000764894
4.7528e-005,-0.000614152
4.7532e-005,-0.000534782
4.7536e-005,9.52134e-005
4.754e-005,-3.87227e-005
4.7544e-005,-5.85651e-005
4.7548e-005,-0.000465334
4.7552e-005,-0.00133344
4.7556e-005,0.00764028
4.756e-005,0.0179137
4.7564e-005,0.0180724
4.7568e-005,0.018251
4.7572e-005,0.0191439
4.7576e-005,0.0179037
4.758e-005,0.0172093
4.7584e-005,0.0169662
4.7588e-005,0.0165346
4.7592e-005,0.0170406
4.7596e-005,0.0163511
4.76e-005,0.0161031
4.7604e-005,0.0165197
4.7608e-005,0.0166735
4.7612e-005,0.0165297
4.7616e-005,0.0157558
4.762e-005,0.0161179
4.7624e-005,0.0165693
4.7628e-005,0.0159195
4.7632e-005,0.0161874
4.7636e-005,0.0161229
4.764e-005,0.0164056
4.7644e-005,0.0161328
4.7648e-005,0.0161328
4.7652e-005,0.0166636
4.7656e-005,0.0165148
4.766e-005,0.0167777
4.7664e-005,0.0166686
4.7668e-005,0.0172241
4.7672e-005,0.0164007
4.7676e-005,0.0160733
4.768e-005,0.0162816
4.7684e-005,0.0162122
4.7688e-005,0.0167231
4.7692e-005,0.0162717
4.7696e-005,0.0167975
4.77e-005,0.0161527
4.7704e-005,0.0165297
4.7708e-005,0.0161031
4.7712e-005,0.0160435
4.7716e-005,0.0160882
4.772e-005,0.0171051
4.7724e-005,0.0160038
4.7728e-005,0.0163908
4.7732e-005,0.0155227
4.7736e-005,0.0164106
4.774e-005,0.0158649
4.7744e-005,0.0160931
4.7748e-005,0.0168223
4.7752e-005,0.0166438
4.7756e-005,0.0157409
4.776e-005,0.0162568
4.7764e-005,0.0169513
4.7768e-005,0.0169513
4.7772e-005,0.016867
4.7776e-005,0.0164056
4.778e-005,0.0162667
4.7784e-005,0.016991
4.7788e-005,0.0171894
4.7792e-005,0.0169612
4.7796e-005,0.0167678
4.78e-005,0.0164453
4.7804e-005,0.0171101
4.7808e-005,0.0166537
4.7812e-005,0.0168273
4.7816e-005,0.0174771
4.782e-005,0.0166289
4.7824e-005,0.0167182
4.7828e-005,0.0164453
4.7832e-005,0.0171001
4.7836e-005,0.0174176
4.784e-005,0.0164106
4.7844e-005,0.0170158
4.7848e-005,0.0167777
4.7852e-005,0.016996
4.7856e-005,0.0170555
4.786e-005,0.0167529
4.7864e-005,0.0166289
4.7868e-005,0.0158203
4.7872e-005,0.016986
4.7876e-005,0.0168124
4.788e-005,0.0171745
4.7884e-005,0.0167529
4.7888e-005,0.0166338
4.7892e-005,0.0166636
4.7896e-005,0.0164751
4.79e-005,0.0168323
4.7904e-005,0.0160187
4.7908e-005,0.0164801
4.7912e-005,0.0162271
4.7916e-005,0.0164553
4.792e-005,0.0165197
4.7924e-005,0.0170406
4.7928e-005,0.0167975
4.7932e-005,0.0165297
4.7936e-005,0.0168075
4.794e-005,0.0164304
4.7944e-005,0.0168124
4.7948e-005,0.0160088
4.7952e-005,0.0168323
4.7956e-005,0.0161576
4.796e-005,0.0161328
4.7964e-005,0.0164106
4.7968e-005,0.016614
4.7972e-005,0.0169513
4.7976e-005,0.0165941
4.798e-005,0.0161824
4.7984e-005,0.0165346
4.7988e-005,0.0168769
4.7992e-005,0.0160634
4.7996e-005,0.0163114
4.8e-005,0.0163461
4.8004e-005,0.0164999
4.8008e-005,0.0169612
4.8012e-005,0.0165049
4.8016e-005,0.0161675
4.802e-005,0.0159443
4.8024e-005,0.0168372
4.8028e-005,0.0161824
4.8032e-005,0.0167479
4.8036e-005,0.015979
4.804e-005,0.0166239
4.8044e-005,0.0166636
4.8048e-005,0.0164751
4.8052e-005,0.0168124
4.8056e-005,0.0165594
4.806e-005,0.0167678
4.8064e-005,0.016996
4.8068e-005,0.0170753
4.8072e-005,0.0162072
4.8076e-005,0.0162916
4.808e-005,0.016614
4.8084e-005,0.0160237
4.8088e-005,0.0159989
4.8092e-005,0.0156963
4.8096e-005,0.0165693
4.81e-005,0.0168223
4.8104e-005,0.0154234
4.8108e-005,0.0159542
4.8112e-005,0.0160435
4.8116e-005,0.0166785
4.812e-005,0.0169116
4.8124e-005,0.0162568
4.8128e-005,0.0160882
4.8132e-005,0.0165396
4.8136e-005,0.0166834
4.814e-005,0.0173184
4.8144e-005,0.0159542
4.8148e-005,0.0162767
4.8152e-005,0.0166338
4.8156e-005,0.0170952
4.816e-005,0.0167479
4.8164e-005,0.016113
4.8168e-005,0.0163957
4.8172e-005,0.0160882
4.8176e-005,0.0165396
4.818e-005,0.0165495
4.8184e-005,0.0160634
4.8188e-005,0.0162419
4.8192e-005,0.01712
4.8196e-005,0.0168124
4.82e-005,0.0166289
4.8204e-005,0.0165842
4.8208e-005,0.0165247
4.8212e-005,0.0164255
4.8216e-005,0.0167033
4.822e-005,0.0161477
4.8224e-005,0.0170555
4.8228e-005,0.0163263
4.8232e-005,0.0163908
4.8236e-005,0.0172986
4.824e-005,0.0180575
4.8244e-005,0.0184147
4.8248e-005,0.0189107
4.8252e-005,0.0190149
4.8256e-005,0.0196896
4.826e-005,0.0182311
4.8264e-005,0.01837
4.8268e-005,0.0190744
4.8272e-005,0.0179385
4.8276e-005,0.0179037
4.828e-005,0.0189157
4.8284e-005,0.010567
4.8288e-005,0.00256559
4.8292e-005,0.00152883
4.8296e-005,-0.00112509
4.83e-005,9.62069e-007
4.8304e-005,-0.000286752
4.8308e-005,-0.000475255
4.8312e-005,2.08044e-005
4.8316e-005,-7.84074e-005
4.832e-005,-0.00145249
4.8324e-005,0.00746666
4.8328e-005,0.0169563
4.8332e-005,0.01837
4.8336e-005,0.0194118
4.834e-005,0.0204039
4.8344e-005,0.0213067
4.8348e-005,0.0217135
4.8352e-005,0.0225369
4.8356e-005,0.0228941
4.836e-005,0.0227999
4.8364e-005,0.0232661
4.8368e-005,0.0238465
4.8372e-005,0.0243972
4.8376e-005,0.0238069
4.838e-005,0.0243773
4.8384e-005,0.0246353
4.8388e-005,0.0247246
4.8392e-005,0.0249776
4.8396e-005,0.0254637
4.84e-005,0.0255282
4.8404e-005,0.025047
4.8408e-005,0.0251859
4.8412e-005,0.0254935
4.8416e-005,0.0253198
4.842e-005,0.0246601
4.8424e-005,0.0251016
4.8428e-005,0.0251413
4.8432e-005,0.0248188
4.8436e-005,0.0247196
4.844e-005,0.0249825
4.8444e-005,0.0238862
4.8448e-005,0.0247047
4.8452e-005,0.0247345
4.8456e-005,0.0248734
4.846e-005,0.0251512
4.8464e-005,0.0245708
4.8468e-005,0.0249577
4.8472e-005,0.0252256
4.8476e-005,0.0250619
4.848e-005,0.0243525
4.8484e-005,0.0246799
4.8488e-005,0.0241343
4.8492e-005,0.0238912
4.8496e-005,0.0246948
4.85e-005,0.0243128
4.8504e-005,0.0248139
4.8508e-005,0.025052
4.8512e-005,0.0247394
4.8516e-005,0.0243079
4.852e-005,0.024799
4.8524e-005,0.0242285
4.8528e-005,0.0244071
4.8532e-005,0.0249974
4.8536e-005,0.0249428
4.854e-005,0.0246353
4.8544e-005,0.0251115
4.8548e-005,0.0249875
4.8552e-005,0.024164
4.8556e-005,0.0247196
4.856e-005,0.0244071
4.8564e-005,0.0250768
4.8568e-005,0.0240797
4.8572e-005,0.0244567
4.8576e-005,0.0245757
4.858e-005,0.0248932
4.8584e-005,0.0246948
4.8588e-005,0.0242037
4.8592e-005,0.0244468
4.8596e-005,0.0247494
4.86e-005,0.0243327
4.8604e-005,0.0243674
4.8608e-005,0.0248833
4.8612e-005,0.0239904
4.8616e-005,0.0240549
4.862e-005,0.0238366
4.8624e-005,0.0249379
4.8628e-005,0.0251909
4.8632e-005,0.0243426
4.8636e-005,0.0252256
4.864e-005,0.0246402
4.8644e-005,0.0249081
4.8648e-005,0.0242583
4.8652e-005,0.0243624
4.8656e-005,0.0243823
4.866e-005,0.0242781
4.8664e-005,0.0250718
4.8668e-005,0.0245857
4.8672e-005,0.0240797
4.8676e-005,0.0247246
4.868e-005,0.0247742
4.8684e-005,0.0250817
4.8688e-005,0.0241491
4.8692e-005,0.025047
4.8696e-005,0.0245261
4.87e-005,0.0247047
4.8704e-005,0.0248982
4.8708e-005,0.0246303
4.8712e-005,0.02467
4.8716e-005,0.0246303
4.872e-005,0.0245559
4.8724e-005,0.0239507
4.8728e-005,0.0251264
4.8732e-005,0.0245261
4.8736e-005,0.0247692
4.874e-005,0.0248188
4.8744e-005,0.0240995
4.8748e-005,0.0243674
4.8752e-005,0.0238664
4.8756e-005,0.0245757
4.876e-005,0.025429
4.8764e-005,0.0250966
4.8768e-005,0.0250569
4.8772e-005,0.0246402
4.8776e-005,0.0249776
4.878e-005,0.0248982
4.8784e-005,0.0246601
4.8788e-005,0.0247891
4.8792e-005,0.0253298
4.8796e-005,0.0248535
4.88e-005,0.0243476
4.8804e-005,0.0246849
4.8808e-005,0.0250867
4.8812e-005,0.0246105
4.8816e-005,0.0244567
4.882e-005,0.0245063
4.8824e-005,0.0248387
4.8828e-005,0.0248089
4.8832e-005,0.0246502
4.8836e-005,0.0247692
4.884e-005,0.0245609
4.8844e-005,0.0248684
4.8848e-005,0.0243674
4.8852e-005,0.024417
4.8856e-005,0.025042
4.886e-005,0.0243773
4.8864e-005,0.023782
4.8868e-005,0.0242781
4.8872e-005,0.0245807
4.8876e-005,0.0240896
4.888e-005,0.0241243
4.8884e-005,0.0239457
4.8888e-005,0.0244716
4.8892e-005,0.024412
4.8896e-005,0.0239259
4.89e-005,0.0243823
4.8904e-005,0.0245212
4.8908e-005,0.024288
4.8912e-005,0.0247692
4.8916e-005,0.0251016
4.892e-005,0.0246601
4.8924e-005,0.0246204
4.8928e-005,0.0246005
4.8932e-005,0.0250272
4.8936e-005,0.0249379
4.894e-005,0.0243426
4.8944e-005,0.0245609
4.8948e-005,0.0245956
4.8952e-005,0.0245807
4.8956e-005,0.0248486
4.896e-005,0.0243327
4.8964e-005,0.0246005
4.8968e-005,0.0249577
4.8972e-005,0.0242583
4.8976e-005,0.0239854
4.898e-005,0.024923
4.8984e-005,0.0237275
4.8988e-005,0.0249428
4.8992e-005,0.0250619
4.8996e-005,0.0239954
4.9e-005,0.0240797
4.9004e-005,0.0244071
4.9008e-005,0.0254339
4.9012e-005,0.0258556
4.9016e-005,0.0255927
4.902e-005,0.0256472
4.9024e-005,0.025801
4.9028e-005,0.0223286
4.9032e-005,0.0204585
4.9036e-005,0.0201906
4.904e-005,0.0191786
4.9044e-005,0.0185734
4.9048e-005,0.0188066
4.9052e-005,0.0106216
4.9056e-005,0.00203977
4.906e-005,0.00106253
4.9064e-005,-0.000529821
4.9068e-005,-8.3368e-005
4.9072e-005,0.000179543
4.9076e-005,0.000526785
4.908e-005,-0.00043557
4.9084e-005,-0.000812575
4.9088e-005,-0.0015269
4.9092e-005,0.00713926
4.9096e-005,0.0167975
4.91e-005,0.0199773
4.9104e-005,0.0213216
4.9108e-005,0.024541
4.9112e-005,0.0255232
4.9116e-005,0.0270412
4.912e-005,0.0283954
4.9124e-005,0.0296306
4.9128e-005,0.0303697
4.9132e-005,0.0311138
4.9136e-005,0.0318877
4.914e-005,0.0317636
4.9144e-005,0.0323639
4.9148e-005,0.0331129
4.9152e-005,0.03348
4.9156e-005,0.0338818
4.916e-005,0.034745
4.9164e-005,0.0345168
4.9168e-005,0.034998
4.9172e-005,0.0353204
4.9176e-005,0.0348888
4.918e-005,0.0350624
4.9184e-005,0.0357024
4.9188e-005,0.0353254
4.9192e-005,0.0353353
4.9196e-005,0.0350575
4.92e-005,0.036005
4.9204e-005,0.0347896
4.9208e-005,0.0348144
4.9212e-005,0.0348987
4.9216e-005,0.0352311
4.922e-005,0.0351468
4.9224e-005,0.0355238
4.9228e-005,0.0348789
4.9232e-005,0.034988
4.9236e-005,0.0352361
4.924e-005,0.0355039
4.9244e-005,0.0359405
4.9248e-005,0.0349335
4.9252e-005,0.0345961
4.9256e-005,0.0351914
4.926e-005,0.0357817
4.9264e-005,0.0354543
4.9268e-005,0.0353005
4.9272e-005,0.0352757
4.9276e-005,0.0356081
4.928e-005,0.0350872
4.9284e-005,0.0355188
4.9288e-005,0.0348194
4.9292e-005,0.034993
4.9296e-005,0.0351418
4.93e-005,0.0347202
4.9304e-005,0.0346358
4.9308e-005,0.0350922
4.9312e-005,0.0358611
4.9316e-005,0.0344672
4.932e-005,0.0346656
4.9324e-005,0.0350624
4.9328e-005,0.0348094
4.9332e-005,0.0349087
4.9336e-005,0.0353204
4.934e-005,0.0352807
4.9344e-005,0.0352708
4.9348e-005,0.0350178
4.9352e-005,0.0356428
4.9356e-005,0.0348293
4.936e-005,0.0341695
4.9364e-005,0.0354593
4.9368e-005,0.0350376
4.9372e-005,0.0347747
4.9376e-005,0.0351021
4.938e-005,0.0349335
4.9384e-005,0.0355039
4.9388e-005,0.0358363
4.9392e-005,0.0354791
4.9396e-005,0.0352658
4.94e-005,0.0347053
4.9404e-005,0.0350476
4.9408e-005,0.0358016
4.9412e-005,0.0352757
4.9416e-005,0.0355833
4.942e-005,0.035375
4.9424e-005,0.0354444
4.9428e-005,0.0346954
4.9432e-005,0.0352658
4.9436e-005,0.0353898
4.944e-005,0.0350426
4.9444e-005,0.0347846
4.9448e-005,0.0353849
4.9452e-005,0.0352162
4.9456e-005,0.0354246
4.946e-005,0.0357569
4.9464e-005,0.035499
4.9468e-005,0.0354196
4.9472e-005,0.0350476
4.9476e-005,0.0354146
4.948e-005,0.0351468
4.9484e-005,0.034616
4.9488e-005,0.0350624
4.9492e-005,0.0344622
4.9496e-005,0.0344721
4.95e-005,0.0338421
4.9504e-005,0.0346557
4.9508e-005,0.0348541
4.9512e-005,0.0346309
4.9516e-005,0.034487
4.952e-005,0.0349434
4.9524e-005,0.0344176
4.9528e-005,0.0347846
4.9532e-005,0.0340802
4.9536e-005,0.0342489
4.954e-005,0.0345565
4.9544e-005,0.0348343
4.9548e-005,0.034745
4.9552e-005,0.0346904
4.9556e-005,0.0346954
4.956e-005,0.0339463
4.9564e-005,0.0344374
4.9568e-005,0.0347747
4.9572e-005,0.0351418
4.9576e-005,0.0344721
4.958e-005,0.0350327
4.9584e-005,0.0338471
4.9588e-005,0.0349235
4.9592e-005,0.0349037
4.9596e-005,0.0339562
4.96e-005,0.0350228
4.9604e-005,0.0346358
4.9608e-005,0.0345912
4.9612e-005,0.0349682
4.9616e-005,0.0349335
4.962e-005,0.034869
4.9624e-005,0.0353551
4.9628e-005,0.0351269
4.9632e-005,0.0346755
4.9636e-005,0.035117
4.964e-005,0.0347797
4.9644e-005,0.0352261
4.9648e-005,0.0347995
4.9652e-005,0.034363
4.9656e-005,0.0347995
4.966e-005,0.0346507
4.9664e-005,0.0352509
4.9668e-005,0.0350376
4.9672e-005,0.035117
4.9676e-005,0.0354692
4.968e-005,0.0353005
4.9684e-005,0.0352906
4.9688e-005,0.035117
4.9692e-005,0.0348392
4.9696e-005,0.0353254
4.97e-005,0.0351914
4.9704e-005,0.0348739
4.9708e-005,0.0351567
4.9712e-005,0.0351418
4.9716e-005,0.0346755
4.972e-005,0.035246
4.9724e-005,0.0347846
4.9728e-005,0.0349831
4.9732e-005,0.0356726
4.9736e-005,0.0347003
4.974e-005,0.0347251
4.9744e-005,0.0349087
4.9748e-005,0.0346854
4.9752e-005,0.0342638
4.9756e-005,0.0354444
4.976e-005,0.0346805
4.9764e-005,0.0341596
4.9768e-005,0.034611
4.9772e-005,0.0330187
4.9776e-005,0.0320811
4.978e-005,0.03222
4.9784e-005,0.0317339
4.9788e-005,0.0305979
4.9792e-005,0.0307269
4.9796e-005,0.0249081
4.98e-005,0.0205924
4.9804e-005,0.0201559
4.9808e-005,0.0187123
4.9812e-005,0.0185189
4.9816e-005,0.0186974
4.982e-005,0.0102843
4.9824e-005,0.00253583
4.9828e-005,0.00117662
4.9832e-005,-0.000589349
4.9836e-005,-0.000673679
4.984e-005,0.00031844
4.9844e-005,-0.000415728
4.9848e-005,-0.00068856
4.9852e-005,-0.000341319
4.9856e-005,-0.000748088
4.986e-005,0.00650926
4.9864e-005,0.0173779
4.9868e-005,0.0208702
4.9872e-005,0.0237572
4.9876e-005,0.0274033
4.988e-005,0.0291196
4.9884e-005,0.0306227
4.9888e-005,0.0335296
4.9892e-005,0.0350376
4.9896e-005,0.0356478
4.99e-005,0.0370715
4.9904e-005,0.0382124
4.9908e-005,0.038768
4.9912e-005,0.0399337
4.9916e-005,0.0408812
4.992e-005,0.0416203
4.9924e-005,0.041665
4.9928e-005,0.0413574
4.9932e-005,0.0417394
4.9936e-005,0.0424785
4.994e-005,0.0426918
4.9944e-005,0.043054
4.9948e-005,0.0437336
4.9952e-005,0.043932
4.9956e-005,0.0443685
4.996e-005,0.0445769
4.9964e-005,0.0447257
4.9968e-005,0.0443636
4.9972e-005,0.0445521
4.9976e-005,0.0448795
4.998e-005,0.0445818
4.9984e-005,0.0449737
4.9988e-005,0.044428
4.9992e-005,0.0449935
4.9996e-005,0.0449787
5e-005,0.0443685
5.0004e-005,0.0447058
5.0008e-005,0.0452366
5.0012e-005,0.0440362
5.0016e-005,0.0447306
5.002e-005,0.0448795
5.0024e-005,0.0445669
5.0028e-005,0.0449787
5.0032e-005,0.0451672
5.0036e-005,0.0450332
5.004e-005,0.0452168
5.0044e-005,0.0451275
5.0048e-005,0.0448398
5.0052e-005,0.0446165
5.0056e-005,0.0455938
5.006e-005,0.0449241
5.0064e-005,0.044681
5.0068e-005,0.0457228
5.0072e-005,0.0450481
5.0076e-005,0.045564
5.008e-005,0.045698
5.0084e-005,0.0447852
5.0088e-005,0.0446959
5.0092e-005,0.0446662
5.0096e-005,0.0452565
5.01e-005,0.0440709
5.0104e-005,0.0448695
5.0108e-005,0.0451176
5.0112e-005,0.0444925
5.0116e-005,0.0457228
5.012e-005,0.0451027
5.0124e-005,0.0446959
5.0128e-005,0.0447902
5.0132e-005,0.0441254
5.0136e-005,0.0447753
5.014e-005,0.0447703
5.0144e-005,0.0440709
5.0148e-005,0.045316
5.0152e-005,0.0446116
5.0156e-005,0.0447554
5.016e-005,0.0449439
5.0164e-005,0.0453011
5.0168e-005,0.0448993
5.0172e-005,0.0448745
5.0176e-005,0.0453805
5.018e-005,0.0446711
5.0184e-005,0.0446711
5.0188e-005,0.0452961
5.0192e-005,0.0450432
5.0196e-005,0.0450084
5.02e-005,0.0456732
5.0204e-005,0.0448348
5.0208e-005,0.0454846
5.0212e-005,0.0457674
5.0216e-005,0.044805
5.022e-005,0.0449241
5.0224e-005,0.045564
5.0228e-005,0.0447455
5.0232e-005,0.0450481
5.0236e-005,0.0452713
5.024e-005,0.0456285
5.0244e-005,0.0453209
5.0248e-005,0.0452912
5.0252e-005,0.0450382
5.0256e-005,0.0440163
5.026e-005,0.0450977
5.0264e-005,0.0445669
5.0268e-005,0.0451473
5.0272e-005,0.0454549
5.0276e-005,0.0447058
5.028e-005,0.044691
5.0284e-005,0.0454053
5.0288e-005,0.0446959
5.0292e-005,0.0446364
5.0296e-005,0.0452961
5.03e-005,0.0450878
5.0304e-005,0.0447802
5.0308e-005,0.0456384
5.0312e-005,0.0445322
5.0316e-005,0.0445421
5.032e-005,0.0444925
5.0324e-005,0.0452317
5.0328e-005,0.0451473
5.0332e-005,0.044939
5.0336e-005,0.0447058
5.034e-005,0.0446364
5.0344e-005,0.0450084
5.0348e-005,0.0449985
5.0352e-005,0.0445074
5.0356e-005,0.0452366
5.036e-005,0.0442544
5.0364e-005,0.0441899
5.0368e-005,0.0449687
5.0372e-005,0.0449241
5.0376e-005,0.0444826
5.038e-005,0.044562
5.0384e-005,0.0440758
5.0388e-005,0.0447554
5.0392e-005,0.0448398
5.0396e-005,0.0444975
5.04e-005,0.044309
5.0404e-005,0.0445719
5.0408e-005,0.0445173
5.0412e-005,0.0447406
5.0416e-005,0.0447406
5.042e-005,0.0448497
5.0424e-005,0.0453358
5.0428e-005,0.0452515
5.0432e-005,0.0446513
5.0436e-005,0.044686
5.044e-005,0.0455739
5.0444e-005,0.0446215
5.0448e-005,0.0453061
5.0452e-005,0.0450779
5.0456e-005,0.0450531
5.046e-005,0.0451374
5.0464e-005,0.0457922
5.0468e-005,0.0443685
5.0472e-005,0.0450531
5.0476e-005,0.0447356
5.048e-005,0.0442395
5.0484e-005,0.0448596
5.0488e-005,0.0452267
5.0492e-005,0.0445074
5.0496e-005,0.0449787
5.05e-005,0.0456632
5.0504e-005,0.0447951
5.0508e-005,0.0452565
5.0512e-005,0.0449043
5.0516e-005,0.0446066
5.052e-005,0.0450977
5.0524e-005,0.0444628
5.0528e-005,0.0452565
5.0532e-005,0.0438675
5.0536e-005,0.0435748
5.054e-005,0.0403207
5.0544e-005,0.0383067
5.0548e-005,0.0373195
5.0552e-005,0.0360595
5.0556e-005,0.0349186
5.056e-005,0.0346706
5.0564e-005,0.0272197
5.0568e-005,0.0212075
5.0572e-005,0.0199326
5.0576e-005,0.0193324
5.058e-005,0.0186478
5.0584e-005,0.0182956
5.0588e-005,0.0111623
5.0592e-005,0.00233244
5.0596e-005,0.00106749
5.06e-005,-0.000276831
5.0604e-005,-0.000624073
5.0608e-005,0.000373007
5.0612e-005,-0.000693521
5.0616e-005,-0.000261949
5.062e-005,-0.000400846
5.0624e-005,-0.00154674
5.0628e-005,0.00796768
5.0632e-005,0.0171448
5.0636e-005,0.0178393
5.064e-005,0.0176756
5.0644e-005,0.0177152
5.0648e-005,0.0174771
5.0652e-005,0.0167132
5.0656e-005,0.0166388
5.066e-005,0.0164553
5.0664e-005,0.0168769
5.0668e-005,0.0158848
5.0672e-005,0.0160634
5.0676e-005,0.0157955
5.068e-005,0.0156268
5.0684e-005,0.0157757
5.0688e-005,0.015602
5.0692e-005,0.0156764
5.0696e-005,0.0154383
5.07e-005,0.0155177
5.0704e-005,0.0163312
5.0708e-005,0.0158302
5.0712e-005,0.0162469
5.0716e-005,0.0162866
5.072e-005,0.0159145
5.0724e-005,0.0163263
5.0728e-005,0.016991
5.0732e-005,0.0164602
5.0736e-005,0.0164304
5.074e-005,0.0170803
5.0744e-005,0.0161378
5.0748e-005,0.0162271
5.0752e-005,0.0165842
5.0756e-005,0.0167082
5.076e-005,0.0165346
5.0764e-005,0.016867
5.0768e-005,0.0172142
5.0772e-005,0.0160782
5.0776e-005,0.0167231
5.078e-005,0.0166934
5.0784e-005,0.0162419
5.0788e-005,0.016614
5.0792e-005,0.016619
5.0796e-005,0.0164156
5.08e-005,0.0174325
5.0804e-005,0.0166338
5.0808e-005,0.0168967
5.0812e-005,0.0168174
5.0816e-005,0.0166686
5.082e-005,0.0161874
5.0824e-005,0.0155127
5.0828e-005,0.0167628
5.0832e-005,0.016738
5.0836e-005,0.0169215
5.084e-005,0.0168323
5.0844e-005,0.0161626
5.0848e-005,0.0164404
5.0852e-005,0.0161527
5.0856e-005,0.0164553
5.086e-005,0.0170257
5.0864e-005,0.0175168
5.0868e-005,0.0163908
5.0872e-005,0.0161973
5.0876e-005,0.0173184
5.088e-005,0.0163759
5.0884e-005,0.0171299
5.0888e-005,0.0169662
5.0892e-005,0.0160634
5.0896e-005,0.0164553
5.09e-005,0.0165793
5.0904e-005,0.0168223
5.0908e-005,0.0168223
5.0912e-005,0.0169563
5.0916e-005,0.0162171
5.092e-005,0.0164354
5.0924e-005,0.0166041
5.0928e-005,0.0158054
5.0932e-005,0.0159741
5.0936e-005,0.0166487
5.094e-005,0.0160485
5.0944e-005,0.0170952
5.0948e-005,0.0164503
5.0952e-005,0.016619
5.0956e-005,0.016867
5.096e-005,0.0166041
5.0964e-005,0.0165445
5.0968e-005,0.0166438
5.0972e-005,0.0168571
5.0976e-005,0.0162122
5.098e-005,0.0169017
5.0984e-005,0.0165594
5.0988e-005,0.0163461
5.0992e-005,0.016614
5.0996e-005,0.016619
5.1e-005,0.0168819
5.1004e-005,0.0163412
5.1008e-005,0.0167479
5.1012e-005,0.0167529
5.1016e-005,0.0166884
5.102e-005,0.0170704
5.1024e-005,0.0164056
5.1028e-005,0.0155078
5.1032e-005,0.0164751
5.1036e-005,0.0163164
5.104e-005,0.0166785
5.1044e-005,0.0159443
5.1048e-005,0.0165148
5.1052e-005,0.016237
5.1056e-005,0.0175565
5.106e-005,0.0162023
5.1064e-005,0.0163511
5.1068e-005,0.016614
5.1072e-005,0.0169364
5.1076e-005,0.0168075
5.108e-005,0.0161775
5.1084e-005,0.0165743
5.1088e-005,0.0169712
5.1092e-005,0.0160832
5.1096e-005,0.0166785
5.11e-005,0.0175466
5.1104e-005,0.0165793
5.1108e-005,0.0167628
5.1112e-005,0.0170208
5.1116e-005,0.0163709
5.112e-005,0.0166735
5.1124e-005,0.0162965
5.1128e-005,0.0168025
5.1132e-005,0.0170406
5.1136e-005,0.0172241
5.114e-005,0.016614
5.1144e-005,0.0173134
5.1148e-005,0.0162221
5.1152e-005,0.016619
5.1156e-005,0.0164255
5.116e-005,0.0160584
5.1164e-005,0.0170257
5.1168e-005,0.0166338
5.1172e-005,0.0174424
5.1176e-005,0.0158947
5.118e-005,0.0166785
5.1184e-005,0.0167975
5.1188e-005,0.0168223
5.1192e-005,0.0165842
5.1196e-005,0.0166636
5.12e-005,0.0166239
5.1204e-005,0.0161874
5.1208e-005,0.0162072
5.1212e-005,0.0167678
5.1216e-005,0.0167678
5.122e-005,0.0167231
5.1224e-005,0.0171894
5.1228e-005,0.0163263
5.1232e-005,0.0160832
5.1236e-005,0.0169166
5.124e-005,0.0164255
5.1244e-005,0.0162271
5.1248e-005,0.0162221
5.1252e-005,0.015984
5.1256e-005,0.0161031
5.126e-005,0.0166438
