Time,Ampl
4.126e-005,0.0446116
4.1264e-005,0.0442991
4.1268e-005,0.0445273
4.1272e-005,0.0451324
4.1276e-005,0.0452565
4.128e-005,0.0440064
4.1284e-005,0.0447951
4.1288e-005,0.0447207
4.1292e-005,0.0444826
4.1296e-005,0.0450084
4.13e-005,0.0449241
4.1304e-005,0.0447108
4.1308e-005,0.044691
4.1312e-005,0.0443288
4.1316e-005,0.0447306
4.132e-005,0.0450531
4.1324e-005,0.0442643
4.1328e-005,0.0446562
4.1332e-005,0.0452168
4.1336e-005,0.0448249
4.134e-005,0.0441006
4.1344e-005,0.0452118
4.1348e-005,0.044433
4.1352e-005,0.0447852
4.1356e-005,0.0447406
4.136e-005,0.0448398
4.1364e-005,0.0441453
4.1368e-005,0.0449092
4.1372e-005,0.0441651
4.1376e-005,0.0444132
4.138e-005,0.0452465
4.1384e-005,0.0444826
4.1388e-005,0.0442098
4.1392e-005,0.0448249
4.1396e-005,0.0444082
4.14e-005,0.0442743
4.1404e-005,0.044805
4.1408e-005,0.0450134
4.1412e-005,0.0446463
4.1416e-005,0.0450828
4.142e-005,0.0446165
4.1424e-005,0.0446265
4.1428e-005,0.0451374
4.1432e-005,0.0449539
4.1436e-005,0.0439469
4.144e-005,0.0451324
4.1444e-005,0.0454202
4.1448e-005,0.0448298
4.1452e-005,0.0449687
4.1456e-005,0.0447257
4.146e-005,0.0451572
4.1464e-005,0.0450928
4.1468e-005,0.0447207
4.1472e-005,0.0447554
4.1476e-005,0.0450382
4.148e-005,0.0449638
4.1484e-005,0.0448547
4.1488e-005,0.0450729
4.1492e-005,0.0450134
4.1496e-005,0.0449489
4.15e-005,0.0450332
4.1504e-005,0.0445967
4.1508e-005,0.0447108
4.1512e-005,0.0451275
4.1516e-005,0.0448298
4.152e-005,0.0439221
4.1524e-005,0.0454152
4.1528e-005,0.044557
4.1532e-005,0.0446413
4.1536e-005,0.0452664
4.154e-005,0.044562
4.1544e-005,0.0455591
4.1548e-005,0.0448547
4.1552e-005,0.044934
4.1556e-005,0.0449092
4.156e-005,0.0452763
4.1564e-005,0.044934
4.1568e-005,0.0445719
4.1572e-005,0.0448745
4.1576e-005,0.0438725
4.158e-005,0.044309
4.1584e-005,0.045068
4.1588e-005,0.0446463
4.1592e-005,0.0437832
4.1596e-005,0.0452317
4.16e-005,0.0447058
4.1604e-005,0.0450779
4.1608e-005,0.0445372
4.1612e-005,0.044805
4.1616e-005,0.044438
4.162e-005,0.0445025
4.1624e-005,0.0455343
4.1628e-005,0.0448695
4.1632e-005,0.0445967
4.1636e-005,0.0449539
4.164e-005,0.0454102
4.1644e-005,0.0453358
4.1648e-005,0.044939
4.1652e-005,0.0446066
4.1656e-005,0.0454301
4.166e-005,0.044691
4.1664e-005,0.0442792
4.1668e-005,0.0453061
4.1672e-005,0.0449092
4.1676e-005,0.0454102
4.168e-005,0.0452267
4.1684e-005,0.0452961
4.1688e-005,0.0455789
4.1692e-005,0.0453011
4.1696e-005,0.0456186
4.17e-005,0.0454946
4.1704e-005,0.0447306
4.1708e-005,0.0405538
4.1712e-005,0.0380537
4.1716e-005,0.0365457
4.172e-005,0.0354444
4.1724e-005,0.0349136
4.1728e-005,0.034115
4.1732e-005,0.0272594
4.1736e-005,0.0217036
4.174e-005,0.0195755
4.1744e-005,0.0192679
4.1748e-005,0.0190149
4.1752e-005,0.0186974
4.1756e-005,0.0118568
4.176e-005,0.00353787
4.1764e-005,0.0013552
4.1768e-005,-0.000172659
4.1772e-005,-0.000162738
4.1776e-005,0.000115056
4.178e-005,-8.3368e-005
4.1784e-005,-0.000167698
4.1788e-005,1.58439e-005
4.1792e-005,-0.00126895
4.1796e-005,0.00693091
4.18e-005,0.0170108
4.1804e-005,0.021143
4.1808e-005,0.0240152
4.1812e-005,0.0290254
4.1816e-005,0.0312973
4.182e-005,0.0328103
4.1824e-005,0.0346606
4.1828e-005,0.0367986
4.1832e-005,0.0381827
4.1836e-005,0.0395121
4.184e-005,0.0404
4.1844e-005,0.0411144
4.1848e-005,0.0423446
4.1852e-005,0.0435054
4.1856e-005,0.0443288
4.186e-005,0.0452416
4.1864e-005,0.0457376
4.1868e-005,0.0456384
4.1872e-005,0.0462436
4.1876e-005,0.0461642
4.188e-005,0.0469083
4.1884e-005,0.0472258
4.1888e-005,0.0473598
4.1892e-005,0.047955
4.1896e-005,0.0483519
4.19e-005,0.0480741
4.1904e-005,0.0489571
4.1908e-005,0.0487884
4.1912e-005,0.0481088
4.1916e-005,0.048466
4.192e-005,0.0487785
4.1924e-005,0.0484957
4.1928e-005,0.0493241
4.1932e-005,0.0498053
4.1936e-005,0.0492448
4.194e-005,0.0497111
4.1944e-005,0.0498599
4.1948e-005,0.0495077
4.1952e-005,0.0493192
4.1956e-005,0.0490265
4.196e-005,0.0494134
4.1964e-005,0.04922
4.1968e-005,0.0501526
4.1972e-005,0.0500782
4.1976e-005,0.0490067
4.198e-005,0.0492944
4.1984e-005,0.0494482
4.1988e-005,0.0495027
4.1992e-005,0.0497805
4.1996e-005,0.0494779
4.2e-005,0.049344
4.2004e-005,0.0494283
4.2008e-005,0.0494779
4.2012e-005,0.0493589
4.2016e-005,0.0497904
4.202e-005,0.0498599
4.2024e-005,0.0500236
4.2028e-005,0.0498549
4.2032e-005,0.049091
4.2036e-005,0.0502071
4.204e-005,0.050475
4.2044e-005,0.0503907
4.2048e-005,0.0494531
4.2052e-005,0.050227
4.2056e-005,0.0498252
4.206e-005,0.0493688
4.2064e-005,0.0503708
4.2068e-005,0.050356
4.2072e-005,0.0497458
4.2076e-005,0.0494581
4.208e-005,0.0498897
4.2084e-005,0.0503361
4.2088e-005,0.0500037
4.2092e-005,0.0497557
4.2096e-005,0.0497756
4.21e-005,0.0499393
4.2104e-005,0.0503808
4.2108e-005,0.0492745
4.2112e-005,0.0500484
4.2116e-005,0.0495226
4.212e-005,0.0490464
4.2124e-005,0.0497309
4.2128e-005,0.0500385
4.2132e-005,0.0499442
4.2136e-005,0.050356
4.214e-005,0.0501625
4.2144e-005,0.0499145
4.2148e-005,0.0495176
4.2152e-005,0.0493638
4.2156e-005,0.050733
4.216e-005,0.0502567
4.2164e-005,0.0495176
4.2168e-005,0.0495325
4.2172e-005,0.0501526
4.2176e-005,0.0493093
4.218e-005,0.0498698
4.2184e-005,0.0500286
4.2188e-005,0.0496416
4.2192e-005,0.0502121
4.2196e-005,0.0498996
4.22e-005,0.050356
4.2204e-005,0.0498897
4.2208e-005,0.0503659
4.2212e-005,0.0496912
4.2216e-005,0.0498053
4.222e-005,0.0494234
4.2224e-005,0.0494184
4.2228e-005,0.0497706
4.2232e-005,0.0500286
4.2236e-005,0.0493837
4.224e-005,0.0494333
4.2244e-005,0.0500335
4.2248e-005,0.0500732
4.2252e-005,0.0494779
4.2256e-005,0.0501129
4.226e-005,0.0494234
4.2264e-005,0.04984
4.2268e-005,0.0500186
4.2272e-005,0.0494134
4.2276e-005,0.0497458
4.228e-005,0.0497805
4.2284e-005,0.0497706
4.2288e-005,0.0497954
4.2292e-005,0.0501526
4.2296e-005,0.0502121
4.23e-005,0.0488777
4.2304e-005,0.0501873
4.2308e-005,0.0502121
4.2312e-005,0.050103
4.2316e-005,0.0504006
4.232e-005,0.049716
4.2324e-005,0.0493787
4.2328e-005,0.050222
4.2332e-005,0.0497656
4.2336e-005,0.0498152
4.234e-005,0.0502071
4.2344e-005,0.0498996
4.2348e-005,0.0499442
4.2352e-005,0.04985
4.2356e-005,0.0498103
4.236e-005,0.0494581
4.2364e-005,0.0497012
4.2368e-005,0.0493787
4.2372e-005,0.0501129
4.2376e-005,0.0499789
4.238e-005,0.049974
4.2384e-005,0.0506238
4.2388e-005,0.0501377
4.2392e-005,0.0501178
4.2396e-005,0.0500484
4.24e-005,0.0499442
4.2404e-005,0.0497706
4.2408e-005,0.0504849
4.2412e-005,0.0504948
4.2416e-005,0.0497904
4.242e-005,0.0512489
4.2424e-005,0.0501476
4.2428e-005,0.0501228
4.2432e-005,0.050222
4.2436e-005,0.0501079
4.244e-005,0.0506139
4.2444e-005,0.0495722
4.2448e-005,0.0503063
4.2452e-005,0.0504056
4.2456e-005,0.0504006
4.246e-005,0.0505097
4.2464e-005,0.0498797
4.2468e-005,0.0497855
4.2472e-005,0.0488182
4.2476e-005,0.0453805
4.248e-005,0.0404199
4.2484e-005,0.0383612
4.2488e-005,0.0368979
4.2492e-005,0.0355287
4.2496e-005,0.0353254
4.25e-005,0.0274876
4.2504e-005,0.0223038
4.2508e-005,0.0202352
4.2512e-005,0.0187619
4.2516e-005,0.0194118
4.252e-005,0.0186379
4.2524e-005,0.0127646
4.2528e-005,0.00347338
4.2532e-005,0.00127583
4.2536e-005,-0.000256989
4.254e-005,-0.000643915
4.2544e-005,1.08833e-005
4.2548e-005,-0.000495097
4.2552e-005,-0.000341319
4.2556e-005,0.000169622
4.256e-005,-0.00125903
4.2564e-005,0.00671761
4.2568e-005,0.0168422
4.2572e-005,0.0200418
4.2576e-005,0.021649
4.258e-005,0.0237176
4.2584e-005,0.0246254
4.2588e-005,0.0253744
4.2592e-005,0.0269618
4.2596e-005,0.0282069
4.26e-005,0.0282962
4.2604e-005,0.0293627
4.2608e-005,0.0297546
4.2612e-005,0.0302358
4.2616e-005,0.0310642
4.262e-005,0.0314462
4.2624e-005,0.0318777
4.2628e-005,0.0316148
4.2632e-005,0.0320216
4.2636e-005,0.0323688
4.264e-005,0.0318529
4.2644e-005,0.0321506
4.2648e-005,0.0321655
4.2652e-005,0.0322795
4.2656e-005,0.0331625
4.266e-005,0.0325028
4.2664e-005,0.0325325
4.2668e-005,0.032602
4.2672e-005,0.0320166
4.2676e-005,0.0329591
4.268e-005,0.0327558
4.2684e-005,0.032468
4.2688e-005,0.0326417
4.2692e-005,0.0325871
4.2696e-005,0.0326962
4.27e-005,0.0325871
4.2704e-005,0.0331675
4.2708e-005,0.0323837
4.2712e-005,0.0331228
4.2716e-005,0.0327012
4.272e-005,0.0319521
4.2724e-005,0.032096
4.2728e-005,0.0326417
4.2732e-005,0.0323887
4.2736e-005,0.0321952
4.274e-005,0.0321704
4.2744e-005,0.0322448
4.2748e-005,0.0322002
4.2752e-005,0.0325325
4.2756e-005,0.0319968
4.276e-005,0.0318827
4.2764e-005,0.0323837
4.2768e-005,0.0317587
4.2772e-005,0.031843
4.2776e-005,0.031094
4.278e-005,0.0317736
4.2784e-005,0.0324383
4.2788e-005,0.0313767
4.2792e-005,0.0315305
4.2796e-005,0.0316843
4.28e-005,0.0313866
4.2804e-005,0.0319224
4.2808e-005,0.0317835
4.2812e-005,0.0322002
4.2816e-005,0.0317686
4.282e-005,0.0319075
4.2824e-005,0.0316892
4.2828e-005,0.0323738
4.2832e-005,0.0327458
4.2836e-005,0.0320762
4.284e-005,0.0311684
4.2844e-005,0.0320117
4.2848e-005,0.0321407
4.2852e-005,0.0314859
4.2856e-005,0.0315057
4.286e-005,0.0314114
4.2864e-005,0.0314759
4.2868e-005,0.0319869
4.2872e-005,0.0316744
4.2876e-005,0.0314015
4.288e-005,0.031972
4.2884e-005,0.0318728
4.2888e-005,0.0315156
4.2892e-005,0.0321952
4.2896e-005,0.0314511
4.29e-005,0.0314065
4.2904e-005,0.031719
4.2908e-005,0.0315206
4.2912e-005,0.0313767
4.2916e-005,0.031461
4.292e-005,0.031471
4.2924e-005,0.0312577
4.2928e-005,0.0316545
4.2932e-005,0.0311436
4.2936e-005,0.0308311
4.294e-005,0.0316644
4.2944e-005,0.031471
4.2948e-005,0.0314462
4.2952e-005,0.0312825
4.2956e-005,0.0312973
4.296e-005,0.0321059
4.2964e-005,0.0315454
4.2968e-005,0.0315305
4.2972e-005,0.0309997
4.2976e-005,0.0311833
4.298e-005,0.0314511
4.2984e-005,0.0316297
4.2988e-005,0.0316446
4.2992e-005,0.0314164
4.2996e-005,0.0315206
4.3e-005,0.0311287
4.3004e-005,0.03159
4.3008e-005,0.0315305
4.3012e-005,0.031471
4.3016e-005,0.0318926
4.302e-005,0.0313618
4.3024e-005,0.032096
4.3028e-005,0.0320662
4.3032e-005,0.0318877
4.3036e-005,0.0311783
4.304e-005,0.0319621
4.3044e-005,0.031218
4.3048e-005,0.031461
4.3052e-005,0.0315156
4.3056e-005,0.0310394
4.306e-005,0.0315107
4.3064e-005,0.031466
4.3068e-005,0.031347
4.3072e-005,0.0319273
4.3076e-005,0.031967
4.308e-005,0.0309154
4.3084e-005,0.0311039
4.3088e-005,0.0311684
4.3092e-005,0.0315007
4.3096e-005,0.0319422
4.31e-005,0.0314859
4.3104e-005,0.0317934
4.3108e-005,0.0316496
4.3112e-005,0.031719
4.3116e-005,0.031342
4.312e-005,0.0309303
4.3124e-005,0.0315503
4.3128e-005,0.0312825
4.3132e-005,0.0319422
4.3136e-005,0.0311287
4.314e-005,0.0318182
4.3144e-005,0.0316744
4.3148e-005,0.0311634
4.3152e-005,0.0312329
4.3156e-005,0.0317041
4.316e-005,0.0312924
4.3164e-005,0.031218
4.3168e-005,0.0315454
4.3172e-005,0.0307368
4.3176e-005,0.0307269
4.318e-005,0.0310741
4.3184e-005,0.031213
4.3188e-005,0.0312031
4.3192e-005,0.031347
4.3196e-005,0.0314164
4.32e-005,0.0311932
4.3204e-005,0.031848
4.3208e-005,0.0316595
4.3212e-005,0.0313618
4.3216e-005,0.0320216
4.322e-005,0.0316892
4.3224e-005,0.0312428
4.3228e-005,0.0315355
4.3232e-005,0.0316992
4.3236e-005,0.0306773
4.324e-005,0.0308955
4.3244e-005,0.0303945
4.3248e-005,0.0298588
4.3252e-005,0.0298389
4.3256e-005,0.0295215
4.326e-005,0.0300423
4.3264e-005,0.0297348
4.3268e-005,0.0251859
4.3272e-005,0.0207809
4.3276e-005,0.0198285
4.328e-005,0.0193522
4.3284e-005,0.0183552
4.3288e-005,0.018246
4.3292e-005,0.0112665
4.3296e-005,0.00264
4.33e-005,0.000710327
4.3304e-005,-0.000440531
4.3308e-005,5.0568e-005
4.3312e-005,8.03316e-005
4.3316e-005,-0.000643915
4.332e-005,-0.000177619
4.3324e-005,-0.000167698
4.3328e-005,-0.00146737
4.3332e-005,0.006668
4.3336e-005,0.0167578
4.334e-005,0.0204336
4.3344e-005,0.0218772
4.3348e-005,0.0250817
4.3352e-005,0.0275719
4.3356e-005,0.028321
4.336e-005,0.0306822
4.3364e-005,0.0311535
4.3368e-005,0.0325375
4.3372e-005,0.0332072
4.3376e-005,0.0342092
4.338e-005,0.0344076
4.3384e-005,0.0354593
4.3388e-005,0.0357371
4.3392e-005,0.0363373
4.3396e-005,0.0370219
4.34e-005,0.0373145
4.3404e-005,0.0374138
4.3408e-005,0.0369524
4.3412e-005,0.0376668
4.3416e-005,0.0377957
4.342e-005,0.0380537
4.3424e-005,0.0379545
4.3428e-005,0.0383712
4.3432e-005,0.0381678
4.3436e-005,0.0382819
4.344e-005,0.0383166
4.3444e-005,0.039522
4.3448e-005,0.0383662
4.3452e-005,0.038897
4.3456e-005,0.0385894
4.346e-005,0.0385597
4.3464e-005,0.0391053
4.3468e-005,0.0389317
4.3472e-005,0.039274
4.3476e-005,0.0391599
4.348e-005,0.0392988
4.3484e-005,0.0384853
4.3488e-005,0.0387283
4.3492e-005,0.0389267
4.3496e-005,0.0382174
4.35e-005,0.0383116
4.3504e-005,0.0386291
4.3508e-005,0.0386043
4.3512e-005,0.0386787
4.3516e-005,0.0388672
4.352e-005,0.0387382
4.3524e-005,0.0384009
4.3528e-005,0.0383513
4.3532e-005,0.038897
4.3536e-005,0.038138
4.354e-005,0.0387829
4.3544e-005,0.0384257
4.3548e-005,0.0383116
4.3552e-005,0.0385547
4.3556e-005,0.0384604
4.356e-005,0.0382323
4.3564e-005,0.0383811
4.3568e-005,0.0389317
4.3572e-005,0.0383265
4.3576e-005,0.0380438
4.358e-005,0.0383563
4.3584e-005,0.0384555
4.3588e-005,0.0387829
4.3592e-005,0.0381727
4.3596e-005,0.0382025
4.36e-005,0.0387234
4.3604e-005,0.0387382
4.3608e-005,0.0384208
4.3612e-005,0.0383761
4.3616e-005,0.0383216
4.362e-005,0.0385101
4.3624e-005,0.0385944
4.3628e-005,0.0385845
4.3632e-005,0.0384009
4.3636e-005,0.039016
4.364e-005,0.0388722
4.3644e-005,0.0384505
4.3648e-005,0.0386043
4.3652e-005,0.0382819
4.3656e-005,0.0388871
4.366e-005,0.0387283
4.3664e-005,0.038639
4.3668e-005,0.0389218
4.3672e-005,0.0387134
4.3676e-005,0.0384158
4.368e-005,0.0387978
4.3684e-005,0.0387482
4.3688e-005,0.0385745
4.3692e-005,0.0386638
4.3696e-005,0.0382868
4.37e-005,0.0385993
4.3704e-005,0.0378156
4.3708e-005,0.0384059
4.3712e-005,0.0387978
4.3716e-005,0.0378801
4.372e-005,0.0383116
4.3724e-005,0.0379644
4.3728e-005,0.0378354
4.3732e-005,0.0382471
4.3736e-005,0.0383166
4.374e-005,0.038639
4.3744e-005,0.0383166
4.3748e-005,0.0383067
4.3752e-005,0.0385597
4.3756e-005,0.0383761
4.376e-005,0.0380983
4.3764e-005,0.0378205
4.3768e-005,0.0380537
4.3772e-005,0.0387432
4.3776e-005,0.0387779
4.378e-005,0.038773
4.3784e-005,0.0379247
4.3788e-005,0.0374088
4.3792e-005,0.0382223
4.3796e-005,0.038143
4.38e-005,0.0382372
4.3804e-005,0.0381827
4.3808e-005,0.0388424
4.3812e-005,0.0378056
4.3816e-005,0.0385597
4.382e-005,0.0380785
4.3824e-005,0.0384505
4.3828e-005,0.0378106
4.3832e-005,0.0380388
4.3836e-005,0.0382967
4.384e-005,0.0382769
4.3844e-005,0.0383364
4.3848e-005,0.0381281
4.3852e-005,0.0383513
4.3856e-005,0.0380487
4.386e-005,0.0372104
4.3864e-005,0.0381231
4.3868e-005,0.0381727
4.3872e-005,0.0378801
4.3876e-005,0.0385646
4.388e-005,0.0382571
4.3884e-005,0.0386241
4.3888e-005,0.0379892
4.3892e-005,0.0384307
4.3896e-005,0.0386043
4.39e-005,0.0383116
4.3904e-005,0.0384555
4.3908e-005,0.0391649
4.3912e-005,0.0386787
4.3916e-005,0.0377412
4.392e-005,0.0384406
4.3924e-005,0.0391301
4.3928e-005,0.0383116
4.3932e-005,0.0382323
4.3936e-005,0.0386142
4.394e-005,0.0375923
4.3944e-005,0.0377709
4.3948e-005,0.0381678
4.3952e-005,0.0379297
4.3956e-005,0.0385001
4.396e-005,0.0380438
4.3964e-005,0.0384059
4.3968e-005,0.0383464
4.3972e-005,0.0384307
4.3976e-005,0.0385547
4.398e-005,0.0381082
4.3984e-005,0.0384257
4.3988e-005,0.0381529
4.3992e-005,0.0385597
4.3996e-005,0.038262
4.4e-005,0.0380884
4.4004e-005,0.0387333
4.4008e-005,0.0376668
4.4012e-005,0.0360595
4.4016e-005,0.0341298
4.402e-005,0.0330633
4.4024e-005,0.031848
4.4028e-005,0.0317785
4.4032e-005,0.0318678
4.4036e-005,0.0259349
4.404e-005,0.0208603
4.4044e-005,0.0199326
4.4048e-005,0.0191191
4.4052e-005,0.0193026
4.4056e-005,0.0186925
4.406e-005,0.0113706
4.4064e-005,0.00275905
4.4068e-005,0.000839302
4.4072e-005,-0.000718324
4.4076e-005,-0.000629033
4.408e-005,-0.000207383
4.4084e-005,-0.000629033
4.4088e-005,-0.000753048
4.4092e-005,-0.000633994
4.4096e-005,-0.0015517
4.41e-005,0.00615706
4.4104e-005,0.0164106
4.4108e-005,0.0204733
4.4112e-005,0.0230628
4.4116e-005,0.0265104
4.412e-005,0.0292883
4.4124e-005,0.0305334
4.4128e-005,0.0327062
4.4132e-005,0.0340207
4.4136e-005,0.0346706
4.414e-005,0.0366598
4.4144e-005,0.0371757
4.4148e-005,0.0378404
4.4152e-005,0.0396063
4.4156e-005,0.0402314
4.416e-005,0.0405786
4.4164e-005,0.0415856
4.4168e-005,0.0411441
4.4172e-005,0.0420668
4.4176e-005,0.0423297
4.418e-005,0.0430837
4.4184e-005,0.0426472
4.4188e-005,0.0434558
4.4192e-005,0.0433863
4.4196e-005,0.0437832
4.42e-005,0.0438377
4.4204e-005,0.0438873
4.4208e-005,0.0436939
4.4212e-005,0.0439568
4.4216e-005,0.0442098
4.422e-005,0.0440907
4.4224e-005,0.0439469
4.4228e-005,0.0447406
4.4232e-005,0.044304
4.4236e-005,0.044433
4.424e-005,0.0441751
4.4244e-005,0.0442594
4.4248e-005,0.044686
4.4252e-005,0.0444578
4.4256e-005,0.044304
4.426e-005,0.04481
4.4264e-005,0.0441999
4.4268e-005,0.0441354
4.4272e-005,0.0448199
4.4276e-005,0.0450233
4.428e-005,0.0446215
4.4284e-005,0.0448695
4.4288e-005,0.0440957
4.4292e-005,0.0449191
4.4296e-005,0.0441949
4.43e-005,0.0447902
4.4304e-005,0.0445025
4.4308e-005,0.0448695
4.4312e-005,0.0448646
4.4316e-005,0.0447505
4.432e-005,0.0449836
4.4324e-005,0.0443933
4.4328e-005,0.0447306
4.4332e-005,0.045192
4.4336e-005,0.0449886
4.434e-005,0.0448497
4.4344e-005,0.0448001
4.4348e-005,0.0443338
4.4352e-005,0.0449737
4.4356e-005,0.0446562
4.436e-005,0.0448993
4.4364e-005,0.0444082
4.4368e-005,0.0451176
4.4372e-005,0.0444578
4.4376e-005,0.0448795
4.438e-005,0.0452763
4.4384e-005,0.0448993
4.4388e-005,0.0448894
4.4392e-005,0.0451473
4.4396e-005,0.0446364
4.44e-005,0.0444876
4.4404e-005,0.04481
4.4408e-005,0.0450828
4.4412e-005,0.0445372
4.4416e-005,0.0445669
4.442e-005,0.0438328
4.4424e-005,0.0443884
4.4428e-005,0.0449588
4.4432e-005,0.0443239
4.4436e-005,0.0442247
4.444e-005,0.0444876
4.4444e-005,0.0444628
4.4448e-005,0.0442594
4.4452e-005,0.0444975
4.4456e-005,0.0447108
4.446e-005,0.0440858
4.4464e-005,0.0452366
4.4468e-005,0.0447158
4.4472e-005,0.0444231
4.4476e-005,0.0446562
4.448e-005,0.0445521
4.4484e-005,0.0447108
4.4488e-005,0.0447257
4.4492e-005,0.0450283
4.4496e-005,0.0447306
4.45e-005,0.0451771
4.4504e-005,0.0454797
4.4508e-005,0.0451523
4.4512e-005,0.0448348
4.4516e-005,0.0450977
4.452e-005,0.0446761
4.4524e-005,0.0447406
4.4528e-005,0.0450878
4.4532e-005,0.0455938
4.4536e-005,0.0444876
4.454e-005,0.0453408
4.4544e-005,0.0450729
4.4548e-005,0.044686
4.4552e-005,0.0444826
4.4556e-005,0.0445223
4.456e-005,0.0450828
4.4564e-005,0.0440659
4.4568e-005,0.0443487
4.4572e-005,0.0447802
4.4576e-005,0.0437484
4.458e-005,0.0443685
4.4584e-005,0.0440858
4.4588e-005,0.0434657
4.4592e-005,0.043932
4.4596e-005,0.0438973
4.46e-005,0.0437782
4.4604e-005,0.0440114
4.4608e-005,0.0439915
4.4612e-005,0.0444181
4.4616e-005,0.0443437
4.462e-005,0.0443983
4.4624e-005,0.0444876
4.4628e-005,0.0444082
4.4632e-005,0.0448547
4.4636e-005,0.044428
4.464e-005,0.0439121
4.4644e-005,0.0444925
4.4648e-005,0.0443685
4.4652e-005,0.0438377
4.4656e-005,0.0447604
4.466e-005,0.0446662
4.4664e-005,0.0442643
4.4668e-005,0.0450382
4.4672e-005,0.0445322
4.4676e-005,0.0440758
4.468e-005,0.0442247
4.4684e-005,0.0446513
4.4688e-005,0.0445322
4.4692e-005,0.045445
4.4696e-005,0.0449935
4.47e-005,0.0449588
4.4704e-005,0.0448547
4.4708e-005,0.0442693
4.4712e-005,0.0441006
4.4716e-005,0.0443388
4.472e-005,0.0443189
4.4724e-005,0.0450928
4.4728e-005,0.0448943
4.4732e-005,0.0446612
4.4736e-005,0.0448993
4.474e-005,0.044815
4.4744e-005,0.0440907
4.4748e-005,0.0441453
4.4752e-005,0.0442842
4.4756e-005,0.0445372
4.476e-005,0.0446066
4.4764e-005,0.0448844
4.4768e-005,0.0447356
4.4772e-005,0.0439072
4.4776e-005,0.0437931
4.478e-005,0.0406381
4.4784e-005,0.037766
4.4788e-005,0.0359851
4.4792e-005,0.0350773
4.4796e-005,0.034616
4.48e-005,0.0337231
4.4804e-005,0.027309
4.4808e-005,0.0213514
4.4812e-005,0.019888
4.4816e-005,0.0188711
4.482e-005,0.019134
4.4824e-005,0.0188413
4.4828e-005,0.0120106
4.4832e-005,0.00325511
4.4836e-005,0.00139985
4.484e-005,-0.000440531
4.4844e-005,-0.000420688
4.4848e-005,0.000348204
4.4852e-005,0.000169622
4.4856e-005,-0.000629033
4.486e-005,0.000124977
4.4864e-005,-0.00145745
4.4868e-005,0.00694579
4.4872e-005,0.0173184
4.4876e-005,0.0219119
4.488e-005,0.0252405
4.4884e-005,0.028698
4.4888e-005,0.031595
4.4892e-005,0.0326417
4.4896e-005,0.035618
4.49e-005,0.0376668
4.4904e-005,0.0387482
4.4908e-005,0.0401272
4.4912e-005,0.0409854
4.4916e-005,0.0418981
4.492e-005,0.0425976
4.4924e-005,0.0435451
4.4928e-005,0.043798
4.4932e-005,0.0448993
4.4936e-005,0.045564
4.494e-005,0.0462089
4.4944e-005,0.0467446
4.4948e-005,0.0469629
4.4952e-005,0.0466405
4.4956e-005,0.0479104
4.496e-005,0.047712
4.4964e-005,0.0484015
4.4968e-005,0.0486644
4.4972e-005,0.0481088
4.4976e-005,0.0486247
4.498e-005,0.0486842
4.4984e-005,0.048466
4.4988e-005,0.0486743
4.4992e-005,0.0489967
4.4996e-005,0.0491158
4.5e-005,0.0488033
4.5004e-005,0.0496069
4.5008e-005,0.0496863
4.5012e-005,0.049597
4.5016e-005,0.0495623
4.502e-005,0.0494482
4.5024e-005,0.0494035
4.5028e-005,0.0499591
4.5032e-005,0.04984
4.5036e-005,0.0493093
4.504e-005,0.0496119
4.5044e-005,0.0503163
4.5048e-005,0.0497359
4.5052e-005,0.049463
4.5056e-005,0.0504998
4.506e-005,0.0499492
4.5064e-005,0.0500881
4.5068e-005,0.0494829
4.5072e-005,0.0495474
4.5076e-005,0.0501923
4.508e-005,0.0492249
4.5084e-005,0.0494234
4.5088e-005,0.0496962
4.5092e-005,0.0491604
4.5096e-005,0.0497855
4.51e-005,0.0502022
4.5104e-005,0.0493043
4.5108e-005,0.0496019
4.5112e-005,0.0503411
4.5116e-005,0.0499393
4.512e-005,0.0498797
4.5124e-005,0.0504452
4.5128e-005,0.0500037
4.5132e-005,0.0495821
4.5136e-005,0.0495771
4.514e-005,0.0494035
4.5144e-005,0.049974
4.5148e-005,0.0498996
4.5152e-005,0.0497309
4.5156e-005,0.0499343
4.516e-005,0.0500137
4.5164e-005,0.049339
4.5168e-005,0.05047
4.5172e-005,0.0496813
4.5176e-005,0.0497805
4.518e-005,0.04985
4.5184e-005,0.0502071
4.5188e-005,0.0496019
4.5192e-005,0.0494928
4.5196e-005,0.0497656
4.52e-005,0.0497111
4.5204e-005,0.0500037
4.5208e-005,0.0499442
4.5212e-005,0.0498252
4.5216e-005,0.0493341
4.522e-005,0.0501178
4.5224e-005,0.0498103
4.5228e-005,0.0493241
4.5232e-005,0.0500583
4.5236e-005,0.0495127
4.524e-005,0.0496218
4.5244e-005,0.0498252
4.5248e-005,0.049969
4.5252e-005,0.0501972
4.5256e-005,0.0504552
4.526e-005,0.0499145
4.5264e-005,0.0499839
4.5268e-005,0.0500732
4.5272e-005,0.049716
4.5276e-005,0.0499492
4.528e-005,0.0506982
4.5284e-005,0.0498351
4.5288e-005,0.0504056
4.5292e-005,0.0509115
4.5296e-005,0.04985
4.53e-005,0.0493638
4.5304e-005,0.0496962
4.5308e-005,0.049721
4.5312e-005,0.0499541
4.5316e-005,0.0505544
4.532e-005,0.0494531
4.5324e-005,0.0497458
4.5328e-005,0.0498748
4.5332e-005,0.0501774
4.5336e-005,0.0495771
4.534e-005,0.0498649
4.5344e-005,0.04984
4.5348e-005,0.0497309
4.5352e-005,0.0505147
4.5356e-005,0.0501476
4.536e-005,0.0498301
4.5364e-005,0.0500534
4.5368e-005,0.0500385
4.5372e-005,0.0498103
4.5376e-005,0.0501674
4.538e-005,0.0504105
4.5384e-005,0.0497607
4.5388e-005,0.0503758
4.5392e-005,0.0500037
4.5396e-005,0.0499591
4.54e-005,0.0499988
4.5404e-005,0.0497012
4.5408e-005,0.0502716
4.5412e-005,0.0505494
4.5416e-005,0.0496763
4.542e-005,0.0498649
4.5424e-005,0.0503311
4.5428e-005,0.0504155
4.5432e-005,0.0497458
4.5436e-005,0.0498649
4.544e-005,0.049592
4.5444e-005,0.0501526
4.5448e-005,0.0499095
4.5452e-005,0.0503311
4.5456e-005,0.0503163
4.546e-005,0.0504948
4.5464e-005,0.0500682
4.5468e-005,0.0501873
4.5472e-005,0.0503808
4.5476e-005,0.0499442
4.548e-005,0.0494134
4.5484e-005,0.0502369
4.5488e-005,0.0501923
4.5492e-005,0.0504006
4.5496e-005,0.0504849
4.55e-005,0.0504204
4.5504e-005,0.0495275
4.5508e-005,0.0502419
4.5512e-005,0.0496962
4.5516e-005,0.0493291
4.552e-005,0.0501129
4.5524e-005,0.0498252
4.5528e-005,0.0506486
4.5532e-005,0.0501327
4.5536e-005,0.0505345
4.554e-005,0.0496119
4.5544e-005,0.0488678
4.5548e-005,0.0448695
4.5552e-005,0.0402512
4.5556e-005,0.0374782
4.556e-005,0.036749
4.5564e-005,0.0347797
4.5568e-005,0.0350228
4.5572e-005,0.0281375
4.5576e-005,0.0211629
4.558e-005,0.0199822
4.5584e-005,0.0190596
4.5588e-005,0.0189405
4.5592e-005,0.0181071
4.5596e-005,0.0125513
4.56e-005,0.00371149
4.5604e-005,0.000953396
4.5608e-005,-0.000713363
4.5612e-005,-0.000381004
4.5616e-005,-0.000242107
4.562e-005,-5.85651e-005
4.5624e-005,-0.000971314
4.5628e-005,-0.000673679
4.5632e-005,-0.00144753
4.5636e-005,0.00707973
4.564e-005,0.0175466
4.5644e-005,0.0194217
4.5648e-005,0.0214555
4.5652e-005,0.0239557
4.5656e-005,0.025672
4.566e-005,0.0259697
4.5664e-005,0.0267336
4.5668e-005,0.0283855
4.5672e-005,0.0288617
4.5676e-005,0.0289559
4.568e-005,0.0304392
4.5684e-005,0.0306723
4.5688e-005,0.0316049
4.5692e-005,0.031471
4.5696e-005,0.0317835
4.57e-005,0.0322994
4.5704e-005,0.0323589
4.5708e-005,0.0326962
4.5712e-005,0.0327012
4.5716e-005,0.0331278
4.572e-005,0.0326962
4.5724e-005,0.0328302
4.5728e-005,0.0327607
4.5732e-005,0.0330038
4.5736e-005,0.0326962
4.574e-005,0.0326863
4.5744e-005,0.0330236
4.5748e-005,0.0333957
4.5752e-005,0.0326566
4.5756e-005,0.0323738
4.576e-005,0.032597
4.5764e-005,0.0323788
4.5768e-005,0.0322895
4.5772e-005,0.0325573
4.5776e-005,0.0327508
4.578e-005,0.0327806
4.5784e-005,0.0330832
4.5788e-005,0.0322547
4.5792e-005,0.0324234
4.5796e-005,0.0333114
4.58e-005,0.0318083
4.5804e-005,0.032974
4.5808e-005,0.0325127
4.5812e-005,0.031972
4.5816e-005,0.0321803
4.582e-005,0.032101
4.5824e-005,0.0324631
4.5828e-005,0.0324432
4.5832e-005,0.032855
4.5836e-005,0.032344
4.584e-005,0.0322151
4.5844e-005,0.0326714
4.5848e-005,0.0322696
4.5852e-005,0.0330236
4.5856e-005,0.0326367
4.586e-005,0.032354
4.5864e-005,0.0329095
4.5868e-005,0.0325673
4.5872e-005,0.0324631
4.5876e-005,0.0322795
4.588e-005,0.0316545
4.5884e-005,0.0322795
4.5888e-005,0.0326913
4.5892e-005,0.0324383
4.5896e-005,0.0320712
4.59e-005,0.0319521
4.5904e-005,0.0317736
4.5908e-005,0.0330336
4.5912e-005,0.0325127
4.5916e-005,0.0325226
4.592e-005,0.0325524
4.5924e-005,0.0323788
4.5928e-005,0.0325573
4.5932e-005,0.0324929
4.5936e-005,0.0322299
4.594e-005,0.0322746
4.5944e-005,0.0320563
4.5948e-005,0.032344
4.5952e-005,0.0322994
4.5956e-005,0.0323688
4.596e-005,0.0322101
4.5964e-005,0.0322994
4.5968e-005,0.0331923
4.5972e-005,0.0321506
4.5976e-005,0.0322349
4.598e-005,0.0328451
4.5984e-005,0.032344
4.5988e-005,0.032597
4.5992e-005,0.032091
4.5996e-005,0.0321903
4.6e-005,0.0325375
4.6004e-005,0.032602
4.6008e-005,0.0318976
4.6012e-005,0.0326317
4.6016e-005,0.0321059
4.602e-005,0.031724
4.6024e-005,0.0322151
4.6028e-005,0.0321307
4.6032e-005,0.0323837
4.6036e-005,0.0327161
4.604e-005,0.0323391
4.6044e-005,0.0319472
4.6048e-005,0.0320414
4.6052e-005,0.0325921
4.6056e-005,0.0319472
4.606e-005,0.0327111
4.6064e-005,0.0321456
4.6068e-005,0.0316148
4.6072e-005,0.0317438
4.6076e-005,0.0311733
4.608e-005,0.0319422
4.6084e-005,0.032354
4.6088e-005,0.0329046
4.6092e-005,0.0322399
4.6096e-005,0.0322002
4.61e-005,0.0329145
4.6104e-005,0.0317537
4.6108e-005,0.0326218
4.6112e-005,0.0324432
4.6116e-005,0.0317041
4.612e-005,0.0323639
4.6124e-005,0.0320762
4.6128e-005,0.0320811
4.6132e-005,0.031461
4.6136e-005,0.0326863
4.614e-005,0.0316347
4.6144e-005,0.032096
4.6148e-005,0.0320365
4.6152e-005,0.0321605
4.6156e-005,0.0322696
4.616e-005,0.031595
4.6164e-005,0.0316744
4.6168e-005,0.0315404
4.6172e-005,0.0316099
4.6176e-005,0.0313966
4.618e-005,0.0320662
4.6184e-005,0.0317091
4.6188e-005,0.0318678
4.6192e-005,0.0317934
4.6196e-005,0.0321605
4.62e-005,0.031084
4.6204e-005,0.0310989
4.6208e-005,0.0310791
4.6212e-005,0.0324532
4.6216e-005,0.0319918
4.622e-005,0.0317587
4.6224e-005,0.0323887
4.6228e-005,0.0321407
4.6232e-005,0.0322746
4.6236e-005,0.0320464
4.624e-005,0.0320613
4.6244e-005,0.0314511
4.6248e-005,0.0318926
4.6252e-005,0.0320514
4.6256e-005,0.0317041
4.626e-005,0.0315999
4.6264e-005,0.0323589
4.6268e-005,0.0321307
4.6272e-005,0.0327458
4.6276e-005,0.0316198
4.628e-005,0.0322299
4.6284e-005,0.0317537
4.6288e-005,0.0320266
4.6292e-005,0.0318629
4.6296e-005,0.0320266
4.63e-005,0.0322647
4.6304e-005,0.0320414
4.6308e-005,0.0316595
4.6312e-005,0.031977
4.6316e-005,0.0304888
4.632e-005,0.0297397
4.6324e-005,0.0300622
4.6328e-005,0.0302507
4.6332e-005,0.0296107
4.6336e-005,0.0295016
4.634e-005,0.0250371
4.6344e-005,0.0204188
4.6348e-005,0.0202303
4.6352e-005,0.0190992
4.6356e-005,0.0186181
4.636e-005,0.0181815
4.6364e-005,0.0118816
4.6368e-005,0.00202488
4.6372e-005,0.00147922
4.6376e-005,-0.000877063
4.638e-005,-0.000286752
4.6384e-005,0.000169622
4.6388e-005,5.92266e-006
4.6392e-005,-0.000415728
4.6396e-005,3.07256e-005
4.64e-005,-0.00168068
4.6404e-005,0.0071839
4.6408e-005,0.0168471
4.6412e-005,0.01964
4.6416e-005,0.0224824
4.642e-005,0.0251809
4.6424e-005,0.0277208
4.6428e-005,0.0281573
4.6432e-005,0.0302705
4.6436e-005,0.0317934
4.644e-005,0.0323936
4.6444e-005,0.0334552
4.6448e-005,0.034105
4.6452e-005,0.0345813
4.6456e-005,0.0353601
4.646e-005,0.0361835
4.6464e-005,0.0368284
4.6468e-005,0.0375229
4.6472e-005,0.0370913
4.6476e-005,0.0374138
4.648e-005,0.0374981
4.6484e-005,0.0375477
4.6488e-005,0.0378949
4.6492e-005,0.0382571
4.6496e-005,0.0379942
4.65e-005,0.0383811
4.6504e-005,0.0384108
4.6508e-005,0.038262
4.6512e-005,0.0384555
4.6516e-005,0.0386688
4.652e-005,0.0387878
4.6524e-005,0.0387085
4.6528e-005,0.0394526
4.6532e-005,0.0392145
4.6536e-005,0.0380586
4.654e-005,0.038897
4.6544e-005,0.0384257
4.6548e-005,0.0384456
4.6552e-005,0.0393236
4.6556e-005,0.03915
4.656e-005,0.0388176
4.6564e-005,0.0392194
4.6568e-005,0.0395567
4.6572e-005,0.0385993
4.6576e-005,0.0397552
4.658e-005,0.039026
4.6584e-005,0.0386192
4.6588e-005,0.0389416
4.6592e-005,0.0389267
4.6596e-005,0.0383662
4.66e-005,0.0386192
4.6604e-005,0.0385101
4.6608e-005,0.0387134
4.6612e-005,0.038897
4.6616e-005,0.0388523
4.662e-005,0.038386
4.6624e-005,0.0388424
4.6628e-005,0.0388573
4.6632e-005,0.0388077
4.6636e-005,0.0391549
4.664e-005,0.0389664
4.6644e-005,0.0393881
4.6648e-005,0.0387482
4.6652e-005,0.0382769
4.6656e-005,0.0386589
4.666e-005,0.038897
4.6664e-005,0.0387978
4.6668e-005,0.0385745
4.6672e-005,0.0385993
4.6676e-005,0.0387333
4.668e-005,0.0390756
4.6684e-005,0.0390458
4.6688e-005,0.0385398
4.6692e-005,0.0384902
4.6696e-005,0.0382471
4.67e-005,0.0385398
4.6704e-005,0.038138
4.6708e-005,0.0385696
4.6712e-005,0.0383612
4.6716e-005,0.0388077
4.672e-005,0.0391549
4.6724e-005,0.0385448
4.6728e-005,0.0385894
4.6732e-005,0.039016
4.6736e-005,0.0385249
4.674e-005,0.0386837
4.6744e-005,0.038773
4.6748e-005,0.0387283
4.6752e-005,0.0378751
4.6756e-005,0.0384158
4.676e-005,0.038768
4.6764e-005,0.0382075
4.6768e-005,0.0383761
4.6772e-005,0.0388424
4.6776e-005,0.0391202
4.678e-005,0.0389466
4.6784e-005,0.0386241
4.6788e-005,0.0383265
4.6792e-005,0.0391797
4.6796e-005,0.0392343
4.68e-005,0.0390756
4.6804e-005,0.0388275
4.6808e-005,0.0386093
4.6812e-005,0.0387184
4.6816e-005,0.0387829
4.682e-005,0.0382372
4.6824e-005,0.0382967
4.6828e-005,0.0381727
4.6832e-005,0.0384952
4.6836e-005,0.0384356
4.684e-005,0.0385398
4.6844e-005,0.0383563
4.6848e-005,0.0386341
4.6852e-005,0.0390061
4.6856e-005,0.0386738
4.686e-005,0.0388871
4.6864e-005,0.0397452
4.6868e-005,0.0390855
4.6872e-005,0.038391
4.6876e-005,0.0387581
4.688e-005,0.0388077
4.6884e-005,0.0382868
4.6888e-005,0.0388424
4.6892e-005,0.0390408
4.6896e-005,0.0391202
4.69e-005,0.0394228
4.6904e-005,0.0377858
4.6908e-005,0.0384604
4.6912e-005,0.0389317
4.6916e-005,0.0391252
4.692e-005,0.0387779
4.6924e-005,0.0391748
4.6928e-005,0.0387581
4.6932e-005,0.0385249
4.6936e-005,0.0383513
4.694e-005,0.0384902
4.6944e-005,0.0389763
4.6948e-005,0.0388226
4.6952e-005,0.0386638
4.6956e-005,0.0387234
4.696e-005,0.0386638
4.6964e-005,0.0384406
4.6968e-005,0.0378751
4.6972e-005,0.0390458
4.6976e-005,0.038639
4.698e-005,0.0378503
4.6984e-005,0.0379346
4.6988e-005,0.038143
4.6992e-005,0.0378156
4.6996e-005,0.038133
4.7e-005,0.0382571
4.7004e-005,0.0383017
4.7008e-005,0.0384604
4.7012e-005,0.0384952
4.7016e-005,0.0386688
4.702e-005,0.0387382
4.7024e-005,0.0381132
4.7028e-005,0.0383216
4.7032e-005,0.0386341
4.7036e-005,0.0382868
4.704e-005,0.0383811
4.7044e-005,0.038515
4.7048e-005,0.0382719
4.7052e-005,0.0380983
4.7056e-005,0.0382769
4.706e-005,0.0384753
4.7064e-005,0.0386986
4.7068e-005,0.0385547
4.7072e-005,0.0387531
4.7076e-005,0.0383265
4.708e-005,0.0378701
4.7084e-005,0.036382
4.7088e-005,0.0347251
4.7092e-005,0.0334006
4.7096e-005,0.0327657
4.71e-005,0.032344
4.7104e-005,0.0319819
4.7108e-005,0.0257415
4.7112e-005,0.0208156
4.7116e-005,0.0196598
4.712e-005,0.0195507
4.7124e-005,0.0186677
4.7128e-005,0.0186478
4.7132e-005,0.0118518
4.7136e-005,0.0026648
4.714e-005,0.000839302
4.7144e-005,-0.000232186
4.7148e-005,-0.000733206
4.7152e-005,0.000328361
4.7156e-005,-0.000425649
4.716e-005,-5.36045e-005
4.7164e-005,5.92266e-006
4.7168e-005,-0.0013136
4.7172e-005,0.00724343
4.7176e-005,0.0168521
4.718e-005,0.0205527
4.7184e-005,0.0241541
4.7188e-005,0.02656
4.7192e-005,0.0287972
4.7196e-005,0.0307864
4.72e-005,0.0326367
4.7204e-005,0.0339612
4.7208e-005,0.0344771
4.7212e-005,0.0366945
4.7216e-005,0.037136
4.722e-005,0.0381281
4.7224e-005,0.0396163
4.7228e-005,0.03977
4.7232e-005,0.0401371
4.7236e-005,0.0410995
4.724e-005,0.0413674
4.7244e-005,0.0419874
4.7248e-005,0.0422305
4.7252e-005,0.043054
4.7256e-005,0.0427811
4.726e-005,0.0432821
4.7264e-005,0.0435649
4.7268e-005,0.0429994
4.7272e-005,0.0433069
4.7276e-005,0.0438526
4.728e-005,0.0437484
4.7284e-005,0.0449241
4.7288e-005,0.044438
4.7292e-005,0.0445719
4.7296e-005,0.0454698
4.73e-005,0.0444578
4.7304e-005,0.0446314
4.7308e-005,0.0449787
4.7312e-005,0.0451324
4.7316e-005,0.0449588
4.732e-005,0.0449886
4.7324e-005,0.0448943
4.7328e-005,0.0442792
4.7332e-005,0.0448844
4.7336e-005,0.045316
4.734e-005,0.0443834
4.7344e-005,0.0447753
4.7348e-005,0.0444876
4.7352e-005,0.044805
4.7356e-005,0.0450729
4.736e-005,0.0448993
4.7364e-005,0.0445471
4.7368e-005,0.045187
4.7372e-005,0.0446711
4.7376e-005,0.0438725
4.738e-005,0.0452317
4.7384e-005,0.0444132
4.7388e-005,0.0452813
4.7392e-005,0.0452168
4.7396e-005,0.044691
4.74e-005,0.0445421
4.7404e-005,0.0447207
4.7408e-005,0.0442098
4.7412e-005,0.044562
4.7416e-005,0.0450283
4.742e-005,0.0446413
4.7424e-005,0.0444032
4.7428e-005,0.0452565
4.7432e-005,0.0445868
4.7436e-005,0.0448695
4.744e-005,0.0456037
4.7444e-005,0.0451771
4.7448e-005,0.0448447
4.7452e-005,0.0451424
4.7456e-005,0.0446215
4.746e-005,0.0454648
4.7464e-005,0.0447802
4.7468e-005,0.0445421
4.7472e-005,0.0445471
4.7476e-005,0.0451275
4.748e-005,0.0449638
4.7484e-005,0.043932
4.7488e-005,0.0449539
4.7492e-005,0.0452515
4.7496e-005,0.0443239
4.75e-005,0.0449241
4.7504e-005,0.0448199
4.7508e-005,0.0448001
4.7512e-005,0.045068
4.7516e-005,0.0447406
4.752e-005,0.0445917
4.7524e-005,0.0453755
4.7528e-005,0.045192
4.7532e-005,0.0449043
4.7536e-005,0.0451424
4.754e-005,0.0453805
4.7544e-005,0.0450233
4.7548e-005,0.0455045
4.7552e-005,0.0444181
4.7556e-005,0.0447902
4.756e-005,0.044939
4.7564e-005,0.0447654
4.7568e-005,0.0449687
4.7572e-005,0.0454102
4.7576e-005,0.0455095
4.758e-005,0.0449638
4.7584e-005,0.0450134
4.7588e-005,0.0446116
4.7592e-005,0.0446562
4.7596e-005,0.0443288
4.76e-005,0.0445322
4.7604e-005,0.0449191
4.7608e-005,0.0450283
4.7612e-005,0.044815
4.7616e-005,0.0449985
4.762e-005,0.0449638
4.7624e-005,0.0447505
4.7628e-005,0.0448447
4.7632e-005,0.0453209
4.7636e-005,0.0449687
4.764e-005,0.0447654
4.7644e-005,0.0453358
4.7648e-005,0.0453209
4.7652e-005,0.0447852
4.7656e-005,0.0448497
4.766e-005,0.0451771
4.7664e-005,0.045187
4.7668e-005,0.0449489
4.7672e-005,0.0445669
4.7676e-005,0.0446017
4.768e-005,0.0448199
4.7684e-005,0.0445025
4.7688e-005,0.0447802
4.7692e-005,0.0453557
4.7696e-005,0.0447505
4.77e-005,0.0448844
4.7704e-005,0.045068
4.7708e-005,0.0449836
4.7712e-005,0.0448298
4.7716e-005,0.0449191
4.772e-005,0.0445025
4.7724e-005,0.0449291
4.7728e-005,0.0455442
4.7732e-005,0.0451424
4.7736e-005,0.0447505
4.774e-005,0.0451374
4.7744e-005,0.0454102
4.7748e-005,0.0451771
4.7752e-005,0.0451424
4.7756e-005,0.0449588
4.776e-005,0.044557
4.7764e-005,0.0451672
4.7768e-005,0.0445917
4.7772e-005,0.0449687
4.7776e-005,0.0452763
4.778e-005,0.0447604
4.7784e-005,0.0445917
4.7788e-005,0.0447009
4.7792e-005,0.0447158
4.7796e-005,0.0447654
4.78e-005,0.0443487
4.7804e-005,0.0441651
4.7808e-005,0.0445719
4.7812e-005,0.0446413
4.7816e-005,0.0445471
4.782e-005,0.0448398
4.7824e-005,0.0445967
4.7828e-005,0.0447108
4.7832e-005,0.0449142
4.7836e-005,0.0454698
4.784e-005,0.044815
4.7844e-005,0.04418
4.7848e-005,0.0444727
4.7852e-005,0.0411789
4.7856e-005,0.0380487
4.786e-005,0.036759
4.7864e-005,0.0356131
4.7868e-005,0.0345515
4.7872e-005,0.0344225
4.7876e-005,0.027567
4.788e-005,0.0217829
4.7884e-005,0.0203096
4.7888e-005,0.0196548
4.7892e-005,0.0194763
4.7896e-005,0.0186578
4.79e-005,0.0121147
4.7904e-005,0.00377597
4.7908e-005,0.000933554
4.7912e-005,-0.000797694
4.7916e-005,-0.000589349
4.792e-005,0.000293637
4.7924e-005,-0.000490137
4.7928e-005,-0.000594309
4.7932e-005,-0.00018258
4.7936e-005,-0.000728245
4.794e-005,0.00637036
4.7944e-005,0.0168124
4.7948e-005,0.0214357
4.7952e-005,0.0248486
4.7956e-005,0.0285988
4.796e-005,0.0310741
4.7964e-005,0.0321555
4.7968e-005,0.0353005
4.7972e-005,0.0365605
4.7976e-005,0.0382025
4.798e-005,0.0398891
4.7984e-005,0.0406332
4.7988e-005,0.0417989
4.7992e-005,0.0428109
4.7996e-005,0.0433665
4.8e-005,0.0441106
4.8004e-005,0.0443735
4.8008e-005,0.0442346
4.8012e-005,0.0458964
4.8016e-005,0.0463776
4.802e-005,0.047072
4.8024e-005,0.047325
4.8028e-005,0.0471961
4.8032e-005,0.0476227
4.8036e-005,0.0484164
4.804e-005,0.0485453
4.8044e-005,0.0482527
4.8048e-005,0.0482923
4.8052e-005,0.0485404
4.8056e-005,0.0489372
4.806e-005,0.0486743
4.8064e-005,0.0488479
4.8068e-005,0.0487239
4.8072e-005,0.0488479
4.8076e-005,0.0493291
4.808e-005,0.0492894
4.8084e-005,0.04922
4.8088e-005,0.0494829
4.8092e-005,0.0494878
4.8096e-005,0.0493787
4.81e-005,0.0497061
4.8104e-005,0.0496168
4.8108e-005,0.0498202
4.8112e-005,0.0498847
4.8116e-005,0.0491902
4.812e-005,0.0491059
4.8124e-005,0.0493886
4.8128e-005,0.0491158
4.8132e-005,0.0499541
4.8136e-005,0.0503014
4.814e-005,0.0499492
4.8144e-005,0.0502567
4.8148e-005,0.0504056
4.8152e-005,0.0501923
4.8156e-005,0.0500236
4.816e-005,0.0502716
4.8164e-005,0.0498351
4.8168e-005,0.0497756
4.8172e-005,0.0496714
4.8176e-005,0.0496466
4.818e-005,0.0497359
4.8184e-005,0.0500583
4.8188e-005,0.0500335
4.8192e-005,0.0501377
4.8196e-005,0.0493539
4.82e-005,0.0501129
4.8204e-005,0.0498202
4.8208e-005,0.0505593
4.8212e-005,0.050475
4.8216e-005,0.0498004
4.822e-005,0.0504552
4.8224e-005,0.0496267
4.8228e-005,0.0499145
4.8232e-005,0.0500434
4.8236e-005,0.0501823
4.824e-005,0.0494035
4.8244e-005,0.0502022
4.8248e-005,0.0501476
4.8252e-005,0.049468
4.8256e-005,0.0512538
4.826e-005,0.0507082
4.8264e-005,0.049716
4.8268e-005,0.0502915
4.8272e-005,0.0503212
4.8276e-005,0.0501823
4.828e-005,0.0501972
4.8284e-005,0.0501873
4.8288e-005,0.049339
4.8292e-005,0.0505147
4.8296e-005,0.049597
4.83e-005,0.0500534
4.8304e-005,0.0502518
4.8308e-005,0.0497607
4.8312e-005,0.0498202
4.8316e-005,0.0501426
4.832e-005,0.0498649
4.8324e-005,0.0499839
4.8328e-005,0.0502518
4.8332e-005,0.0494581
4.8336e-005,0.0501923
4.834e-005,0.0500286
4.8344e-005,0.0494829
4.8348e-005,0.0495424
4.8352e-005,0.0496763
4.8356e-005,0.0497557
4.836e-005,0.0496813
4.8364e-005,0.0498946
4.8368e-005,0.0500831
4.8372e-005,0.0498103
4.8376e-005,0.0502369
4.838e-005,0.0498897
4.8384e-005,0.0496168
4.8388e-005,0.050093
4.8392e-005,0.0501873
4.8396e-005,0.0496119
4.84e-005,0.0498996
4.8404e-005,0.0500583
4.8408e-005,0.0500732
4.8412e-005,0.0492597
4.8416e-005,0.0499442
4.842e-005,0.0499045
4.8424e-005,0.0502121
4.8428e-005,0.0502518
4.8432e-005,0.0495821
4.8436e-005,0.049845
4.844e-005,0.0498202
4.8444e-005,0.0499889
4.8448e-005,0.0496714
4.8452e-005,0.0497706
4.8456e-005,0.0498549
4.846e-005,0.0496367
4.8464e-005,0.0497359
4.8468e-005,0.0496515
4.8472e-005,0.0499442
4.8476e-005,0.0497408
4.848e-005,0.0494482
4.8484e-005,0.0497756
4.8488e-005,0.049096
4.8492e-005,0.0503113
4.8496e-005,0.0501377
4.85e-005,0.0503163
4.8504e-005,0.0497012
4.8508e-005,0.0502766
4.8512e-005,0.0496515
4.8516e-005,0.0500137
4.852e-005,0.0499591
4.8524e-005,0.0499641
4.8528e-005,0.05047
4.8532e-005,0.0504353
4.8536e-005,0.0499293
4.854e-005,0.0497061
4.8544e-005,0.0500236
4.8548e-005,0.0498698
4.8552e-005,0.0501923
4.8556e-005,0.0503063
4.856e-005,0.0498549
4.8564e-005,0.0498351
4.8568e-005,0.0501972
4.8572e-005,0.049721
4.8576e-005,0.049592
4.858e-005,0.0507677
4.8584e-005,0.0498351
4.8588e-005,0.0492894
4.8592e-005,0.0502468
4.8596e-005,0.0498252
4.86e-005,0.0503857
4.8604e-005,0.0502815
4.8608e-005,0.0504452
4.8612e-005,0.0496813
4.8616e-005,0.0492101
4.862e-005,0.0444578
4.8624e-005,0.0403653
4.8628e-005,0.0380834
4.8632e-005,0.0365853
4.8636e-005,0.036129
4.864e-005,0.0343184
4.8644e-005,0.0280184
4.8648e-005,0.0214555
4.8652e-005,0.0196697
4.8656e-005,0.0190744
4.866e-005,0.0189157
4.8664e-005,0.0188562
4.8668e-005,0.0116286
4.8672e-005,0.00293267
4.8676e-005,0.00138001
4.868e-005,-0.00060423
4.8684e-005,-0.000941551
4.8688e-005,-0.000177619
4.8692e-005,-0.000336358
4.8696e-005,-0.000366122
4.87e-005,-0.00010321
4.8704e-005,-0.00163603
4.8708e-005,0.00614218
4.8712e-005,0.0161328
4.8716e-005,0.0197739
4.872e-005,0.0205031
4.8724e-005,0.0230479
4.8728e-005,0.0251413
4.8732e-005,0.0257564
4.8736e-005,0.0264657
4.874e-005,0.0280878
4.8744e-005,0.0282416
4.8748e-005,0.0292486
4.8752e-005,0.029447
4.8756e-005,0.0297893
4.876e-005,0.0293875
4.8764e-005,0.0305632
4.8768e-005,0.0312229
4.8772e-005,0.0310344
4.8776e-005,0.03159
4.878e-005,0.0309402
4.8784e-005,0.0316942
4.8788e-005,0.0319273
4.8792e-005,0.0322944
4.8796e-005,0.0322597
4.88e-005,0.0322151
4.8804e-005,0.0321109
4.8808e-005,0.0315652
4.8812e-005,0.031972
4.8816e-005,0.0317835
4.882e-005,0.0323738
4.8824e-005,0.0329939
4.8828e-005,0.0318579
4.8832e-005,0.0324284
4.8836e-005,0.0318728
4.884e-005,0.0321158
4.8844e-005,0.0316545
4.8848e-005,0.0321158
4.8852e-005,0.0320018
4.8856e-005,0.0316545
4.886e-005,0.032354
4.8864e-005,0.0319819
4.8868e-005,0.0318579
4.8872e-005,0.0319323
4.8876e-005,0.0316843
4.888e-005,0.0321506
4.8884e-005,0.0316892
4.8888e-005,0.0315702
4.8892e-005,0.0324631
4.8896e-005,0.032096
4.89e-005,0.0314809
4.8904e-005,0.0312577
4.8908e-005,0.0318381
4.8912e-005,0.0309352
4.8916e-005,0.0321258
4.892e-005,0.0323043
4.8924e-005,0.0321853
4.8928e-005,0.0321109
4.8932e-005,0.0318827
4.8936e-005,0.0320811
4.894e-005,0.0317488
4.8944e-005,0.032096
4.8948e-005,0.0317537
4.8952e-005,0.0316297
4.8956e-005,0.0315702
4.896e-005,0.0311733
4.8964e-005,0.0310741
4.8968e-005,0.0320166
4.8972e-005,0.0311833
4.8976e-005,0.0320414
4.898e-005,0.0314214
4.8984e-005,0.0320216
4.8988e-005,0.0313916
4.8992e-005,0.0316744
4.8996e-005,0.031843
4.9e-005,0.0313519
4.9004e-005,0.0314462
4.9008e-005,0.0315156
4.9012e-005,0.0317041
4.9016e-005,0.0313172
4.902e-005,0.031461
4.9024e-005,0.0317884
4.9028e-005,0.0318827
4.9032e-005,0.0316843
4.9036e-005,0.031218
4.904e-005,0.0316446
4.9044e-005,0.0312577
4.9048e-005,0.0308807
4.9052e-005,0.0308063
4.9056e-005,0.0312279
4.906e-005,0.0320613
4.9064e-005,0.032101
4.9068e-005,0.0316347
4.9072e-005,0.0312924
4.9076e-005,0.0313966
4.908e-005,0.0314214
4.9084e-005,0.0315851
4.9088e-005,0.031213
4.9092e-005,0.0314561
4.9096e-005,0.0312825
4.91e-005,0.0318579
4.9104e-005,0.0317785
4.9108e-005,0.0320365
4.9112e-005,0.0319521
4.9116e-005,0.0317636
4.912e-005,0.031595
4.9124e-005,0.031094
4.9128e-005,0.031461
4.9132e-005,0.0311882
4.9136e-005,0.0307765
4.914e-005,0.031471
4.9144e-005,0.0315702
4.9148e-005,0.030965
4.9152e-005,0.0310295
4.9156e-005,0.0314809
4.916e-005,0.0310543
4.9164e-005,0.0312031
4.9168e-005,0.0313817
4.9172e-005,0.0309352
4.9176e-005,0.0316396
4.918e-005,0.0316992
4.9184e-005,0.0320414
4.9188e-005,0.0309997
4.9192e-005,0.0321853
4.9196e-005,0.0317835
4.92e-005,0.0314015
4.9204e-005,0.0314263
4.9208e-005,0.0316992
4.9212e-005,0.0313966
4.9216e-005,0.0320166
4.922e-005,0.0318877
4.9224e-005,0.0314908
4.9228e-005,0.0323837
4.9232e-005,0.0321506
4.9236e-005,0.0317884
4.924e-005,0.0315156
4.9244e-005,0.0314313
4.9248e-005,0.0320762
4.9252e-005,0.0319323
4.9256e-005,0.0322399
4.926e-005,0.0318877
4.9264e-005,0.0321655
4.9268e-005,0.0318033
4.9272e-005,0.0314362
4.9276e-005,0.0316198
4.928e-005,0.0315404
4.9284e-005,0.0321208
4.9288e-005,0.0319273
4.9292e-005,0.0312428
4.9296e-005,0.0317884
4.93e-005,0.0315107
4.9304e-005,0.0316396
4.9308e-005,0.0313966
4.9312e-005,0.0318083
4.9316e-005,0.0314958
4.932e-005,0.0310096
4.9324e-005,0.0321704
4.9328e-005,0.0319025
4.9332e-005,0.0320166
4.9336e-005,0.0326218
4.934e-005,0.0318381
4.9344e-005,0.0316694
4.9348e-005,0.032478
4.9352e-005,0.0319422
4.9356e-005,0.0310642
4.936e-005,0.0318926
4.9364e-005,0.0320861
4.9368e-005,0.0314214
4.9372e-005,0.0317587
4.9376e-005,0.0326417
4.938e-005,0.0315007
4.9384e-005,0.031967
4.9388e-005,0.0306674
4.9392e-005,0.0301217
4.9396e-005,0.0299629
4.94e-005,0.0294719
4.9404e-005,0.0297248
4.9408e-005,0.03034
4.9412e-005,0.0249031
4.9416e-005,0.0207164
4.942e-005,0.0198037
4.9424e-005,0.0190943
4.9428e-005,0.0187371
4.9432e-005,0.0186974
4.9436e-005,0.0116236
4.944e-005,0.00226299
4.9444e-005,0.000695445
4.9448e-005,-0.000797694
4.9452e-005,-0.000867142
4.9456e-005,-3.37621e-005
4.946e-005,-3.99852e-006
4.9464e-005,-0.000534782
4.9468e-005,-0.000460373
4.9472e-005,-0.00169556
4.9476e-005,0.00654895
4.948e-005,0.0174077
4.9484e-005,0.0202848
4.9488e-005,0.0226064
4.9492e-005,0.025548
4.9496e-005,0.0264955
4.95e-005,0.0288766
4.9504e-005,0.0303747
4.9508e-005,0.0312428
4.9512e-005,0.0312676
4.9516e-005,0.0330236
4.952e-005,0.0335197
4.9524e-005,0.0342935
4.9528e-005,0.0349632
4.9532e-005,0.0357668
4.9536e-005,0.0362431
4.954e-005,0.0362331
4.9544e-005,0.0364961
4.9548e-005,0.0374286
4.9552e-005,0.0371757
4.9556e-005,0.0369375
4.956e-005,0.0376023
4.9564e-005,0.0377312
4.9568e-005,0.0374286
4.9572e-005,0.038019
4.9576e-005,0.0381231
4.958e-005,0.0379297
4.9584e-005,0.038133
4.9588e-005,0.0386192
4.9592e-005,0.0379247
4.9596e-005,0.0378404
4.96e-005,0.0377709
4.9604e-005,0.0377362
4.9608e-005,0.0383265
4.9612e-005,0.0384853
4.9616e-005,0.0383563
4.962e-005,0.03789
4.9624e-005,0.0381479
4.9628e-005,0.0382422
4.9632e-005,0.0378751
4.9636e-005,0.0385497
4.964e-005,0.0378701
4.9644e-005,0.0380686
4.9648e-005,0.0382422
4.9652e-005,0.0385795
4.9656e-005,0.0384208
4.966e-005,0.0379346
4.9664e-005,0.0383414
4.9668e-005,0.0382868
4.9672e-005,0.0385051
4.9676e-005,0.0385993
4.968e-005,0.0384952
4.9684e-005,0.038267
4.9688e-005,0.0384208
4.9692e-005,0.0383414
4.9696e-005,0.0388275
4.97e-005,0.0378553
4.9704e-005,0.0385497
4.9708e-005,0.0384108
4.9712e-005,0.0386142
4.9716e-005,0.0382422
4.972e-005,0.0388325
4.9724e-005,0.0383612
4.9728e-005,0.0375378
4.9732e-005,0.0385051
4.9736e-005,0.0381678
4.974e-005,0.0382174
4.9744e-005,0.0385448
4.9748e-005,0.0385448
4.9752e-005,0.0378701
4.9756e-005,0.0386142
4.976e-005,0.0385547
4.9764e-005,0.0379545
4.9768e-005,0.0384704
4.9772e-005,0.0381231
4.9776e-005,0.0381628
4.978e-005,0.0383166
4.9784e-005,0.0382174
4.9788e-005,0.0386787
4.9792e-005,0.0383116
4.9796e-005,0.0377164
4.98e-005,0.0387531
4.9804e-005,0.038515
4.9808e-005,0.0387134
4.9812e-005,0.0387333
4.9816e-005,0.0382719
4.982e-005,0.0384208
4.9824e-005,0.0387283
4.9828e-005,0.0385894
4.9832e-005,0.0382323
4.9836e-005,0.0381082
4.984e-005,0.0381281
4.9844e-005,0.0382719
4.9848e-005,0.0377908
4.9852e-005,0.0378751
4.9856e-005,0.0382571
4.986e-005,0.0380735
4.9864e-005,0.0388474
4.9868e-005,0.0380537
4.9872e-005,0.0383513
4.9876e-005,0.0388226
4.988e-005,0.0382819
4.9884e-005,0.0381182
4.9888e-005,0.0389664
4.9892e-005,0.0388027
4.9896e-005,0.0386886
4.99e-005,0.0386489
4.9904e-005,0.0386787
4.9908e-005,0.0390309
4.9912e-005,0.0387184
4.9916e-005,0.0383513
4.992e-005,0.0383116
4.9924e-005,0.0388226
4.9928e-005,0.0385993
4.9932e-005,0.0385001
4.9936e-005,0.0385398
4.994e-005,0.0384108
4.9944e-005,0.0384505
4.9948e-005,0.0389714
4.9952e-005,0.0383116
4.9956e-005,0.038897
4.996e-005,0.0391152
4.9964e-005,0.0386489
4.9968e-005,0.0387829
4.9972e-005,0.0391053
4.9976e-005,0.0383662
4.998e-005,0.0385547
4.9984e-005,0.0386589
4.9988e-005,0.0382769
4.9992e-005,0.0381628
4.9996e-005,0.0385547
5e-005,0.0384654
5.0004e-005,0.0379346
5.0008e-005,0.0387779
5.0012e-005,0.0379793
5.0016e-005,0.0383166
5.002e-005,0.0388375
5.0024e-005,0.0378602
5.0028e-005,0.0382819
5.0032e-005,0.0385001
5.0036e-005,0.0380239
5.004e-005,0.0380785
5.0044e-005,0.0377362
5.0048e-005,0.0379346
5.0052e-005,0.0383216
5.0056e-005,0.0381281
5.006e-005,0.0381579
5.0064e-005,0.0382471
5.0068e-005,0.0378949
5.0072e-005,0.03852
5.0076e-005,0.0382571
5.008e-005,0.0381678
5.0084e-005,0.0374832
5.0088e-005,0.0374882
5.0092e-005,0.0385448
5.0096e-005,0.0378106
5.01e-005,0.0380289
5.0104e-005,0.038386
5.0108e-005,0.0380289
5.0112e-005,0.0382918
5.0116e-005,0.0379743
5.012e-005,0.0378305
5.0124e-005,0.0377213
5.0128e-005,0.0383067
5.0132e-005,0.0380537
5.0136e-005,0.0379297
5.014e-005,0.0384009
5.0144e-005,0.0387134
5.0148e-005,0.0377312
5.0152e-005,0.0379346
5.0156e-005,0.0359504
5.016e-005,0.0338967
5.0164e-005,0.0332667
5.0168e-005,0.0330683
5.0172e-005,0.0318777
5.0176e-005,0.0320464
5.018e-005,0.0264608
5.0184e-005,0.0210041
5.0188e-005,0.0196697
5.0192e-005,0.0194068
5.0196e-005,0.0184345
5.02e-005,0.0181667
5.0204e-005,0.0120949
5.0208e-005,0.00242173
5.0212e-005,0.000963317
5.0216e-005,-8.95912e-006
5.022e-005,-0.000539743
5.0224e-005,-0.000470294
5.0228e-005,1.08833e-005
5.0232e-005,-0.000450452
5.0236e-005,-0.000207383
5.024e-005,-0.0018295
5.0244e-005,0.0063158
5.0248e-005,0.0167678
5.0252e-005,0.0201509
5.0256e-005,0.023281
5.026e-005,0.0265104
5.0264e-005,0.0288171
5.0268e-005,0.0303102
5.0272e-005,0.0325028
5.0276e-005,0.0345912
5.028e-005,0.0352757
5.0284e-005,0.0362034
5.0288e-005,0.037761
5.0292e-005,0.0385646
5.0296e-005,0.0387482
5.03e-005,0.0400726
5.0304e-005,0.04041
5.0308e-005,0.0411838
5.0312e-005,0.0415658
5.0316e-005,0.0418981
5.032e-005,0.0426571
5.0324e-005,0.0429994
5.0328e-005,0.0425331
5.0332e-005,0.0439816
5.0336e-005,0.0436641
5.034e-005,0.04355
5.0344e-005,0.0440114
5.0348e-005,0.0439369
5.0352e-005,0.0444975
5.0356e-005,0.0445322
5.036e-005,0.0441254
5.0364e-005,0.0442445
5.0368e-005,0.0443189
5.0372e-005,0.0444082
5.0376e-005,0.044304
5.038e-005,0.0445669
5.0384e-005,0.0442098
5.0388e-005,0.0446314
5.0392e-005,0.0445917
5.0396e-005,0.0445471
5.04e-005,0.0447207
5.0404e-005,0.0448398
5.0408e-005,0.0442842
5.0412e-005,0.0445025
5.0416e-005,0.0442991
5.042e-005,0.0451969
5.0424e-005,0.0448646
5.0428e-005,0.0444082
5.0432e-005,0.0447902
5.0436e-005,0.0448596
5.044e-005,0.0453805
5.0444e-005,0.0442395
5.0448e-005,0.0443685
5.0452e-005,0.0447654
5.0456e-005,0.0441751
5.046e-005,0.0447753
5.0464e-005,0.0442693
5.0468e-005,0.0442842
5.0472e-005,0.0442842
5.0476e-005,0.0445421
5.048e-005,0.0452069
5.0484e-005,0.0450779
5.0488e-005,0.0447505
5.0492e-005,0.0449737
5.0496e-005,0.0444776
5.05e-005,0.0445967
5.0504e-005,0.0445917
5.0508e-005,0.0452565
5.0512e-005,0.0454152
5.0516e-005,0.0453458
5.052e-005,0.0451424
5.0524e-005,0.0457178
5.0528e-005,0.0451622
5.0532e-005,0.0441899
5.0536e-005,0.0449638
5.054e-005,0.0443784
5.0544e-005,0.0448398
5.0548e-005,0.045569
5.0552e-005,0.0450084
5.0556e-005,0.0442296
5.056e-005,0.0451523
5.0564e-005,0.0446364
5.0568e-005,0.0445025
5.0572e-005,0.0452862
5.0576e-005,0.0447009
5.058e-005,0.0445173
5.0584e-005,0.0447158
5.0588e-005,0.044686
5.0592e-005,0.0448001
5.0596e-005,0.0457872
5.06e-005,0.044815
5.0604e-005,0.0448894
5.0608e-005,0.0453011
5.0612e-005,0.0447951
5.0616e-005,0.0452168
5.062e-005,0.0451572
5.0624e-005,0.0454102
5.0628e-005,0.0453408
5.0632e-005,0.0461097
5.0636e-005,0.0451027
5.064e-005,0.0453209
5.0644e-005,0.0449886
5.0648e-005,0.0455839
5.0652e-005,0.0451672
5.0656e-005,0.0451176
5.066e-005,0.0448547
5.0664e-005,0.0452515
5.0668e-005,0.0450878
5.0672e-005,0.0446165
5.0676e-005,0.0452465
5.068e-005,0.0452515
5.0684e-005,0.0455194
5.0688e-005,0.0440808
5.0692e-005,0.0453755
5.0696e-005,0.0443884
5.07e-005,0.0444528
5.0704e-005,0.0449687
5.0708e-005,0.0448646
5.0712e-005,0.044686
5.0716e-005,0.0457178
5.072e-005,0.0448844
5.0724e-005,0.0446463
5.0728e-005,0.0454202
5.0732e-005,0.045569
5.0736e-005,0.0451176
5.074e-005,0.0451076
5.0744e-005,0.045063
5.0748e-005,0.044686
5.0752e-005,0.0452168
5.0756e-005,0.0447703
5.076e-005,0.0454747
5.0764e-005,0.0456483
5.0768e-005,0.0452763
5.0772e-005,0.0449142
5.0776e-005,0.0449043
5.078e-005,0.0454747
5.0784e-005,0.0444876
5.0788e-005,0.045187
5.0792e-005,0.0445273
5.0796e-005,0.0445372
5.08e-005,0.0448298
5.0804e-005,0.0452069
5.0808e-005,0.0452217
5.0812e-005,0.0454648
5.0816e-005,0.0447505
5.082e-005,0.0449043
5.0824e-005,0.0449935
5.0828e-005,0.0450779
5.0832e-005,0.045068
5.0836e-005,0.0452168
5.084e-005,0.0449687
5.0844e-005,0.0454003
5.0848e-005,0.0450283
5.0852e-005,0.0442247
5.0856e-005,0.0444032
5.086e-005,0.0449687
5.0864e-005,0.0449836
5.0868e-005,0.0443636
5.0872e-005,0.0443933
5.0876e-005,0.0449439
5.088e-005,0.0452317
5.0884e-005,0.0458418
5.0888e-005,0.0448398
5.0892e-005,0.0446761
5.0896e-005,0.0453061
5.09e-005,0.0445025
5.0904e-005,0.0447257
5.0908e-005,0.0451622
5.0912e-005,0.0455243
5.0916e-005,0.0443536
5.092e-005,0.0442544
5.0924e-005,0.0407919
5.0928e-005,0.038019
5.0932e-005,0.0369127
5.0936e-005,0.0355436
5.094e-005,0.0348392
5.0944e-005,0.0345713
5.0948e-005,0.0276265
5.0952e-005,0.0212621
5.0956e-005,0.0197044
5.096e-005,0.0187967
5.0964e-005,0.018876
5.0968e-005,0.0188711
5.0972e-005,0.011455
5.0976e-005,0.00282354
5.098e-005,0.00089883
5.0984e-005,-0.00076793
5.0988e-005,-0.00043061
5.0992e-005,-0.000217304
5.0996e-005,-0.000247068
5.1e-005,-0.000301634
5.1004e-005,0.000144819
5.1008e-005,-0.00137312
5.1012e-005,0.00701524
5.1016e-005,0.0173779
5.102e-005,0.0218325
5.1024e-005,0.0246551
5.1028e-005,0.0290353
5.1032e-005,0.0316793
5.1036e-005,0.0331675
5.104e-005,0.0359802
5.1044e-005,0.0373294
5.1048e-005,0.0386936
5.1052e-005,0.0398891
5.1056e-005,0.0407225
5.106e-005,0.0416402
5.1064e-005,0.0426373
5.1068e-005,0.0435451
5.1072e-005,0.0439022
5.1076e-005,0.0456483
5.108e-005,0.0455293
5.1084e-005,0.046695
5.1088e-005,0.0473994
5.1092e-005,0.0473895
5.1096e-005,0.0476276
5.11e-005,0.0477219
5.1104e-005,0.048089
5.1108e-005,0.0486644
5.1112e-005,0.0493936
5.1116e-005,0.0489075
5.112e-005,0.0489471
5.1124e-005,0.0489918
5.1128e-005,0.048714
5.1132e-005,0.048714
5.1136e-005,0.0494283
5.114e-005,0.0499492
5.1144e-005,0.0494531
5.1148e-005,0.0491902
5.1152e-005,0.0494531
5.1156e-005,0.0494283
5.116e-005,0.0502964
5.1164e-005,0.0499988
5.1168e-005,0.0493936
5.1172e-005,0.0497408
5.1176e-005,0.0500434
5.118e-005,0.0497309
5.1184e-005,0.04984
5.1188e-005,0.049339
5.1192e-005,0.0496416
5.1196e-005,0.0498103
5.12e-005,0.0498301
5.1204e-005,0.0500831
5.1208e-005,0.0498004
5.1212e-005,0.0502171
5.1216e-005,0.0499095
5.122e-005,0.0504006
5.1224e-005,0.0499541
5.1228e-005,0.049592
5.1232e-005,0.0508024
5.1236e-005,0.0502121
5.124e-005,0.0491902
5.1244e-005,0.0501526
5.1248e-005,0.0502815
5.1252e-005,0.0498252
5.1256e-005,0.0496912
5.126e-005,0.0504105
