Time,Ampl
4.126e-005,0.0171398
4.1264e-005,0.0165297
4.1268e-005,0.0165049
4.1272e-005,0.0160336
4.1276e-005,0.0161279
4.128e-005,0.0162816
4.1284e-005,0.0167231
4.1288e-005,0.0163312
4.1292e-005,0.0165941
4.1296e-005,0.017363
4.13e-005,0.0165346
4.1304e-005,0.0166934
4.1308e-005,0.0169265
4.1312e-005,0.0165644
4.1316e-005,0.016108
4.132e-005,0.015989
4.1324e-005,0.0167281
4.1328e-005,0.0175863
4.1332e-005,0.0168422
4.1336e-005,0.0172241
4.134e-005,0.0163908
4.1344e-005,0.0170704
4.1348e-005,0.0166884
4.1352e-005,0.0169364
4.1356e-005,0.0167529
4.136e-005,0.0170009
4.1364e-005,0.0164404
4.1368e-005,0.0171001
4.1372e-005,0.0162866
4.1376e-005,0.0168422
4.138e-005,0.0169364
4.1384e-005,0.0164453
4.1388e-005,0.0167827
4.1392e-005,0.0167578
4.1396e-005,0.016867
4.14e-005,0.0165594
4.1404e-005,0.0168521
4.1408e-005,0.0171249
4.1412e-005,0.016614
4.1416e-005,0.0165644
4.142e-005,0.0162171
4.1424e-005,0.0167975
4.1428e-005,0.01712
4.1432e-005,0.0163808
4.1436e-005,0.0163759
4.144e-005,0.0171101
4.1444e-005,0.016743
4.1448e-005,0.0168273
4.1452e-005,0.0168124
4.1456e-005,0.0170803
4.146e-005,0.0170108
4.1464e-005,0.0170704
4.1468e-005,0.0170356
4.1472e-005,0.0168571
4.1476e-005,0.0172738
4.148e-005,0.0168471
4.1484e-005,0.0162419
4.1488e-005,0.0168769
4.1492e-005,0.0170654
4.1496e-005,0.0165941
4.15e-005,0.0167182
4.1504e-005,0.0167876
4.1508e-005,0.0168025
4.1512e-005,0.0165148
4.1516e-005,0.0168868
4.152e-005,0.016609
4.1524e-005,0.0168372
4.1528e-005,0.0160534
4.1532e-005,0.0164007
4.1536e-005,0.016361
4.154e-005,0.0165644
4.1544e-005,0.0165197
4.1548e-005,0.0162965
4.1552e-005,0.0169513
4.1556e-005,0.016609
4.156e-005,0.0161973
4.1564e-005,0.0167231
4.1568e-005,0.0167926
4.1572e-005,0.0163263
4.1576e-005,0.0165545
4.158e-005,0.0164007
4.1584e-005,0.0170753
4.1588e-005,0.0173283
4.1592e-005,0.0174275
4.1596e-005,0.0166487
4.16e-005,0.0166487
4.1604e-005,0.0175317
4.1608e-005,0.017497
4.1612e-005,0.0165644
4.1616e-005,0.0169215
4.162e-005,0.0164205
4.1624e-005,0.0170158
4.1628e-005,0.0168471
4.1632e-005,0.0168521
4.1636e-005,0.0165693
4.164e-005,0.0168323
4.1644e-005,0.0166289
4.1648e-005,0.0171646
4.1652e-005,0.0168124
4.1656e-005,0.0160386
4.166e-005,0.0162916
4.1664e-005,0.0168323
4.1668e-005,0.0160931
4.1672e-005,0.0164949
4.1676e-005,0.0164751
4.168e-005,0.0168422
4.1684e-005,0.01712
4.1688e-005,0.0168819
4.1692e-005,0.0168967
4.1696e-005,0.0164701
4.17e-005,0.0163461
4.1704e-005,0.0164949
4.1708e-005,0.0171547
4.1712e-005,0.01712
4.1716e-005,0.0171894
4.172e-005,0.0169712
4.1724e-005,0.0170208
4.1728e-005,0.0170108
4.1732e-005,0.0174226
4.1736e-005,0.0168521
4.174e-005,0.016614
4.1744e-005,0.0169067
4.1748e-005,0.016996
4.1752e-005,0.0169811
4.1756e-005,0.0170604
4.176e-005,0.0170356
4.1764e-005,0.0168124
4.1768e-005,0.016862
4.1772e-005,0.0168471
4.1776e-005,0.0168323
4.178e-005,0.0169662
4.1784e-005,0.0173035
4.1788e-005,0.0174771
4.1792e-005,0.0178442
4.1796e-005,0.0165991
4.18e-005,0.0166438
4.1804e-005,0.0176557
4.1808e-005,0.0189058
4.1812e-005,0.0187917
4.1816e-005,0.0194167
4.182e-005,0.0195655
4.1824e-005,0.0195804
4.1828e-005,0.0185635
4.1832e-005,0.0184445
4.1836e-005,0.0189306
4.184e-005,0.0191836
4.1844e-005,0.0186726
4.1848e-005,0.0184693
4.1852e-005,0.0143123
4.1856e-005,0.00332456
4.186e-005,0.00111214
4.1864e-005,-0.000708403
4.1868e-005,-0.000594309
4.1872e-005,0.000169622
4.1876e-005,-0.000812575
4.188e-005,0.000199386
4.1884e-005,-0.000321477
4.1888e-005,-0.00160131
4.1892e-005,0.00306661
4.1896e-005,0.0145305
4.19e-005,0.0177301
4.1904e-005,0.0180228
4.1908e-005,0.0192084
4.1912e-005,0.0196747
4.1916e-005,0.0193026
4.192e-005,0.0199326
4.1924e-005,0.0198433
4.1928e-005,0.0208999
4.1932e-005,0.019759
4.1936e-005,0.0203444
4.194e-005,0.0208206
4.1944e-005,0.0205725
4.1948e-005,0.0206172
4.1952e-005,0.0207809
4.1956e-005,0.0207511
4.196e-005,0.0202402
4.1964e-005,0.0205725
4.1968e-005,0.0206172
4.1972e-005,0.020761
4.1976e-005,0.0202005
4.198e-005,0.0204287
4.1984e-005,0.0205031
4.1988e-005,0.0206966
4.1992e-005,0.0208305
4.1996e-005,0.0203791
4.2e-005,0.0206817
4.2004e-005,0.020637
4.2008e-005,0.0201509
4.2012e-005,0.0203295
4.2016e-005,0.0202402
4.202e-005,0.0199872
4.2024e-005,0.0201807
4.2028e-005,0.0206122
4.2032e-005,0.0207313
4.2036e-005,0.0204634
4.204e-005,0.0203096
4.2044e-005,0.0209297
4.2048e-005,0.0206817
4.2052e-005,0.0208156
4.2056e-005,0.0200814
4.206e-005,0.0202005
4.2064e-005,0.0203592
4.2068e-005,0.0206172
4.2072e-005,0.0199475
4.2076e-005,0.0206866
4.208e-005,0.0209247
4.2084e-005,0.0205428
4.2088e-005,0.0202699
4.2092e-005,0.0212224
4.2096e-005,0.0201658
4.21e-005,0.0204336
4.2104e-005,0.0203245
4.2108e-005,0.0206023
4.2112e-005,0.0205874
4.2116e-005,0.0201658
4.212e-005,0.0206668
4.2124e-005,0.0212224
4.2128e-005,0.0201906
4.2132e-005,0.0203592
4.2136e-005,0.0204436
4.214e-005,0.0199822
4.2144e-005,0.0209595
4.2148e-005,0.0208404
4.2152e-005,0.0210488
4.2156e-005,0.0209446
4.216e-005,0.0199277
4.2164e-005,0.020642
4.2168e-005,0.0207263
4.2172e-005,0.0200467
4.2176e-005,0.0206767
4.218e-005,0.0200765
4.2184e-005,0.0209644
4.2188e-005,0.0205378
4.2192e-005,0.020389
4.2196e-005,0.0210438
4.22e-005,0.0202551
4.2204e-005,0.0203047
4.2208e-005,0.0205081
4.2212e-005,0.0205477
4.2216e-005,0.0201311
4.222e-005,0.0209744
4.2224e-005,0.0208503
4.2228e-005,0.020265
4.2232e-005,0.0209744
4.2236e-005,0.0204138
4.224e-005,0.0212125
4.2244e-005,0.0201955
4.2248e-005,0.02026
4.2252e-005,0.0206569
4.2256e-005,0.0205577
4.226e-005,0.0208355
4.2264e-005,0.0205428
4.2268e-005,0.020642
4.2272e-005,0.0205676
4.2276e-005,0.0206618
4.228e-005,0.020518
4.2284e-005,0.0212918
4.2288e-005,0.0201459
4.2292e-005,0.0202501
4.2296e-005,0.0206122
4.23e-005,0.0208007
4.2304e-005,0.020518
4.2308e-005,0.0206866
4.2312e-005,0.0207263
4.2316e-005,0.0206767
4.232e-005,0.0207164
4.2324e-005,0.0207908
4.2328e-005,0.0205428
4.2332e-005,0.0210438
4.2336e-005,0.0205378
4.234e-005,0.0205329
4.2344e-005,0.0207412
4.2348e-005,0.0202451
4.2352e-005,0.0208255
4.2356e-005,0.0210289
4.236e-005,0.0210785
4.2364e-005,0.0207759
4.2368e-005,0.0206271
4.2372e-005,0.0205973
4.2376e-005,0.0207313
4.238e-005,0.0206569
4.2384e-005,0.0204138
4.2388e-005,0.0207313
4.2392e-005,0.0204932
4.2396e-005,0.0204585
4.24e-005,0.0203989
4.2404e-005,0.0208206
4.2408e-005,0.0205428
4.2412e-005,0.0212571
4.2416e-005,0.0205229
4.242e-005,0.0210934
4.2424e-005,0.0200814
4.2428e-005,0.0209694
4.2432e-005,0.0206866
4.2436e-005,0.0208999
4.244e-005,0.020647
4.2444e-005,0.0207214
4.2448e-005,0.020007
4.2452e-005,0.0205329
4.2456e-005,0.0207114
4.246e-005,0.0204237
4.2464e-005,0.0204535
4.2468e-005,0.0203047
4.2472e-005,0.0206618
4.2476e-005,0.0211926
4.248e-005,0.0203642
4.2484e-005,0.0205031
4.2488e-005,0.0204237
4.2492e-005,0.0205626
4.2496e-005,0.0209694
4.25e-005,0.0201807
4.2504e-005,0.0205676
4.2508e-005,0.0205973
4.2512e-005,0.0204336
4.2516e-005,0.0202898
4.252e-005,0.0198285
4.2524e-005,0.0200467
4.2528e-005,0.0207065
4.2532e-005,0.0205081
4.2536e-005,0.0200269
4.254e-005,0.0201261
4.2544e-005,0.0204188
4.2548e-005,0.0202799
4.2552e-005,0.0204585
4.2556e-005,0.0203394
4.256e-005,0.0209545
4.2564e-005,0.0197441
4.2568e-005,0.0198086
4.2572e-005,0.0204039
4.2576e-005,0.0211381
4.258e-005,0.0219566
4.2584e-005,0.0221798
4.2588e-005,0.0220558
4.2592e-005,0.022284
4.2596e-005,0.0208702
4.26e-005,0.0194366
4.2604e-005,0.0191439
4.2608e-005,0.0186974
4.2612e-005,0.0181171
4.2616e-005,0.0184693
4.262e-005,0.0145405
4.2624e-005,0.00339401
4.2628e-005,0.0018463
4.2632e-005,-0.000544703
4.2636e-005,-0.000276831
4.264e-005,-2.38409e-005
4.2644e-005,0.000268834
4.2648e-005,0.000120016
4.2652e-005,-0.000202422
4.2656e-005,-0.000891945
4.266e-005,0.00310629
4.2664e-005,0.0154185
4.2668e-005,0.0182857
4.2672e-005,0.0191241
4.2676e-005,0.0208652
4.268e-005,0.0215895
4.2684e-005,0.021644
4.2688e-005,0.0229139
4.2692e-005,0.0238813
4.2696e-005,0.0234993
4.27e-005,0.02467
4.2704e-005,0.0247196
4.2708e-005,0.0246551
4.2712e-005,0.0253546
4.2716e-005,0.0255083
4.272e-005,0.0253992
4.2724e-005,0.0252901
4.2728e-005,0.0252603
4.2732e-005,0.025424
4.2736e-005,0.0256026
4.274e-005,0.0256373
4.2744e-005,0.025677
4.2748e-005,0.0256324
4.2752e-005,0.0250668
4.2756e-005,0.0257564
4.276e-005,0.0255877
4.2764e-005,0.0255083
4.2768e-005,0.0257316
4.2772e-005,0.0255083
4.2776e-005,0.0257117
4.278e-005,0.0256522
4.2784e-005,0.0257117
4.2788e-005,0.0253645
4.2792e-005,0.0255331
4.2796e-005,0.0255679
4.28e-005,0.0248783
4.2804e-005,0.0257663
4.2808e-005,0.025553
4.2812e-005,0.0254091
4.2816e-005,0.0257564
4.282e-005,0.0257961
4.2824e-005,0.0257117
4.2828e-005,0.0260193
4.2832e-005,0.0254339
4.2836e-005,0.0258357
4.284e-005,0.0254538
4.2844e-005,0.0255827
4.2848e-005,0.0248535
4.2852e-005,0.0257068
4.2856e-005,0.0261135
4.286e-005,0.0257464
4.2864e-005,0.0258357
4.2868e-005,0.0252653
4.2872e-005,0.0254587
4.2876e-005,0.0257911
4.288e-005,0.0256324
4.2884e-005,0.0254885
4.2888e-005,0.0255976
4.2892e-005,0.0255183
4.2896e-005,0.0252702
4.29e-005,0.0247692
4.2904e-005,0.0260738
4.2908e-005,0.0256373
4.2912e-005,0.025548
4.2916e-005,0.0252256
4.292e-005,0.0253149
4.2924e-005,0.025305
4.2928e-005,0.0261879
4.2932e-005,0.0252801
4.2936e-005,0.0250123
4.294e-005,0.0249279
4.2944e-005,0.0256472
4.2948e-005,0.025548
4.2952e-005,0.0251611
4.2956e-005,0.0252801
4.296e-005,0.0252256
4.2964e-005,0.0255083
4.2968e-005,0.0254835
4.2972e-005,0.0254091
4.2976e-005,0.0253942
4.298e-005,0.0253893
4.2984e-005,0.0247791
4.2988e-005,0.0254438
4.2992e-005,0.0251611
4.2996e-005,0.0252256
4.3e-005,0.0248783
4.3004e-005,0.0250024
4.3008e-005,0.0252008
4.3012e-005,0.0253446
4.3016e-005,0.0252206
4.302e-005,0.0251958
4.3024e-005,0.025424
4.3028e-005,0.0246849
4.3032e-005,0.0250272
4.3036e-005,0.0255579
4.304e-005,0.0253794
4.3044e-005,0.0257861
4.3048e-005,0.0253149
4.3052e-005,0.0253198
4.3056e-005,0.0246799
4.306e-005,0.025042
4.3064e-005,0.0256224
4.3068e-005,0.0251016
4.3072e-005,0.0250718
4.3076e-005,0.0252206
4.308e-005,0.0254389
4.3084e-005,0.0254141
4.3088e-005,0.0248883
4.3092e-005,0.0253546
4.3096e-005,0.0257812
4.31e-005,0.024918
4.3104e-005,0.0252901
4.3108e-005,0.0252008
4.3112e-005,0.0245956
4.3116e-005,0.0257712
4.312e-005,0.025295
4.3124e-005,0.0253992
4.3128e-005,0.0250619
4.3132e-005,0.025305
4.3136e-005,0.0255629
4.314e-005,0.0254091
4.3144e-005,0.0254438
4.3148e-005,0.0251561
4.3152e-005,0.0250867
4.3156e-005,0.0254736
4.316e-005,0.025052
4.3164e-005,0.0250817
4.3168e-005,0.0254389
4.3172e-005,0.0247444
4.3176e-005,0.0252653
4.318e-005,0.0253198
4.3184e-005,0.0251611
4.3188e-005,0.0250916
4.3192e-005,0.0254538
4.3196e-005,0.0248585
4.32e-005,0.0261334
4.3204e-005,0.0254984
4.3208e-005,0.0252653
4.3212e-005,0.0254687
4.3216e-005,0.0262375
4.322e-005,0.0250619
4.3224e-005,0.0257564
4.3228e-005,0.0257712
4.3232e-005,0.0251512
4.3236e-005,0.0254042
4.324e-005,0.0255976
4.3244e-005,0.0255282
4.3248e-005,0.025424
4.3252e-005,0.0254885
4.3256e-005,0.025677
4.326e-005,0.0256621
4.3264e-005,0.0255679
4.3268e-005,0.0257167
4.3272e-005,0.0251661
4.3276e-005,0.0257316
4.328e-005,0.0249081
4.3284e-005,0.0254786
4.3288e-005,0.0251561
4.3292e-005,0.025171
4.3296e-005,0.0249627
4.33e-005,0.0253347
4.3304e-005,0.0248932
4.3308e-005,0.0249776
4.3312e-005,0.0248585
4.3316e-005,0.0252206
4.332e-005,0.025548
4.3324e-005,0.0254984
4.3328e-005,0.0259399
4.3332e-005,0.025806
4.3336e-005,0.025553
4.334e-005,0.0251909
4.3344e-005,0.026183
4.3348e-005,0.0258655
4.3352e-005,0.026049
4.3356e-005,0.0261929
4.336e-005,0.026178
4.3364e-005,0.0232066
4.3368e-005,0.0206569
4.3372e-005,0.0197789
4.3376e-005,0.0184544
4.338e-005,0.0194961
4.3384e-005,0.0189802
4.3388e-005,0.014724
4.3392e-005,0.00340393
4.3396e-005,0.00153379
4.34e-005,-0.00111517
4.3404e-005,-0.000653836
4.3408e-005,-0.000400846
4.3412e-005,-0.000291713
4.3416e-005,-3.37621e-005
4.342e-005,0.000373007
4.3424e-005,-0.000951472
4.3428e-005,0.00289299
4.3432e-005,0.0154086
4.3436e-005,0.0188215
4.344e-005,0.0203543
4.3444e-005,0.02215
4.3448e-005,0.0241045
4.3452e-005,0.0240747
4.3456e-005,0.0256621
4.346e-005,0.0272693
4.3464e-005,0.0271801
4.3468e-005,0.0274033
4.3472e-005,0.02844
4.3476e-005,0.0287922
4.348e-005,0.0294619
4.3484e-005,0.0298985
4.3488e-005,0.0299927
4.3492e-005,0.0296554
4.3496e-005,0.0304243
4.35e-005,0.0309402
4.3504e-005,0.0313321
4.3508e-005,0.0309848
4.3512e-005,0.0311932
4.3516e-005,0.0317388
4.352e-005,0.0312725
4.3524e-005,0.0313321
4.3528e-005,0.0317041
4.3532e-005,0.0313966
4.3536e-005,0.0312279
4.354e-005,0.0316843
4.3544e-005,0.0312229
4.3548e-005,0.0314164
4.3552e-005,0.0310047
4.3556e-005,0.0313916
4.356e-005,0.0313172
4.3564e-005,0.0312378
4.3568e-005,0.0310741
4.3572e-005,0.0308807
4.3576e-005,0.0315107
4.358e-005,0.0313916
4.3584e-005,0.0308311
4.3588e-005,0.0310791
4.3592e-005,0.0312973
4.3596e-005,0.0307368
4.36e-005,0.0305433
4.3604e-005,0.0313519
4.3608e-005,0.0315007
4.3612e-005,0.0314114
4.3616e-005,0.0310146
4.362e-005,0.031337
4.3624e-005,0.0306029
4.3628e-005,0.0305582
4.3632e-005,0.030712
4.3636e-005,0.0314263
4.364e-005,0.0310344
4.3644e-005,0.0308856
4.3648e-005,0.0314065
4.3652e-005,0.0308559
4.3656e-005,0.0307715
4.366e-005,0.030583
4.3664e-005,0.0304789
4.3668e-005,0.0305384
4.3672e-005,0.0311188
4.3676e-005,0.0312874
4.368e-005,0.0304044
4.3684e-005,0.0309898
4.3688e-005,0.0303648
4.3692e-005,0.0307914
4.3696e-005,0.0306177
4.37e-005,0.0311882
4.3704e-005,0.0309303
4.3708e-005,0.0311386
4.3712e-005,0.030836
4.3716e-005,0.030206
4.372e-005,0.0305235
4.3724e-005,0.0300026
4.3728e-005,0.0304838
4.3732e-005,0.0306227
4.3736e-005,0.0299629
4.374e-005,0.0303152
4.3744e-005,0.0310989
4.3748e-005,0.0306128
4.3752e-005,0.0310344
4.3756e-005,0.0307517
4.376e-005,0.0304441
4.3764e-005,0.0306326
4.3768e-005,0.0302209
4.3772e-005,0.0302953
4.3776e-005,0.0307021
4.378e-005,0.0303102
4.3784e-005,0.0306872
4.3788e-005,0.0306029
4.3792e-005,0.0308112
4.3796e-005,0.0304094
4.38e-005,0.0300374
4.3804e-005,0.03097
4.3808e-005,0.0305136
4.3812e-005,0.030836
4.3816e-005,0.0307467
4.382e-005,0.0306971
4.3824e-005,0.0297447
4.3828e-005,0.0306128
4.3832e-005,0.0304739
4.3836e-005,0.0305632
4.384e-005,0.0309104
4.3844e-005,0.0306376
4.3848e-005,0.0303846
4.3852e-005,0.0312081
4.3856e-005,0.0311733
4.386e-005,0.0310146
4.3864e-005,0.0313271
4.3868e-005,0.0311188
4.3872e-005,0.0309501
4.3876e-005,0.0308211
4.388e-005,0.0306723
4.3884e-005,0.0305632
4.3888e-005,0.0310096
4.3892e-005,0.0304739
4.3896e-005,0.0305582
4.39e-005,0.030583
4.3904e-005,0.0310989
4.3908e-005,0.0309501
4.3912e-005,0.0310592
4.3916e-005,0.0307219
4.392e-005,0.0310295
4.3924e-005,0.030583
4.3928e-005,0.0305433
4.3932e-005,0.0304392
4.3936e-005,0.0310394
4.394e-005,0.0306177
4.3944e-005,0.0310245
4.3948e-005,0.0313966
4.3952e-005,0.0302606
4.3956e-005,0.0303102
4.396e-005,0.0312279
4.3964e-005,0.0307318
4.3968e-005,0.0311287
4.3972e-005,0.0306773
4.3976e-005,0.0305037
4.398e-005,0.0303747
4.3984e-005,0.0310096
4.3988e-005,0.0304441
4.3992e-005,0.0310146
4.3996e-005,0.0302507
4.4e-005,0.0299332
4.4004e-005,0.0306426
4.4008e-005,0.0306822
4.4012e-005,0.0305979
4.4016e-005,0.0305086
4.402e-005,0.0313172
4.4024e-005,0.030717
4.4028e-005,0.030841
4.4032e-005,0.0304739
4.4036e-005,0.0304243
4.404e-005,0.0304094
4.4044e-005,0.0310344
4.4048e-005,0.0302804
4.4052e-005,0.030464
4.4056e-005,0.0310146
4.406e-005,0.0305037
4.4064e-005,0.0302655
4.4068e-005,0.0308658
4.4072e-005,0.0307765
4.4076e-005,0.0301713
4.408e-005,0.0302308
4.4084e-005,0.0311783
4.4088e-005,0.0304044
4.4092e-005,0.0308707
4.4096e-005,0.0306822
4.41e-005,0.0304243
4.4104e-005,0.0299233
4.4108e-005,0.0300126
4.4112e-005,0.02971
4.4116e-005,0.0292585
4.412e-005,0.0286236
4.4124e-005,0.0293181
4.4128e-005,0.0291147
4.4132e-005,0.0265848
4.4136e-005,0.0209744
4.414e-005,0.0203245
4.4144e-005,0.0195953
4.4148e-005,0.019134
4.4152e-005,0.0188115
4.4156e-005,0.0148579
4.416e-005,0.00387023
4.4164e-005,0.00125103
4.4168e-005,-7.84074e-005
4.4172e-005,-0.000708403
4.4176e-005,0.00023411
4.418e-005,-0.000242107
4.4184e-005,0.000129938
4.4188e-005,3.56862e-005
4.4192e-005,-0.000708403
4.4196e-005,0.00321047
4.42e-005,0.0157459
4.4204e-005,0.0176359
4.4208e-005,0.0176656
4.4212e-005,0.0185288
4.4216e-005,0.0183105
4.422e-005,0.0171646
4.4224e-005,0.0178045
4.4228e-005,0.0174623
4.4232e-005,0.0170604
4.4236e-005,0.0170059
4.424e-005,0.0174871
4.4244e-005,0.0169811
4.4248e-005,0.0165991
4.4252e-005,0.0177252
4.4256e-005,0.0173482
4.426e-005,0.0170009
4.4264e-005,0.0171845
4.4268e-005,0.0169215
4.4272e-005,0.0168372
4.4276e-005,0.0176607
4.428e-005,0.0171249
4.4284e-005,0.0172837
4.4288e-005,0.017239
4.4292e-005,0.0166884
4.4296e-005,0.0174077
4.43e-005,0.0172589
4.4304e-005,0.0169315
4.4308e-005,0.0169215
4.4312e-005,0.0172142
4.4316e-005,0.0173928
4.432e-005,0.0174275
4.4324e-005,0.0170307
4.4328e-005,0.0169017
4.4332e-005,0.016867
4.4336e-005,0.0167975
4.434e-005,0.0172192
4.4344e-005,0.0172787
4.4348e-005,0.0171646
4.4352e-005,0.0170257
4.4356e-005,0.0173978
4.436e-005,0.0174176
4.4364e-005,0.0172589
4.4368e-005,0.0173928
4.4372e-005,0.0173134
4.4376e-005,0.0180327
4.438e-005,0.0175168
4.4384e-005,0.0170753
4.4388e-005,0.0176855
4.4392e-005,0.0172638
4.4396e-005,0.0170803
4.44e-005,0.0170704
4.4404e-005,0.016991
4.4408e-005,0.0175565
4.4412e-005,0.0178988
4.4416e-005,0.0171299
4.442e-005,0.0171944
4.4424e-005,0.0174573
4.4428e-005,0.017239
4.4432e-005,0.0172936
4.4436e-005,0.0166686
4.444e-005,0.0174722
4.4444e-005,0.0168223
4.4448e-005,0.0167182
4.4452e-005,0.0174771
4.4456e-005,0.0173035
4.446e-005,0.0171349
4.4464e-005,0.0170902
4.4468e-005,0.0171845
4.4472e-005,0.0173878
4.4476e-005,0.0170456
4.448e-005,0.0172738
4.4484e-005,0.0172093
4.4488e-005,0.0175863
4.4492e-005,0.0175912
4.4496e-005,0.0170704
4.45e-005,0.0168223
4.4504e-005,0.0165644
4.4508e-005,0.0176309
4.4512e-005,0.0174623
4.4516e-005,0.0175069
4.452e-005,0.0174176
4.4524e-005,0.0176805
4.4528e-005,0.0176508
4.4532e-005,0.0176111
4.4536e-005,0.0170505
4.454e-005,0.0174275
4.4544e-005,0.0174077
4.4548e-005,0.016991
4.4552e-005,0.016867
4.4556e-005,0.0174275
4.456e-005,0.0173978
4.4564e-005,0.0171051
4.4568e-005,0.017745
4.4572e-005,0.0174275
4.4576e-005,0.0173382
4.458e-005,0.0177797
4.4584e-005,0.0171597
4.4588e-005,0.0170456
4.4592e-005,0.0173283
4.4596e-005,0.0180922
4.46e-005,0.0171299
4.4604e-005,0.0174275
4.4608e-005,0.0165346
4.4612e-005,0.0179732
4.4616e-005,0.0170208
4.462e-005,0.0177252
4.4624e-005,0.0175912
4.4628e-005,0.0175962
4.4632e-005,0.0178393
4.4636e-005,0.017239
4.464e-005,0.0170009
4.4644e-005,0.0176061
4.4648e-005,0.0175267
4.4652e-005,0.0175813
4.4656e-005,0.0170108
4.466e-005,0.0169662
4.4664e-005,0.0175069
4.4668e-005,0.0178988
4.4672e-005,0.0175515
4.4676e-005,0.0167876
4.468e-005,0.0170803
4.4684e-005,0.0175515
4.4688e-005,0.0179037
4.4692e-005,0.0171845
4.4696e-005,0.0172539
4.47e-005,0.0172142
4.4704e-005,0.017244
4.4708e-005,0.0175714
4.4712e-005,0.0176011
4.4716e-005,0.0180426
4.472e-005,0.0174871
4.4724e-005,0.0179534
4.4728e-005,0.0172341
4.4732e-005,0.0177103
4.4736e-005,0.0171597
4.474e-005,0.0167479
4.4744e-005,0.0169811
4.4748e-005,0.017363
4.4752e-005,0.0172142
4.4756e-005,0.0171745
4.476e-005,0.0175664
4.4764e-005,0.0175168
4.4768e-005,0.0175515
4.4772e-005,0.0175664
4.4776e-005,0.0177351
4.478e-005,0.0174722
4.4784e-005,0.0174325
4.4788e-005,0.0177897
4.4792e-005,0.0178095
4.4796e-005,0.0174871
4.48e-005,0.0176458
4.4804e-005,0.0173035
4.4808e-005,0.0177946
4.4812e-005,0.0176508
4.4816e-005,0.0178343
4.482e-005,0.0174077
4.4824e-005,0.0170009
4.4828e-005,0.0170307
4.4832e-005,0.0175168
4.4836e-005,0.0179385
4.484e-005,0.0173085
4.4844e-005,0.0177599
4.4848e-005,0.0170406
4.4852e-005,0.0179484
4.4856e-005,0.0175863
4.486e-005,0.0175019
4.4864e-005,0.0178988
4.4868e-005,0.016738
4.4872e-005,0.0160088
4.4876e-005,0.0179682
4.488e-005,0.0188066
4.4884e-005,0.0189951
4.4888e-005,0.0199277
4.4892e-005,0.0201162
4.4896e-005,0.0194018
4.49e-005,0.0183502
4.4904e-005,0.0191141
4.4908e-005,0.0191637
4.4912e-005,0.018876
4.4916e-005,0.0188611
4.492e-005,0.0182907
4.4924e-005,0.0141337
4.4928e-005,0.00320055
4.4932e-005,0.00139985
4.4936e-005,-0.000286752
4.494e-005,0.000298598
4.4944e-005,0.000497021
4.4948e-005,-0.000207383
4.4952e-005,0.000506943
4.4956e-005,0.000303558
4.496e-005,-0.00102092
4.4964e-005,0.00282354
4.4968e-005,0.0149274
4.4972e-005,0.017993
4.4976e-005,0.0177847
4.498e-005,0.0191389
4.4984e-005,0.0198582
4.4988e-005,0.0195407
4.4992e-005,0.0197342
4.4996e-005,0.020895
4.5e-005,0.0210636
4.5004e-005,0.0198681
4.5008e-005,0.0209644
4.5012e-005,0.0205378
4.5016e-005,0.0199376
4.502e-005,0.0208751
4.5024e-005,0.0203989
4.5028e-005,0.0210091
4.5032e-005,0.0204485
4.5036e-005,0.0204138
4.504e-005,0.0211381
4.5044e-005,0.0209744
4.5048e-005,0.0210488
4.5052e-005,0.0209247
4.5056e-005,0.0209942
4.506e-005,0.0205825
4.5064e-005,0.0211331
4.5068e-005,0.0204783
4.5072e-005,0.0211926
4.5076e-005,0.0205825
4.508e-005,0.0205725
4.5084e-005,0.0205329
4.5088e-005,0.0206817
4.5092e-005,0.0202402
4.5096e-005,0.0207065
4.51e-005,0.0209347
4.5104e-005,0.0201856
4.5108e-005,0.0203493
4.5112e-005,0.0210785
4.5116e-005,0.0198433
4.512e-005,0.0204188
4.5124e-005,0.0207908
4.5128e-005,0.0208999
4.5132e-005,0.0209396
4.5136e-005,0.0207362
4.514e-005,0.0199376
4.5144e-005,0.0211579
4.5148e-005,0.0215597
4.5152e-005,0.0206321
4.5156e-005,0.0204039
4.516e-005,0.0213464
4.5164e-005,0.0210289
4.5168e-005,0.0202055
4.5172e-005,0.0206618
4.5176e-005,0.0203493
4.518e-005,0.0207412
4.5184e-005,0.0201162
4.5188e-005,0.0203642
4.5192e-005,0.0207859
4.5196e-005,0.0209099
4.52e-005,0.0205676
4.5204e-005,0.0207065
4.5208e-005,0.0207462
4.5212e-005,0.0204287
4.5216e-005,0.0205775
4.522e-005,0.0209148
4.5224e-005,0.0206966
4.5228e-005,0.0211381
4.5232e-005,0.0205527
4.5236e-005,0.0205626
4.524e-005,0.0208404
4.5244e-005,0.0212075
4.5248e-005,0.020513
4.5252e-005,0.0206073
4.5256e-005,0.0205527
4.526e-005,0.0204634
4.5264e-005,0.0205031
4.5268e-005,0.020895
4.5272e-005,0.0199822
4.5276e-005,0.0203592
4.528e-005,0.0204336
4.5284e-005,0.0202551
4.5288e-005,0.0203791
4.5292e-005,0.0208801
4.5296e-005,0.0205477
4.53e-005,0.020761
4.5304e-005,0.0209148
4.5308e-005,0.0204981
4.5312e-005,0.0207313
4.5316e-005,0.0203344
4.532e-005,0.0207859
4.5324e-005,0.0206718
4.5328e-005,0.020642
4.5332e-005,0.0202551
4.5336e-005,0.020766
4.534e-005,0.0210686
4.5344e-005,0.021024
4.5348e-005,0.0207908
4.5352e-005,0.0205378
4.5356e-005,0.0205081
4.536e-005,0.0209744
4.5364e-005,0.0205924
4.5368e-005,0.020265
4.5372e-005,0.0206023
4.5376e-005,0.0205577
4.538e-005,0.0202699
4.5384e-005,0.0211381
4.5388e-005,0.0211381
4.5392e-005,0.0204585
4.5396e-005,0.0210091
4.54e-005,0.0211777
4.5404e-005,0.0205279
4.5408e-005,0.0207214
4.5412e-005,0.0205825
4.5416e-005,0.0209496
4.542e-005,0.0209247
4.5424e-005,0.0210041
4.5428e-005,0.0205279
4.5432e-005,0.0210785
4.5436e-005,0.0206122
4.544e-005,0.0207759
4.5444e-005,0.0208057
4.5448e-005,0.0206569
4.5452e-005,0.0204237
4.5456e-005,0.0208305
4.546e-005,0.0206172
4.5464e-005,0.0207908
4.5468e-005,0.0214655
4.5472e-005,0.0211827
4.5476e-005,0.0206172
4.548e-005,0.0207908
4.5484e-005,0.0209049
4.5488e-005,0.0202154
4.5492e-005,0.0208305
4.5496e-005,0.0210488
4.55e-005,0.0205874
4.5504e-005,0.020766
4.5508e-005,0.021014
4.5512e-005,0.021267
4.5516e-005,0.0210785
4.552e-005,0.0213563
4.5524e-005,0.0211083
4.5528e-005,0.021024
4.5532e-005,0.0212819
4.5536e-005,0.0203444
4.554e-005,0.0208007
4.5544e-005,0.0213613
4.5548e-005,0.0209793
4.5552e-005,0.0209595
4.5556e-005,0.0208057
4.556e-005,0.0212571
4.5564e-005,0.0205973
4.5568e-005,0.0208801
4.5572e-005,0.0211281
4.5576e-005,0.0209247
4.558e-005,0.0212125
4.5584e-005,0.0203146
4.5588e-005,0.0212571
4.5592e-005,0.0206222
4.5596e-005,0.0204188
4.56e-005,0.0209496
4.5604e-005,0.0207214
4.5608e-005,0.0202352
4.5612e-005,0.0206023
4.5616e-005,0.0208305
4.562e-005,0.0209198
4.5624e-005,0.0209297
4.5628e-005,0.0210091
4.5632e-005,0.021272
4.5636e-005,0.0206222
4.564e-005,0.0209496
4.5644e-005,0.0214307
4.5648e-005,0.0216639
4.5652e-005,0.0221153
4.5656e-005,0.0219714
4.566e-005,0.0226808
4.5664e-005,0.0231223
4.5668e-005,0.0208999
4.5672e-005,0.0199128
4.5676e-005,0.0192332
4.568e-005,0.0188562
4.5684e-005,0.0191885
4.5688e-005,0.0186528
4.5692e-005,0.0144413
4.5696e-005,0.0036966
4.57e-005,0.00103773
4.5704e-005,-0.000792733
4.5708e-005,-2.38409e-005
4.5712e-005,-4.86439e-005
4.5716e-005,0.000224189
4.572e-005,0.000239071
4.5724e-005,0.000268834
4.5728e-005,-0.000624073
4.5732e-005,0.00325015
4.5736e-005,0.015602
4.574e-005,0.0180178
4.5744e-005,0.0185139
4.5748e-005,0.0202749
4.5752e-005,0.0212521
4.5756e-005,0.0214853
4.576e-005,0.0223336
4.5764e-005,0.0235489
4.5768e-005,0.0239706
4.5772e-005,0.0239755
4.5776e-005,0.024918
4.578e-005,0.0250768
4.5784e-005,0.0250668
4.5788e-005,0.025047
4.5792e-005,0.0255431
4.5796e-005,0.0252702
4.58e-005,0.0256472
4.5804e-005,0.0262177
4.5808e-005,0.0254736
4.5812e-005,0.02593
4.5816e-005,0.0259598
4.582e-005,0.0255778
4.5824e-005,0.0255232
4.5828e-005,0.0255778
4.5832e-005,0.026426
4.5836e-005,0.0257216
4.584e-005,0.0256324
4.5844e-005,0.0261681
4.5848e-005,0.0261383
4.5852e-005,0.025429
4.5856e-005,0.0256026
4.586e-005,0.0262673
4.5864e-005,0.0261086
4.5868e-005,0.0261185
4.5872e-005,0.0254488
4.5876e-005,0.0248783
4.588e-005,0.025553
4.5884e-005,0.0257365
4.5888e-005,0.0256224
4.5892e-005,0.0255331
4.5896e-005,0.0257365
4.59e-005,0.0256324
4.5904e-005,0.0260391
4.5908e-005,0.0252157
4.5912e-005,0.0250371
4.5916e-005,0.025925
4.592e-005,0.0256919
4.5924e-005,0.0256274
4.5928e-005,0.0252504
4.5932e-005,0.0255282
4.5936e-005,0.0255133
4.594e-005,0.0257068
4.5944e-005,0.0256075
4.5948e-005,0.0257018
4.5952e-005,0.0256125
4.5956e-005,0.0256968
4.596e-005,0.0259101
4.5964e-005,0.0255976
4.5968e-005,0.0257514
4.5972e-005,0.0259846
4.5976e-005,0.0253198
4.598e-005,0.0250569
4.5984e-005,0.0257068
4.5988e-005,0.0259201
4.5992e-005,0.0253694
4.5996e-005,0.0251462
4.6e-005,0.0260887
4.6004e-005,0.0254141
4.6008e-005,0.0248535
4.6012e-005,0.0256125
4.6016e-005,0.0257464
4.602e-005,0.025176
4.6024e-005,0.0251561
4.6028e-005,0.0255877
4.6032e-005,0.0254438
4.6036e-005,0.0248387
4.604e-005,0.0251214
4.6044e-005,0.0254835
4.6048e-005,0.025548
4.6052e-005,0.0249031
4.6056e-005,0.0250073
4.606e-005,0.0257464
4.6064e-005,0.0252256
4.6068e-005,0.0252851
4.6072e-005,0.0258506
4.6076e-005,0.0255579
4.608e-005,0.0247146
4.6084e-005,0.0250668
4.6088e-005,0.0254984
4.6092e-005,0.0255331
4.6096e-005,0.0248734
4.61e-005,0.0252157
4.6104e-005,0.0254141
4.6108e-005,0.0255778
4.6112e-005,0.0252305
4.6116e-005,0.0258506
4.612e-005,0.0259052
4.6124e-005,0.0256026
4.6128e-005,0.025548
4.6132e-005,0.0252504
4.6136e-005,0.0253099
4.614e-005,0.025553
4.6144e-005,0.0255728
4.6148e-005,0.0254984
4.6152e-005,0.0250222
4.6156e-005,0.0252008
4.616e-005,0.0255133
4.6164e-005,0.0256075
4.6168e-005,0.025672
4.6172e-005,0.0254587
4.6176e-005,0.0255282
4.618e-005,0.025424
4.6184e-005,0.0251909
4.6188e-005,0.0255877
4.6192e-005,0.0256274
4.6196e-005,0.0246998
4.62e-005,0.0250619
4.6204e-005,0.025419
4.6208e-005,0.0251859
4.6212e-005,0.0246353
4.6216e-005,0.0250371
4.622e-005,0.0255282
4.6224e-005,0.0247593
4.6228e-005,0.0255282
4.6232e-005,0.0249825
4.6236e-005,0.0248188
4.624e-005,0.0253099
4.6244e-005,0.0250817
4.6248e-005,0.0248089
4.6252e-005,0.0245013
4.6256e-005,0.0251214
4.626e-005,0.0248684
4.6264e-005,0.0247295
4.6268e-005,0.0247295
4.6272e-005,0.0249776
4.6276e-005,0.0247345
4.628e-005,0.0248783
4.6284e-005,0.0254389
4.6288e-005,0.0254587
4.6292e-005,0.0248337
4.6296e-005,0.0257365
4.63e-005,0.0256175
4.6304e-005,0.0256472
4.6308e-005,0.0244914
4.6312e-005,0.0252305
4.6316e-005,0.0251164
4.632e-005,0.0252801
4.6324e-005,0.0248585
4.6328e-005,0.0253794
4.6332e-005,0.0250817
4.6336e-005,0.0251313
4.634e-005,0.0248734
4.6344e-005,0.0246601
4.6348e-005,0.0254389
4.6352e-005,0.0247742
4.6356e-005,0.0247444
4.636e-005,0.0254736
4.6364e-005,0.0244617
4.6368e-005,0.0245609
4.6372e-005,0.0253248
4.6376e-005,0.0245261
4.638e-005,0.0250817
4.6384e-005,0.0255579
4.6388e-005,0.0248734
4.6392e-005,0.0248982
4.6396e-005,0.0254835
4.64e-005,0.0257613
4.6404e-005,0.0246502
4.6408e-005,0.0241392
4.6412e-005,0.0248982
4.6416e-005,0.0253298
4.642e-005,0.025806
4.6424e-005,0.0254885
4.6428e-005,0.0262326
4.6432e-005,0.0266642
4.6436e-005,0.024164
4.644e-005,0.0205378
4.6444e-005,0.0196796
4.6448e-005,0.0188611
4.6452e-005,0.018876
4.6456e-005,0.0186131
4.646e-005,0.0140742
4.6464e-005,0.00307157
4.6468e-005,0.0013304
4.6472e-005,0.000214268
4.6476e-005,-5.36045e-005
4.648e-005,-0.000361161
4.6484e-005,-0.000192501
4.6488e-005,0.000363085
4.6492e-005,-0.000425649
4.6496e-005,-0.00163107
4.65e-005,0.00286322
4.6504e-005,0.0153242
4.6508e-005,0.0183998
4.6512e-005,0.0205081
4.6516e-005,0.0227552
4.652e-005,0.0243575
4.6524e-005,0.0248039
4.6528e-005,0.0262425
4.6532e-005,0.0274529
4.6536e-005,0.0276662
4.654e-005,0.0277555
4.6544e-005,0.0285393
4.6548e-005,0.0285194
4.6552e-005,0.0288667
4.6556e-005,0.0292139
4.656e-005,0.0302209
4.6564e-005,0.0299878
4.6568e-005,0.0299282
4.6572e-005,0.0306177
4.6576e-005,0.0300969
4.658e-005,0.0298935
4.6584e-005,0.0312973
4.6588e-005,0.0304689
4.6592e-005,0.0304689
4.6596e-005,0.0309848
4.66e-005,0.0312279
4.6604e-005,0.0304342
4.6608e-005,0.0314362
4.6612e-005,0.031466
4.6616e-005,0.0303896
4.662e-005,0.0313519
4.6624e-005,0.0310692
4.6628e-005,0.0308459
4.6632e-005,0.0305037
4.6636e-005,0.0310592
4.664e-005,0.0309451
4.6644e-005,0.031218
4.6648e-005,0.0307616
4.6652e-005,0.0312775
4.6656e-005,0.0305632
4.666e-005,0.0309154
4.6664e-005,0.031213
4.6668e-005,0.0304392
4.6672e-005,0.0301564
4.6676e-005,0.0309154
4.668e-005,0.0307318
4.6684e-005,0.0312626
4.6688e-005,0.0309055
4.6692e-005,0.0312081
4.6696e-005,0.0307715
4.67e-005,0.0303251
4.6704e-005,0.0302655
4.6708e-005,0.0305781
4.6712e-005,0.0309203
4.6716e-005,0.0304937
4.672e-005,0.0306723
4.6724e-005,0.0306376
4.6728e-005,0.0311336
4.6732e-005,0.0308211
4.6736e-005,0.0307566
4.674e-005,0.0304441
4.6744e-005,0.0302854
4.6748e-005,0.0303945
4.6752e-005,0.0305781
4.6756e-005,0.0310493
4.676e-005,0.0299629
4.6764e-005,0.0300175
4.6768e-005,0.0303846
4.6772e-005,0.0298637
4.6776e-005,0.0307914
4.678e-005,0.0302953
4.6784e-005,0.0308013
4.6788e-005,0.0304094
4.6792e-005,0.0307963
4.6796e-005,0.0306674
4.68e-005,0.0304789
4.6804e-005,0.0306674
4.6808e-005,0.0306922
4.6812e-005,0.0309402
4.6816e-005,0.0305285
4.682e-005,0.0306971
4.6824e-005,0.0302457
4.6828e-005,0.0311237
4.6832e-005,0.0309005
4.6836e-005,0.0306326
4.684e-005,0.0312577
4.6844e-005,0.0303995
4.6848e-005,0.0304342
4.6852e-005,0.0310592
4.6856e-005,0.0310245
4.686e-005,0.0299629
4.6864e-005,0.0310146
4.6868e-005,0.0307864
4.6872e-005,0.0307616
4.6876e-005,0.0309451
4.688e-005,0.0307418
4.6884e-005,0.0302705
4.6888e-005,0.0306872
4.6892e-005,0.030454
4.6896e-005,0.0311535
4.69e-005,0.0304292
4.6904e-005,0.0305979
4.6908e-005,0.0304193
4.6912e-005,0.0307864
4.6916e-005,0.0304937
4.692e-005,0.030459
4.6924e-005,0.030583
4.6928e-005,0.0306674
4.6932e-005,0.0300225
4.6936e-005,0.0298737
4.694e-005,0.029829
4.6944e-005,0.0296901
4.6948e-005,0.030712
4.6952e-005,0.0300423
4.6956e-005,0.0306277
4.696e-005,0.0304739
4.6964e-005,0.0304888
4.6968e-005,0.0306872
4.6972e-005,0.0309848
4.6976e-005,0.0308211
4.698e-005,0.0308112
4.6984e-005,0.0301763
4.6988e-005,0.0307566
4.6992e-005,0.030206
4.6996e-005,0.0306475
4.7e-005,0.030459
4.7004e-005,0.0302507
4.7008e-005,0.0307715
4.7012e-005,0.0304193
4.7016e-005,0.0301366
4.702e-005,0.0302308
4.7024e-005,0.0308311
4.7028e-005,0.0300374
4.7032e-005,0.0306177
4.7036e-005,0.030206
4.704e-005,0.0302903
4.7044e-005,0.0303995
4.7048e-005,0.0302259
4.7052e-005,0.0310096
4.7056e-005,0.0306773
4.706e-005,0.0305632
4.7064e-005,0.0305979
4.7068e-005,0.0303003
4.7072e-005,0.0311039
4.7076e-005,0.0301713
4.708e-005,0.0311039
4.7084e-005,0.030459
4.7088e-005,0.0309005
4.7092e-005,0.0305929
4.7096e-005,0.0302903
4.71e-005,0.0305929
4.7104e-005,0.0304193
4.7108e-005,0.0299381
4.7112e-005,0.0303598
4.7116e-005,0.0308261
4.712e-005,0.0307467
4.7124e-005,0.0310741
4.7128e-005,0.0311386
4.7132e-005,0.0305086
4.7136e-005,0.0306872
4.714e-005,0.0306574
4.7144e-005,0.0303052
4.7148e-005,0.0303548
4.7152e-005,0.0308559
4.7156e-005,0.0306128
4.716e-005,0.0313866
4.7164e-005,0.0309303
4.7168e-005,0.030464
4.7172e-005,0.0302953
4.7176e-005,0.0303003
4.718e-005,0.0294222
4.7184e-005,0.0292982
4.7188e-005,0.0296356
4.7192e-005,0.0294421
4.7196e-005,0.0289163
4.72e-005,0.029581
4.7204e-005,0.0266195
4.7208e-005,0.0212075
4.7212e-005,0.0205527
4.7216e-005,0.0198483
4.722e-005,0.0190645
4.7224e-005,0.0190596
4.7228e-005,0.0147488
4.7232e-005,0.00404881
4.7236e-005,0.00142465
4.724e-005,-0.000475255
4.7244e-005,9.52134e-005
4.7248e-005,0.000447416
4.7252e-005,-1.88803e-005
4.7256e-005,-8.83286e-005
4.726e-005,0.000159701
4.7264e-005,-0.000966354
4.7268e-005,0.00324519
4.7272e-005,0.0156268
4.7276e-005,0.0176061
4.728e-005,0.0173482
4.7284e-005,0.0183056
4.7288e-005,0.0181815
4.7292e-005,0.0179583
4.7296e-005,0.0178839
4.73e-005,0.0175317
4.7304e-005,0.0182857
4.7308e-005,0.0167975
4.7312e-005,0.0168868
4.7316e-005,0.0170803
4.732e-005,0.0167281
4.7324e-005,0.0167082
4.7328e-005,0.0167975
4.7332e-005,0.0155276
4.7336e-005,0.0169811
4.734e-005,0.016366
4.7344e-005,0.0165743
4.7348e-005,0.0164106
4.7352e-005,0.0165346
4.7356e-005,0.0163957
4.736e-005,0.0164652
4.7364e-005,0.0166686
4.7368e-005,0.016609
4.7372e-005,0.0168174
4.7376e-005,0.0157012
4.738e-005,0.0165346
4.7384e-005,0.016237
4.7388e-005,0.01586
4.7392e-005,0.0164255
4.7396e-005,0.0162419
4.74e-005,0.0167578
4.7404e-005,0.0162916
4.7408e-005,0.0164751
4.7412e-005,0.0170803
4.7416e-005,0.0167182
4.742e-005,0.0168025
4.7424e-005,0.0160733
4.7428e-005,0.0170059
4.7432e-005,0.0170555
4.7436e-005,0.0170505
4.744e-005,0.0173333
4.7444e-005,0.0171101
4.7448e-005,0.0175317
4.7452e-005,0.0166487
4.7456e-005,0.0162866
4.746e-005,0.016867
4.7464e-005,0.0166239
4.7468e-005,0.0166438
4.7472e-005,0.0162469
4.7476e-005,0.0171993
4.748e-005,0.016733
4.7484e-005,0.0167876
4.7488e-005,0.0168918
4.7492e-005,0.0166338
4.7496e-005,0.0159394
4.75e-005,0.0163362
4.7504e-005,0.0167727
4.7508e-005,0.0165743
4.7512e-005,0.0159939
4.7516e-005,0.0160038
4.752e-005,0.0171448
4.7524e-005,0.0166586
4.7528e-005,0.0170059
4.7532e-005,0.0163511
4.7536e-005,0.0167281
4.754e-005,0.0168075
4.7544e-005,0.0169067
4.7548e-005,0.016361
4.7552e-005,0.0163362
4.7556e-005,0.01712
4.756e-005,0.01649
4.7564e-005,0.0162965
4.7568e-005,0.0164999
4.7572e-005,0.0163114
4.7576e-005,0.0167578
4.758e-005,0.016619
4.7584e-005,0.0170852
4.7588e-005,0.0167281
4.7592e-005,0.0159939
4.7596e-005,0.0165049
4.76e-005,0.0164801
4.7604e-005,0.0165495
4.7608e-005,0.0165197
4.7612e-005,0.016733
4.7616e-005,0.0168323
4.762e-005,0.0171795
4.7624e-005,0.0164453
4.7628e-005,0.0167578
4.7632e-005,0.016862
4.7636e-005,0.016356
4.764e-005,0.0163015
4.7644e-005,0.0171398
4.7648e-005,0.0167479
4.7652e-005,0.0170158
4.7656e-005,0.0167033
4.766e-005,0.0167876
4.7664e-005,0.0170158
4.7668e-005,0.0172589
4.7672e-005,0.0164949
4.7676e-005,0.0168819
4.768e-005,0.0169315
4.7684e-005,0.0167727
4.7688e-005,0.0168471
4.7692e-005,0.0169811
4.7696e-005,0.017492
4.77e-005,0.0173184
4.7704e-005,0.0164751
4.7708e-005,0.0167479
4.7712e-005,0.0171795
4.7716e-005,0.0164652
4.772e-005,0.0166735
4.7724e-005,0.0164205
4.7728e-005,0.0166537
4.7732e-005,0.0169563
4.7736e-005,0.0172291
4.774e-005,0.0160435
4.7744e-005,0.0173035
4.7748e-005,0.0162667
4.7752e-005,0.0165545
4.7756e-005,0.0169563
4.776e-005,0.0163015
4.7764e-005,0.0167082
4.7768e-005,0.0170604
4.7772e-005,0.0171349
4.7776e-005,0.016862
4.778e-005,0.0164056
4.7784e-005,0.0163858
4.7788e-005,0.0169811
4.7792e-005,0.0164354
4.7796e-005,0.0171051
4.78e-005,0.0170158
4.7804e-005,0.0169662
4.7808e-005,0.0167231
4.7812e-005,0.0173134
4.7816e-005,0.0175267
4.782e-005,0.0174027
4.7824e-005,0.0170456
4.7828e-005,0.0162965
4.7832e-005,0.0175515
4.7836e-005,0.0171795
4.784e-005,0.0171646
4.7844e-005,0.0172192
4.7848e-005,0.0166487
4.7852e-005,0.0173234
4.7856e-005,0.0169612
4.786e-005,0.0170604
4.7864e-005,0.0175813
4.7868e-005,0.0172489
4.7872e-005,0.0168471
4.7876e-005,0.0163808
4.788e-005,0.0170753
4.7884e-005,0.0172638
4.7888e-005,0.0165991
4.7892e-005,0.01712
4.7896e-005,0.0166338
4.79e-005,0.0177698
4.7904e-005,0.0170654
4.7908e-005,0.0169662
4.7912e-005,0.016991
4.7916e-005,0.0176111
4.792e-005,0.0170604
4.7924e-005,0.016867
4.7928e-005,0.0168719
4.7932e-005,0.0170753
4.7936e-005,0.0173531
4.794e-005,0.0172093
4.7944e-005,0.0169017
4.7948e-005,0.0174821
4.7952e-005,0.0186429
4.7956e-005,0.0189802
4.796e-005,0.0192084
4.7964e-005,0.0192778
4.7968e-005,0.0197044
4.7972e-005,0.0186726
4.7976e-005,0.0184246
4.798e-005,0.0195407
4.7984e-005,0.0184941
4.7988e-005,0.0186082
4.7992e-005,0.0180774
4.7996e-005,0.0142329
4.8e-005,0.00297236
4.8004e-005,0.00145442
4.8008e-005,-0.000574467
4.8012e-005,-0.000470294
4.8016e-005,0.0011667
4.802e-005,-0.00106061
4.8024e-005,-0.000445491
4.8028e-005,0.000432534
4.8032e-005,-0.00105068
4.8036e-005,0.00290291
4.804e-005,0.0152399
4.8044e-005,0.0172638
4.8048e-005,0.0178442
4.8052e-005,0.0186478
4.8056e-005,0.0197689
4.806e-005,0.0195854
4.8064e-005,0.0198037
4.8068e-005,0.0198433
4.8072e-005,0.0203196
4.8076e-005,0.0201062
4.808e-005,0.0206321
4.8084e-005,0.0203989
4.8088e-005,0.0208603
4.8092e-005,0.0208652
4.8096e-005,0.0203741
4.81e-005,0.0202501
4.8104e-005,0.02026
4.8108e-005,0.0206519
4.8112e-005,0.0207263
4.8116e-005,0.0203741
4.812e-005,0.0208255
4.8124e-005,0.0203245
4.8128e-005,0.020136
4.8132e-005,0.0200219
4.8136e-005,0.0198136
4.814e-005,0.0196102
4.8144e-005,0.0200269
4.8148e-005,0.0202749
4.8152e-005,0.0201013
4.8156e-005,0.0199773
4.816e-005,0.0205428
4.8164e-005,0.020642
4.8168e-005,0.019764
4.8172e-005,0.0203196
4.8176e-005,0.0200616
4.818e-005,0.0200467
4.8184e-005,0.019888
4.8188e-005,0.0195854
4.8192e-005,0.0202055
4.8196e-005,0.0201906
4.82e-005,0.0204882
4.8204e-005,0.0202104
4.8208e-005,0.0196648
4.8212e-005,0.0200963
4.8216e-005,0.0201311
4.822e-005,0.0199822
4.8224e-005,0.0195755
4.8228e-005,0.0200021
4.8232e-005,0.0202699
4.8236e-005,0.0206866
4.824e-005,0.019883
4.8244e-005,0.0204237
4.8248e-005,0.0201757
4.8252e-005,0.0203493
4.8256e-005,0.0207313
4.826e-005,0.0198235
4.8264e-005,0.0204039
4.8268e-005,0.0193225
4.8272e-005,0.0201112
4.8276e-005,0.0200715
4.828e-005,0.0196052
4.8284e-005,0.0192282
4.8288e-005,0.0199624
4.8292e-005,0.0205477
4.8296e-005,0.0199029
4.83e-005,0.0201608
4.8304e-005,0.0206569
4.8308e-005,0.0201311
4.8312e-005,0.0201955
4.8316e-005,0.0200517
4.832e-005,0.0200467
4.8324e-005,0.019759
4.8328e-005,0.0206122
4.8332e-005,0.0203047
4.8336e-005,0.0199723
4.834e-005,0.0201013
4.8344e-005,0.0196499
4.8348e-005,0.0201062
4.8352e-005,0.0202154
4.8356e-005,0.0201062
4.836e-005,0.0201459
4.8364e-005,0.0202154
4.8368e-005,0.0200418
4.8372e-005,0.0203096
4.8376e-005,0.0200864
4.838e-005,0.0199574
4.8384e-005,0.0200814
4.8388e-005,0.020647
4.8392e-005,0.0203989
4.8396e-005,0.0203196
4.84e-005,0.0201162
4.8404e-005,0.0201906
4.8408e-005,0.0199525
4.8412e-005,0.0199723
4.8416e-005,0.0204485
4.842e-005,0.019888
4.8424e-005,0.0200666
4.8428e-005,0.0199475
4.8432e-005,0.0203196
4.8436e-005,0.019883
4.844e-005,0.0204088
4.8444e-005,0.0197689
4.8448e-005,0.0201013
4.8452e-005,0.0197094
4.8456e-005,0.0199574
4.846e-005,0.0202005
4.8464e-005,0.0200616
4.8468e-005,0.0204436
4.8472e-005,0.0201013
4.8476e-005,0.0202203
4.848e-005,0.019888
4.8484e-005,0.0198929
4.8488e-005,0.0202005
4.8492e-005,0.020394
4.8496e-005,0.0204188
4.85e-005,0.0201211
4.8504e-005,0.0200517
4.8508e-005,0.0201707
4.8512e-005,0.0199029
4.8516e-005,0.0200517
4.852e-005,0.0205279
4.8524e-005,0.0202253
4.8528e-005,0.0204237
4.8532e-005,0.02026
4.8536e-005,0.0195854
4.854e-005,0.0201856
4.8544e-005,0.0198235
4.8548e-005,0.0200318
4.8552e-005,0.0202352
4.8556e-005,0.0200219
4.856e-005,0.020771
4.8564e-005,0.0204634
4.8568e-005,0.0202253
4.8572e-005,0.0202352
4.8576e-005,0.0205378
4.858e-005,0.0201807
4.8584e-005,0.0205477
4.8588e-005,0.0200219
4.8592e-005,0.0204981
4.8596e-005,0.0199227
4.86e-005,0.0203047
4.8604e-005,0.0199922
4.8608e-005,0.02026
4.8612e-005,0.0204386
4.8616e-005,0.020647
4.862e-005,0.020384
4.8624e-005,0.0208156
4.8628e-005,0.0204634
4.8632e-005,0.0203295
4.8636e-005,0.0208603
4.864e-005,0.0207809
4.8644e-005,0.0204436
4.8648e-005,0.020389
4.8652e-005,0.0205229
4.8656e-005,0.0204088
4.866e-005,0.0206718
4.8664e-005,0.020394
4.8668e-005,0.0206519
4.8672e-005,0.0207362
4.8676e-005,0.0200963
4.868e-005,0.0205527
4.8684e-005,0.0202501
4.8688e-005,0.0204188
4.8692e-005,0.0202005
4.8696e-005,0.0200765
4.87e-005,0.0199525
4.8704e-005,0.0202104
4.8708e-005,0.019759
4.8712e-005,0.0195804
4.8716e-005,0.0213464
4.872e-005,0.021773
4.8724e-005,0.0210736
4.8728e-005,0.0218623
4.8732e-005,0.0216936
4.8736e-005,0.0218127
4.874e-005,0.0207859
4.8744e-005,0.0193473
4.8748e-005,0.0194068
4.8752e-005,0.0187322
4.8756e-005,0.0182808
4.876e-005,0.0182014
4.8764e-005,0.013841
4.8768e-005,0.00312118
4.8772e-005,0.000814499
4.8776e-005,-0.000698482
4.878e-005,-0.0005199
4.8784e-005,-5.85651e-005
4.8788e-005,-0.000301634
4.8792e-005,-4.86439e-005
4.8796e-005,0.000229149
4.88e-005,-0.00093163
4.8804e-005,0.00332456
4.8808e-005,0.0146546
4.8812e-005,0.0187867
4.8816e-005,0.0190794
4.882e-005,0.0207214
4.8824e-005,0.0217333
4.8828e-005,0.022026
4.8832e-005,0.022909
4.8836e-005,0.0235439
4.884e-005,0.0234199
4.8844e-005,0.0241094
4.8848e-005,0.0244567
4.8852e-005,0.0247345
4.8856e-005,0.0251909
4.886e-005,0.0258804
4.8864e-005,0.0254935
4.8868e-005,0.0258357
4.8872e-005,0.025806
4.8876e-005,0.0252008
4.888e-005,0.0257068
4.8884e-005,0.0253694
4.8888e-005,0.0261135
4.8892e-005,0.0258407
4.8896e-005,0.026183
4.89e-005,0.02593
4.8904e-005,0.0262772
4.8908e-005,0.0256572
4.8912e-005,0.025682
4.8916e-005,0.0254538
4.892e-005,0.0257068
4.8924e-005,0.0252851
4.8928e-005,0.0258308
4.8932e-005,0.0255827
4.8936e-005,0.026054
4.894e-005,0.0256621
4.8944e-005,0.0258109
4.8948e-005,0.025682
4.8952e-005,0.0257316
4.8956e-005,0.025553
4.896e-005,0.0261383
4.8964e-005,0.0260143
4.8968e-005,0.0261086
4.8972e-005,0.0257464
4.8976e-005,0.0257365
4.898e-005,0.0263417
4.8984e-005,0.0257514
4.8988e-005,0.02593
4.8992e-005,0.0255877
4.8996e-005,0.0257663
4.9e-005,0.0257068
4.9004e-005,0.0255728
4.9008e-005,0.0259201
4.9012e-005,0.0260887
4.9016e-005,0.026059
4.902e-005,0.0253496
4.9024e-005,0.0254885
4.9028e-005,0.0253744
4.9032e-005,0.0253694
4.9036e-005,0.0252603
4.904e-005,0.0250619
4.9044e-005,0.0249279
4.9048e-005,0.0250172
4.9052e-005,0.0252901
4.9056e-005,0.0259647
4.906e-005,0.0252504
4.9064e-005,0.0258953
4.9068e-005,0.0254389
4.9072e-005,0.0253645
4.9076e-005,0.0250619
4.908e-005,0.0253546
4.9084e-005,0.024923
4.9088e-005,0.0261234
4.9092e-005,0.0252355
4.9096e-005,0.0253744
4.91e-005,0.0252454
4.9104e-005,0.02467
4.9108e-005,0.0255679
4.9112e-005,0.0244368
4.9116e-005,0.0257514
4.912e-005,0.0246452
4.9124e-005,0.024923
4.9128e-005,0.0250718
4.9132e-005,0.0251313
4.9136e-005,0.0255679
4.914e-005,0.0253645
4.9144e-005,0.0256671
4.9148e-005,0.0249081
4.9152e-005,0.0252355
4.9156e-005,0.0253347
4.916e-005,0.0249131
4.9164e-005,0.0251561
4.9168e-005,0.0253843
4.9172e-005,0.0256373
4.9176e-005,0.0253893
4.918e-005,0.0248535
4.9184e-005,0.0249428
4.9188e-005,0.0256373
4.9192e-005,0.0251016
4.9196e-005,0.0252256
4.92e-005,0.0260689
4.9204e-005,0.0255728
4.9208e-005,0.025042
4.9212e-005,0.0250966
4.9216e-005,0.0253546
4.922e-005,0.0252305
4.9224e-005,0.02593
4.9228e-005,0.0250867
4.9232e-005,0.0251363
4.9236e-005,0.0247295
4.924e-005,0.0254984
4.9244e-005,0.0251859
4.9248e-005,0.0251016
4.9252e-005,0.025682
4.9256e-005,0.025052
4.926e-005,0.0251611
4.9264e-005,0.0252305
4.9268e-005,0.0255728
4.9272e-005,0.0257712
4.9276e-005,0.0251115
4.928e-005,0.0256175
4.9284e-005,0.0255282
4.9288e-005,0.0253843
4.9292e-005,0.0256274
4.9296e-005,0.025171
4.93e-005,0.0254141
4.9304e-005,0.025176
4.9308e-005,0.0253694
4.9312e-005,0.0256472
4.9316e-005,0.0250867
4.932e-005,0.024923
4.9324e-005,0.0254339
4.9328e-005,0.0256075
4.9332e-005,0.0256224
4.9336e-005,0.0259746
4.934e-005,0.0252851
4.9344e-005,0.0254091
4.9348e-005,0.025052
4.9352e-005,0.0248089
4.9356e-005,0.0251611
4.936e-005,0.0253645
4.9364e-005,0.0247444
4.9368e-005,0.025295
4.9372e-005,0.0250619
4.9376e-005,0.025047
4.938e-005,0.0250222
4.9384e-005,0.0256324
4.9388e-005,0.0247742
4.9392e-005,0.0250817
4.9396e-005,0.0250272
4.94e-005,0.0250172
4.9404e-005,0.0250817
4.9408e-005,0.0248684
4.9412e-005,0.0244368
4.9416e-005,0.0255679
4.942e-005,0.0253298
4.9424e-005,0.025042
4.9428e-005,0.025052
4.9432e-005,0.0256472
4.9436e-005,0.0249875
4.944e-005,0.0253248
4.9444e-005,0.0257861
4.9448e-005,0.0253794
4.9452e-005,0.0250817
4.9456e-005,0.02467
4.946e-005,0.0249478
4.9464e-005,0.0251611
4.9468e-005,0.0250718
4.9472e-005,0.0247394
4.9476e-005,0.0247543
4.948e-005,0.024422
4.9484e-005,0.0245261
4.9488e-005,0.0253298
4.9492e-005,0.0255282
4.9496e-005,0.0252702
4.95e-005,0.0259548
4.9504e-005,0.0259548
4.9508e-005,0.0235588
4.9512e-005,0.0200765
4.9516e-005,0.0193324
4.952e-005,0.0188562
4.9524e-005,0.0188512
4.9528e-005,0.0186726
4.9532e-005,0.0139055
4.9536e-005,0.00330472
4.954e-005,0.00123119
4.9544e-005,-0.000113132
4.9548e-005,-0.000232186
4.9552e-005,0.000368046
4.9556e-005,-0.000425649
4.956e-005,-0.000490137
4.9564e-005,0.000740091
4.9568e-005,-0.00104076
4.9572e-005,0.00305173
4.9576e-005,0.0151407
4.958e-005,0.0186478
4.9584e-005,0.0199624
4.9588e-005,0.0220756
4.9592e-005,0.0240152
4.9596e-005,0.0247494
4.96e-005,0.0253
4.9604e-005,0.0269568
4.9608e-005,0.0278299
4.9612e-005,0.0281176
4.9616e-005,0.0283508
4.962e-005,0.0290304
4.9624e-005,0.029829
4.9628e-005,0.029705
4.9632e-005,0.030335
4.9636e-005,0.0299729
4.964e-005,0.0305086
4.9644e-005,0.0307864
4.9648e-005,0.0308608
4.9652e-005,0.0308955
4.9656e-005,0.0312229
4.966e-005,0.0310543
4.9664e-005,0.0302209
4.9668e-005,0.0308013
4.9672e-005,0.0311287
4.9676e-005,0.0303201
4.968e-005,0.0311634
4.9684e-005,0.0310592
4.9688e-005,0.0309898
4.9692e-005,0.0301217
4.9696e-005,0.0314908
4.97e-005,0.0303449
4.9704e-005,0.0310692
4.9708e-005,0.0307715
4.9712e-005,0.0304789
4.9716e-005,0.0301614
4.972e-005,0.0301862
4.9724e-005,0.0304243
4.9728e-005,0.0302407
4.9732e-005,0.030707
4.9736e-005,0.0300225
4.974e-005,0.0304789
4.9744e-005,0.0308211
4.9748e-005,0.030836
4.9752e-005,0.0306822
4.9756e-005,0.0308658
4.976e-005,0.0300026
4.9764e-005,0.0303598
4.9768e-005,0.0300572
4.9772e-005,0.030583
4.9776e-005,0.030588
4.978e-005,0.0304491
4.9784e-005,0.0303598
4.9788e-005,0.0302655
4.9792e-005,0.0302507
4.9796e-005,0.0303945
4.98e-005,0.0307765
4.9804e-005,0.0303102
4.9808e-005,0.0306872
4.9812e-005,0.0307715
4.9816e-005,0.0308311
4.982e-005,0.0301763
4.9824e-005,0.030206
4.9828e-005,0.031094
4.9832e-005,0.0301068
4.9836e-005,0.0301614
4.984e-005,0.0305384
4.9844e-005,0.0303896
4.9848e-005,0.0298489
4.9852e-005,0.0302804
4.9856e-005,0.0304888
4.986e-005,0.0304689
4.9864e-005,0.0306029
4.9868e-005,0.030077
4.9872e-005,0.0299183
4.9876e-005,0.0302556
4.988e-005,0.0297546
4.9884e-005,0.0304144
4.9888e-005,0.0312775
4.9892e-005,0.0303598
4.9896e-005,0.0304193
4.99e-005,0.0306872
4.9904e-005,0.0300374
4.9908e-005,0.0303995
4.9912e-005,0.0302655
4.9916e-005,0.0300374
4.992e-005,0.0303598
4.9924e-005,0.0304144
4.9928e-005,0.0308608
4.9932e-005,0.0296207
4.9936e-005,0.030335
4.994e-005,0.030211
4.9944e-005,0.030841
4.9948e-005,0.0303201
4.9952e-005,0.0301316
4.9956e-005,0.0304292
4.996e-005,0.0302705
4.9964e-005,0.0301018
4.9968e-005,0.0301415
4.9972e-005,0.0305334
4.9976e-005,0.0303548
4.998e-005,0.0305086
4.9984e-005,0.0301564
4.9988e-005,0.0298786
4.9992e-005,0.0305384
4.9996e-005,0.030717
5e-005,0.0305731
5.0004e-005,0.0306426
5.0008e-005,0.0311039
5.0012e-005,0.0300374
5.0016e-005,0.030454
5.002e-005,0.0306475
5.0024e-005,0.0308112
5.0028e-005,0.0300225
5.0032e-005,0.0306177
5.0036e-005,0.0301763
5.004e-005,0.030087
5.0044e-005,0.0302655
5.0048e-005,0.0306773
5.0052e-005,0.0307269
5.0056e-005,0.0307864
5.006e-005,0.0307368
5.0064e-005,0.0303548
5.0068e-005,0.0307021
5.0072e-005,0.030464
5.0076e-005,0.0306723
5.008e-005,0.0305334
5.0084e-005,0.0301266
5.0088e-005,0.0306177
5.0092e-005,0.0305285
5.0096e-005,0.0302903
5.01e-005,0.0308311
5.0104e-005,0.030707
5.0108e-005,0.0306624
5.0112e-005,0.0306029
5.0116e-005,0.0301911
5.012e-005,0.0298637
5.0124e-005,0.0302705
5.0128e-005,0.0308707
5.0132e-005,0.029834
5.0136e-005,0.0300969
5.014e-005,0.0297992
5.0144e-005,0.0300175
5.0148e-005,0.0303052
5.0152e-005,0.0301663
5.0156e-005,0.0301763
5.016e-005,0.0303449
5.0164e-005,0.0302209
5.0168e-005,0.0300969
5.0172e-005,0.0300473
5.0176e-005,0.0298985
5.018e-005,0.0301713
5.0184e-005,0.0304838
5.0188e-005,0.03033
5.0192e-005,0.0297943
5.0196e-005,0.0302457
5.02e-005,0.0303648
5.0204e-005,0.0299233
5.0208e-005,0.029333
5.0212e-005,0.0302854
5.0216e-005,0.0301862
5.022e-005,0.0303846
5.0224e-005,0.0302755
5.0228e-005,0.0301366
5.0232e-005,0.0298836
5.0236e-005,0.0305136
5.024e-005,0.0303102
5.0244e-005,0.0300374
5.0248e-005,0.0302011
5.0252e-005,0.029328
5.0256e-005,0.0294024
5.026e-005,0.0295016
5.0264e-005,0.0289559
5.0268e-005,0.0287724
5.0272e-005,0.0292585
5.0276e-005,0.0262177
5.028e-005,0.0205725
5.0284e-005,0.0200368
5.0288e-005,0.0197193
5.0292e-005,0.0188661
5.0296e-005,0.0180426
5.03e-005,0.0146149
5.0304e-005,0.0036966
5.0308e-005,0.00101788
5.0312e-005,-0.000614152
5.0316e-005,-0.000703442
5.032e-005,1.58439e-005
5.0324e-005,0.000377967
5.0328e-005,0.000115056
5.0332e-005,-0.000321477
5.0336e-005,-0.0013384
5.034e-005,0.00326503
5.0344e-005,0.0157608
5.0348e-005,0.0175119
5.0352e-005,0.0180674
5.0356e-005,0.0182907
5.036e-005,0.0178095
5.0364e-005,0.017244
5.0368e-005,0.01775
5.0372e-005,0.0173878
5.0376e-005,0.0176855
5.038e-005,0.0167479
5.0384e-005,0.017745
5.0388e-005,0.0175069
5.0392e-005,0.0169017
5.0396e-005,0.0167926
5.04e-005,0.0175416
5.0404e-005,0.0167926
5.0408e-005,0.0171249
5.0412e-005,0.0174722
5.0416e-005,0.0168521
5.042e-005,0.0163362
5.0424e-005,0.0171547
5.0428e-005,0.0167777
5.0432e-005,0.0161229
5.0436e-005,0.0170108
5.044e-005,0.0171845
5.0444e-005,0.016996
5.0448e-005,0.0170952
5.0452e-005,0.016862
5.0456e-005,0.017115
5.046e-005,0.0167827
5.0464e-005,0.0164106
5.0468e-005,0.016986
5.0472e-005,0.0172787
5.0476e-005,0.0168819
5.048e-005,0.0170456
5.0484e-005,0.0171249
5.0488e-005,0.0168273
5.0492e-005,0.0169017
5.0496e-005,0.0173184
5.05e-005,0.0166636
5.0504e-005,0.0168422
5.0508e-005,0.0163312
5.0512e-005,0.0168719
5.0516e-005,0.0166586
5.052e-005,0.0172886
5.0524e-005,0.016619
5.0528e-005,0.016738
5.0532e-005,0.0166636
5.0536e-005,0.0171696
5.054e-005,0.0162618
5.0544e-005,0.0171845
5.0548e-005,0.0160237
5.0552e-005,0.01712
5.0556e-005,0.0168174
5.056e-005,0.0174325
5.0564e-005,0.0171547
5.0568e-005,0.0171646
5.0572e-005,0.0171745
5.0576e-005,0.0172241
5.058e-005,0.0170456
5.0584e-005,0.0175714
5.0588e-005,0.0173829
5.0592e-005,0.0171101
5.0596e-005,0.0177004
5.06e-005,0.01649
5.0604e-005,0.0168769
5.0608e-005,0.0166834
5.0612e-005,0.0171448
5.0616e-005,0.0174226
5.062e-005,0.0173333
5.0624e-005,0.0171894
5.0628e-005,0.0166586
5.0632e-005,0.0166289
5.0636e-005,0.0172291
5.064e-005,0.0171944
5.0644e-005,0.0173134
5.0648e-005,0.0176111
5.0652e-005,0.0172738
5.0656e-005,0.0166636
5.066e-005,0.0160882
5.0664e-005,0.0166586
5.0668e-005,0.0169612
5.0672e-005,0.016991
5.0676e-005,0.0162023
5.068e-005,0.0170902
5.0684e-005,0.0170257
5.0688e-005,0.017363
5.0692e-005,0.0169315
5.0696e-005,0.0173581
5.07e-005,0.0168918
5.0704e-005,0.0164801
5.0708e-005,0.0166785
5.0712e-005,0.0170208
5.0716e-005,0.0169513
5.072e-005,0.0168521
5.0724e-005,0.016996
5.0728e-005,0.0174771
5.0732e-005,0.0170307
5.0736e-005,0.0170158
5.074e-005,0.0167529
5.0744e-005,0.0170406
5.0748e-005,0.0174325
5.0752e-005,0.0172043
5.0756e-005,0.0173184
5.076e-005,0.0177252
5.0764e-005,0.016862
5.0768e-005,0.0169464
5.0772e-005,0.0173085
5.0776e-005,0.0170456
5.078e-005,0.0173928
5.0784e-005,0.0175813
5.0788e-005,0.0169067
5.0792e-005,0.0174077
5.0796e-005,0.0172688
5.08e-005,0.0169563
5.0804e-005,0.0177897
5.0808e-005,0.0170059
5.0812e-005,0.016609
5.0816e-005,0.0169315
5.082e-005,0.0165098
5.0824e-005,0.0173779
5.0828e-005,0.0172539
5.0832e-005,0.0175416
5.0836e-005,0.016991
5.084e-005,0.0169265
5.0844e-005,0.0172291
5.0848e-005,0.016614
5.0852e-005,0.016986
5.0856e-005,0.0168372
5.086e-005,0.0161824
5.0864e-005,0.0167926
5.0868e-005,0.0169265
5.0872e-005,0.0168323
5.0876e-005,0.0168918
5.088e-005,0.0169315
5.0884e-005,0.0165991
5.0888e-005,0.0167082
5.0892e-005,0.0168819
5.0896e-005,0.0171398
5.09e-005,0.0170307
5.0904e-005,0.0165991
5.0908e-005,0.0174325
5.0912e-005,0.0166785
5.0916e-005,0.0171101
5.092e-005,0.0171547
5.0924e-005,0.016614
5.0928e-005,0.016614
5.0932e-005,0.0164999
5.0936e-005,0.0172341
5.094e-005,0.0166785
5.0944e-005,0.0173482
5.0948e-005,0.0172837
5.0952e-005,0.0173978
5.0956e-005,0.0169712
5.096e-005,0.0167182
5.0964e-005,0.0167876
5.0968e-005,0.0167578
5.0972e-005,0.0167033
5.0976e-005,0.017497
5.098e-005,0.0170952
5.0984e-005,0.0172688
5.0988e-005,0.0166884
5.0992e-005,0.0170158
5.0996e-005,0.0174672
5.1e-005,0.0174176
5.1004e-005,0.0164106
5.1008e-005,0.0169215
5.1012e-005,0.0163808
5.1016e-005,0.0166041
5.102e-005,0.0174077
5.1024e-005,0.0185437
5.1028e-005,0.0192381
5.1032e-005,0.0194614
5.1036e-005,0.0191389
5.104e-005,0.0193225
5.1044e-005,0.0189455
5.1048e-005,0.019134
5.1052e-005,0.0186528
5.1056e-005,0.018752
5.106e-005,0.0181369
5.1064e-005,0.0186478
5.1068e-005,0.0154433
5.1072e-005,0.00232748
5.1076e-005,0.00108733
5.108e-005,-0.000614152
5.1084e-005,3.07256e-005
5.1088e-005,-8.95912e-006
5.1092e-005,-0.000797694
5.1096e-005,0.00040277
5.11e-005,-3.37621e-005
5.1104e-005,-0.00142273
5.1108e-005,0.00337417
5.1112e-005,0.0153391
5.1116e-005,0.0169017
5.112e-005,0.0181419
5.1124e-005,0.0189207
5.1128e-005,0.0194415
5.1132e-005,0.0196648
5.1136e-005,0.020012
5.114e-005,0.0196449
5.1144e-005,0.0195705
5.1148e-005,0.0201707
5.1152e-005,0.0204485
5.1156e-005,0.0198483
5.116e-005,0.0195507
5.1164e-005,0.020513
5.1168e-005,0.0206023
5.1172e-005,0.0206966
5.1176e-005,0.0205477
5.118e-005,0.0203642
5.1184e-005,0.0209297
5.1188e-005,0.0202898
5.1192e-005,0.0209247
5.1196e-005,0.0205676
5.12e-005,0.020518
5.1204e-005,0.0201707
5.1208e-005,0.0208603
5.1212e-005,0.0207511
5.1216e-005,0.0202055
5.122e-005,0.0204188
5.1224e-005,0.0205924
5.1228e-005,0.020384
5.1232e-005,0.0202203
5.1236e-005,0.019888
5.124e-005,0.0197987
5.1244e-005,0.0204436
5.1248e-005,0.0205626
5.1252e-005,0.0202104
5.1256e-005,0.0205229
5.126e-005,0.0202203
