Time,Ampl
4.126e-005,0.0471762
4.1264e-005,0.046824
4.1268e-005,0.0463081
4.1272e-005,0.0473349
4.1276e-005,0.0459609
4.128e-005,0.0457674
4.1284e-005,0.0459013
4.1288e-005,0.046695
4.1292e-005,0.0464668
4.1296e-005,0.0460353
4.13e-005,0.0467149
4.1304e-005,0.046447
4.1308e-005,0.0464718
4.1312e-005,0.0466256
4.1316e-005,0.046953
4.132e-005,0.0465214
4.1324e-005,0.0469927
4.1328e-005,0.0469827
4.1332e-005,0.0466702
4.1336e-005,0.0462139
4.134e-005,0.0458617
4.1344e-005,0.0472109
4.1348e-005,0.046452
4.1352e-005,0.0467099
4.1356e-005,0.0465909
4.136e-005,0.0464817
4.1364e-005,0.0462932
4.1368e-005,0.0464222
4.1372e-005,0.0462188
4.1376e-005,0.0464817
4.138e-005,0.0462783
4.1384e-005,0.0461692
4.1388e-005,0.0462535
4.1392e-005,0.0468935
4.1396e-005,0.0473746
4.14e-005,0.0462833
4.1404e-005,0.0467298
4.1408e-005,0.0467942
4.1412e-005,0.0466355
4.1416e-005,0.0462486
4.142e-005,0.046571
4.1424e-005,0.0459807
4.1428e-005,0.0465958
4.1432e-005,0.0468885
4.1436e-005,0.0464172
4.144e-005,0.0471266
4.1444e-005,0.0467496
4.1448e-005,0.0459311
4.1452e-005,0.0434657
4.1456e-005,0.038892
4.146e-005,0.0369673
4.1464e-005,0.0359206
4.1468e-005,0.0352906
4.1472e-005,0.0352063
4.1476e-005,0.0296703
4.148e-005,0.0217234
4.1484e-005,0.0201013
4.1488e-005,0.0187123
4.1492e-005,0.0186578
4.1496e-005,0.0188909
4.15e-005,0.0148282
4.1504e-005,0.00338905
4.1508e-005,0.00137009
4.1512e-005,-0.000480216
4.1516e-005,-0.000361161
4.152e-005,-2.38409e-005
4.1524e-005,0.000214268
4.1528e-005,-1.88803e-005
4.1532e-005,-0.000410767
4.1536e-005,-0.000792733
4.154e-005,0.00459447
4.1544e-005,0.0169364
4.1548e-005,0.0184296
4.1552e-005,0.0189455
4.1556e-005,0.0196896
4.156e-005,0.0191191
4.1564e-005,0.0185734
4.1568e-005,0.0188512
4.1572e-005,0.0196896
4.1576e-005,0.0186974
4.158e-005,0.0188611
4.1584e-005,0.0192034
4.1588e-005,0.0190645
4.1592e-005,0.0198929
4.1596e-005,0.0194018
4.16e-005,0.0193721
4.1604e-005,0.0193126
4.1608e-005,0.0192679
4.1612e-005,0.0198433
4.1616e-005,0.0193473
4.162e-005,0.0201459
4.1624e-005,0.0199872
4.1628e-005,0.0192481
4.1632e-005,0.0191737
4.1636e-005,0.019506
4.164e-005,0.0194415
4.1644e-005,0.0198235
4.1648e-005,0.019511
4.1652e-005,0.0196449
4.1656e-005,0.0197342
4.166e-005,0.0197689
4.1664e-005,0.0193919
4.1668e-005,0.0198334
4.1672e-005,0.0193026
4.1676e-005,0.0189852
4.168e-005,0.0199922
4.1684e-005,0.0193721
4.1688e-005,0.0201062
4.1692e-005,0.0199425
4.1696e-005,0.0198086
4.17e-005,0.019258
4.1704e-005,0.0199177
4.1708e-005,0.0186379
4.1712e-005,0.0190546
4.1716e-005,0.0195903
4.172e-005,0.0196747
4.1724e-005,0.0194614
4.1728e-005,0.019258
4.1732e-005,0.0195457
4.1736e-005,0.0192927
4.174e-005,0.0197491
4.1744e-005,0.0195655
4.1748e-005,0.0189604
4.1752e-005,0.0189207
4.1756e-005,0.0190744
4.176e-005,0.0191191
4.1764e-005,0.0193175
4.1768e-005,0.0192927
4.1772e-005,0.0189058
4.1776e-005,0.0199376
4.178e-005,0.0194713
4.1784e-005,0.0193126
4.1788e-005,0.0190794
4.1792e-005,0.0195308
4.1796e-005,0.0191439
4.18e-005,0.0194713
4.1804e-005,0.0193522
4.1808e-005,0.01901
4.1812e-005,0.0189554
4.1816e-005,0.0186875
4.182e-005,0.0180724
4.1824e-005,0.0191042
4.1828e-005,0.0191836
4.1832e-005,0.0189157
4.1836e-005,0.0189752
4.184e-005,0.0183452
4.1844e-005,0.0189951
4.1848e-005,0.0191241
4.1852e-005,0.0184048
4.1856e-005,0.0188413
4.186e-005,0.0192778
4.1864e-005,0.0196102
4.1868e-005,0.0188512
4.1872e-005,0.0194415
4.1876e-005,0.019
4.188e-005,0.0189802
4.1884e-005,0.0193919
4.1888e-005,0.0187123
4.1892e-005,0.0191786
4.1896e-005,0.0185189
4.19e-005,0.0191092
4.1904e-005,0.019129
4.1908e-005,0.0189058
4.1912e-005,0.019129
4.1916e-005,0.0189207
4.192e-005,0.0188909
4.1924e-005,0.0186032
4.1928e-005,0.018881
4.1932e-005,0.0187669
4.1936e-005,0.0191786
4.194e-005,0.0189554
4.1944e-005,0.0190546
4.1948e-005,0.0187272
4.1952e-005,0.0189802
4.1956e-005,0.0189752
4.196e-005,0.0189207
4.1964e-005,0.0196052
4.1968e-005,0.0191092
4.1972e-005,0.0189058
4.1976e-005,0.0192233
4.198e-005,0.0190546
4.1984e-005,0.0189852
4.1988e-005,0.0191389
4.1992e-005,0.0193473
4.1996e-005,0.0190348
4.2e-005,0.0190992
4.2004e-005,0.0194167
4.2008e-005,0.0190447
4.2012e-005,0.0190844
4.2016e-005,0.0191737
4.202e-005,0.0192828
4.2024e-005,0.019134
4.2028e-005,0.0191042
4.2032e-005,0.0192034
4.2036e-005,0.0191538
4.204e-005,0.01901
4.2044e-005,0.0196449
4.2048e-005,0.0187619
4.2052e-005,0.0187322
4.2056e-005,0.0193473
4.206e-005,0.0188016
4.2064e-005,0.0189951
4.2068e-005,0.0192878
4.2072e-005,0.0192729
4.2076e-005,0.0189058
4.208e-005,0.0191737
4.2084e-005,0.0194862
4.2088e-005,0.0196251
4.2092e-005,0.0194465
4.2096e-005,0.0190844
4.21e-005,0.0189554
4.2104e-005,0.019387
4.2108e-005,0.0189207
4.2112e-005,0.0193572
4.2116e-005,0.0188711
4.212e-005,0.0191042
4.2124e-005,0.0192778
4.2128e-005,0.0184941
4.2132e-005,0.0194614
4.2136e-005,0.0186974
4.214e-005,0.0184792
4.2144e-005,0.0186379
4.2148e-005,0.0185536
4.2152e-005,0.0186677
4.2156e-005,0.0183552
4.216e-005,0.0188463
4.2164e-005,0.0185337
4.2168e-005,0.0188314
4.2172e-005,0.019005
4.2176e-005,0.0191637
4.218e-005,0.0190943
4.2184e-005,0.0190596
4.2188e-005,0.0193572
4.2192e-005,0.0192481
4.2196e-005,0.0195457
4.22e-005,0.0192332
4.2204e-005,0.0189455
4.2208e-005,0.0197094
4.2212e-005,0.0185486
4.2216e-005,0.0184196
4.222e-005,0.0193721
4.2224e-005,0.0197292
4.2228e-005,0.0204882
4.2232e-005,0.0207263
4.2236e-005,0.0207759
4.224e-005,0.0208156
4.2244e-005,0.0194614
4.2248e-005,0.0184445
4.2252e-005,0.0187967
4.2256e-005,0.0183403
4.226e-005,0.0188463
4.2264e-005,0.0172539
4.2268e-005,0.0136525
4.2272e-005,0.00308149
4.2276e-005,0.000730169
4.228e-005,0.00014978
4.2284e-005,0.000239071
4.2288e-005,-0.00051494
4.2292e-005,-0.000385964
4.2296e-005,-0.000132974
4.23e-005,-0.000738166
4.2304e-005,-0.00125903
4.2308e-005,0.00376109
4.2312e-005,0.0164205
4.2316e-005,0.0178393
4.232e-005,0.0193423
4.2324e-005,0.0208702
4.2328e-005,0.022403
4.2332e-005,0.0232215
4.2336e-005,0.0240202
4.234e-005,0.0248238
4.2344e-005,0.0250619
4.2348e-005,0.0253645
4.2352e-005,0.0261433
4.2356e-005,0.0264012
4.236e-005,0.0269866
4.2364e-005,0.0270858
4.2368e-005,0.0276166
4.2372e-005,0.0266145
4.2376e-005,0.0277406
4.238e-005,0.0282317
4.2384e-005,0.0269469
4.2388e-005,0.0277555
4.2392e-005,0.0276364
4.2396e-005,0.0279886
4.24e-005,0.0277158
4.2404e-005,0.027433
4.2408e-005,0.0276811
4.2412e-005,0.0278845
4.2416e-005,0.0273785
4.242e-005,0.0274777
4.2424e-005,0.0273735
4.2428e-005,0.0275967
4.2432e-005,0.0276612
4.2436e-005,0.0279787
4.244e-005,0.0276563
4.2444e-005,0.0270511
4.2448e-005,0.0275223
4.2452e-005,0.0273537
4.2456e-005,0.02719
4.246e-005,0.0276761
4.2464e-005,0.0278349
4.2468e-005,0.0275075
4.2472e-005,0.0277257
4.2476e-005,0.0277356
4.248e-005,0.027443
4.2484e-005,0.0272942
4.2488e-005,0.0273487
4.2492e-005,0.0270263
4.2496e-005,0.0274975
4.25e-005,0.0272148
4.2504e-005,0.0274628
4.2508e-005,0.027066
4.2512e-005,0.028068
4.2516e-005,0.0278597
4.252e-005,0.0277952
4.2524e-005,0.0278349
4.2528e-005,0.0278944
4.2532e-005,0.0275819
4.2536e-005,0.0273785
4.254e-005,0.0271007
4.2544e-005,0.0277704
4.2548e-005,0.0270709
4.2552e-005,0.026932
4.2556e-005,0.0271999
4.256e-005,0.027056
4.2564e-005,0.0272247
4.2568e-005,0.0274479
4.2572e-005,0.0276315
4.2576e-005,0.0269419
4.258e-005,0.0273934
4.2584e-005,0.0273834
4.2588e-005,0.0271404
4.2592e-005,0.0273388
4.2596e-005,0.0279341
4.26e-005,0.0271255
4.2604e-005,0.0271652
4.2608e-005,0.0274082
4.2612e-005,0.027939
4.2616e-005,0.0276067
4.262e-005,0.0275769
4.2624e-005,0.0272942
4.2628e-005,0.0270759
4.2632e-005,0.0267386
4.2636e-005,0.027562
4.264e-005,0.0271999
4.2644e-005,0.0271255
4.2648e-005,0.0278249
4.2652e-005,0.0271949
4.2656e-005,0.0277108
4.266e-005,0.027185
4.2664e-005,0.0275571
4.2668e-005,0.0272842
4.2672e-005,0.0275124
4.2676e-005,0.02782
4.268e-005,0.0272594
4.2684e-005,0.0264707
4.2688e-005,0.02719
4.2692e-005,0.0269023
4.2696e-005,0.0272991
4.27e-005,0.0274827
4.2704e-005,0.0269668
4.2708e-005,0.0277257
4.2712e-005,0.0276067
4.2716e-005,0.0271354
4.272e-005,0.0273586
4.2724e-005,0.0274678
4.2728e-005,0.0275918
4.2732e-005,0.0270015
4.2736e-005,0.0278745
4.274e-005,0.0274033
4.2744e-005,0.0272743
4.2748e-005,0.0269767
4.2752e-005,0.0275372
4.2756e-005,0.0273537
4.276e-005,0.0275025
4.2764e-005,0.0273636
4.2768e-005,0.0270759
4.2772e-005,0.027309
4.2776e-005,0.0274132
4.278e-005,0.0274628
4.2784e-005,0.0273487
4.2788e-005,0.0274777
4.2792e-005,0.027567
4.2796e-005,0.0276513
4.28e-005,0.0276215
4.2804e-005,0.0269965
4.2808e-005,0.027562
4.2812e-005,0.0280035
4.2816e-005,0.0273041
4.282e-005,0.0276414
4.2824e-005,0.0271305
4.2828e-005,0.0270263
4.2832e-005,0.0276265
4.2836e-005,0.0279886
4.284e-005,0.0277009
4.2844e-005,0.0272545
4.2848e-005,0.028073
4.2852e-005,0.027061
4.2856e-005,0.0280134
4.286e-005,0.0274132
4.2864e-005,0.0272197
4.2868e-005,0.0273537
4.2872e-005,0.0277108
4.2876e-005,0.0274578
4.288e-005,0.0270114
4.2884e-005,0.0274529
4.2888e-005,0.0276364
4.2892e-005,0.028326
4.2896e-005,0.0276662
4.29e-005,0.0268775
4.2904e-005,0.028068
4.2908e-005,0.0272743
4.2912e-005,0.0273438
4.2916e-005,0.0272445
4.292e-005,0.0276513
4.2924e-005,0.0274578
4.2928e-005,0.0272942
4.2932e-005,0.0273438
4.2936e-005,0.0277852
4.294e-005,0.0276215
4.2944e-005,0.0275025
4.2948e-005,0.0276265
4.2952e-005,0.0279738
4.2956e-005,0.0276017
4.296e-005,0.0276166
4.2964e-005,0.0276067
4.2968e-005,0.0272892
4.2972e-005,0.0274529
4.2976e-005,0.0280829
4.298e-005,0.0269271
4.2984e-005,0.0271007
4.2988e-005,0.0276166
4.2992e-005,0.0269072
4.2996e-005,0.0263764
4.3e-005,0.0273686
4.3004e-005,0.0273735
4.3008e-005,0.0273537
4.3012e-005,0.0241293
4.3016e-005,0.01964
4.302e-005,0.0197491
4.3024e-005,0.0191836
4.3028e-005,0.0185982
4.3032e-005,0.0186578
4.3036e-005,0.0149621
4.304e-005,0.00334936
4.3044e-005,0.000794657
4.3048e-005,-0.000584388
4.3052e-005,-0.000192501
4.3056e-005,-3.99852e-006
4.306e-005,-0.000108171
4.3064e-005,-0.000490137
4.3068e-005,-0.000678639
4.3072e-005,-0.000713363
4.3076e-005,0.00382062
4.308e-005,0.0164999
4.3084e-005,0.019387
4.3088e-005,0.0213315
4.3092e-005,0.0244815
4.3096e-005,0.0262425
4.31e-005,0.0273686
4.3104e-005,0.0291147
4.3108e-005,0.0302011
4.3112e-005,0.0307467
4.3116e-005,0.0316992
4.312e-005,0.0334006
4.3124e-005,0.0342489
4.3128e-005,0.0347648
4.3132e-005,0.0354444
4.3136e-005,0.036129
4.314e-005,0.0353601
4.3144e-005,0.0361438
4.3148e-005,0.0365556
4.3152e-005,0.0367391
4.3156e-005,0.0372997
4.316e-005,0.0369524
4.3164e-005,0.0372104
4.3168e-005,0.0372401
4.3172e-005,0.037508
4.3176e-005,0.0370368
4.318e-005,0.0376916
4.3184e-005,0.0377114
4.3188e-005,0.0373939
4.3192e-005,0.0375427
4.3196e-005,0.0378453
4.32e-005,0.0375626
4.3204e-005,0.037761
4.3208e-005,0.0380686
4.3212e-005,0.0373096
4.3216e-005,0.0379148
4.322e-005,0.0374981
4.3224e-005,0.0381529
4.3228e-005,0.038386
4.3232e-005,0.0381628
4.3236e-005,0.0373046
4.324e-005,0.0374584
4.3244e-005,0.0379098
4.3248e-005,0.0369673
4.3252e-005,0.038009
4.3256e-005,0.0372997
4.326e-005,0.0373939
4.3264e-005,0.0378255
4.3268e-005,0.0374435
4.3272e-005,0.0378156
4.3276e-005,0.0375675
4.328e-005,0.0373989
4.3284e-005,0.0372798
4.3288e-005,0.0374138
4.3292e-005,0.0368383
4.3296e-005,0.0369723
4.33e-005,0.0374038
4.3304e-005,0.0374534
4.3308e-005,0.0373989
4.3312e-005,0.0372649
4.3316e-005,0.0379297
4.332e-005,0.0378751
4.3324e-005,0.0375279
4.3328e-005,0.0373195
4.3332e-005,0.0375775
4.3336e-005,0.0377312
4.334e-005,0.0374782
4.3344e-005,0.0374931
4.3348e-005,0.0375031
4.3352e-005,0.0368433
4.3356e-005,0.0370219
4.336e-005,0.0371161
4.3364e-005,0.0371905
4.3368e-005,0.0374683
4.3372e-005,0.0374336
4.3376e-005,0.0370368
4.338e-005,0.0371608
4.3384e-005,0.0373344
4.3388e-005,0.0370665
4.3392e-005,0.0367193
4.3396e-005,0.0366498
4.34e-005,0.0370169
4.3404e-005,0.0372401
4.3408e-005,0.0369872
4.3412e-005,0.0374683
4.3416e-005,0.0368483
4.342e-005,0.0368929
4.3424e-005,0.0368681
4.3428e-005,0.037384
4.3432e-005,0.0376717
4.3436e-005,0.0368433
4.344e-005,0.0364861
4.3444e-005,0.0371757
4.3448e-005,0.0367986
4.3452e-005,0.0360794
4.3456e-005,0.0367391
4.346e-005,0.0371806
4.3464e-005,0.0365159
4.3468e-005,0.03663
4.3472e-005,0.0368979
4.3476e-005,0.0366846
4.348e-005,0.0369673
4.3484e-005,0.037007
4.3488e-005,0.0366002
4.3492e-005,0.0373642
4.3496e-005,0.0374981
4.35e-005,0.0370864
4.3504e-005,0.0368979
4.3508e-005,0.036878
4.3512e-005,0.0369574
4.3516e-005,0.0377957
4.352e-005,0.0366449
4.3524e-005,0.0364316
4.3528e-005,0.0367639
4.3532e-005,0.0368929
4.3536e-005,0.0370814
4.354e-005,0.0368929
4.3544e-005,0.0369623
4.3548e-005,0.0367342
4.3552e-005,0.0369971
4.3556e-005,0.0370963
4.356e-005,0.0365506
4.3564e-005,0.0369375
4.3568e-005,0.0370616
4.3572e-005,0.0362927
4.3576e-005,0.0373195
4.358e-005,0.0367342
4.3584e-005,0.036501
4.3588e-005,0.0373939
4.3592e-005,0.0371806
4.3596e-005,0.0369028
4.36e-005,0.0370268
4.3604e-005,0.0371707
4.3608e-005,0.0373294
4.3612e-005,0.0374237
4.3616e-005,0.037389
4.362e-005,0.0366945
4.3624e-005,0.037384
4.3628e-005,0.0375923
4.3632e-005,0.0368582
4.3636e-005,0.0370616
4.364e-005,0.0369723
4.3644e-005,0.036759
4.3648e-005,0.0375675
4.3652e-005,0.0373741
4.3656e-005,0.0376519
4.366e-005,0.0375527
4.3664e-005,0.0373691
4.3668e-005,0.0373939
4.3672e-005,0.0369723
4.3676e-005,0.0369772
4.368e-005,0.0370268
4.3684e-005,0.0371905
4.3688e-005,0.0374386
4.3692e-005,0.0372501
4.3696e-005,0.0374038
4.37e-005,0.0374138
4.3704e-005,0.0370764
4.3708e-005,0.0380438
4.3712e-005,0.0375626
4.3716e-005,0.0367838
4.372e-005,0.0374931
4.3724e-005,0.0372798
4.3728e-005,0.037508
4.3732e-005,0.037513
4.3736e-005,0.0378255
4.374e-005,0.0374237
4.3744e-005,0.0380934
4.3748e-005,0.0370963
4.3752e-005,0.0373046
4.3756e-005,0.0361637
4.376e-005,0.0341695
4.3764e-005,0.033098
4.3768e-005,0.0329244
4.3772e-005,0.0325077
4.3776e-005,0.0322597
4.378e-005,0.0278795
4.3784e-005,0.020895
4.3788e-005,0.019635
4.3792e-005,0.0193324
4.3796e-005,0.0190794
4.38e-005,0.0180526
4.3804e-005,0.0148431
4.3808e-005,0.00305669
4.3812e-005,0.000794657
4.3816e-005,-0.000212343
4.382e-005,-0.000564546
4.3824e-005,-0.000490137
4.3828e-005,-3.99852e-006
4.3832e-005,0.000368046
4.3836e-005,-0.000673679
4.384e-005,-0.000787772
4.3844e-005,0.00396944
4.3848e-005,0.0164949
4.3852e-005,0.0201311
4.3856e-005,0.0234497
4.386e-005,0.0265649
4.3864e-005,0.0293974
4.3868e-005,0.0319075
4.3872e-005,0.0331625
4.3876e-005,0.0350476
4.388e-005,0.0364861
4.3884e-005,0.0368731
4.3888e-005,0.0393732
4.3892e-005,0.0393682
4.3896e-005,0.0398544
4.39e-005,0.0417543
4.3904e-005,0.0423347
4.3908e-005,0.04229
4.3912e-005,0.0431383
4.3916e-005,0.0439518
4.392e-005,0.0432177
4.3924e-005,0.0441155
4.3928e-005,0.0448398
4.3932e-005,0.0440659
4.3936e-005,0.0450332
4.394e-005,0.0455442
4.3944e-005,0.0455491
4.3948e-005,0.0460005
4.3952e-005,0.0458071
4.3956e-005,0.0454797
4.396e-005,0.0461444
4.3964e-005,0.0461246
4.3968e-005,0.0456831
4.3972e-005,0.0466057
4.3976e-005,0.0464966
4.398e-005,0.0456732
4.3984e-005,0.0465611
4.3988e-005,0.0458964
4.3992e-005,0.0465165
4.3996e-005,0.0462783
4.4e-005,0.0465809
4.4004e-005,0.0462833
4.4008e-005,0.0468835
4.4012e-005,0.047082
4.4016e-005,0.0466653
4.402e-005,0.0468389
4.4024e-005,0.0460948
4.4028e-005,0.0466206
4.4032e-005,0.0467942
4.4036e-005,0.0476127
4.404e-005,0.0463478
4.4044e-005,0.0472556
4.4048e-005,0.0472853
4.4052e-005,0.0474689
4.4056e-005,0.0472705
4.406e-005,0.0473101
4.4064e-005,0.0463825
4.4068e-005,0.0472308
4.4072e-005,0.0471663
4.4076e-005,0.0465462
4.408e-005,0.047702
4.4084e-005,0.047201
4.4088e-005,0.0468637
4.4092e-005,0.0473697
4.4096e-005,0.047077
4.41e-005,0.0467198
4.4104e-005,0.0473548
4.4108e-005,0.0470125
4.4112e-005,0.0462684
4.4116e-005,0.0464916
4.412e-005,0.0467645
4.4124e-005,0.0471316
4.4128e-005,0.0467794
4.4132e-005,0.0472258
4.4136e-005,0.0471415
4.414e-005,0.0477566
4.4144e-005,0.0471961
4.4148e-005,0.0465065
4.4152e-005,0.0466008
4.4156e-005,0.046576
4.416e-005,0.0468835
4.4164e-005,0.0475036
4.4168e-005,0.0472109
4.4172e-005,0.0463924
4.4176e-005,0.0469133
4.418e-005,0.0470026
4.4184e-005,0.0467496
4.4188e-005,0.047077
4.4192e-005,0.046705
4.4196e-005,0.0461097
4.42e-005,0.0467694
4.4204e-005,0.0463776
4.4208e-005,0.0463279
4.4212e-005,0.0467347
4.4216e-005,0.0472457
4.422e-005,0.0465065
4.4224e-005,0.0472903
4.4228e-005,0.0476078
4.4232e-005,0.0471514
4.4236e-005,0.0467942
4.424e-005,0.0464966
4.4244e-005,0.0470472
4.4248e-005,0.0467694
4.4252e-005,0.0474292
4.4256e-005,0.0464718
4.426e-005,0.0477913
4.4264e-005,0.0469331
4.4268e-005,0.0471415
4.4272e-005,0.0470274
4.4276e-005,0.0470671
4.428e-005,0.046695
4.4284e-005,0.0468042
4.4288e-005,0.0467893
4.4292e-005,0.0465363
4.4296e-005,0.0471961
4.43e-005,0.0470621
4.4304e-005,0.0462833
4.4308e-005,0.0474986
4.4312e-005,0.0468835
4.4316e-005,0.0467397
4.432e-005,0.0468637
4.4324e-005,0.0470968
4.4328e-005,0.0465264
4.4332e-005,0.0472605
4.4336e-005,0.0470274
4.434e-005,0.0471415
4.4344e-005,0.0477368
4.4348e-005,0.0474689
4.4352e-005,0.0464321
4.4356e-005,0.0470224
4.436e-005,0.0468835
4.4364e-005,0.0468339
4.4368e-005,0.0474391
4.4372e-005,0.0470621
4.4376e-005,0.0469679
4.438e-005,0.0467546
4.4384e-005,0.0475135
4.4388e-005,0.0469976
4.4392e-005,0.046571
4.4396e-005,0.0462635
4.44e-005,0.0472109
4.4404e-005,0.047459
4.4408e-005,0.0469778
4.4412e-005,0.0471167
4.4416e-005,0.0473101
4.442e-005,0.047201
4.4424e-005,0.0473449
4.4428e-005,0.0471861
4.4432e-005,0.047082
4.4436e-005,0.0474094
4.444e-005,0.0475879
4.4444e-005,0.0475879
4.4448e-005,0.0469431
4.4452e-005,0.0476822
4.4456e-005,0.0472705
4.446e-005,0.0476475
4.4464e-005,0.0473101
4.4468e-005,0.0477566
4.4472e-005,0.0468736
4.4476e-005,0.0466305
4.448e-005,0.0475979
4.4484e-005,0.0468587
4.4488e-005,0.0463279
4.4492e-005,0.0468587
4.4496e-005,0.0468141
4.45e-005,0.0473498
4.4504e-005,0.0477665
4.4508e-005,0.0476326
4.4512e-005,0.0481237
4.4516e-005,0.0472357
4.452e-005,0.0465264
4.4524e-005,0.0437484
4.4528e-005,0.0395915
4.4532e-005,0.0373245
4.4536e-005,0.0365853
4.454e-005,0.0353898
4.4544e-005,0.0348789
4.4548e-005,0.0291048
4.4552e-005,0.0214506
4.4556e-005,0.0199475
4.456e-005,0.0190496
4.4564e-005,0.0185585
4.4568e-005,0.0184494
4.4572e-005,0.0145157
4.4576e-005,0.0029674
4.458e-005,0.00126591
4.4584e-005,-0.000896905
4.4588e-005,-0.000653836
4.4592e-005,-0.000475255
4.4596e-005,0.000308519
4.46e-005,-0.000252028
4.4604e-005,-0.000331398
4.4608e-005,-0.00101596
4.4612e-005,0.00446054
4.4616e-005,0.0164453
4.462e-005,0.0171944
4.4624e-005,0.018375
4.4628e-005,0.0189256
4.4632e-005,0.0200517
4.4636e-005,0.0184345
4.464e-005,0.018881
4.4644e-005,0.0195903
4.4648e-005,0.0189852
4.4652e-005,0.0189901
4.4656e-005,0.0198533
4.466e-005,0.0192629
4.4664e-005,0.019258
4.4668e-005,0.0191092
4.4672e-005,0.0188413
4.4676e-005,0.0193969
4.468e-005,0.0191042
4.4684e-005,0.0192977
4.4688e-005,0.018633
4.4692e-005,0.0190844
4.4696e-005,0.0189455
4.47e-005,0.0187867
4.4704e-005,0.0193026
4.4708e-005,0.0197937
4.4712e-005,0.0191885
4.4716e-005,0.0192679
4.472e-005,0.0195507
4.4724e-005,0.0192133
4.4728e-005,0.0193374
4.4732e-005,0.0192977
4.4736e-005,0.0197838
4.474e-005,0.0195903
4.4744e-005,0.0194812
4.4748e-005,0.0194266
4.4752e-005,0.020012
4.4756e-005,0.019387
4.476e-005,0.0192878
4.4764e-005,0.0193522
4.4768e-005,0.0198235
4.4772e-005,0.019258
4.4776e-005,0.019387
4.478e-005,0.0193324
4.4784e-005,0.0190248
4.4788e-005,0.0189554
4.4792e-005,0.0191737
4.4796e-005,0.0188711
4.48e-005,0.018633
4.4804e-005,0.0192183
4.4808e-005,0.0195358
4.4812e-005,0.0196449
4.4816e-005,0.0190943
4.482e-005,0.0190447
4.4824e-005,0.0194812
4.4828e-005,0.0191836
4.4832e-005,0.0193423
4.4836e-005,0.0192084
4.484e-005,0.0193721
4.4844e-005,0.0188859
4.4848e-005,0.0194217
4.4852e-005,0.0195159
4.4856e-005,0.0189554
4.486e-005,0.0192332
4.4864e-005,0.0195358
4.4868e-005,0.0193225
4.4872e-005,0.0189455
4.4876e-005,0.0190844
4.488e-005,0.0189455
4.4884e-005,0.0194068
4.4888e-005,0.0189703
4.4892e-005,0.0192679
4.4896e-005,0.0195606
4.49e-005,0.0194465
4.4904e-005,0.0188711
4.4908e-005,0.0194366
4.4912e-005,0.0187123
4.4916e-005,0.0191538
4.492e-005,0.0199177
4.4924e-005,0.0190695
4.4928e-005,0.0187619
4.4932e-005,0.0192233
4.4936e-005,0.0190199
4.494e-005,0.0190348
4.4944e-005,0.0191737
4.4948e-005,0.0195804
4.4952e-005,0.0189306
4.4956e-005,0.0191737
4.496e-005,0.0191538
4.4964e-005,0.0188165
4.4968e-005,0.0195011
4.4972e-005,0.0193274
4.4976e-005,0.0188711
4.498e-005,0.0189752
4.4984e-005,0.0192878
4.4988e-005,0.0192332
4.4992e-005,0.0187768
4.4996e-005,0.0192034
4.5e-005,0.0196152
4.5004e-005,0.0191241
4.5008e-005,0.0191439
4.5012e-005,0.0188562
4.5016e-005,0.019134
4.502e-005,0.0195457
4.5024e-005,0.0191588
4.5028e-005,0.0191141
4.5032e-005,0.0190149
4.5036e-005,0.0191191
4.504e-005,0.0193473
4.5044e-005,0.0192183
4.5048e-005,0.0189752
4.5052e-005,0.019129
4.5056e-005,0.019511
4.506e-005,0.0195011
4.5064e-005,0.0191885
4.5068e-005,0.0192629
4.5072e-005,0.0189157
4.5076e-005,0.0190943
4.508e-005,0.0194515
4.5084e-005,0.0191191
4.5088e-005,0.0193572
4.5092e-005,0.0197689
4.5096e-005,0.0188562
4.51e-005,0.0196995
4.5104e-005,0.0189306
4.5108e-005,0.019258
4.5112e-005,0.0198929
4.5116e-005,0.0196052
4.512e-005,0.0192282
4.5124e-005,0.0191092
4.5128e-005,0.0194366
4.5132e-005,0.0190248
4.5136e-005,0.0195556
4.514e-005,0.0194068
4.5144e-005,0.0192878
4.5148e-005,0.0192381
4.5152e-005,0.0191489
4.5156e-005,0.0191637
4.516e-005,0.0192927
4.5164e-005,0.0197094
4.5168e-005,0.0193572
4.5172e-005,0.0199326
4.5176e-005,0.0191588
4.518e-005,0.0194316
4.5184e-005,0.0189455
4.5188e-005,0.0190794
4.5192e-005,0.018876
4.5196e-005,0.0193374
4.52e-005,0.0191042
4.5204e-005,0.0190943
4.5208e-005,0.0190943
4.5212e-005,0.0193919
4.5216e-005,0.0195804
4.522e-005,0.0197094
4.5224e-005,0.01964
4.5228e-005,0.0189653
4.5232e-005,0.0195209
4.5236e-005,0.0195953
4.524e-005,0.0193175
4.5244e-005,0.0192977
4.5248e-005,0.0193175
4.5252e-005,0.0189802
4.5256e-005,0.0195209
4.526e-005,0.0194862
4.5264e-005,0.0187173
4.5268e-005,0.0188314
4.5272e-005,0.0194515
4.5276e-005,0.0195705
4.528e-005,0.0192778
4.5284e-005,0.019387
4.5288e-005,0.0188512
4.5292e-005,0.0196945
4.5296e-005,0.0203791
4.53e-005,0.0208107
4.5304e-005,0.0211232
4.5308e-005,0.0215498
4.5312e-005,0.0213266
4.5316e-005,0.0197044
4.532e-005,0.0191687
4.5324e-005,0.0190844
4.5328e-005,0.017998
4.5332e-005,0.0184593
4.5336e-005,0.0186379
4.534e-005,0.0130523
4.5344e-005,0.00254079
4.5348e-005,0.000640879
4.5352e-005,-0.000113132
4.5356e-005,-0.00051494
4.536e-005,-0.000222265
4.5364e-005,-0.000147856
4.5368e-005,0.000268834
4.5372e-005,-0.000381004
4.5376e-005,-0.00106061
4.538e-005,0.00401904
4.5384e-005,0.0166487
4.5388e-005,0.018127
4.5392e-005,0.019511
4.5396e-005,0.0212224
4.54e-005,0.0226907
4.5404e-005,0.0231471
4.5408e-005,0.0237027
4.5412e-005,0.02467
4.5416e-005,0.024412
4.542e-005,0.0252653
4.5424e-005,0.0256373
4.5428e-005,0.0260788
4.5432e-005,0.0265005
4.5436e-005,0.0258705
4.544e-005,0.0271007
4.5444e-005,0.0266394
4.5448e-005,0.0272545
4.5452e-005,0.0276215
4.5456e-005,0.0273338
4.546e-005,0.0274876
4.5464e-005,0.0274231
4.5468e-005,0.0273983
4.5472e-005,0.0276265
4.5476e-005,0.0278101
4.548e-005,0.0271801
4.5484e-005,0.0274231
4.5488e-005,0.0275372
4.5492e-005,0.027944
4.5496e-005,0.0277952
4.55e-005,0.0281176
4.5504e-005,0.0276662
4.5508e-005,0.0275571
4.5512e-005,0.0277009
4.5516e-005,0.0280035
4.552e-005,0.0282714
4.5524e-005,0.0278845
4.5528e-005,0.0271553
4.5532e-005,0.0268229
4.5536e-005,0.0275521
4.554e-005,0.0268031
4.5544e-005,0.0269072
4.5548e-005,0.0272545
4.5552e-005,0.0274082
4.5556e-005,0.027433
4.556e-005,0.0273388
4.5564e-005,0.0275323
4.5568e-005,0.0271503
4.5572e-005,0.0281523
4.5576e-005,0.0274231
4.558e-005,0.0274678
4.5584e-005,0.0276712
4.5588e-005,0.0272445
4.5592e-005,0.0271949
4.5596e-005,0.0269122
4.56e-005,0.0273983
4.5604e-005,0.0268923
4.5608e-005,0.0277208
4.5612e-005,0.0274231
4.5616e-005,0.0270957
4.562e-005,0.0274132
4.5624e-005,0.0271305
4.5628e-005,0.0277852
4.5632e-005,0.0272049
4.5636e-005,0.0279291
4.564e-005,0.0266195
4.5644e-005,0.0268824
4.5648e-005,0.0267683
4.5652e-005,0.0272693
4.5656e-005,0.0273537
4.566e-005,0.0267138
4.5664e-005,0.027433
4.5668e-005,0.0270362
4.5672e-005,0.0273934
4.5676e-005,0.027691
4.568e-005,0.027433
4.5684e-005,0.0276017
4.5688e-005,0.0269419
4.5692e-005,0.0272743
4.5696e-005,0.0273884
4.57e-005,0.0271106
4.5704e-005,0.0272693
4.5708e-005,0.0270759
4.5712e-005,0.0275719
4.5716e-005,0.0272991
4.572e-005,0.0271404
4.5724e-005,0.0267485
4.5728e-005,0.0267187
4.5732e-005,0.0267882
4.5736e-005,0.0275422
4.574e-005,0.026813
4.5744e-005,0.0268527
4.5748e-005,0.0279241
4.5752e-005,0.0272247
4.5756e-005,0.0272991
4.576e-005,0.027939
4.5764e-005,0.0274975
4.5768e-005,0.0271999
4.5772e-005,0.027944
4.5776e-005,0.0282168
4.578e-005,0.027056
4.5784e-005,0.0278894
4.5788e-005,0.0278001
4.5792e-005,0.0270164
4.5796e-005,0.0277803
4.58e-005,0.0276811
4.5804e-005,0.0272793
4.5808e-005,0.0272297
4.5812e-005,0.0271156
4.5816e-005,0.0268527
4.582e-005,0.0273041
4.5824e-005,0.0277108
4.5828e-005,0.0267485
4.5832e-005,0.0272594
4.5836e-005,0.0269618
4.584e-005,0.0272793
4.5844e-005,0.0270957
4.5848e-005,0.0267187
4.5852e-005,0.0264856
4.5856e-005,0.0272197
4.586e-005,0.0267584
4.5864e-005,0.0272396
4.5868e-005,0.0268576
4.5872e-005,0.0265104
4.5876e-005,0.0268824
4.588e-005,0.0266642
4.5884e-005,0.0267237
4.5888e-005,0.026808
4.5892e-005,0.027061
4.5896e-005,0.0268527
4.59e-005,0.0266145
4.5904e-005,0.0266542
4.5908e-005,0.0275174
4.5912e-005,0.0272545
4.5916e-005,0.0268923
4.592e-005,0.0269221
4.5924e-005,0.0265253
4.5928e-005,0.0276315
4.5932e-005,0.0268923
4.5936e-005,0.0269271
4.594e-005,0.0269767
4.5944e-005,0.0268923
4.5948e-005,0.0265699
4.5952e-005,0.0270759
4.5956e-005,0.0269519
4.596e-005,0.0269519
4.5964e-005,0.0274033
4.5968e-005,0.0270114
4.5972e-005,0.0263913
4.5976e-005,0.0261483
4.598e-005,0.0269221
4.5984e-005,0.026937
4.5988e-005,0.0272148
4.5992e-005,0.0267584
4.5996e-005,0.0265054
4.6e-005,0.0267534
4.6004e-005,0.0277505
4.6008e-005,0.027438
4.6012e-005,0.0269519
4.6016e-005,0.0263268
4.602e-005,0.0271404
4.6024e-005,0.0275967
4.6028e-005,0.0276315
4.6032e-005,0.0270114
4.6036e-005,0.0272644
4.604e-005,0.0268874
4.6044e-005,0.0272197
4.6048e-005,0.027061
4.6052e-005,0.0272197
4.6056e-005,0.0264806
4.606e-005,0.0273834
4.6064e-005,0.0270709
4.6068e-005,0.0262078
4.6072e-005,0.0265005
4.6076e-005,0.027567
4.608e-005,0.0273586
4.6084e-005,0.0243376
4.6088e-005,0.0194961
4.6092e-005,0.0191737
4.6096e-005,0.0189653
4.61e-005,0.0188363
4.6104e-005,0.0183601
4.6108e-005,0.0131168
4.6112e-005,0.00251598
4.6116e-005,0.000769854
4.612e-005,-0.000306595
4.6124e-005,-0.000480216
4.6128e-005,-8.83286e-005
4.6132e-005,-0.000157777
4.6136e-005,0.000110095
4.614e-005,-0.00059927
4.6144e-005,-0.00127887
4.6148e-005,0.00371645
4.6152e-005,0.0164404
4.6156e-005,0.0194316
4.616e-005,0.0211033
4.6164e-005,0.0241392
4.6168e-005,0.0256324
4.6172e-005,0.0265005
4.6176e-005,0.0281722
4.618e-005,0.0297844
4.6184e-005,0.0306227
4.6188e-005,0.0310592
4.6192e-005,0.0327706
4.6196e-005,0.0332121
4.62e-005,0.033862
4.6204e-005,0.0346954
4.6208e-005,0.0350823
4.6212e-005,0.0359454
4.6216e-005,0.0358016
4.622e-005,0.0364812
4.6224e-005,0.0363324
4.6228e-005,0.0364365
4.6232e-005,0.0370764
4.6236e-005,0.0362282
4.624e-005,0.0372501
4.6244e-005,0.0372501
4.6248e-005,0.0369623
4.6252e-005,0.0371211
4.6256e-005,0.0369326
4.626e-005,0.0372153
4.6264e-005,0.0373294
4.6268e-005,0.0373344
4.6272e-005,0.0376916
4.6276e-005,0.0375328
4.628e-005,0.0373691
4.6284e-005,0.0372848
4.6288e-005,0.0372947
4.6292e-005,0.0369574
4.6296e-005,0.0366052
4.63e-005,0.0377461
4.6304e-005,0.0373145
4.6308e-005,0.0370169
4.6312e-005,0.037637
4.6316e-005,0.0370368
4.632e-005,0.0374931
4.6324e-005,0.0373145
4.6328e-005,0.0370814
4.6332e-005,0.0373443
4.6336e-005,0.0374237
4.634e-005,0.0371459
4.6344e-005,0.0366697
4.6348e-005,0.0373741
4.6352e-005,0.0376618
4.6356e-005,0.0373145
4.636e-005,0.0375031
4.6364e-005,0.0374286
4.6368e-005,0.0371112
4.6372e-005,0.0373344
4.6376e-005,0.0370665
4.638e-005,0.0369623
4.6384e-005,0.0369276
4.6388e-005,0.0371955
4.6392e-005,0.0368631
4.6396e-005,0.0370169
4.64e-005,0.0371459
4.6404e-005,0.0372699
4.6408e-005,0.0369921
4.6412e-005,0.0370566
4.6416e-005,0.0369475
4.642e-005,0.0369921
4.6424e-005,0.0369078
4.6428e-005,0.0367838
4.6432e-005,0.037012
4.6436e-005,0.0370715
4.644e-005,0.0366052
4.6444e-005,0.0375229
4.6448e-005,0.0369227
4.6452e-005,0.0373642
4.6456e-005,0.0370516
4.646e-005,0.0372649
4.6464e-005,0.0366151
4.6468e-005,0.036749
4.6472e-005,0.0374237
4.6476e-005,0.0370715
4.648e-005,0.0364167
4.6484e-005,0.0375378
4.6488e-005,0.0372947
4.6492e-005,0.0375923
4.6496e-005,0.0374038
4.65e-005,0.0373145
4.6504e-005,0.037136
4.6508e-005,0.0372649
4.6512e-005,0.0373344
4.6516e-005,0.0368433
4.652e-005,0.0369921
4.6524e-005,0.0374634
4.6528e-005,0.0376519
4.6532e-005,0.037508
4.6536e-005,0.0374336
4.654e-005,0.0373493
4.6544e-005,0.0371161
4.6548e-005,0.0371459
4.6552e-005,0.0374485
4.6556e-005,0.0375775
4.656e-005,0.0370467
4.6564e-005,0.0379495
4.6568e-005,0.0374187
4.6572e-005,0.0372253
4.6576e-005,0.036878
4.658e-005,0.0378404
4.6584e-005,0.0372352
4.6588e-005,0.0373542
4.6592e-005,0.0371905
4.6596e-005,0.0366697
4.66e-005,0.0372947
4.6604e-005,0.0376519
4.6608e-005,0.0372848
4.6612e-005,0.0376668
4.6616e-005,0.0373493
4.662e-005,0.0374782
4.6624e-005,0.0381182
4.6628e-005,0.0371905
4.6632e-005,0.0374038
4.6636e-005,0.0376271
4.664e-005,0.0375229
4.6644e-005,0.0372054
4.6648e-005,0.0374733
4.6652e-005,0.0372649
4.6656e-005,0.0372897
4.666e-005,0.0378354
4.6664e-005,0.0370764
4.6668e-005,0.0369822
4.6672e-005,0.037126
4.6676e-005,0.0374088
4.668e-005,0.0367937
4.6684e-005,0.0378007
4.6688e-005,0.0369326
4.6692e-005,0.0370566
4.6696e-005,0.0375725
4.67e-005,0.0369971
4.6704e-005,0.0369872
4.6708e-005,0.0379942
4.6712e-005,0.0366548
4.6716e-005,0.0369971
4.672e-005,0.0375031
4.6724e-005,0.0368383
4.6728e-005,0.0370566
4.6732e-005,0.0372848
4.6736e-005,0.0372749
4.674e-005,0.0370318
4.6744e-005,0.036749
4.6748e-005,0.0372451
4.6752e-005,0.0363423
4.6756e-005,0.0372352
4.676e-005,0.0372451
4.6764e-005,0.0367391
4.6768e-005,0.0368879
4.6772e-005,0.0371856
4.6776e-005,0.0371459
4.678e-005,0.0366697
4.6784e-005,0.0374882
4.6788e-005,0.0367689
4.6792e-005,0.0375328
4.6796e-005,0.0369872
4.68e-005,0.0370814
4.6804e-005,0.0381479
4.6808e-005,0.0376171
4.6812e-005,0.0371409
4.6816e-005,0.037756
4.682e-005,0.0370318
4.6824e-005,0.0367193
4.6828e-005,0.0349682
4.6832e-005,0.0332022
4.6836e-005,0.0322994
4.684e-005,0.0316396
4.6844e-005,0.0320018
4.6848e-005,0.0315851
4.6852e-005,0.0274231
4.6856e-005,0.0214357
4.686e-005,0.0201459
4.6864e-005,0.0191092
4.6868e-005,0.0183452
4.6872e-005,0.0183403
4.6876e-005,0.0137368
4.688e-005,0.00226299
4.6884e-005,0.00122127
4.6888e-005,-0.000713363
4.6892e-005,-8.83286e-005
4.6896e-005,-0.000296674
4.69e-005,9.02528e-005
4.6904e-005,3.07256e-005
4.6908e-005,-0.000222265
4.6912e-005,-0.00116974
4.6916e-005,0.00403392
4.692e-005,0.0160286
4.6924e-005,0.0193225
4.6928e-005,0.0231223
4.6932e-005,0.0268031
4.6936e-005,0.0295165
4.694e-005,0.0309997
4.6944e-005,0.0334949
4.6948e-005,0.0352857
4.6952e-005,0.0355139
4.6956e-005,0.0370219
4.696e-005,0.0390805
4.6964e-005,0.0393583
4.6968e-005,0.0393782
4.6972e-005,0.0411441
4.6976e-005,0.0414715
4.698e-005,0.0422057
4.6984e-005,0.0426968
4.6988e-005,0.043044
4.6992e-005,0.0430986
4.6996e-005,0.0437881
4.7e-005,0.0443933
4.7004e-005,0.0449142
4.7008e-005,0.0442643
4.7012e-005,0.0452317
4.7016e-005,0.0444925
4.702e-005,0.0448447
4.7024e-005,0.0452515
4.7028e-005,0.0448001
4.7032e-005,0.0450977
4.7036e-005,0.0455888
4.704e-005,0.0461692
4.7044e-005,0.0464966
4.7048e-005,0.0464123
4.7052e-005,0.0461246
4.7056e-005,0.046705
4.706e-005,0.0469331
4.7064e-005,0.0465165
4.7068e-005,0.0464222
4.7072e-005,0.046705
4.7076e-005,0.0459757
4.708e-005,0.0472159
4.7084e-005,0.0462188
4.7088e-005,0.0459361
4.7092e-005,0.0467595
4.7096e-005,0.0468885
4.71e-005,0.0461097
4.7104e-005,0.0457327
4.7108e-005,0.0463974
4.7112e-005,0.0463776
4.7116e-005,0.0462932
4.712e-005,0.0465313
4.7124e-005,0.0466008
4.7128e-005,0.0467546
4.7132e-005,0.0462436
4.7136e-005,0.0464272
4.714e-005,0.0464817
4.7144e-005,0.0471117
4.7148e-005,0.0463875
4.7152e-005,0.0468687
4.7156e-005,0.0462635
4.716e-005,0.0461742
4.7164e-005,0.0467645
4.7168e-005,0.0464272
4.7172e-005,0.0464073
4.7176e-005,0.0460551
4.718e-005,0.0466256
4.7184e-005,0.0466057
4.7188e-005,0.0468091
4.7192e-005,0.0471018
4.7196e-005,0.0459609
4.72e-005,0.0465115
4.7204e-005,0.0465611
4.7208e-005,0.0466454
4.7212e-005,0.0463726
4.7216e-005,0.0470869
4.722e-005,0.0465561
4.7224e-005,0.0470423
4.7228e-005,0.0467744
4.7232e-005,0.047072
4.7236e-005,0.0472605
4.724e-005,0.0461841
4.7244e-005,0.0458914
4.7248e-005,0.0473349
4.7252e-005,0.0468736
4.7256e-005,0.0465611
4.726e-005,0.0469133
4.7264e-005,0.0470919
4.7268e-005,0.0465958
4.7272e-005,0.0467397
4.7276e-005,0.0466057
4.728e-005,0.0467893
4.7284e-005,0.0472258
4.7288e-005,0.0468488
4.7292e-005,0.0467942
4.7296e-005,0.0465413
4.73e-005,0.0472556
4.7304e-005,0.0472457
4.7308e-005,0.0474044
4.7312e-005,0.0468439
4.7316e-005,0.0472308
4.732e-005,0.0467992
4.7324e-005,0.0469778
4.7328e-005,0.0462833
4.7332e-005,0.0471464
4.7336e-005,0.0468141
4.734e-005,0.0455591
4.7344e-005,0.0470522
4.7348e-005,0.0473002
4.7352e-005,0.0467843
4.7356e-005,0.046194
4.736e-005,0.0470224
4.7364e-005,0.04733
4.7368e-005,0.047082
4.7372e-005,0.0470919
4.7376e-005,0.046695
4.738e-005,0.0469133
4.7384e-005,0.0470175
4.7388e-005,0.0464668
4.7392e-005,0.0471713
4.7396e-005,0.0465065
4.74e-005,0.0470572
4.7404e-005,0.0468984
4.7408e-005,0.0471564
4.7412e-005,0.0466901
4.7416e-005,0.0469083
4.742e-005,0.0470125
4.7424e-005,0.0469381
4.7428e-005,0.0469728
4.7432e-005,0.0472407
4.7436e-005,0.0469629
4.744e-005,0.0467794
4.7444e-005,0.0466702
4.7448e-005,0.0467298
4.7452e-005,0.0473796
4.7456e-005,0.0471861
4.746e-005,0.0468587
4.7464e-005,0.0467595
4.7468e-005,0.0470522
4.7472e-005,0.047206
4.7476e-005,0.046953
4.748e-005,0.0470373
4.7484e-005,0.0456483
4.7488e-005,0.046829
4.7492e-005,0.0472457
4.7496e-005,0.0465561
4.75e-005,0.0467
4.7504e-005,0.047082
4.7508e-005,0.0473498
4.7512e-005,0.0472407
4.7516e-005,0.04733
4.752e-005,0.046948
4.7524e-005,0.0472754
4.7528e-005,0.0469728
4.7532e-005,0.0468687
4.7536e-005,0.0473399
4.754e-005,0.0471861
4.7544e-005,0.046819
4.7548e-005,0.0469579
4.7552e-005,0.0470175
4.7556e-005,0.0475731
4.756e-005,0.0478161
4.7564e-005,0.0470076
4.7568e-005,0.0471911
4.7572e-005,0.0476375
4.7576e-005,0.0470968
4.758e-005,0.0467942
4.7584e-005,0.0479352
4.7588e-005,0.0469431
4.7592e-005,0.0462089
4.7596e-005,0.0430192
4.76e-005,0.0395071
4.7604e-005,0.0373046
4.7608e-005,0.0360397
4.7612e-005,0.0349037
4.7616e-005,0.0349632
4.762e-005,0.0289758
4.7624e-005,0.0215547
4.7628e-005,0.0198681
4.7632e-005,0.0189306
4.7636e-005,0.0187074
4.764e-005,0.0179583
4.7644e-005,0.0143321
4.7648e-005,0.00357755
4.7652e-005,0.000779775
4.7656e-005,-0.000400846
4.766e-005,-0.000202422
4.7664e-005,0.00031844
4.7668e-005,-0.000142895
4.7672e-005,0.000382928
4.7676e-005,0.000164662
4.768e-005,-0.00138304
4.7684e-005,0.00442085
4.7688e-005,0.0161923
4.7692e-005,0.0182113
4.7696e-005,0.0187917
4.77e-005,0.0193225
4.7704e-005,0.0187322
4.7708e-005,0.0186131
4.7712e-005,0.0190844
4.7716e-005,0.0190248
4.772e-005,0.018623
4.7724e-005,0.0189554
4.7728e-005,0.0194167
4.7732e-005,0.0191588
4.7736e-005,0.0186875
4.774e-005,0.0192084
4.7744e-005,0.019134
4.7748e-005,0.0189703
4.7752e-005,0.0198582
4.7756e-005,0.0193274
4.776e-005,0.018881
4.7764e-005,0.0196499
4.7768e-005,0.0189752
4.7772e-005,0.0189951
4.7776e-005,0.0195606
4.778e-005,0.0192332
4.7784e-005,0.0190248
4.7788e-005,0.0191538
4.7792e-005,0.0194217
4.7796e-005,0.0196648
4.78e-005,0.0196548
4.7804e-005,0.0187173
4.7808e-005,0.0192233
4.7812e-005,0.018876
4.7816e-005,0.0190348
4.782e-005,0.0189653
4.7824e-005,0.0187917
4.7828e-005,0.0192977
4.7832e-005,0.018881
4.7836e-005,0.0192282
4.784e-005,0.0184296
4.7844e-005,0.018747
4.7848e-005,0.0192332
4.7852e-005,0.0195358
4.7856e-005,0.0195308
4.786e-005,0.0190794
4.7864e-005,0.018881
4.7868e-005,0.0188016
4.7872e-005,0.0191836
4.7876e-005,0.018881
4.788e-005,0.0187867
4.7884e-005,0.0192878
4.7888e-005,0.0194068
4.7892e-005,0.0187967
4.7896e-005,0.0193374
4.79e-005,0.0188859
4.7904e-005,0.019129
4.7908e-005,0.0189207
4.7912e-005,0.0191985
4.7916e-005,0.019005
4.792e-005,0.0192778
4.7924e-005,0.0198334
4.7928e-005,0.0192381
4.7932e-005,0.0197342
4.7936e-005,0.0195655
4.794e-005,0.0191588
4.7944e-005,0.0186627
4.7948e-005,0.0191141
4.7952e-005,0.0189752
4.7956e-005,0.0181518
4.796e-005,0.0193175
4.7964e-005,0.0192878
4.7968e-005,0.0186478
4.7972e-005,0.0188661
4.7976e-005,0.0188413
4.798e-005,0.0183899
4.7984e-005,0.0187371
4.7988e-005,0.0191588
4.7992e-005,0.0188562
4.7996e-005,0.0194564
4.8e-005,0.0192183
4.8004e-005,0.0190992
4.8008e-005,0.019129
4.8012e-005,0.0194316
4.8016e-005,0.0197342
4.802e-005,0.019888
4.8024e-005,0.0197193
4.8028e-005,0.0198384
4.8032e-005,0.0195159
4.8036e-005,0.0194564
4.804e-005,0.0194961
4.8044e-005,0.0195606
4.8048e-005,0.019258
4.8052e-005,0.0196003
4.8056e-005,0.0191985
4.806e-005,0.0190546
4.8064e-005,0.0198929
4.8068e-005,0.0194266
4.8072e-005,0.0190645
4.8076e-005,0.0192729
4.808e-005,0.0202303
4.8084e-005,0.0195953
4.8088e-005,0.0197838
4.8092e-005,0.0191786
4.8096e-005,0.0193969
4.81e-005,0.0194415
4.8104e-005,0.0194812
4.8108e-005,0.0190645
4.8112e-005,0.0192927
4.8116e-005,0.0192034
4.812e-005,0.019754
4.8124e-005,0.0195903
4.8128e-005,0.0193671
4.8132e-005,0.0197094
4.8136e-005,0.0195705
4.814e-005,0.0195705
4.8144e-005,0.0189901
4.8148e-005,0.0200269
4.8152e-005,0.0188215
4.8156e-005,0.0191935
4.816e-005,0.0196152
4.8164e-005,0.0192927
4.8168e-005,0.018628
4.8172e-005,0.0189405
4.8176e-005,0.0193919
4.818e-005,0.0190844
4.8184e-005,0.0198136
4.8188e-005,0.0192183
4.8192e-005,0.0191241
4.8196e-005,0.0193374
4.82e-005,0.0194068
4.8204e-005,0.0190496
4.8208e-005,0.0188661
4.8212e-005,0.0193324
4.8216e-005,0.018628
4.822e-005,0.0191489
4.8224e-005,0.0190397
4.8228e-005,0.0189107
4.8232e-005,0.019258
4.8236e-005,0.0189752
4.824e-005,0.0188016
4.8244e-005,0.0187371
4.8248e-005,0.0193423
4.8252e-005,0.0189107
4.8256e-005,0.0190298
4.826e-005,0.0189752
4.8264e-005,0.0187123
4.8268e-005,0.0183998
4.8272e-005,0.0190199
4.8276e-005,0.0183155
4.828e-005,0.0192034
4.8284e-005,0.0191439
4.8288e-005,0.0188215
4.8292e-005,0.0190496
4.8296e-005,0.0186974
4.83e-005,0.018633
4.8304e-005,0.0189355
4.8308e-005,0.0194614
4.8312e-005,0.0189008
4.8316e-005,0.0190248
4.832e-005,0.0187619
4.8324e-005,0.0193175
4.8328e-005,0.0193225
4.8332e-005,0.0195259
4.8336e-005,0.019134
4.834e-005,0.0189703
4.8344e-005,0.0185337
4.8348e-005,0.0190298
4.8352e-005,0.0196598
4.8356e-005,0.0187818
4.836e-005,0.0183254
4.8364e-005,0.0200318
4.8368e-005,0.0202055
4.8372e-005,0.0209148
4.8376e-005,0.0212174
4.838e-005,0.0210388
4.8384e-005,0.0217333
4.8388e-005,0.0199525
4.8392e-005,0.0190596
4.8396e-005,0.0193175
4.84e-005,0.01901
4.8404e-005,0.0181121
4.8408e-005,0.0181815
4.8412e-005,0.0133102
4.8416e-005,0.00260527
4.842e-005,0.000581352
4.8424e-005,-0.000490137
4.8428e-005,-0.000390925
4.8432e-005,0.000224189
4.8436e-005,6.04892e-005
4.844e-005,0.000239071
4.8444e-005,-0.000242107
4.8448e-005,-0.00127887
4.8452e-005,0.00421747
4.8456e-005,0.0161725
4.846e-005,0.0180922
4.8464e-005,0.0188363
4.8468e-005,0.0215002
4.8472e-005,0.0225369
4.8476e-005,0.0223683
4.848e-005,0.0230975
4.8484e-005,0.0242632
4.8488e-005,0.0251065
4.8492e-005,0.0248039
4.8496e-005,0.0259052
4.85e-005,0.0258506
4.8504e-005,0.0262871
4.8508e-005,0.0264062
4.8512e-005,0.0263616
4.8516e-005,0.0270164
4.852e-005,0.0274281
4.8524e-005,0.0267634
4.8528e-005,0.0265253
4.8532e-005,0.0266443
4.8536e-005,0.0275819
4.854e-005,0.0265848
4.8544e-005,0.0273239
4.8548e-005,0.0275422
4.8552e-005,0.0273289
4.8556e-005,0.027066
4.856e-005,0.0277852
4.8564e-005,0.0267286
4.8568e-005,0.027314
4.8572e-005,0.0274777
4.8576e-005,0.027567
4.858e-005,0.0279241
4.8584e-005,0.0271999
4.8588e-005,0.0270759
4.8592e-005,0.0274926
4.8596e-005,0.0273785
4.86e-005,0.0270808
4.8604e-005,0.0271801
4.8608e-005,0.0269668
4.8612e-005,0.0272197
4.8616e-005,0.0271453
4.862e-005,0.026813
4.8624e-005,0.0263864
4.8628e-005,0.026937
4.8632e-005,0.0272297
4.8636e-005,0.0265153
4.864e-005,0.0267534
4.8644e-005,0.0275967
4.8648e-005,0.0269122
4.8652e-005,0.0271453
4.8656e-005,0.0270511
4.866e-005,0.0273636
4.8664e-005,0.0271156
4.8668e-005,0.0275174
4.8672e-005,0.0267435
4.8676e-005,0.0268775
4.868e-005,0.0265897
4.8684e-005,0.0276612
4.8688e-005,0.0270064
4.8692e-005,0.026307
4.8696e-005,0.0268775
4.87e-005,0.0275422
4.8704e-005,0.0267782
4.8708e-005,0.0271801
4.8712e-005,0.027696
4.8716e-005,0.0270362
4.872e-005,0.0268973
4.8724e-005,0.0270908
4.8728e-005,0.0276712
4.8732e-005,0.0273239
4.8736e-005,0.0269916
4.874e-005,0.0275769
4.8744e-005,0.0264608
4.8748e-005,0.0266691
4.8752e-005,0.0267286
4.8756e-005,0.0270362
4.876e-005,0.0268477
4.8764e-005,0.0273438
4.8768e-005,0.0261582
4.8772e-005,0.0270461
4.8776e-005,0.0264757
4.878e-005,0.0270164
4.8784e-005,0.0269419
4.8788e-005,0.0273537
4.8792e-005,0.026183
4.8796e-005,0.0268527
4.88e-005,0.0261879
4.8804e-005,0.0266493
4.8808e-005,0.0270412
4.8812e-005,0.0267882
4.8816e-005,0.0271255
4.882e-005,0.0258506
4.8824e-005,0.0272991
4.8828e-005,0.0265501
4.8832e-005,0.027061
4.8836e-005,0.0269767
4.884e-005,0.0265947
4.8844e-005,0.0278448
4.8848e-005,0.0269122
4.8852e-005,0.0266394
4.8856e-005,0.0264012
4.886e-005,0.0268923
4.8864e-005,0.0270362
4.8868e-005,0.0268378
4.8872e-005,0.0270957
4.8876e-005,0.0274182
4.888e-005,0.0274628
4.8884e-005,0.0273388
4.8888e-005,0.0265302
4.8892e-005,0.0269122
4.8896e-005,0.0264112
4.89e-005,0.0265997
4.8904e-005,0.0268923
4.8908e-005,0.0268973
4.8912e-005,0.0265699
4.8916e-005,0.0271453
4.892e-005,0.0263616
4.8924e-005,0.0267237
4.8928e-005,0.0271553
4.8932e-005,0.0277307
4.8936e-005,0.0269965
4.894e-005,0.0268427
4.8944e-005,0.0271652
4.8948e-005,0.0269916
4.8952e-005,0.0272396
4.8956e-005,0.0269171
4.896e-005,0.0266443
4.8964e-005,0.0270759
4.8968e-005,0.0272098
4.8972e-005,0.0267088
4.8976e-005,0.0267237
4.898e-005,0.0265699
4.8984e-005,0.0262921
4.8988e-005,0.0267038
4.8992e-005,0.0274082
4.8996e-005,0.0264409
4.9e-005,0.026679
4.9004e-005,0.0268775
4.9008e-005,0.0270858
4.9012e-005,0.0268328
4.9016e-005,0.0265005
4.902e-005,0.0268378
4.9024e-005,0.026431
4.9028e-005,0.0269271
4.9032e-005,0.0269122
4.9036e-005,0.02719
4.904e-005,0.0273785
4.9044e-005,0.0269916
4.9048e-005,0.0260044
4.9052e-005,0.0263814
4.9056e-005,0.0262574
4.906e-005,0.027185
4.9064e-005,0.026426
4.9068e-005,0.02719
4.9072e-005,0.0269221
4.9076e-005,0.0271156
4.908e-005,0.0266145
4.9084e-005,0.0267584
4.9088e-005,0.0269668
4.9092e-005,0.0268973
4.9096e-005,0.0271007
4.91e-005,0.0269072
4.9104e-005,0.0273884
4.9108e-005,0.027309
4.9112e-005,0.0271255
4.9116e-005,0.0269469
4.912e-005,0.0276166
4.9124e-005,0.0267485
4.9128e-005,0.0267981
4.9132e-005,0.0273041
4.9136e-005,0.0267931
4.914e-005,0.0265997
4.9144e-005,0.0260193
4.9148e-005,0.0267931
4.9152e-005,0.0266096
4.9156e-005,0.0239854
4.916e-005,0.0197441
4.9164e-005,0.0190992
4.9168e-005,0.0180426
4.9172e-005,0.0181667
4.9176e-005,0.0180774
4.918e-005,0.014605
4.9184e-005,0.00276401
4.9188e-005,0.000958357
4.9192e-005,-0.000425649
4.9196e-005,-0.000624073
4.92e-005,-2.88015e-005
4.9204e-005,-0.000470294
4.9208e-005,-5.85651e-005
4.9212e-005,-0.000534782
4.9216e-005,-0.000946511
4.922e-005,0.00431668
4.9224e-005,0.0159939
4.9228e-005,0.0191141
4.9232e-005,0.0210835
4.9236e-005,0.0230826
4.924e-005,0.0261334
4.9244e-005,0.0267534
4.9248e-005,0.0281275
4.9252e-005,0.0298637
4.9256e-005,0.0308112
4.926e-005,0.0315156
4.9264e-005,0.032726
4.9268e-005,0.0331328
4.9272e-005,0.0339761
4.9276e-005,0.0348491
4.928e-005,0.0351765
4.9284e-005,0.0355039
4.9288e-005,0.0357222
4.9292e-005,0.0361885
4.9296e-005,0.0360446
4.93e-005,0.0371955
4.9304e-005,0.0369524
4.9308e-005,0.0370268
4.9312e-005,0.0373195
4.9316e-005,0.0375874
4.932e-005,0.0375675
4.9324e-005,0.0374534
4.9328e-005,0.0376519
4.9332e-005,0.0372451
4.9336e-005,0.0376568
4.934e-005,0.0375775
4.9344e-005,0.0377511
4.9348e-005,0.0373939
4.9352e-005,0.0378503
4.9356e-005,0.0373592
4.936e-005,0.0375775
4.9364e-005,0.0372401
4.9368e-005,0.037508
4.9372e-005,0.0370566
4.9376e-005,0.0368433
4.938e-005,0.0374286
4.9384e-005,0.0374981
4.9388e-005,0.0376866
4.9392e-005,0.0370368
4.9396e-005,0.0368979
4.94e-005,0.0372947
4.9404e-005,0.0368483
4.9408e-005,0.037637
4.9412e-005,0.0372997
4.9416e-005,0.0377213
4.942e-005,0.0374435
4.9424e-005,0.0378255
4.9428e-005,0.0371856
4.9432e-005,0.0377015
4.9436e-005,0.0376469
4.944e-005,0.0371955
4.9444e-005,0.0372005
4.9448e-005,0.0369524
4.9452e-005,0.0371657
4.9456e-005,0.0376519
4.946e-005,0.0370417
4.9464e-005,0.0366945
4.9468e-005,0.0368135
4.9472e-005,0.0376072
4.9476e-005,0.0373145
4.948e-005,0.037007
4.9484e-005,0.0371062
4.9488e-005,0.0368681
4.9492e-005,0.0372947
4.9496e-005,0.0369971
4.95e-005,0.0371409
4.9504e-005,0.0374237
4.9508e-005,0.0373939
4.9512e-005,0.0372649
4.9516e-005,0.0372153
4.952e-005,0.0374286
4.9524e-005,0.037508
4.9528e-005,0.0374534
4.9532e-005,0.0374485
4.9536e-005,0.0377015
4.954e-005,0.037508
4.9544e-005,0.037513
4.9548e-005,0.0374336
4.9552e-005,0.037513
4.9556e-005,0.0374286
4.956e-005,0.0371955
4.9564e-005,0.0374138
4.9568e-005,0.0376916
4.9572e-005,0.0377908
4.9576e-005,0.0375427
4.958e-005,0.0374237
4.9584e-005,0.037508
4.9588e-005,0.0376568
4.9592e-005,0.0378751
4.9596e-005,0.0367689
4.96e-005,0.0376221
4.9604e-005,0.0374534
4.9608e-005,0.0370715
4.9612e-005,0.0378652
4.9616e-005,0.0373443
4.962e-005,0.0373989
4.9624e-005,0.0380636
4.9628e-005,0.0382571
4.9632e-005,0.03726
4.9636e-005,0.0376965
4.964e-005,0.0378453
4.9644e-005,0.0369227
4.9648e-005,0.037756
4.9652e-005,0.0377164
4.9656e-005,0.0373691
4.966e-005,0.0378801
4.9664e-005,0.0372947
4.9668e-005,0.0368383
4.9672e-005,0.0374237
4.9676e-005,0.0377064
4.968e-005,0.0369822
4.9684e-005,0.0381231
4.9688e-005,0.0376618
4.9692e-005,0.0378106
4.9696e-005,0.0381777
4.97e-005,0.0378602
4.9704e-005,0.0377015
4.9708e-005,0.0376767
4.9712e-005,0.0385349
4.9716e-005,0.0374584
4.972e-005,0.0377362
4.9724e-005,0.0374435
4.9728e-005,0.0373344
4.9732e-005,0.0374683
4.9736e-005,0.0378305
4.974e-005,0.0375576
4.9744e-005,0.0383216
4.9748e-005,0.0379594
4.9752e-005,0.0375378
4.9756e-005,0.0377015
4.976e-005,0.037632
4.9764e-005,0.0373294
4.9768e-005,0.0379594
4.9772e-005,0.0377709
4.9776e-005,0.0371806
4.978e-005,0.0380686
4.9784e-005,0.0377511
4.9788e-005,0.0371112
4.9792e-005,0.037126
4.9796e-005,0.0377213
4.98e-005,0.0375626
4.9804e-005,0.0376866
4.9808e-005,0.0371806
4.9812e-005,0.0372649
4.9816e-005,0.0377858
4.982e-005,0.0373691
4.9824e-005,0.0370616
4.9828e-005,0.0373443
4.9832e-005,0.0378354
4.9836e-005,0.0372848
4.984e-005,0.0373046
4.9844e-005,0.0373493
4.9848e-005,0.0372054
4.9852e-005,0.0377858
4.9856e-005,0.0372997
4.986e-005,0.037002
4.9864e-005,0.0372352
4.9868e-005,0.0379247
4.9872e-005,0.0367689
4.9876e-005,0.0369326
4.988e-005,0.0374038
4.9884e-005,0.0367391
4.9888e-005,0.0376618
4.9892e-005,0.0371558
4.9896e-005,0.0365457
4.99e-005,0.0349335
4.9904e-005,0.0331377
4.9908e-005,0.0323292
4.9912e-005,0.0319968
4.9916e-005,0.0316396
4.992e-005,0.0315255
4.9924e-005,0.0273438
4.9928e-005,0.0210984
4.9932e-005,0.0201707
4.9936e-005,0.0179236
4.994e-005,0.0181567
4.9944e-005,0.0177599
4.9948e-005,0.0146496
4.9952e-005,0.00281362
4.9956e-005,0.000616076
4.996e-005,-0.000648876
4.9964e-005,-0.000867142
4.9968e-005,0.000363085
4.9972e-005,-0.00122927
4.9976e-005,-0.000276831
4.998e-005,-0.000252028
4.9984e-005,-0.000658797
4.9988e-005,0.00336921
4.9992e-005,0.0162023
4.9996e-005,0.0197689
5e-005,0.0227651
5.0004e-005,0.0271056
5.0008e-005,0.0293726
5.0012e-005,0.0312725
5.0016e-005,0.032984
5.002e-005,0.0354097
5.0024e-005,0.0361141
5.0028e-005,0.0372302
5.0032e-005,0.0392194
5.0036e-005,0.0398792
5.004e-005,0.0404
5.0044e-005,0.0415559
5.0048e-005,0.0423297
5.0052e-005,0.0425331
5.0056e-005,0.0432821
5.006e-005,0.0435599
5.0064e-005,0.0432673
5.0068e-005,0.0449439
5.0072e-005,0.0448596
5.0076e-005,0.0438129
5.008e-005,0.044934
5.0084e-005,0.0454301
5.0088e-005,0.0454549
5.0092e-005,0.0452515
5.0096e-005,0.0451523
5.01e-005,0.0447108
5.0104e-005,0.0454053
5.0108e-005,0.0458765
5.0112e-005,0.0455243
5.0116e-005,0.0460055
5.012e-005,0.0467099
5.0124e-005,0.0463131
5.0128e-005,0.0462982
5.0132e-005,0.0458021
5.0136e-005,0.0461841
5.014e-005,0.0463974
5.0144e-005,0.0458468
5.0148e-005,0.0461097
5.0152e-005,0.0461196
5.0156e-005,0.0465512
5.016e-005,0.0460898
5.0164e-005,0.0462734
5.0168e-005,0.0465264
5.0172e-005,0.0463081
5.0176e-005,0.0463528
5.018e-005,0.0467
5.0184e-005,0.0459063
5.0188e-005,0.0466405
5.0192e-005,0.0461295
5.0196e-005,0.0460601
5.02e-005,0.0467248
5.0204e-005,0.0465512
5.0208e-005,0.0460849
5.0212e-005,0.046576
5.0216e-005,0.0466752
5.022e-005,0.0464172
5.0224e-005,0.0464321
5.0228e-005,0.0465413
5.0232e-005,0.0455591
5.0236e-005,0.0465115
5.024e-005,0.0468042
5.0244e-005,0.0462932
5.0248e-005,0.0465264
5.0252e-005,0.046953
5.0256e-005,0.0469827
5.026e-005,0.0465859
5.0264e-005,0.0466504
5.0268e-005,0.0471464
5.0272e-005,0.0474094
5.0276e-005,0.0469083
5.028e-005,0.046829
5.0284e-005,0.0469282
5.0288e-005,0.0463428
5.0292e-005,0.0463428
5.0296e-005,0.0467149
5.03e-005,0.0465512
5.0304e-005,0.0464024
5.0308e-005,0.0469927
5.0312e-005,0.0461841
5.0316e-005,0.0464222
5.032e-005,0.0471613
5.0324e-005,0.0461345
5.0328e-005,0.0464371
5.0332e-005,0.0465363
5.0336e-005,0.0466008
5.034e-005,0.0464668
5.0344e-005,0.0469629
5.0348e-005,0.0470522
5.0352e-005,0.0467595
5.0356e-005,0.0468786
5.036e-005,0.046824
5.0364e-005,0.0471514
5.0368e-005,0.0468538
5.0372e-005,0.0470919
5.0376e-005,0.0461692
5.038e-005,0.0467546
5.0384e-005,0.0471167
5.0388e-005,0.046819
5.0392e-005,0.046194
5.0396e-005,0.0462585
5.04e-005,0.0460204
5.0404e-005,0.0470869
5.0408e-005,0.046323
5.0412e-005,0.0465065
5.0416e-005,0.0469083
5.042e-005,0.0467843
5.0424e-005,0.0463478
5.0428e-005,0.0468587
5.0432e-005,0.0466057
5.0436e-005,0.0465512
5.044e-005,0.0464867
5.0444e-005,0.0465809
5.0448e-005,0.0465413
5.0452e-005,0.0465413
5.0456e-005,0.0461246
5.046e-005,0.0459807
5.0464e-005,0.0465512
5.0468e-005,0.0460154
5.0472e-005,0.0465363
5.0476e-005,0.0464966
5.048e-005,0.0465958
5.0484e-005,0.0458865
5.0488e-005,0.0463329
5.0492e-005,0.0465115
5.0496e-005,0.0461097
5.05e-005,0.0471961
5.0504e-005,0.0465363
5.0508e-005,0.0459509
5.0512e-005,0.0467149
5.0516e-005,0.0467744
5.052e-005,0.0460799
5.0524e-005,0.0463428
5.0528e-005,0.046695
5.0532e-005,0.0465561
5.0536e-005,0.0459807
5.054e-005,0.0462486
5.0544e-005,0.0463031
5.0548e-005,0.0469183
5.0552e-005,0.0464073
5.0556e-005,0.0465661
5.056e-005,0.0466355
5.0564e-005,0.0461097
5.0568e-005,0.0460303
5.0572e-005,0.0467595
5.0576e-005,0.046075
5.058e-005,0.0463726
5.0584e-005,0.0471316
5.0588e-005,0.0469381
5.0592e-005,0.0462337
5.0596e-005,0.0469183
5.06e-005,0.0466405
5.0604e-005,0.0464123
5.0608e-005,0.0466008
5.0612e-005,0.0465264
5.0616e-005,0.046571
5.062e-005,0.0468736
5.0624e-005,0.0461047
5.0628e-005,0.0460254
5.0632e-005,0.0465165
5.0636e-005,0.0457476
5.064e-005,0.0457624
5.0644e-005,0.0466702
5.0648e-005,0.047206
5.0652e-005,0.0461394
5.0656e-005,0.0470522
5.066e-005,0.0466454
5.0664e-005,0.0458418
5.0668e-005,0.0426918
5.0672e-005,0.039904
5.0676e-005,0.0375279
5.068e-005,0.036124
5.0684e-005,0.0359057
5.0688e-005,0.034993
5.0692e-005,0.0291246
5.0696e-005,0.0217581
5.07e-005,0.0201856
5.0704e-005,0.0187867
5.0708e-005,0.0185387
5.0712e-005,0.018127
5.0716e-005,0.0146595
5.072e-005,0.00415794
5.0724e-005,0.000878987
5.0728e-005,-0.000415728
5.0732e-005,-0.000673679
5.0736e-005,-0.000381004
5.074e-005,0.000209307
5.0744e-005,-0.000142895
5.0748e-005,7.5371e-005
5.0752e-005,-0.000410767
5.0756e-005,0.00393471
5.076e-005,0.0160584
5.0764e-005,0.0180526
5.0768e-005,0.0186776
5.0772e-005,0.0189852
5.0776e-005,0.0186627
5.078e-005,0.0183254
5.0784e-005,0.0188165
5.0788e-005,0.0194515
5.0792e-005,0.0195903
5.0796e-005,0.0193473
5.08e-005,0.018881
5.0804e-005,0.0192629
5.0808e-005,0.0188363
5.0812e-005,0.0188314
5.0816e-005,0.0196648
5.082e-005,0.0193622
5.0824e-005,0.019253
5.0828e-005,0.019764
5.0832e-005,0.0190496
5.0836e-005,0.0194415
5.084e-005,0.0194018
5.0844e-005,0.0192332
5.0848e-005,0.01964
5.0852e-005,0.0189504
5.0856e-005,0.0194911
5.086e-005,0.0188363
5.0864e-005,0.0193324
5.0868e-005,0.0194763
5.0872e-005,0.019258
5.0876e-005,0.0190893
5.088e-005,0.018752
5.0884e-005,0.0188066
5.0888e-005,0.0189008
5.0892e-005,0.0188016
5.0896e-005,0.018623
5.09e-005,0.0191935
5.0904e-005,0.0189107
5.0908e-005,0.0188909
5.0912e-005,0.0190397
5.0916e-005,0.0189107
5.092e-005,0.0189752
5.0924e-005,0.019253
5.0928e-005,0.0190496
5.0932e-005,0.0195457
5.0936e-005,0.0194068
5.094e-005,0.0190348
5.0944e-005,0.018752
5.0948e-005,0.0188314
5.0952e-005,0.0189306
5.0956e-005,0.0190447
5.096e-005,0.0189653
5.0964e-005,0.0187421
5.0968e-005,0.0188859
5.0972e-005,0.0189256
5.0976e-005,0.0190794
5.098e-005,0.0189207
5.0984e-005,0.0195705
5.0988e-005,0.0183304
5.0992e-005,0.0188165
5.0996e-005,0.0187371
5.1e-005,0.0188512
5.1004e-005,0.0188066
5.1008e-005,0.0188611
5.1012e-005,0.019
5.1016e-005,0.0185437
5.102e-005,0.0190199
5.1024e-005,0.0190348
5.1028e-005,0.0189256
5.1032e-005,0.0189604
5.1036e-005,0.018504
5.104e-005,0.0186627
5.1044e-005,0.019129
5.1048e-005,0.0185387
5.1052e-005,0.0191191
5.1056e-005,0.0190695
5.106e-005,0.0189703
5.1064e-005,0.0187272
5.1068e-005,0.0189405
5.1072e-005,0.0190794
5.1076e-005,0.0194465
5.108e-005,0.018876
5.1084e-005,0.0190199
5.1088e-005,0.0190645
5.1092e-005,0.0185734
5.1096e-005,0.0186627
5.11e-005,0.0186131
5.1104e-005,0.0190149
5.1108e-005,0.0182956
5.1112e-005,0.0192332
5.1116e-005,0.0189852
5.112e-005,0.0188016
5.1124e-005,0.0193126
5.1128e-005,0.0188512
5.1132e-005,0.0181468
5.1136e-005,0.0186776
5.114e-005,0.0188016
5.1144e-005,0.018881
5.1148e-005,0.0188562
5.1152e-005,0.0188314
5.1156e-005,0.0185437
5.116e-005,0.0183452
5.1164e-005,0.0187718
5.1168e-005,0.0190546
5.1172e-005,0.0188611
5.1176e-005,0.0193076
5.118e-005,0.018246
5.1184e-005,0.018628
5.1188e-005,0.0191836
5.1192e-005,0.0187123
5.1196e-005,0.0190992
5.12e-005,0.0190348
5.1204e-005,0.01901
5.1208e-005,0.0192034
5.1212e-005,0.018623
5.1216e-005,0.018499
5.122e-005,0.0188314
5.1224e-005,0.0189256
5.1228e-005,0.0189802
5.1232e-005,0.0193374
5.1236e-005,0.0187024
5.124e-005,0.0189058
5.1244e-005,0.0192927
5.1248e-005,0.0189355
5.1252e-005,0.0189008
5.1256e-005,0.0193423
5.126e-005,0.0191092
