Time,Ampl
4.126e-005,0.0332865
4.1264e-005,0.0335147
4.1268e-005,0.03348
4.1272e-005,0.0332568
4.1276e-005,0.0332369
4.128e-005,0.0337628
4.1284e-005,0.0332816
4.1288e-005,0.0337132
4.1292e-005,0.0330385
4.1296e-005,0.0329343
4.13e-005,0.0333312
4.1304e-005,0.0333659
4.1308e-005,0.0331477
4.1312e-005,0.0334354
4.1316e-005,0.0326367
4.132e-005,0.0323589
4.1324e-005,0.0334701
4.1328e-005,0.0327756
4.1332e-005,0.0331675
4.1336e-005,0.0326417
4.134e-005,0.0335643
4.1344e-005,0.0334602
4.1348e-005,0.0332221
4.1352e-005,0.0332419
4.1356e-005,0.0328451
4.136e-005,0.0330484
4.1364e-005,0.0328649
4.1368e-005,0.0328302
4.1372e-005,0.0331129
4.1376e-005,0.0328947
4.138e-005,0.0334602
4.1384e-005,0.0334354
4.1388e-005,0.0332667
4.1392e-005,0.0336536
4.1396e-005,0.0337727
4.14e-005,0.0332518
4.1404e-005,0.0331377
4.1408e-005,0.0328153
4.1412e-005,0.0325028
4.1416e-005,0.0329195
4.142e-005,0.0335445
4.1424e-005,0.0333163
4.1428e-005,0.0335941
4.1432e-005,0.0331228
4.1436e-005,0.0329591
4.144e-005,0.033356
4.1444e-005,0.0334552
4.1448e-005,0.0334006
4.1452e-005,0.0336685
4.1456e-005,0.0338471
4.146e-005,0.0333163
4.1464e-005,0.032984
4.1468e-005,0.0333808
4.1472e-005,0.033108
4.1476e-005,0.0337231
4.148e-005,0.0332369
4.1484e-005,0.0323936
4.1488e-005,0.0329641
4.1492e-005,0.0334056
4.1496e-005,0.0335544
4.15e-005,0.0337032
4.1504e-005,0.0335743
4.1508e-005,0.0330881
4.1512e-005,0.0330286
4.1516e-005,0.0336288
4.152e-005,0.033232
4.1524e-005,0.0332965
4.1528e-005,0.0331526
4.1532e-005,0.0334602
4.1536e-005,0.0334453
4.154e-005,0.0340505
4.1544e-005,0.0330832
4.1548e-005,0.033227
4.1552e-005,0.0335197
4.1556e-005,0.0332369
4.156e-005,0.0334651
4.1564e-005,0.0334453
4.1568e-005,0.0342985
4.1572e-005,0.0330038
4.1576e-005,0.0328351
4.158e-005,0.031967
4.1584e-005,0.0317388
4.1588e-005,0.0306922
4.1592e-005,0.0311882
4.1596e-005,0.0308211
4.16e-005,0.0310245
4.1604e-005,0.0253397
4.1608e-005,0.0204733
4.1612e-005,0.0201311
4.1616e-005,0.0196995
4.162e-005,0.0185833
4.1624e-005,0.0180575
4.1628e-005,0.0116683
4.1632e-005,0.00230268
4.1636e-005,0.000948436
4.164e-005,0.000115056
4.1644e-005,-0.000455413
4.1648e-005,-0.000222265
4.1652e-005,-0.000624073
4.1656e-005,-0.000544703
4.166e-005,-0.000152816
4.1664e-005,-0.00147729
4.1668e-005,0.0066432
4.1672e-005,0.016614
4.1676e-005,0.019759
4.168e-005,0.0217036
4.1684e-005,0.0254736
4.1688e-005,0.0267038
4.1692e-005,0.0278597
4.1696e-005,0.0295413
4.17e-005,0.0306674
4.1704e-005,0.0322845
4.1708e-005,0.0326566
4.1712e-005,0.0344572
4.1716e-005,0.0341596
4.172e-005,0.0348144
4.1724e-005,0.035742
4.1728e-005,0.0355089
4.1732e-005,0.0358363
4.1736e-005,0.0369872
4.174e-005,0.037136
4.1744e-005,0.0372352
4.1748e-005,0.0373344
4.1752e-005,0.0372897
4.1756e-005,0.0376271
4.176e-005,0.0371161
4.1764e-005,0.0372649
4.1768e-005,0.0378701
4.1772e-005,0.038133
4.1776e-005,0.0382571
4.178e-005,0.0375626
4.1784e-005,0.0384704
4.1788e-005,0.0375328
4.1792e-005,0.0375279
4.1796e-005,0.0373989
4.18e-005,0.0382571
4.1804e-005,0.0379197
4.1808e-005,0.037384
4.1812e-005,0.0377015
4.1816e-005,0.0375725
4.182e-005,0.038267
4.1824e-005,0.0379197
4.1828e-005,0.0377064
4.1832e-005,0.0382571
4.1836e-005,0.0376717
4.184e-005,0.0379495
4.1844e-005,0.0377511
4.1848e-005,0.0379793
4.1852e-005,0.0376717
4.1856e-005,0.0383017
4.186e-005,0.0376717
4.1864e-005,0.0374237
4.1868e-005,0.038009
4.1872e-005,0.0383017
4.1876e-005,0.038138
4.188e-005,0.0375874
4.1884e-005,0.0379197
4.1888e-005,0.0372699
4.1892e-005,0.0378156
4.1896e-005,0.0376419
4.19e-005,0.0374336
4.1904e-005,0.0373592
4.1908e-005,0.0379197
4.1912e-005,0.0379942
4.1916e-005,0.0381132
4.192e-005,0.0378354
4.1924e-005,0.0380586
4.1928e-005,0.037513
4.1932e-005,0.0377709
4.1936e-005,0.0373939
4.194e-005,0.0379545
4.1944e-005,0.0380934
4.1948e-005,0.0378602
4.1952e-005,0.0379297
4.1956e-005,0.0384555
4.196e-005,0.0376866
4.1964e-005,0.0375179
4.1968e-005,0.0376618
4.1972e-005,0.0374485
4.1976e-005,0.0374435
4.198e-005,0.0374038
4.1984e-005,0.0373294
4.1988e-005,0.0373344
4.1992e-005,0.0374882
4.1996e-005,0.0375923
4.2e-005,0.0375725
4.2004e-005,0.0377957
4.2008e-005,0.0374286
4.2012e-005,0.037136
4.2016e-005,0.037389
4.202e-005,0.0377064
4.2024e-005,0.0379396
4.2028e-005,0.0371409
4.2032e-005,0.0377908
4.2036e-005,0.0371757
4.204e-005,0.0372947
4.2044e-005,0.038014
4.2048e-005,0.0379693
4.2052e-005,0.0380487
4.2056e-005,0.0375923
4.206e-005,0.037389
4.2064e-005,0.0378056
4.2068e-005,0.0372649
4.2072e-005,0.037756
4.2076e-005,0.0377064
4.208e-005,0.037632
4.2084e-005,0.038019
4.2088e-005,0.0371905
4.2092e-005,0.0374534
4.2096e-005,0.0377759
4.21e-005,0.0375378
4.2104e-005,0.0374931
4.2108e-005,0.037389
4.2112e-005,0.0375378
4.2116e-005,0.0373592
4.212e-005,0.0376816
4.2124e-005,0.0378751
4.2128e-005,0.0375179
4.2132e-005,0.0378056
4.2136e-005,0.0378503
4.214e-005,0.0378007
4.2144e-005,0.0379049
4.2148e-005,0.0376122
4.2152e-005,0.0380884
4.2156e-005,0.036754
4.216e-005,0.0376221
4.2164e-005,0.0377808
4.2168e-005,0.0374237
4.2172e-005,0.0373939
4.2176e-005,0.0363968
4.218e-005,0.0374634
4.2184e-005,0.037513
4.2188e-005,0.0372997
4.2192e-005,0.0378701
4.2196e-005,0.0374435
4.22e-005,0.0374683
4.2204e-005,0.0371012
4.2208e-005,0.0374634
4.2212e-005,0.0379545
4.2216e-005,0.0371657
4.222e-005,0.0376965
4.2224e-005,0.0375328
4.2228e-005,0.0380537
4.2232e-005,0.0376519
4.2236e-005,0.0373294
4.224e-005,0.0376618
4.2244e-005,0.0378106
4.2248e-005,0.0376668
4.2252e-005,0.0379991
4.2256e-005,0.0376668
4.226e-005,0.0378652
4.2264e-005,0.0377362
4.2268e-005,0.0378007
4.2272e-005,0.0377957
4.2276e-005,0.0378999
4.228e-005,0.0375477
4.2284e-005,0.0375427
4.2288e-005,0.0374435
4.2292e-005,0.0377808
4.2296e-005,0.038515
4.23e-005,0.0377213
4.2304e-005,0.0378652
4.2308e-005,0.0374931
4.2312e-005,0.0372302
4.2316e-005,0.0373443
4.232e-005,0.0373245
4.2324e-005,0.0376717
4.2328e-005,0.0378553
4.2332e-005,0.0376668
4.2336e-005,0.0379892
4.234e-005,0.0369326
4.2344e-005,0.0369524
4.2348e-005,0.0354543
4.2352e-005,0.0339364
4.2356e-005,0.033351
4.236e-005,0.0321704
4.2364e-005,0.0315156
4.2368e-005,0.0322795
4.2372e-005,0.0260143
4.2376e-005,0.0206569
4.238e-005,0.01963
4.2384e-005,0.0192381
4.2388e-005,0.0188611
4.2392e-005,0.0185089
4.2396e-005,0.0121247
4.24e-005,0.00189591
4.2404e-005,0.000387888
4.2408e-005,-0.000986196
4.2412e-005,-0.000331398
4.2416e-005,-0.000192501
4.242e-005,-0.000301634
4.2424e-005,-0.00093659
4.2428e-005,0.000392849
4.2432e-005,-0.000891945
4.2436e-005,0.00676225
4.244e-005,0.0167231
4.2444e-005,0.0198235
4.2448e-005,0.0231967
4.2452e-005,0.0260193
4.2456e-005,0.0283359
4.246e-005,0.0293578
4.2464e-005,0.0311485
4.2468e-005,0.0324482
4.2472e-005,0.0338173
4.2476e-005,0.033981
4.248e-005,0.0359901
4.2484e-005,0.0368235
4.2488e-005,0.0374534
4.2492e-005,0.0378354
4.2496e-005,0.0382571
4.25e-005,0.0385944
4.2504e-005,0.0390508
4.2508e-005,0.0396907
4.2512e-005,0.0390309
4.2516e-005,0.0400627
4.252e-005,0.0404348
4.2524e-005,0.0402165
4.2528e-005,0.0408614
4.2532e-005,0.0406431
4.2536e-005,0.0409705
4.254e-005,0.04166
4.2544e-005,0.0414219
4.2548e-005,0.0413078
4.2552e-005,0.0407622
4.2556e-005,0.0414269
4.256e-005,0.041412
4.2564e-005,0.0409556
4.2568e-005,0.0406977
4.2572e-005,0.0411392
4.2576e-005,0.0409755
4.258e-005,0.0419081
4.2584e-005,0.0410896
4.2588e-005,0.0414368
4.2592e-005,0.0413773
4.2596e-005,0.0420172
4.26e-005,0.042042
4.2604e-005,0.0414368
4.2608e-005,0.0422553
4.2612e-005,0.0416848
4.2616e-005,0.0419924
4.262e-005,0.0422652
4.2624e-005,0.0418535
4.2628e-005,0.0412235
4.2632e-005,0.0415856
4.2636e-005,0.0416551
4.264e-005,0.0412781
4.2644e-005,0.0414368
4.2648e-005,0.0415509
4.2652e-005,0.0420618
4.2656e-005,0.0415459
4.266e-005,0.0415955
4.2664e-005,0.0409655
4.2668e-005,0.0412979
4.2672e-005,0.0413971
4.2676e-005,0.0411392
4.268e-005,0.0418783
4.2684e-005,0.0417096
4.2688e-005,0.0423595
4.2692e-005,0.0419924
4.2696e-005,0.0418733
4.27e-005,0.0415906
4.2704e-005,0.0413475
4.2708e-005,0.0422851
4.2712e-005,0.0413971
4.2716e-005,0.0418535
4.272e-005,0.0412979
4.2724e-005,0.0414666
4.2728e-005,0.0413475
4.2732e-005,0.0409804
4.2736e-005,0.0412632
4.274e-005,0.0419626
4.2744e-005,0.0416303
4.2748e-005,0.0422454
4.2752e-005,0.0419477
4.2756e-005,0.0418932
4.276e-005,0.042042
4.2764e-005,0.0420122
4.2768e-005,0.0416551
4.2772e-005,0.0413922
4.2776e-005,0.0423992
4.278e-005,0.04166
4.2784e-005,0.0419378
4.2788e-005,0.0414715
4.2792e-005,0.0421611
4.2796e-005,0.0415658
4.28e-005,0.0414418
4.2804e-005,0.0410796
4.2808e-005,0.0421114
4.2812e-005,0.0413376
4.2816e-005,0.0416898
4.282e-005,0.0420767
4.2824e-005,0.0422751
4.2828e-005,0.0416055
4.2832e-005,0.0408763
4.2836e-005,0.041789
4.284e-005,0.0410747
4.2844e-005,0.040777
4.2848e-005,0.0409655
4.2852e-005,0.0409655
4.2856e-005,0.0409606
4.286e-005,0.0413922
4.2864e-005,0.0413674
4.2868e-005,0.0414269
4.2872e-005,0.0410499
4.2876e-005,0.0407522
4.288e-005,0.0413376
4.2884e-005,0.041417
4.2888e-005,0.0419428
4.2892e-005,0.0422999
4.2896e-005,0.0415707
4.29e-005,0.0416104
4.2904e-005,0.0413326
4.2908e-005,0.0412185
4.2912e-005,0.0415559
4.2916e-005,0.0417096
4.292e-005,0.0414616
4.2924e-005,0.0419676
4.2928e-005,0.0420668
4.2932e-005,0.0419924
4.2936e-005,0.0412384
4.294e-005,0.0413177
4.2944e-005,0.0415063
4.2948e-005,0.0415757
4.2952e-005,0.0414566
4.2956e-005,0.0415311
4.296e-005,0.0413574
4.2964e-005,0.04167
4.2968e-005,0.0411044
4.2972e-005,0.0416055
4.2976e-005,0.0411144
4.298e-005,0.0413376
4.2984e-005,0.0413277
4.2988e-005,0.0410945
4.2992e-005,0.0409854
4.2996e-005,0.0416154
4.3e-005,0.0414765
4.3004e-005,0.0419825
4.3008e-005,0.0413376
4.3012e-005,0.0417592
4.3016e-005,0.0417791
4.302e-005,0.041536
4.3024e-005,0.0419031
4.3028e-005,0.0415112
4.3032e-005,0.0409755
4.3036e-005,0.0414318
4.304e-005,0.0418188
4.3044e-005,0.0408465
4.3048e-005,0.0417592
4.3052e-005,0.0414269
4.3056e-005,0.0414616
4.306e-005,0.0413574
4.3064e-005,0.0417741
4.3068e-005,0.041407
4.3072e-005,0.0417692
4.3076e-005,0.0409804
4.308e-005,0.041288
4.3084e-005,0.0418634
4.3088e-005,0.0410697
4.3092e-005,0.0413525
4.3096e-005,0.0416352
4.31e-005,0.0414765
4.3104e-005,0.0417493
4.3108e-005,0.0420073
4.3112e-005,0.0408515
4.3116e-005,0.0384059
4.312e-005,0.0365754
4.3124e-005,0.0351517
4.3128e-005,0.0341447
4.3132e-005,0.0334304
4.3136e-005,0.0328847
4.314e-005,0.0271305
4.3144e-005,0.0214704
4.3148e-005,0.0194663
4.3152e-005,0.0196102
4.3156e-005,0.0188413
4.316e-005,0.018633
4.3164e-005,0.0119858
4.3168e-005,0.00251102
4.3172e-005,0.000377967
4.3176e-005,-0.000584388
4.318e-005,-0.000395885
4.3184e-005,-0.000445491
4.3188e-005,-0.000276831
4.3192e-005,-3.37621e-005
4.3196e-005,-0.000371082
4.32e-005,-0.00137808
4.3204e-005,0.00649438
4.3208e-005,0.016862
4.3212e-005,0.0211182
4.3216e-005,0.0232364
4.322e-005,0.0272247
4.3224e-005,0.0296058
4.3228e-005,0.0308261
4.3232e-005,0.0336933
4.3236e-005,0.0348392
4.324e-005,0.0351666
4.3244e-005,0.0373245
4.3248e-005,0.038391
4.3252e-005,0.0389317
4.3256e-005,0.0395766
4.326e-005,0.0408515
4.3264e-005,0.0417989
4.3268e-005,0.0419329
4.3272e-005,0.0426521
4.3276e-005,0.0431085
4.328e-005,0.0434607
4.3284e-005,0.042796
4.3288e-005,0.0436294
4.3292e-005,0.0443239
4.3296e-005,0.0442197
4.33e-005,0.0446017
4.3304e-005,0.0446265
4.3308e-005,0.0444975
4.3312e-005,0.0446066
4.3316e-005,0.0448497
4.332e-005,0.0447455
4.3324e-005,0.0447207
4.3328e-005,0.0447654
4.3332e-005,0.0447158
4.3336e-005,0.0447455
4.334e-005,0.0444578
4.3344e-005,0.0441006
4.3348e-005,0.044934
4.3352e-005,0.0447604
4.3356e-005,0.0456434
4.336e-005,0.0449886
4.3364e-005,0.045192
4.3368e-005,0.0451721
4.3372e-005,0.0447158
4.3376e-005,0.0450233
4.338e-005,0.0448547
4.3384e-005,0.0448795
4.3388e-005,0.0453854
4.3392e-005,0.0457029
4.3396e-005,0.0450928
4.34e-005,0.0452168
4.3404e-005,0.0452813
4.3408e-005,0.0450382
4.3412e-005,0.0452961
4.3416e-005,0.0448795
4.342e-005,0.0446662
4.3424e-005,0.0450977
4.3428e-005,0.0448596
4.3432e-005,0.0447257
4.3436e-005,0.0449935
4.344e-005,0.0447753
4.3444e-005,0.0456384
4.3448e-005,0.0449638
4.3452e-005,0.0449737
4.3456e-005,0.0449241
4.346e-005,0.0451324
4.3464e-005,0.0460303
4.3468e-005,0.0447951
4.3472e-005,0.0452614
4.3476e-005,0.0447455
4.348e-005,0.0453259
4.3484e-005,0.0450928
4.3488e-005,0.0451721
4.3492e-005,0.0449439
4.3496e-005,0.0451324
4.35e-005,0.045068
4.3504e-005,0.0455888
4.3508e-005,0.0450828
4.3512e-005,0.0447009
4.3516e-005,0.0447108
4.352e-005,0.0451374
4.3524e-005,0.0449489
4.3528e-005,0.0450134
4.3532e-005,0.0454747
4.3536e-005,0.0457823
4.354e-005,0.0448795
4.3544e-005,0.0451176
4.3548e-005,0.0449687
4.3552e-005,0.0456632
4.3556e-005,0.0444231
4.356e-005,0.0448348
4.3564e-005,0.045688
4.3568e-005,0.0455789
4.3572e-005,0.0460799
4.3576e-005,0.0455789
4.358e-005,0.0453358
4.3584e-005,0.0451027
4.3588e-005,0.045812
4.3592e-005,0.045192
4.3596e-005,0.0455392
4.36e-005,0.0456781
4.3604e-005,0.0449787
4.3608e-005,0.0454549
4.3612e-005,0.0455491
4.3616e-005,0.045812
4.362e-005,0.0453805
4.3624e-005,0.0454152
4.3628e-005,0.045569
4.3632e-005,0.045698
4.3636e-005,0.0448547
4.364e-005,0.0456235
4.3644e-005,0.0461742
4.3648e-005,0.0457426
4.3652e-005,0.0454152
4.3656e-005,0.0456533
4.366e-005,0.0463875
4.3664e-005,0.0454301
4.3668e-005,0.0453259
4.3672e-005,0.0453557
4.3676e-005,0.0456682
4.368e-005,0.0455987
4.3684e-005,0.0458468
4.3688e-005,0.0452168
4.3692e-005,0.0452664
4.3696e-005,0.0456732
4.37e-005,0.045688
4.3704e-005,0.0454301
4.3708e-005,0.0454549
4.3712e-005,0.0452069
4.3716e-005,0.0456285
4.372e-005,0.0457376
4.3724e-005,0.0453854
4.3728e-005,0.0458517
4.3732e-005,0.0454549
4.3736e-005,0.0459261
4.374e-005,0.0459658
4.3744e-005,0.0453854
4.3748e-005,0.0460353
4.3752e-005,0.0455789
4.3756e-005,0.0460204
4.376e-005,0.0454053
4.3764e-005,0.0463577
4.3768e-005,0.0455987
4.3772e-005,0.0457972
4.3776e-005,0.0464024
4.378e-005,0.0452614
4.3784e-005,0.0456136
4.3788e-005,0.0458369
4.3792e-005,0.0457079
4.3796e-005,0.0461295
4.38e-005,0.0460005
4.3804e-005,0.0456781
4.3808e-005,0.0451473
4.3812e-005,0.0454152
4.3816e-005,0.0457228
4.382e-005,0.0458716
4.3824e-005,0.0459063
4.3828e-005,0.0450382
4.3832e-005,0.0450084
4.3836e-005,0.0458418
4.384e-005,0.0456781
4.3844e-005,0.0455144
4.3848e-005,0.0458517
4.3852e-005,0.0454003
4.3856e-005,0.0458865
4.386e-005,0.0466851
4.3864e-005,0.0455938
4.3868e-005,0.0458269
4.3872e-005,0.0464222
4.3876e-005,0.0449439
4.388e-005,0.0439617
4.3884e-005,0.0408713
4.3888e-005,0.0381975
4.3892e-005,0.036625
4.3896e-005,0.0361736
4.39e-005,0.0355287
4.3904e-005,0.0345763
4.3908e-005,0.0276662
4.3912e-005,0.0214952
4.3916e-005,0.0203493
4.392e-005,0.0192381
4.3924e-005,0.0182212
4.3928e-005,0.0187917
4.3932e-005,0.0121891
4.3936e-005,0.00240685
4.394e-005,0.00126591
4.3944e-005,-0.000723285
4.3948e-005,-0.000792733
4.3952e-005,-0.000123053
4.3956e-005,-0.000698482
4.396e-005,-0.000390925
4.3964e-005,-0.000113132
4.3968e-005,-0.00153186
4.3972e-005,0.00598344
4.3976e-005,0.0174424
4.398e-005,0.019506
4.3984e-005,0.0214555
4.3988e-005,0.0238565
4.3992e-005,0.0255877
4.3996e-005,0.0259697
4.4e-005,0.0277208
4.4004e-005,0.0283061
4.4008e-005,0.0292933
4.4012e-005,0.0304392
4.4016e-005,0.0305334
4.402e-005,0.0312229
4.4024e-005,0.031466
4.4028e-005,0.0323837
4.4032e-005,0.0325077
4.4036e-005,0.0330088
4.404e-005,0.03285
4.4044e-005,0.0328847
4.4048e-005,0.0336288
4.4052e-005,0.0333362
4.4056e-005,0.0333262
4.406e-005,0.0337727
4.4064e-005,0.0337876
4.4068e-005,0.0340306
4.4072e-005,0.033728
4.4076e-005,0.0328054
4.408e-005,0.0343332
4.4084e-005,0.0341199
4.4088e-005,0.0341298
4.4092e-005,0.0342687
4.4096e-005,0.0337032
4.41e-005,0.0334205
4.4104e-005,0.0338471
4.4108e-005,0.0335445
4.4112e-005,0.0335891
4.4116e-005,0.0340306
4.412e-005,0.0336487
4.4124e-005,0.033356
4.4128e-005,0.0333858
4.4132e-005,0.0332865
4.4136e-005,0.0332865
4.414e-005,0.03348
4.4144e-005,0.0338818
4.4148e-005,0.0332469
4.4152e-005,0.033862
4.4156e-005,0.0335743
4.416e-005,0.0335792
4.4164e-005,0.0336288
4.4168e-005,0.0337429
4.4172e-005,0.0340356
4.4176e-005,0.0340505
4.418e-005,0.0338173
4.4184e-005,0.0329988
4.4188e-005,0.0335544
4.4192e-005,0.0334949
4.4196e-005,0.0337975
4.42e-005,0.0340753
4.4204e-005,0.0340505
4.4208e-005,0.0336288
4.4212e-005,0.0335147
4.4216e-005,0.0338074
4.422e-005,0.033733
4.4224e-005,0.033356
4.4228e-005,0.033728
4.4232e-005,0.034105
4.4236e-005,0.0342439
4.424e-005,0.0339066
4.4244e-005,0.0333659
4.4248e-005,0.0334304
4.4252e-005,0.0341547
4.4256e-005,0.0335743
4.426e-005,0.0339017
4.4264e-005,0.03348
4.4268e-005,0.0330832
4.4272e-005,0.033728
4.4276e-005,0.0337429
4.428e-005,0.0336536
4.4284e-005,0.0332469
4.4288e-005,0.0334006
4.4292e-005,0.0334006
4.4296e-005,0.0336189
4.43e-005,0.0335891
4.4304e-005,0.0329542
4.4308e-005,0.0330286
4.4312e-005,0.0329542
4.4316e-005,0.0330732
4.432e-005,0.0334949
4.4324e-005,0.0332221
4.4328e-005,0.0331675
4.4332e-005,0.0326615
4.4336e-005,0.0333709
4.434e-005,0.0328748
4.4344e-005,0.0327359
4.4348e-005,0.033857
4.4352e-005,0.033604
4.4356e-005,0.0327607
4.436e-005,0.033857
4.4364e-005,0.0334899
4.4368e-005,0.0334651
4.4372e-005,0.0334502
4.4376e-005,0.0338421
4.438e-005,0.0337032
4.4384e-005,0.0335594
4.4388e-005,0.0329988
4.4392e-005,0.0332865
4.4396e-005,0.0337231
4.44e-005,0.0336536
4.4404e-005,0.0333957
4.4408e-005,0.0334205
4.4412e-005,0.0336884
4.4416e-005,0.0331526
4.442e-005,0.0329443
4.4424e-005,0.0331824
4.4428e-005,0.0335247
4.4432e-005,0.0332617
4.4436e-005,0.0331377
4.444e-005,0.033485
4.4444e-005,0.0333957
4.4448e-005,0.0339364
4.4452e-005,0.0342836
4.4456e-005,0.033738
4.446e-005,0.0335693
4.4464e-005,0.0332022
4.4468e-005,0.034487
4.4472e-005,0.0340505
4.4476e-005,0.0337479
4.448e-005,0.0330584
4.4484e-005,0.0337132
4.4488e-005,0.0337975
4.4492e-005,0.0331328
4.4496e-005,0.0334304
4.45e-005,0.0334304
4.4504e-005,0.0329145
4.4508e-005,0.0333312
4.4512e-005,0.0333957
4.4516e-005,0.0335495
4.452e-005,0.0335842
4.4524e-005,0.0332667
4.4528e-005,0.0327954
4.4532e-005,0.0340802
4.4536e-005,0.0334006
4.454e-005,0.0331774
4.4544e-005,0.0335098
4.4548e-005,0.0336338
4.4552e-005,0.0335792
4.4556e-005,0.0331824
4.456e-005,0.0337876
4.4564e-005,0.0339711
4.4568e-005,0.0335594
4.4572e-005,0.033738
4.4576e-005,0.0334254
4.458e-005,0.0335395
4.4584e-005,0.0334751
4.4588e-005,0.0334949
4.4592e-005,0.0336536
4.4596e-005,0.0337826
4.46e-005,0.0338322
4.4604e-005,0.0337727
4.4608e-005,0.0334552
4.4612e-005,0.0336933
4.4616e-005,0.0331228
4.462e-005,0.0338769
4.4624e-005,0.0337628
4.4628e-005,0.0329988
4.4632e-005,0.0338917
4.4636e-005,0.0333362
4.464e-005,0.0337776
4.4644e-005,0.032974
4.4648e-005,0.0325623
4.4652e-005,0.0317388
4.4656e-005,0.0309154
4.466e-005,0.0307021
4.4664e-005,0.0302903
4.4668e-005,0.0305086
4.4672e-005,0.0297447
4.4676e-005,0.0252008
4.468e-005,0.0207809
4.4684e-005,0.0203394
4.4688e-005,0.0193126
4.4692e-005,0.0184147
4.4696e-005,0.0188215
4.47e-005,0.0128191
4.4704e-005,0.00293267
4.4708e-005,0.000710327
4.4712e-005,-0.00105564
4.4716e-005,-0.000326437
4.472e-005,6.54498e-005
4.4724e-005,-6.35257e-005
4.4728e-005,-0.000381004
4.4732e-005,-0.000197462
4.4736e-005,-0.00190391
4.474e-005,0.00622651
4.4744e-005,0.0172688
4.4748e-005,0.0199723
4.4752e-005,0.021897
4.4756e-005,0.0254141
4.476e-005,0.0269767
4.4764e-005,0.0278894
4.4768e-005,0.0292486
4.4772e-005,0.0308856
4.4776e-005,0.0316545
4.478e-005,0.0323192
4.4784e-005,0.0336338
4.4788e-005,0.0340406
4.4792e-005,0.0348343
4.4796e-005,0.0353303
4.48e-005,0.0358165
4.4804e-005,0.0360347
4.4808e-005,0.0365705
4.4812e-005,0.0365754
4.4816e-005,0.0367094
4.482e-005,0.0371657
4.4824e-005,0.0377461
4.4828e-005,0.0379297
4.4832e-005,0.0377213
4.4836e-005,0.0375179
4.484e-005,0.0381777
4.4844e-005,0.0377808
4.4848e-005,0.0378205
4.4852e-005,0.0381281
4.4856e-005,0.037766
4.486e-005,0.0378801
4.4864e-005,0.0381975
4.4868e-005,0.0377213
4.4872e-005,0.0381529
4.4876e-005,0.0379247
4.488e-005,0.0377461
4.4884e-005,0.0376469
4.4888e-005,0.0378106
4.4892e-005,0.0376668
4.4896e-005,0.0379793
4.49e-005,0.0380487
4.4904e-005,0.0379495
4.4908e-005,0.0379743
4.4912e-005,0.0383414
4.4916e-005,0.0373096
4.492e-005,0.0377511
4.4924e-005,0.0376419
4.4928e-005,0.0376023
4.4932e-005,0.0382223
4.4936e-005,0.0377709
4.494e-005,0.0378553
4.4944e-005,0.037885
4.4948e-005,0.0383166
4.4952e-005,0.0376519
4.4956e-005,0.0381678
4.496e-005,0.0376469
4.4964e-005,0.0381479
4.4968e-005,0.0380884
4.4972e-005,0.0381876
4.4976e-005,0.0381231
4.498e-005,0.0376965
4.4984e-005,0.0375576
4.4988e-005,0.0380884
4.4992e-005,0.0377064
4.4996e-005,0.0374733
4.5e-005,0.0378801
4.5004e-005,0.0379049
4.5008e-005,0.0379495
4.5012e-005,0.038014
4.5016e-005,0.0380289
4.502e-005,0.0377164
4.5024e-005,0.0381579
4.5028e-005,0.0373592
4.5032e-005,0.0377759
4.5036e-005,0.0375031
4.504e-005,0.0374782
4.5044e-005,0.0381579
4.5048e-005,0.0373741
4.5052e-005,0.037384
4.5056e-005,0.0381479
4.506e-005,0.0374187
4.5064e-005,0.0379098
4.5068e-005,0.0383414
4.5072e-005,0.0375923
4.5076e-005,0.0377412
4.508e-005,0.0374138
4.5084e-005,0.0376469
4.5088e-005,0.037255
4.5092e-005,0.0369574
4.5096e-005,0.0370616
4.51e-005,0.0376767
4.5104e-005,0.0378453
4.5108e-005,0.0380239
4.5112e-005,0.0373096
4.5116e-005,0.0374485
4.512e-005,0.0371757
4.5124e-005,0.0377908
4.5128e-005,0.0375179
4.5132e-005,0.0375923
4.5136e-005,0.0375328
4.514e-005,0.0375626
4.5144e-005,0.0376618
4.5148e-005,0.0376866
4.5152e-005,0.0376072
4.5156e-005,0.037384
4.516e-005,0.0373989
4.5164e-005,0.0379892
4.5168e-005,0.0374485
4.5172e-005,0.0370864
4.5176e-005,0.0376568
4.518e-005,0.0374683
4.5184e-005,0.0377015
4.5188e-005,0.0379743
4.5192e-005,0.0375477
4.5196e-005,0.0380487
4.52e-005,0.0374386
4.5204e-005,0.0374782
4.5208e-005,0.0374336
4.5212e-005,0.037761
4.5216e-005,0.0373691
4.522e-005,0.037637
4.5224e-005,0.0374931
4.5228e-005,0.0378156
4.5232e-005,0.0384257
4.5236e-005,0.0378354
4.524e-005,0.0376816
4.5244e-005,0.0373989
4.5248e-005,0.0380487
4.5252e-005,0.0374286
4.5256e-005,0.0373195
4.526e-005,0.0375229
4.5264e-005,0.0378205
4.5268e-005,0.03852
4.5272e-005,0.0375923
4.5276e-005,0.0378949
4.528e-005,0.0380934
4.5284e-005,0.0377808
4.5288e-005,0.0375229
4.5292e-005,0.0378404
4.5296e-005,0.0376568
4.53e-005,0.0383612
4.5304e-005,0.0375527
4.5308e-005,0.0381926
4.5312e-005,0.0381876
4.5316e-005,0.0375527
4.532e-005,0.0378156
4.5324e-005,0.0379842
4.5328e-005,0.0379346
4.5332e-005,0.0384208
4.5336e-005,0.0384307
4.534e-005,0.0381926
4.5344e-005,0.0377858
4.5348e-005,0.0377064
4.5352e-005,0.0380983
4.5356e-005,0.0376072
4.536e-005,0.0375576
4.5364e-005,0.0378701
4.5368e-005,0.037632
4.5372e-005,0.0373443
4.5376e-005,0.0374237
4.538e-005,0.0379346
4.5384e-005,0.0374584
4.5388e-005,0.0376171
4.5392e-005,0.0376122
4.5396e-005,0.0375229
4.54e-005,0.037632
4.5404e-005,0.0376221
4.5408e-005,0.0380884
4.5412e-005,0.0374435
4.5416e-005,0.0368185
4.542e-005,0.0355436
4.5424e-005,0.034363
4.5428e-005,0.0330782
4.5432e-005,0.0326218
4.5436e-005,0.0327111
4.544e-005,0.0322299
4.5444e-005,0.0263467
4.5448e-005,0.0209595
4.5452e-005,0.0200517
4.5456e-005,0.0191241
4.546e-005,0.0185437
4.5464e-005,0.0188512
4.5468e-005,0.0116286
4.5472e-005,0.00216874
4.5476e-005,0.00133536
4.548e-005,-0.00100604
4.5484e-005,-0.000564546
4.5488e-005,3.56862e-005
4.5492e-005,-0.000559585
4.5496e-005,-0.000554624
4.55e-005,-0.000152816
4.5504e-005,-0.00141777
4.5508e-005,0.00649934
4.5512e-005,0.017244
4.5516e-005,0.0204386
4.552e-005,0.0225865
4.5524e-005,0.0264608
4.5528e-005,0.0287377
4.5532e-005,0.0292685
4.5536e-005,0.0314065
4.554e-005,0.0328649
4.5544e-005,0.0338322
4.5548e-005,0.0351468
4.5552e-005,0.0366052
4.5556e-005,0.0373394
4.556e-005,0.0372153
4.5564e-005,0.0375279
4.5568e-005,0.0390061
4.5572e-005,0.0389119
4.5576e-005,0.0394923
4.558e-005,0.0397998
4.5584e-005,0.0400578
4.5588e-005,0.0399387
4.5592e-005,0.040028
4.5596e-005,0.041159
4.56e-005,0.040663
4.5604e-005,0.0406233
4.5608e-005,0.040782
4.5612e-005,0.0407671
4.5616e-005,0.0409804
4.562e-005,0.0412037
4.5624e-005,0.0414864
4.5628e-005,0.0412632
4.5632e-005,0.0416402
4.5636e-005,0.041536
4.564e-005,0.0414021
4.5644e-005,0.04167
4.5648e-005,0.0415013
4.5652e-005,0.041283
4.5656e-005,0.0416402
4.566e-005,0.0416253
4.5664e-005,0.0418287
4.5668e-005,0.04166
4.5672e-005,0.0412037
4.5676e-005,0.0411044
4.568e-005,0.041154
4.5684e-005,0.0409755
4.5688e-005,0.0412979
4.5692e-005,0.0409903
4.5696e-005,0.0417444
4.57e-005,0.0413872
4.5704e-005,0.0410251
4.5708e-005,0.0409556
4.5712e-005,0.0404596
4.5716e-005,0.0408366
4.572e-005,0.0418039
4.5724e-005,0.0416154
4.5728e-005,0.0411937
4.5732e-005,0.0412582
4.5736e-005,0.0408118
4.574e-005,0.0409407
4.5744e-005,0.0411888
4.5748e-005,0.0410846
4.5752e-005,0.0407423
4.5756e-005,0.0407225
4.576e-005,0.0411888
4.5764e-005,0.0409507
4.5768e-005,0.0412086
4.5772e-005,0.0411789
4.5776e-005,0.0413326
4.578e-005,0.0405985
4.5784e-005,0.040782
4.5788e-005,0.0412037
4.5792e-005,0.0411987
4.5796e-005,0.040529
4.58e-005,0.0411144
4.5804e-005,0.0407671
4.5808e-005,0.0414269
4.5812e-005,0.0403951
4.5816e-005,0.0406381
4.582e-005,0.0415509
4.5824e-005,0.0414517
4.5828e-005,0.0414864
4.5832e-005,0.0407622
4.5836e-005,0.04103
4.584e-005,0.0405935
4.5844e-005,0.0409655
4.5848e-005,0.0407026
4.5852e-005,0.0410796
4.5856e-005,0.0410598
4.586e-005,0.0409804
4.5864e-005,0.040906
4.5868e-005,0.041417
4.5872e-005,0.0408465
4.5876e-005,0.0406778
4.588e-005,0.0413773
4.5884e-005,0.0409011
4.5888e-005,0.0410945
4.5892e-005,0.0413029
4.5896e-005,0.0413227
4.59e-005,0.0407622
4.5904e-005,0.0407374
4.5908e-005,0.0410201
4.5912e-005,0.0411144
4.5916e-005,0.0407225
4.592e-005,0.0410995
4.5924e-005,0.0408267
4.5928e-005,0.04103
4.5932e-005,0.0411491
4.5936e-005,0.0408068
4.594e-005,0.0407969
4.5944e-005,0.0414467
4.5948e-005,0.0407126
4.5952e-005,0.0410995
4.5956e-005,0.0412632
4.596e-005,0.0404794
4.5964e-005,0.0411292
4.5968e-005,0.0414963
4.5972e-005,0.04103
4.5976e-005,0.0416799
4.598e-005,0.0404943
4.5984e-005,0.0413376
4.5988e-005,0.0410648
4.5992e-005,0.0413128
4.5996e-005,0.0409705
4.6e-005,0.0409804
4.6004e-005,0.0409259
4.6008e-005,0.0410995
4.6012e-005,0.0407076
4.6016e-005,0.0411888
4.602e-005,0.0405538
4.6024e-005,0.0412533
4.6028e-005,0.0410697
4.6032e-005,0.0411044
4.6036e-005,0.0403653
4.604e-005,0.0406778
4.6044e-005,0.0406828
4.6048e-005,0.0413674
4.6052e-005,0.0407274
4.6056e-005,0.0408614
4.606e-005,0.0407671
4.6064e-005,0.0407572
4.6068e-005,0.0409159
4.6072e-005,0.041035
4.6076e-005,0.0409159
4.608e-005,0.0406034
4.6084e-005,0.040534
4.6088e-005,0.0410201
4.6092e-005,0.0404993
4.6096e-005,0.0412384
4.61e-005,0.0408763
4.6104e-005,0.0413475
4.6108e-005,0.041417
4.6112e-005,0.0405241
4.6116e-005,0.0405637
4.612e-005,0.0413128
4.6124e-005,0.0407969
4.6128e-005,0.0410052
4.6132e-005,0.0412533
4.6136e-005,0.0414517
4.614e-005,0.0417791
4.6144e-005,0.0412731
4.6148e-005,0.0408465
4.6152e-005,0.0416203
4.6156e-005,0.0413326
4.616e-005,0.0422007
4.6164e-005,0.0411838
4.6168e-005,0.0411491
4.6172e-005,0.0415063
4.6176e-005,0.0418932
4.618e-005,0.0409507
4.6184e-005,0.0411838
4.6188e-005,0.0390706
4.6192e-005,0.0365407
4.6196e-005,0.0346358
4.62e-005,0.0339265
4.6204e-005,0.0339017
4.6208e-005,0.0344126
4.6212e-005,0.0263814
4.6216e-005,0.020761
4.622e-005,0.0201559
4.6224e-005,0.0195903
4.6228e-005,0.0187619
4.6232e-005,0.0187322
4.6236e-005,0.0128439
4.624e-005,0.00262512
4.6244e-005,0.000908751
4.6248e-005,-0.0005199
4.6252e-005,-0.000723285
4.6256e-005,0.00014978
4.626e-005,-0.000822497
4.6264e-005,4.06468e-005
4.6268e-005,-0.00018258
4.6272e-005,-0.00175013
4.6276e-005,0.00679698
4.628e-005,0.0174672
4.6284e-005,0.0204039
4.6288e-005,0.0239061
4.6292e-005,0.0267534
4.6296e-005,0.028827
4.63e-005,0.0308707
4.6304e-005,0.0330286
4.6308e-005,0.0346606
4.6312e-005,0.0354791
4.6316e-005,0.0367838
4.632e-005,0.0385845
4.6324e-005,0.0391897
4.6328e-005,0.0394426
4.6332e-005,0.040028
4.6336e-005,0.0406778
4.634e-005,0.0418733
4.6344e-005,0.0423793
4.6348e-005,0.0431284
4.6352e-005,0.0426621
4.6356e-005,0.042672
4.636e-005,0.0438973
4.6364e-005,0.0437732
4.6368e-005,0.0438973
4.6372e-005,0.0440907
4.6376e-005,0.0449142
4.638e-005,0.0447554
4.6384e-005,0.0447505
4.6388e-005,0.0445818
4.6392e-005,0.0445769
4.6396e-005,0.0451771
4.64e-005,0.0452366
4.6404e-005,0.0451473
4.6408e-005,0.04544
4.6412e-005,0.0454747
4.6416e-005,0.0452168
4.642e-005,0.0451821
4.6424e-005,0.0457724
4.6428e-005,0.0459757
4.6432e-005,0.0455491
4.6436e-005,0.0456335
4.644e-005,0.0455045
4.6444e-005,0.0457327
4.6448e-005,0.0460502
4.6452e-005,0.0456186
4.6456e-005,0.0456831
4.646e-005,0.0450977
4.6464e-005,0.0452565
4.6468e-005,0.0449191
4.6472e-005,0.0442048
4.6476e-005,0.0447951
4.648e-005,0.0449191
4.6484e-005,0.0448447
4.6488e-005,0.0450828
4.6492e-005,0.0450878
4.6496e-005,0.0450382
4.65e-005,0.0453656
4.6504e-005,0.0454102
4.6508e-005,0.0452118
4.6512e-005,0.0447753
4.6516e-005,0.0454152
4.652e-005,0.0453507
4.6524e-005,0.0453606
4.6528e-005,0.0451126
4.6532e-005,0.0457079
4.6536e-005,0.0455739
4.654e-005,0.045693
4.6544e-005,0.0455987
4.6548e-005,0.0451324
4.6552e-005,0.0455392
4.6556e-005,0.045063
4.656e-005,0.0453011
4.6564e-005,0.0454846
4.6568e-005,0.0452217
4.6572e-005,0.0450184
4.6576e-005,0.0447604
4.658e-005,0.0455243
4.6584e-005,0.045063
4.6588e-005,0.0448695
4.6592e-005,0.0453011
4.6596e-005,0.0453557
4.66e-005,0.0458369
4.6604e-005,0.0452267
4.6608e-005,0.0451969
4.6612e-005,0.0459162
4.6616e-005,0.0454102
4.662e-005,0.0452862
4.6624e-005,0.0452217
4.6628e-005,0.0452664
4.6632e-005,0.0452118
4.6636e-005,0.0455045
4.664e-005,0.0455591
4.6644e-005,0.0453458
4.6648e-005,0.0450878
4.6652e-005,0.0452019
4.6656e-005,0.0447753
4.666e-005,0.044805
4.6664e-005,0.0455392
4.6668e-005,0.0451969
4.6672e-005,0.0451176
4.6676e-005,0.0449787
4.668e-005,0.0456831
4.6684e-005,0.0452317
4.6688e-005,0.0448249
4.6692e-005,0.0447257
4.6696e-005,0.0449787
4.67e-005,0.045058
4.6704e-005,0.0453061
4.6708e-005,0.0447009
4.6712e-005,0.0441403
4.6716e-005,0.04481
4.672e-005,0.0448298
4.6724e-005,0.0456732
4.6728e-005,0.0454598
4.6732e-005,0.0454301
4.6736e-005,0.0451969
4.674e-005,0.044691
4.6744e-005,0.045445
4.6748e-005,0.0451126
4.6752e-005,0.0451771
4.6756e-005,0.0452813
4.676e-005,0.0450878
4.6764e-005,0.0451374
4.6768e-005,0.0449638
4.6772e-005,0.0452912
4.6776e-005,0.0450233
4.678e-005,0.0454251
4.6784e-005,0.0452019
4.6788e-005,0.0454896
4.6792e-005,0.0457426
4.6796e-005,0.045946
4.68e-005,0.0456235
4.6804e-005,0.0459807
4.6808e-005,0.0464916
4.6812e-005,0.0449241
4.6816e-005,0.0458815
4.682e-005,0.0448398
4.6824e-005,0.0458468
4.6828e-005,0.0450531
4.6832e-005,0.0455442
4.6836e-005,0.0454946
4.684e-005,0.0458716
4.6844e-005,0.0450878
4.6848e-005,0.0451076
4.6852e-005,0.0449588
4.6856e-005,0.0449588
4.686e-005,0.0456235
4.6864e-005,0.0449836
4.6868e-005,0.0451324
4.6872e-005,0.0448844
4.6876e-005,0.0447257
4.688e-005,0.045187
4.6884e-005,0.0447058
4.6888e-005,0.0445868
4.6892e-005,0.0450233
4.6896e-005,0.0445967
4.69e-005,0.0455293
4.6904e-005,0.045435
4.6908e-005,0.0450729
4.6912e-005,0.0448596
4.6916e-005,0.044681
4.692e-005,0.0453904
4.6924e-005,0.0456087
4.6928e-005,0.0450828
4.6932e-005,0.0450233
4.6936e-005,0.0449241
4.694e-005,0.0453854
4.6944e-005,0.0463081
4.6948e-005,0.044691
4.6952e-005,0.0449241
4.6956e-005,0.0408167
4.696e-005,0.0382521
4.6964e-005,0.0361538
4.6968e-005,0.0358859
4.6972e-005,0.035375
4.6976e-005,0.0346011
4.698e-005,0.0269668
4.6984e-005,0.0208057
4.6988e-005,0.020017
4.6992e-005,0.0198037
4.6996e-005,0.0187123
4.7e-005,0.0186776
4.7004e-005,0.012338
4.7008e-005,0.00281858
4.7012e-005,0.000998041
4.7016e-005,-0.000877063
4.702e-005,-0.000703442
4.7024e-005,0.000283716
4.7028e-005,-0.000728245
4.7032e-005,-0.000470294
4.7036e-005,-3.37621e-005
4.704e-005,-0.0020428
4.7044e-005,0.00588919
4.7048e-005,0.0175912
4.7052e-005,0.0196995
4.7056e-005,0.0215101
4.706e-005,0.0239606
4.7064e-005,0.0256621
4.7068e-005,0.0266443
4.7072e-005,0.0279142
4.7076e-005,0.0284252
4.708e-005,0.0288022
4.7084e-005,0.0296554
4.7088e-005,0.0309997
4.7092e-005,0.0310444
4.7096e-005,0.03159
4.71e-005,0.0323639
4.7104e-005,0.0326913
4.7108e-005,0.0322002
4.7112e-005,0.0335544
4.7116e-005,0.0333213
4.712e-005,0.033728
4.7124e-005,0.034115
4.7128e-005,0.034239
4.7132e-005,0.0334701
4.7136e-005,0.033733
4.714e-005,0.0342291
4.7144e-005,0.0342836
4.7148e-005,0.0346557
4.7152e-005,0.0344523
4.7156e-005,0.0341497
4.716e-005,0.0340108
4.7164e-005,0.0341298
4.7168e-005,0.0339265
4.7172e-005,0.0335891
4.7176e-005,0.0341447
4.718e-005,0.0335842
4.7184e-005,0.0329095
4.7188e-005,0.0336983
4.7192e-005,0.0338818
4.7196e-005,0.0337925
4.72e-005,0.0338818
4.7204e-005,0.0334751
4.7208e-005,0.0331675
4.7212e-005,0.0341695
4.7216e-005,0.0338917
4.722e-005,0.0340257
4.7224e-005,0.0341497
4.7228e-005,0.0334304
4.7232e-005,0.0328996
4.7236e-005,0.0333014
4.724e-005,0.033232
4.7244e-005,0.0332022
4.7248e-005,0.0326814
4.7252e-005,0.0335098
4.7256e-005,0.0331179
4.726e-005,0.0339066
4.7264e-005,0.0339711
4.7268e-005,0.033728
4.7272e-005,0.0334552
4.7276e-005,0.0332766
4.728e-005,0.0334205
4.7284e-005,0.0331873
4.7288e-005,0.0333014
4.7292e-005,0.0327905
4.7296e-005,0.0324482
4.73e-005,0.0328847
4.7304e-005,0.0333262
4.7308e-005,0.033356
4.7312e-005,0.0331973
4.7316e-005,0.0329195
4.732e-005,0.03348
4.7324e-005,0.0323093
4.7328e-005,0.0320662
4.7332e-005,0.0325077
4.7336e-005,0.0325573
4.734e-005,0.0329393
4.7344e-005,0.0329443
4.7348e-005,0.0333411
4.7352e-005,0.0329988
4.7356e-005,0.0325871
4.736e-005,0.0333064
4.7364e-005,0.0327508
4.7368e-005,0.0331427
4.7372e-005,0.0332022
4.7376e-005,0.0336139
4.738e-005,0.0331328
4.7384e-005,0.032984
4.7388e-005,0.0330088
4.7392e-005,0.0331129
4.7396e-005,0.0331477
4.74e-005,0.0329542
4.7404e-005,0.0330286
4.7408e-005,0.03348
4.7412e-005,0.0331328
4.7416e-005,0.0330584
4.742e-005,0.0334651
4.7424e-005,0.0334602
4.7428e-005,0.032984
4.7432e-005,0.032597
4.7436e-005,0.0332419
4.744e-005,0.0328748
4.7444e-005,0.0331328
4.7448e-005,0.0330832
4.7452e-005,0.0332171
4.7456e-005,0.033098
4.746e-005,0.0336884
4.7464e-005,0.0333808
4.7468e-005,0.0331477
4.7472e-005,0.0332072
4.7476e-005,0.0334651
4.748e-005,0.0333659
4.7484e-005,0.0326714
4.7488e-005,0.0334751
4.7492e-005,0.0335495
4.7496e-005,0.0330484
4.75e-005,0.0335048
4.7504e-005,0.0335792
4.7508e-005,0.0331625
4.7512e-005,0.0332617
4.7516e-005,0.0330435
4.752e-005,0.0329591
4.7524e-005,0.0332617
4.7528e-005,0.0334453
4.7532e-005,0.0333213
4.7536e-005,0.0340802
4.754e-005,0.0332766
4.7544e-005,0.033738
4.7548e-005,0.0339017
4.7552e-005,0.0334205
4.7556e-005,0.0336338
4.756e-005,0.0337876
4.7564e-005,0.0338223
4.7568e-005,0.0328599
4.7572e-005,0.0341348
4.7576e-005,0.0331923
4.758e-005,0.0340951
4.7584e-005,0.0332221
4.7588e-005,0.0337528
4.7592e-005,0.0340257
4.7596e-005,0.0334552
4.76e-005,0.0327359
4.7604e-005,0.0340207
4.7608e-005,0.0339265
4.7612e-005,0.0340703
4.7616e-005,0.0340654
4.762e-005,0.033604
4.7624e-005,0.0340108
4.7628e-005,0.0339215
4.7632e-005,0.0340257
4.7636e-005,0.0341646
4.764e-005,0.0337628
4.7644e-005,0.0338024
4.7648e-005,0.033733
4.7652e-005,0.033986
4.7656e-005,0.033604
4.766e-005,0.0334651
4.7664e-005,0.0336884
4.7668e-005,0.0340158
4.7672e-005,0.0334949
4.7676e-005,0.0334304
4.768e-005,0.032731
4.7684e-005,0.0336189
4.7688e-005,0.0333659
4.7692e-005,0.032974
4.7696e-005,0.0336834
4.77e-005,0.0329294
4.7704e-005,0.0338471
4.7708e-005,0.0337727
4.7712e-005,0.0333114
4.7716e-005,0.0331278
4.772e-005,0.0328996
4.7724e-005,0.0321853
4.7728e-005,0.0310196
4.7732e-005,0.0311833
4.7736e-005,0.0315156
4.774e-005,0.0307715
4.7744e-005,0.0309253
4.7748e-005,0.0256324
4.7752e-005,0.0206767
4.7756e-005,0.0204733
4.776e-005,0.01901
4.7764e-005,0.0186082
4.7768e-005,0.01837
4.7772e-005,0.0119163
4.7776e-005,0.00185622
4.778e-005,0.00115182
4.7784e-005,-0.000713363
4.7788e-005,-0.000569506
4.7792e-005,-0.000113132
4.7796e-005,-0.000227225
4.78e-005,-0.000534782
4.7804e-005,-0.000172659
4.7808e-005,-0.00125407
4.7812e-005,0.00577013
4.7816e-005,0.0176359
4.782e-005,0.0197094
4.7824e-005,0.022398
4.7828e-005,0.0253942
4.7832e-005,0.0276067
4.7836e-005,0.0286732
4.784e-005,0.029958
4.7844e-005,0.0313073
4.7848e-005,0.0325425
4.7852e-005,0.0325325
4.7856e-005,0.0340951
4.786e-005,0.0345069
4.7864e-005,0.0350674
4.7868e-005,0.0356825
4.7872e-005,0.0359008
4.7876e-005,0.0368284
4.788e-005,0.0366994
4.7884e-005,0.0365457
4.7888e-005,0.0369921
4.7892e-005,0.0370268
4.7896e-005,0.0376668
4.79e-005,0.0374088
4.7904e-005,0.03789
4.7908e-005,0.0377957
4.7912e-005,0.0374485
4.7916e-005,0.037508
4.792e-005,0.0376965
4.7924e-005,0.037766
4.7928e-005,0.0372699
4.7932e-005,0.0377015
4.7936e-005,0.0377511
4.794e-005,0.0382471
4.7944e-005,0.0375775
4.7948e-005,0.038019
4.7952e-005,0.0371707
4.7956e-005,0.0382025
4.796e-005,0.0378503
4.7964e-005,0.0380537
4.7968e-005,0.0386341
4.7972e-005,0.0379396
4.7976e-005,0.0379197
4.798e-005,0.03789
4.7984e-005,0.0381579
4.7988e-005,0.038262
4.7992e-005,0.0384208
4.7996e-005,0.0377114
4.8e-005,0.0383563
4.8004e-005,0.038267
4.8008e-005,0.0380041
4.8012e-005,0.038014
4.8016e-005,0.0374634
4.802e-005,0.0376072
4.8024e-005,0.0382174
4.8028e-005,0.0376618
4.8032e-005,0.0375477
4.8036e-005,0.0376767
4.804e-005,0.0373493
4.8044e-005,0.0372253
4.8048e-005,0.0374683
4.8052e-005,0.0378106
4.8056e-005,0.0377164
4.806e-005,0.0374138
4.8064e-005,0.03726
4.8068e-005,0.0373939
4.8072e-005,0.03789
4.8076e-005,0.0373592
4.808e-005,0.0374981
4.8084e-005,0.0371905
4.8088e-005,0.0373195
4.8092e-005,0.0376668
4.8096e-005,0.0379297
4.81e-005,0.0374832
4.8104e-005,0.0374931
4.8108e-005,0.0378701
4.8112e-005,0.0379495
4.8116e-005,0.0373493
4.812e-005,0.0374832
4.8124e-005,0.0374832
4.8128e-005,0.0371608
4.8132e-005,0.0374485
4.8136e-005,0.0376866
4.814e-005,0.03726
4.8144e-005,0.037389
4.8148e-005,0.0380041
4.8152e-005,0.0382471
4.8156e-005,0.0377709
4.816e-005,0.0377858
4.8164e-005,0.0379793
4.8168e-005,0.0376271
4.8172e-005,0.0376122
4.8176e-005,0.0378354
4.818e-005,0.037379
4.8184e-005,0.0378007
4.8188e-005,0.0382372
4.8192e-005,0.0384853
4.8196e-005,0.0376419
4.82e-005,0.0372054
4.8204e-005,0.0374435
4.8208e-005,0.0381628
4.8212e-005,0.0377957
4.8216e-005,0.0374584
4.822e-005,0.0378156
4.8224e-005,0.0375477
4.8228e-005,0.037255
4.8232e-005,0.0383216
4.8236e-005,0.0377511
4.824e-005,0.0374981
4.8244e-005,0.0371012
4.8248e-005,0.0378999
4.8252e-005,0.0380338
4.8256e-005,0.0377114
4.826e-005,0.037885
4.8264e-005,0.0378453
4.8268e-005,0.0378701
4.8272e-005,0.0375477
4.8276e-005,0.0376668
4.828e-005,0.0379396
4.8284e-005,0.0379892
4.8288e-005,0.0375427
4.8292e-005,0.0381678
4.8296e-005,0.0376767
4.83e-005,0.0373046
4.8304e-005,0.038019
4.8308e-005,0.0377263
4.8312e-005,0.0375824
4.8316e-005,0.0373344
4.832e-005,0.0379644
4.8324e-005,0.0377213
4.8328e-005,0.0380834
4.8332e-005,0.0380934
4.8336e-005,0.0374336
4.834e-005,0.0376469
4.8344e-005,0.0378404
4.8348e-005,0.0380834
4.8352e-005,0.0376965
4.8356e-005,0.0387283
4.836e-005,0.0376767
4.8364e-005,0.0385845
4.8368e-005,0.0375824
4.8372e-005,0.0377312
4.8376e-005,0.0372352
4.838e-005,0.0376568
4.8384e-005,0.0371856
4.8388e-005,0.037756
4.8392e-005,0.0381281
4.8396e-005,0.0379495
4.84e-005,0.0378701
4.8404e-005,0.0374634
4.8408e-005,0.0377858
4.8412e-005,0.0386688
4.8416e-005,0.0379545
4.842e-005,0.0378453
4.8424e-005,0.0376916
4.8428e-005,0.0380041
4.8432e-005,0.0373344
4.8436e-005,0.0373642
4.844e-005,0.0379148
4.8444e-005,0.0377263
4.8448e-005,0.03789
4.8452e-005,0.0372501
4.8456e-005,0.0378602
4.846e-005,0.0377511
4.8464e-005,0.0378553
4.8468e-005,0.0376767
4.8472e-005,0.0374782
4.8476e-005,0.037513
4.848e-005,0.038143
4.8484e-005,0.0375725
4.8488e-005,0.0367193
4.8492e-005,0.0359206
4.8496e-005,0.0339761
4.85e-005,0.0334006
4.8504e-005,0.0319422
4.8508e-005,0.0327657
4.8512e-005,0.032349
4.8516e-005,0.0264211
4.852e-005,0.0212472
4.8524e-005,0.0197193
4.8528e-005,0.0194465
4.8532e-005,0.0189256
4.8536e-005,0.0192332
4.854e-005,0.0123479
4.8544e-005,0.00267472
4.8548e-005,0.00133536
4.8552e-005,-0.000549664
4.8556e-005,-0.00043557
4.856e-005,0.000253952
4.8564e-005,-0.000385964
4.8568e-005,-0.000326437
4.8572e-005,0.000685524
4.8576e-005,-0.0013632
4.858e-005,0.00631084
4.8584e-005,0.0177152
4.8588e-005,0.0205378
4.8592e-005,0.0229983
4.8596e-005,0.0261433
4.86e-005,0.0280581
4.8604e-005,0.0294222
4.8608e-005,0.0312924
4.8612e-005,0.0326119
4.8616e-005,0.03411
4.862e-005,0.0351914
4.8624e-005,0.0359206
4.8628e-005,0.0365655
4.8632e-005,0.0374634
4.8636e-005,0.0381579
4.864e-005,0.0386291
4.8644e-005,0.0394823
4.8648e-005,0.0398296
4.8652e-005,0.0403207
4.8656e-005,0.0403008
4.866e-005,0.0401024
4.8664e-005,0.0412433
4.8668e-005,0.0408217
4.8672e-005,0.041035
4.8676e-005,0.0413177
4.868e-005,0.0417741
4.8684e-005,0.0410052
4.8688e-005,0.0414963
4.8692e-005,0.0412285
4.8696e-005,0.041412
4.87e-005,0.0420718
4.8704e-005,0.0420321
4.8708e-005,0.0408415
4.8712e-005,0.0414219
4.8716e-005,0.0413227
4.872e-005,0.0415162
4.8724e-005,0.0418039
4.8728e-005,0.0410846
4.8732e-005,0.0408167
4.8736e-005,0.0414566
4.874e-005,0.0411789
4.8744e-005,0.0412334
4.8748e-005,0.041541
4.8752e-005,0.0413326
4.8756e-005,0.0417196
4.876e-005,0.0422999
4.8764e-005,0.0421561
4.8768e-005,0.0415261
4.8772e-005,0.0417295
4.8776e-005,0.0415509
4.878e-005,0.0416352
4.8784e-005,0.0420569
4.8788e-005,0.0419428
4.8792e-005,0.0415311
4.8796e-005,0.0410102
4.88e-005,0.0416898
4.8804e-005,0.0414368
4.8808e-005,0.0417146
4.8812e-005,0.0418088
4.8816e-005,0.0413376
4.882e-005,0.0415608
4.8824e-005,0.0415757
4.8828e-005,0.041407
4.8832e-005,0.0416402
4.8836e-005,0.0410846
4.884e-005,0.0408018
4.8844e-005,0.0414219
4.8848e-005,0.0413426
4.8852e-005,0.0410648
4.8856e-005,0.0413078
4.886e-005,0.0420618
4.8864e-005,0.0412483
4.8868e-005,0.0418684
4.8872e-005,0.0415658
4.8876e-005,0.0410995
4.888e-005,0.0414963
4.8884e-005,0.0414219
4.8888e-005,0.0411838
4.8892e-005,0.0409606
4.8896e-005,0.0415807
4.89e-005,0.0414269
4.8904e-005,0.0420618
4.8908e-005,0.0422107
4.8912e-005,0.0417692
4.8916e-005,0.0418088
4.892e-005,0.0411838
4.8924e-005,0.0409854
4.8928e-005,0.0416402
4.8932e-005,0.0415608
4.8936e-005,0.0415906
4.894e-005,0.0421511
4.8944e-005,0.0417047
4.8948e-005,0.0417344
4.8952e-005,0.0416005
4.8956e-005,0.041541
4.896e-005,0.0419924
4.8964e-005,0.0419477
4.8968e-005,0.0417047
4.8972e-005,0.0416104
4.8976e-005,0.0421759
4.898e-005,0.0420122
4.8984e-005,0.0417741
4.8988e-005,0.0417592
4.8992e-005,0.0416451
4.8996e-005,0.0420073
4.9e-005,0.0422156
4.9004e-005,0.0417146
4.9008e-005,0.0415608
4.9012e-005,0.0419626
4.9016e-005,0.0414715
4.902e-005,0.0418237
4.9024e-005,0.0416005
4.9028e-005,0.0408564
4.9032e-005,0.0403405
4.9036e-005,0.0412979
4.904e-005,0.04167
4.9044e-005,0.0413029
4.9048e-005,0.0414715
4.9052e-005,0.0413872
4.9056e-005,0.0413326
4.906e-005,0.0413971
4.9064e-005,0.0415559
4.9068e-005,0.0415658
4.9072e-005,0.0418436
4.9076e-005,0.0410251
4.908e-005,0.0413426
4.9084e-005,0.041913
4.9088e-005,0.0414963
4.9092e-005,0.0418833
4.9096e-005,0.0419329
4.91e-005,0.041918
4.9104e-005,0.0418585
4.9108e-005,0.0421313
4.9112e-005,0.0420866
4.9116e-005,0.0413822
4.912e-005,0.0418237
4.9124e-005,0.0416005
4.9128e-005,0.0416402
4.9132e-005,0.0412185
4.9136e-005,0.0414666
4.914e-005,0.0412979
4.9144e-005,0.0413326
4.9148e-005,0.0414864
4.9152e-005,0.040663
4.9156e-005,0.0413624
4.916e-005,0.0411689
4.9164e-005,0.0409953
4.9168e-005,0.0417592
4.9172e-005,0.0419974
4.9176e-005,0.0418436
4.918e-005,0.0410548
4.9184e-005,0.0421164
4.9188e-005,0.0417444
4.9192e-005,0.0416104
4.9196e-005,0.0412483
4.92e-005,0.0412483
4.9204e-005,0.0418981
4.9208e-005,0.0413674
4.9212e-005,0.0417096
4.9216e-005,0.0419378
4.922e-005,0.0414318
4.9224e-005,0.041913
4.9228e-005,0.0413277
4.9232e-005,0.0412433
4.9236e-005,0.0412681
4.924e-005,0.0418882
4.9244e-005,0.0418882
4.9248e-005,0.0423744
4.9252e-005,0.0409358
4.9256e-005,0.0411392
4.926e-005,0.0389019
4.9264e-005,0.0367342
4.9268e-005,0.0348343
4.9272e-005,0.0349434
4.9276e-005,0.0335147
4.928e-005,0.03411
4.9284e-005,0.0269469
4.9288e-005,0.0215349
4.9292e-005,0.0193026
4.9296e-005,0.0196201
4.93e-005,0.0193473
4.9304e-005,0.0187371
4.9308e-005,0.0117774
4.9312e-005,0.00292771
4.9316e-005,0.000943475
4.932e-005,-0.000247068
4.9324e-005,-0.000500058
4.9328e-005,-4.86439e-005
4.9332e-005,0.000293637
4.9336e-005,-1.39197e-005
4.934e-005,-0.000301634
4.9344e-005,-0.00179973
4.9348e-005,0.00665312
4.9352e-005,0.0180327
4.9356e-005,0.0214655
4.936e-005,0.0242136
4.9364e-005,0.0281623
4.9368e-005,0.0301217
4.9372e-005,0.0307864
4.9376e-005,0.0335544
4.938e-005,0.0349335
4.9384e-005,0.0365903
4.9388e-005,0.0372005
4.9392e-005,0.0387333
4.9396e-005,0.0394575
4.94e-005,0.0399536
4.9404e-005,0.0407919
4.9408e-005,0.0417245
4.9412e-005,0.0421214
4.9416e-005,0.0425926
4.942e-005,0.0427315
4.9424e-005,0.0429498
4.9428e-005,0.0434062
4.9432e-005,0.0434409
4.9436e-005,0.0440858
4.944e-005,0.0445769
4.9444e-005,0.0443338
4.9448e-005,0.0440014
4.9452e-005,0.0439617
4.9456e-005,0.04481
4.946e-005,0.044686
4.9464e-005,0.0445868
4.9468e-005,0.0449737
4.9472e-005,0.0447902
4.9476e-005,0.0445173
4.948e-005,0.0452664
4.9484e-005,0.0452118
4.9488e-005,0.0449787
4.9492e-005,0.0456136
4.9496e-005,0.0450977
4.95e-005,0.0457029
4.9504e-005,0.04544
4.9508e-005,0.0450779
4.9512e-005,0.0453458
4.9516e-005,0.0456235
4.952e-005,0.0456136
4.9524e-005,0.0447158
4.9528e-005,0.0457327
4.9532e-005,0.0459559
4.9536e-005,0.0455789
4.954e-005,0.0452465
4.9544e-005,0.045564
4.9548e-005,0.045063
4.9552e-005,0.0456285
4.9556e-005,0.046065
4.956e-005,0.0454301
4.9564e-005,0.0450977
4.9568e-005,0.0460601
4.9572e-005,0.045192
4.9576e-005,0.0452565
4.958e-005,0.0457823
4.9584e-005,0.0459956
4.9588e-005,0.045812
4.9592e-005,0.0457575
4.9596e-005,0.0457327
4.96e-005,0.0455888
4.9604e-005,0.0458815
4.9608e-005,0.0454251
4.9612e-005,0.045946
4.9616e-005,0.0451076
4.962e-005,0.0455144
4.9624e-005,0.0463329
4.9628e-005,0.0456533
4.9632e-005,0.0459361
4.9636e-005,0.0454946
4.964e-005,0.0453904
4.9644e-005,0.0457376
4.9648e-005,0.0458666
4.9652e-005,0.0455789
4.9656e-005,0.0454549
4.966e-005,0.0460551
4.9664e-005,0.0458815
4.9668e-005,0.0458071
4.9672e-005,0.0459708
4.9676e-005,0.0451771
4.968e-005,0.0453854
4.9684e-005,0.0458716
4.9688e-005,0.0457327
4.9692e-005,0.0462585
4.9696e-005,0.0456235
4.97e-005,0.0457029
4.9704e-005,0.0458666
4.9708e-005,0.0449985
4.9712e-005,0.0455839
4.9716e-005,0.0452465
4.972e-005,0.0461593
4.9724e-005,0.0454747
4.9728e-005,0.0453954
4.9732e-005,0.0456335
4.9736e-005,0.0467546
4.974e-005,0.0452416
4.9744e-005,0.0460998
4.9748e-005,0.045941
4.9752e-005,0.0459559
4.9756e-005,0.0455442
4.976e-005,0.0457178
4.9764e-005,0.0460154
4.9768e-005,0.0456732
4.9772e-005,0.0464718
4.9776e-005,0.0463428
4.978e-005,0.0462238
4.9784e-005,0.0460303
4.9788e-005,0.0462337
4.9792e-005,0.0460402
4.9796e-005,0.0458468
4.98e-005,0.0458567
4.9804e-005,0.0461345
4.9808e-005,0.0470324
4.9812e-005,0.0457277
4.9816e-005,0.0460898
4.982e-005,0.0463528
4.9824e-005,0.0463279
4.9828e-005,0.0467893
4.9832e-005,0.0462188
4.9836e-005,0.0453458
4.984e-005,0.0457476
4.9844e-005,0.0457376
4.9848e-005,0.0459857
4.9852e-005,0.0463031
4.9856e-005,0.0464817
4.986e-005,0.0461097
4.9864e-005,0.0461891
4.9868e-005,0.0460799
4.9872e-005,0.0458865
4.9876e-005,0.0460303
4.988e-005,0.0460898
4.9884e-005,0.046075
4.9888e-005,0.0458369
4.9892e-005,0.04544
4.9896e-005,0.0452763
4.99e-005,0.0453209
4.9904e-005,0.0451622
4.9908e-005,0.0455938
4.9912e-005,0.0457674
4.9916e-005,0.0455194
4.992e-005,0.0457228
4.9924e-005,0.045569
4.9928e-005,0.0457426
4.9932e-005,0.0457029
4.9936e-005,0.045698
4.994e-005,0.0459063
4.9944e-005,0.0458567
4.9948e-005,0.0460204
4.9952e-005,0.0452515
4.9956e-005,0.0452664
4.996e-005,0.0460204
4.9964e-005,0.0454797
4.9968e-005,0.0451721
4.9972e-005,0.045569
4.9976e-005,0.0457575
4.998e-005,0.0451821
4.9984e-005,0.0457525
4.9988e-005,0.0463676
4.9992e-005,0.0454797
4.9996e-005,0.0456434
5e-005,0.0459609
5.0004e-005,0.0456632
5.0008e-005,0.0456781
5.0012e-005,0.0458319
5.0016e-005,0.0461295
5.002e-005,0.0456533
5.0024e-005,0.0452267
5.0028e-005,0.0422652
5.0032e-005,0.0386192
5.0036e-005,0.0370566
5.004e-005,0.0352807
5.0044e-005,0.0354444
5.0048e-005,0.0350674
5.0052e-005,0.0280035
5.0056e-005,0.0216887
5.006e-005,0.0204783
5.0064e-005,0.0191241
5.0068e-005,0.0189703
5.0072e-005,0.0191042
5.0076e-005,0.0122636
5.008e-005,0.00227291
5.0084e-005,0.000635918
5.0088e-005,-0.000252028
5.0092e-005,-0.000157777
5.0096e-005,0.000328361
5.01e-005,-0.000132974
5.0104e-005,-7.84074e-005
5.0108e-005,-0.000261949
5.0112e-005,-0.00131856
5.0116e-005,0.00703508
5.012e-005,0.0170456
5.0124e-005,0.0200566
5.0128e-005,0.021902
5.0132e-005,0.0240003
5.0136e-005,0.0260094
5.014e-005,0.0260242
5.0144e-005,0.0276364
5.0148e-005,0.0287922
5.0152e-005,0.0290502
5.0156e-005,0.030077
5.016e-005,0.0312874
5.0164e-005,0.0316049
5.0168e-005,0.0326714
5.0172e-005,0.0326814
5.0176e-005,0.0334552
5.018e-005,0.0329294
5.0184e-005,0.0337677
5.0188e-005,0.0333709
5.0192e-005,0.0332369
5.0196e-005,0.0330088
5.02e-005,0.0337975
5.0204e-005,0.0335346
5.0208e-005,0.0336983
5.0212e-005,0.0333957
5.0216e-005,0.0338273
5.022e-005,0.0336933
5.0224e-005,0.0339463
5.0228e-005,0.033485
5.0232e-005,0.0339314
5.0236e-005,0.0336239
5.024e-005,0.0342291
5.0244e-005,0.0340108
5.0248e-005,0.033986
5.0252e-005,0.0334106
5.0256e-005,0.0333014
5.026e-005,0.0336536
5.0264e-005,0.0331774
5.0268e-005,0.0340753
5.0272e-005,0.0338967
5.0276e-005,0.0335792
5.028e-005,0.0339314
5.0284e-005,0.0328203
5.0288e-005,0.0343828
5.0292e-005,0.0334453
5.0296e-005,0.0339017
5.03e-005,0.033485
5.0304e-005,0.033862
5.0308e-005,0.0335197
5.0312e-005,0.0336288
5.0316e-005,0.0331625
5.032e-005,0.0332568
5.0324e-005,0.0332717
5.0328e-005,0.0333659
5.0332e-005,0.033981
5.0336e-005,0.0336933
5.034e-005,0.0331179
5.0344e-005,0.0333709
5.0348e-005,0.0337628
5.0352e-005,0.0335842
5.0356e-005,0.033857
5.036e-005,0.0332816
5.0364e-005,0.0334453
5.0368e-005,0.0329145
5.0372e-005,0.0338322
5.0376e-005,0.0327062
5.038e-005,0.0337082
5.0384e-005,0.0334999
5.0388e-005,0.0331774
5.0392e-005,0.0336288
5.0396e-005,0.0336784
5.04e-005,0.0336983
5.0404e-005,0.0338917
5.0408e-005,0.0339017
5.0412e-005,0.0338074
5.0416e-005,0.0335792
5.042e-005,0.0330931
5.0424e-005,0.0333659
5.0428e-005,0.0340009
5.0432e-005,0.0334155
5.0436e-005,0.0338868
5.044e-005,0.0331328
5.0444e-005,0.033361
5.0448e-005,0.0338471
5.0452e-005,0.0336933
5.0456e-005,0.0335991
5.046e-005,0.0331328
5.0464e-005,0.0334106
5.0468e-005,0.0340257
5.0472e-005,0.0335048
5.0476e-005,0.0329244
5.048e-005,0.0335445
5.0484e-005,0.0334254
5.0488e-005,0.0331328
5.0492e-005,0.033103
5.0496e-005,0.0330881
5.05e-005,0.0330435
5.0504e-005,0.0328649
5.0508e-005,0.0326466
5.0512e-005,0.0330832
5.0516e-005,0.033356
5.052e-005,0.0326714
5.0524e-005,0.0329939
5.0528e-005,0.0325276
5.0532e-005,0.0323986
5.0536e-005,0.0330336
5.054e-005,0.0333064
5.0544e-005,0.0331725
5.0548e-005,0.0327905
5.0552e-005,0.0329443
5.0556e-005,0.0331328
5.056e-005,0.0333858
5.0564e-005,0.0334006
5.0568e-005,0.0326764
5.0572e-005,0.0333858
5.0576e-005,0.0331477
5.058e-005,0.0332915
5.0584e-005,0.032602
5.0588e-005,0.0329641
5.0592e-005,0.032984
5.0596e-005,0.0329145
5.06e-005,0.0329046
5.0604e-005,0.0332865
5.0608e-005,0.0326913
5.0612e-005,0.0327161
5.0616e-005,0.0336685
5.062e-005,0.0330336
5.0624e-005,0.0327756
5.0628e-005,0.0329145
5.0632e-005,0.0328996
5.0636e-005,0.0334106
5.064e-005,0.0327706
5.0644e-005,0.0326962
5.0648e-005,0.0332816
5.0652e-005,0.0340356
5.0656e-005,0.0332568
5.066e-005,0.0331328
5.0664e-005,0.0329046
5.0668e-005,0.0331377
5.0672e-005,0.0330584
5.0676e-005,0.0336636
5.068e-005,0.0332717
5.0684e-005,0.033485
5.0688e-005,0.0332369
5.0692e-005,0.0333163
5.0696e-005,0.0327161
5.07e-005,0.0337776
5.0704e-005,0.0337727
5.0708e-005,0.0332121
5.0712e-005,0.0338868
5.0716e-005,0.0339215
5.072e-005,0.03348
5.0724e-005,0.0326962
5.0728e-005,0.0333262
5.0732e-005,0.0331427
5.0736e-005,0.0328302
5.074e-005,0.032726
5.0744e-005,0.0328054
5.0748e-005,0.0327012
5.0752e-005,0.0332667
5.0756e-005,0.0328054
5.076e-005,0.0335048
5.0764e-005,0.0332419
5.0768e-005,0.0333213
5.0772e-005,0.0335941
5.0776e-005,0.0328302
5.078e-005,0.0333411
5.0784e-005,0.0336139
5.0788e-005,0.0325375
5.0792e-005,0.0328004
5.0796e-005,0.0322994
5.08e-005,0.0308063
5.0804e-005,0.0309402
5.0808e-005,0.0310493
5.0812e-005,0.0302556
5.0816e-005,0.0312626
5.082e-005,0.0256869
5.0824e-005,0.0207015
5.0828e-005,0.0202352
5.0832e-005,0.0193026
5.0836e-005,0.0183899
5.084e-005,0.0182361
5.0844e-005,0.0125215
5.0848e-005,0.0023622
5.0852e-005,0.00057143
5.0856e-005,-0.000718324
5.086e-005,-0.00059927
5.0864e-005,3.07256e-005
5.0868e-005,-0.000256989
5.0872e-005,-0.000872102
5.0876e-005,5.92266e-006
5.088e-005,-0.00149218
5.0884e-005,0.00605785
5.0888e-005,0.0169364
5.0892e-005,0.0204336
5.0896e-005,0.0218325
5.09e-005,0.0249131
5.0904e-005,0.0262276
5.0908e-005,0.0277753
5.0912e-005,0.0293528
5.0916e-005,0.0298935
5.092e-005,0.0313172
5.0924e-005,0.0317835
5.0928e-005,0.0335594
5.0932e-005,0.0345019
5.0936e-005,0.0344324
5.094e-005,0.0349483
5.0944e-005,0.0355089
5.0948e-005,0.0361488
5.0952e-005,0.0363472
5.0956e-005,0.0367887
5.096e-005,0.0369127
5.0964e-005,0.0375031
5.0968e-005,0.0378553
5.0972e-005,0.0366449
5.0976e-005,0.0371012
5.098e-005,0.0376668
5.0984e-005,0.0375675
5.0988e-005,0.0374435
5.0992e-005,0.0377709
5.0996e-005,0.0377957
5.1e-005,0.0378503
5.1004e-005,0.0374485
5.1008e-005,0.0375427
5.1012e-005,0.0377759
5.1016e-005,0.0376668
5.102e-005,0.03726
5.1024e-005,0.0374386
5.1028e-005,0.0378354
5.1032e-005,0.0374931
5.1036e-005,0.0377759
5.104e-005,0.037384
5.1044e-005,0.0380041
5.1048e-005,0.0375328
5.1052e-005,0.0374981
5.1056e-005,0.0370219
5.106e-005,0.0371161
5.1064e-005,0.0381727
5.1068e-005,0.0377164
5.1072e-005,0.0372451
5.1076e-005,0.0372649
5.108e-005,0.0372005
5.1084e-005,0.0365556
5.1088e-005,0.0373394
5.1092e-005,0.0375279
5.1096e-005,0.0369623
5.11e-005,0.0372401
5.1104e-005,0.0372054
5.1108e-005,0.037002
5.1112e-005,0.0374733
5.1116e-005,0.0369822
5.112e-005,0.0377709
5.1124e-005,0.0371211
5.1128e-005,0.0375328
5.1132e-005,0.0375874
5.1136e-005,0.0372451
5.114e-005,0.0370219
5.1144e-005,0.0372649
5.1148e-005,0.0374981
5.1152e-005,0.0372302
5.1156e-005,0.0372997
5.116e-005,0.0369127
5.1164e-005,0.037766
5.1168e-005,0.0372203
5.1172e-005,0.0368582
5.1176e-005,0.0369028
5.118e-005,0.0369078
5.1184e-005,0.0371905
5.1188e-005,0.037126
5.1192e-005,0.0368086
5.1196e-005,0.037513
5.12e-005,0.0371856
5.1204e-005,0.037384
5.1208e-005,0.0371905
5.1212e-005,0.0370219
5.1216e-005,0.0377312
5.122e-005,0.037384
5.1224e-005,0.0374138
5.1228e-005,0.037379
5.1232e-005,0.0375626
5.1236e-005,0.0374286
5.124e-005,0.0376271
5.1244e-005,0.0373691
5.1248e-005,0.0371509
5.1252e-005,0.0372848
5.1256e-005,0.0379495
5.126e-005,0.0372203
