Time,Ampl
4.126e-005,0.048079
4.1264e-005,0.0484461
4.1268e-005,0.0486098
4.1272e-005,0.0486049
4.1276e-005,0.047826
4.128e-005,0.048466
4.1284e-005,0.04796
4.1288e-005,0.0475631
4.1292e-005,0.0486396
4.1296e-005,0.0479401
4.13e-005,0.0484362
4.1304e-005,0.0476772
4.1308e-005,0.0484114
4.1312e-005,0.0485007
4.1316e-005,0.0489719
4.132e-005,0.048833
4.1324e-005,0.049215
4.1328e-005,0.0484114
4.1332e-005,0.0484808
4.1336e-005,0.0484015
4.134e-005,0.0481733
4.1344e-005,0.0482179
4.1348e-005,0.0486148
4.1352e-005,0.048466
4.1356e-005,0.0480989
4.136e-005,0.0484213
4.1364e-005,0.0484759
4.1368e-005,0.0484213
4.1372e-005,0.04859
4.1376e-005,0.0486098
4.138e-005,0.0480542
4.1384e-005,0.048089
4.1388e-005,0.0479451
4.1392e-005,0.0481832
4.1396e-005,0.0480146
4.14e-005,0.0485156
4.1404e-005,0.0479897
4.1408e-005,0.0478806
4.1412e-005,0.0473994
4.1416e-005,0.0481733
4.142e-005,0.0478509
4.1424e-005,0.0481882
4.1428e-005,0.0477665
4.1432e-005,0.0480294
4.1436e-005,0.0480046
4.144e-005,0.0483469
4.1444e-005,0.0483866
4.1448e-005,0.0483072
4.1452e-005,0.0480542
4.1456e-005,0.0481138
4.146e-005,0.0482477
4.1464e-005,0.0482775
4.1468e-005,0.0484164
4.1472e-005,0.0481931
4.1476e-005,0.0483519
4.148e-005,0.0481286
4.1484e-005,0.0486148
4.1488e-005,0.0476971
4.1492e-005,0.0486991
4.1496e-005,0.0487934
4.15e-005,0.0484511
4.1504e-005,0.0481981
4.1508e-005,0.0483717
4.1512e-005,0.0486842
4.1516e-005,0.0483916
4.152e-005,0.0482576
4.1524e-005,0.048208
4.1528e-005,0.0486793
4.1532e-005,0.0485354
4.1536e-005,0.0478211
4.154e-005,0.048089
4.1544e-005,0.0480741
4.1548e-005,0.0486148
4.1552e-005,0.0484511
4.1556e-005,0.048213
4.156e-005,0.0489323
4.1564e-005,0.0486049
4.1568e-005,0.0487388
4.1572e-005,0.0482031
4.1576e-005,0.0487388
4.158e-005,0.0489918
4.1584e-005,0.0487487
4.1588e-005,0.0486793
4.1592e-005,0.0483767
4.1596e-005,0.0480989
4.16e-005,0.0491158
4.1604e-005,0.0479947
4.1608e-005,0.047082
4.1612e-005,0.0431581
4.1616e-005,0.0394228
4.162e-005,0.0375725
4.1624e-005,0.0366548
4.1628e-005,0.0351368
4.1632e-005,0.0345267
4.1636e-005,0.027443
4.164e-005,0.0214555
4.1644e-005,0.0193126
4.1648e-005,0.019377
4.1652e-005,0.0180873
4.1656e-005,0.0184891
4.166e-005,0.010954
4.1664e-005,0.00193559
4.1668e-005,0.000616076
4.1672e-005,-0.000207383
4.1676e-005,0.000134898
4.168e-005,0.000278755
4.1684e-005,0.000452376
4.1688e-005,-3.87227e-005
4.1692e-005,7.04104e-005
4.1696e-005,-0.000569506
4.17e-005,0.00740217
4.1704e-005,0.0169662
4.1708e-005,0.0180823
4.1712e-005,0.0185982
4.1716e-005,0.0201856
4.172e-005,0.0197838
4.1724e-005,0.0206817
4.1728e-005,0.0209247
4.1732e-005,0.0214059
4.1736e-005,0.0212373
4.174e-005,0.0217234
4.1744e-005,0.0218028
4.1748e-005,0.0228842
4.1752e-005,0.0225221
4.1756e-005,0.022155
4.176e-005,0.022274
4.1764e-005,0.0220607
4.1768e-005,0.0223286
4.1772e-005,0.0218226
4.1776e-005,0.0216738
4.178e-005,0.0219913
4.1784e-005,0.0226461
4.1788e-005,0.0224873
4.1792e-005,0.0219417
4.1796e-005,0.0219069
4.18e-005,0.0222393
4.1804e-005,0.021897
4.1808e-005,0.0227056
4.1812e-005,0.0215994
4.1816e-005,0.0214655
4.182e-005,0.0219665
4.1824e-005,0.021644
4.1828e-005,0.0219268
4.1832e-005,0.0220409
4.1836e-005,0.0219268
4.184e-005,0.021644
4.1844e-005,0.022398
4.1848e-005,0.0217184
4.1852e-005,0.0224427
4.1856e-005,0.0219417
4.186e-005,0.0219218
4.1864e-005,0.0215597
4.1868e-005,0.0216887
4.1872e-005,0.0219962
4.1876e-005,0.0219913
4.188e-005,0.0228346
4.1884e-005,0.0223782
4.1888e-005,0.0214208
4.1892e-005,0.0220062
4.1896e-005,0.021897
4.19e-005,0.0215895
4.1904e-005,0.0224725
4.1908e-005,0.0217383
4.1912e-005,0.0215944
4.1916e-005,0.0218276
4.192e-005,0.0216887
4.1924e-005,0.021902
4.1928e-005,0.0214754
4.1932e-005,0.021644
4.1936e-005,0.021649
4.194e-005,0.0212521
4.1944e-005,0.0216936
4.1948e-005,0.0217879
4.1952e-005,0.0215101
4.1956e-005,0.0216043
4.196e-005,0.0213811
4.1964e-005,0.0215845
4.1968e-005,0.0213712
4.1972e-005,0.0217135
4.1976e-005,0.0214853
4.198e-005,0.021272
4.1984e-005,0.0215845
4.1988e-005,0.0212819
4.1992e-005,0.0212819
4.1996e-005,0.0219863
4.2e-005,0.0214406
4.2004e-005,0.0217383
4.2008e-005,0.0208801
4.2012e-005,0.0208255
4.2016e-005,0.0215002
4.202e-005,0.0207561
4.2024e-005,0.0210785
4.2028e-005,0.0214456
4.2032e-005,0.021019
4.2036e-005,0.0212323
4.204e-005,0.0210984
4.2044e-005,0.0217333
4.2048e-005,0.0216043
4.2052e-005,0.0214655
4.2056e-005,0.0216788
4.206e-005,0.0218821
4.2064e-005,0.0213414
4.2068e-005,0.0213811
4.2072e-005,0.0220706
4.2076e-005,0.0216341
4.208e-005,0.0211629
4.2084e-005,0.0216837
4.2088e-005,0.0212472
4.2092e-005,0.0215944
4.2096e-005,0.0218821
4.21e-005,0.0209694
4.2104e-005,0.0222393
4.2108e-005,0.0213464
4.2112e-005,0.0217532
4.2116e-005,0.0219417
4.212e-005,0.0217581
4.2124e-005,0.0218821
4.2128e-005,0.0210686
4.2132e-005,0.0215101
4.2136e-005,0.022398
4.214e-005,0.0219069
4.2144e-005,0.0220012
4.2148e-005,0.0215647
4.2152e-005,0.0214059
4.2156e-005,0.0219268
4.216e-005,0.0218077
4.2164e-005,0.0212472
4.2168e-005,0.0221351
4.2172e-005,0.0218871
4.2176e-005,0.0219814
4.218e-005,0.0219119
4.2184e-005,0.0221699
4.2188e-005,0.0219516
4.2192e-005,0.0222294
4.2196e-005,0.0219069
4.22e-005,0.0216093
4.2204e-005,0.0211381
4.2208e-005,0.0214555
4.2212e-005,0.0213861
4.2216e-005,0.0218425
4.222e-005,0.0221699
4.2224e-005,0.021768
4.2228e-005,0.0216688
4.2232e-005,0.0211728
4.2236e-005,0.0218375
4.224e-005,0.0218871
4.2244e-005,0.0218127
4.2248e-005,0.0214456
4.2252e-005,0.0218871
4.2256e-005,0.0212918
4.226e-005,0.0213216
4.2264e-005,0.0215349
4.2268e-005,0.0213266
4.2272e-005,0.021525
4.2276e-005,0.0216738
4.228e-005,0.021649
4.2284e-005,0.0216143
4.2288e-005,0.0215002
4.2292e-005,0.0216738
4.2296e-005,0.0216788
4.23e-005,0.0218077
4.2304e-005,0.0214357
4.2308e-005,0.0216688
4.2312e-005,0.0218623
4.2316e-005,0.0218573
4.232e-005,0.0218623
4.2324e-005,0.0215498
4.2328e-005,0.0216143
4.2332e-005,0.0219169
4.2336e-005,0.0208355
4.234e-005,0.0216688
4.2344e-005,0.0210934
4.2348e-005,0.0213712
4.2352e-005,0.0223534
4.2356e-005,0.021654
4.236e-005,0.0216837
4.2364e-005,0.0221649
4.2368e-005,0.0223732
4.2372e-005,0.0213811
4.2376e-005,0.0216043
4.238e-005,0.022026
4.2384e-005,0.0231024
4.2388e-005,0.0230876
4.2392e-005,0.0226064
4.2396e-005,0.0235638
4.24e-005,0.0229735
4.2404e-005,0.0208503
4.2408e-005,0.0189604
4.2412e-005,0.0191241
4.2416e-005,0.0192977
4.242e-005,0.0179484
4.2424e-005,0.0180625
4.2428e-005,0.00958483
4.2432e-005,0.00132048
4.2436e-005,0.0011915
4.244e-005,-0.000921708
4.2444e-005,-0.000385964
4.2448e-005,-0.00104572
4.2452e-005,-0.000807615
4.2456e-005,-0.000113132
4.246e-005,-0.000693521
4.2464e-005,-0.000976275
4.2468e-005,0.00748154
4.2472e-005,0.0167082
4.2476e-005,0.0191092
4.248e-005,0.0202551
4.2484e-005,0.0219218
4.2488e-005,0.023033
4.2492e-005,0.0245757
4.2496e-005,0.0252653
4.25e-005,0.0257613
4.2504e-005,0.0265501
4.2508e-005,0.027438
4.2512e-005,0.0284301
4.2516e-005,0.0280779
4.252e-005,0.0285541
4.2524e-005,0.0289361
4.2528e-005,0.0292585
4.2532e-005,0.0287079
4.2536e-005,0.0303995
4.254e-005,0.0300522
4.2544e-005,0.0300721
4.2548e-005,0.0300126
4.2552e-005,0.0300026
4.2556e-005,0.0305781
4.256e-005,0.0303003
4.2564e-005,0.0303251
4.2568e-005,0.0304243
4.2572e-005,0.0300324
4.2576e-005,0.0303796
4.258e-005,0.0303449
4.2584e-005,0.0307269
4.2588e-005,0.0306128
4.2592e-005,0.0301713
4.2596e-005,0.0304292
4.26e-005,0.0308906
4.2604e-005,0.0303499
4.2608e-005,0.030335
4.2612e-005,0.0295959
4.2616e-005,0.0300324
4.262e-005,0.0300126
4.2624e-005,0.029953
4.2628e-005,0.0302507
4.2632e-005,0.0305185
4.2636e-005,0.0303648
4.264e-005,0.0306971
4.2644e-005,0.0304789
4.2648e-005,0.0309997
4.2652e-005,0.02971
4.2656e-005,0.0302457
4.266e-005,0.0305185
4.2664e-005,0.0300671
4.2668e-005,0.0309948
4.2672e-005,0.0300225
4.2676e-005,0.0304987
4.268e-005,0.0303449
4.2684e-005,0.0309303
4.2688e-005,0.0296951
4.2692e-005,0.0298389
4.2696e-005,0.0306426
4.27e-005,0.0307517
4.2704e-005,0.0304094
4.2708e-005,0.0301018
4.2712e-005,0.0300274
4.2716e-005,0.0298191
4.272e-005,0.0298538
4.2724e-005,0.0295413
4.2728e-005,0.0302854
4.2732e-005,0.030077
4.2736e-005,0.0300374
4.274e-005,0.0301663
4.2744e-005,0.0296207
4.2748e-005,0.0301415
4.2752e-005,0.0298885
4.2756e-005,0.0299778
4.276e-005,0.0301316
4.2764e-005,0.0301862
4.2768e-005,0.029705
4.2772e-005,0.0302407
4.2776e-005,0.0297794
4.278e-005,0.0305136
4.2784e-005,0.0301465
4.2788e-005,0.0299431
4.2792e-005,0.0299629
4.2796e-005,0.0300076
4.28e-005,0.0301663
4.2804e-005,0.0304044
4.2808e-005,0.0296752
4.2812e-005,0.0301763
4.2816e-005,0.0297695
4.282e-005,0.0292337
4.2824e-005,0.0301316
4.2828e-005,0.0295611
4.2832e-005,0.029834
4.2836e-005,0.0303548
4.284e-005,0.0296306
4.2844e-005,0.0295413
4.2848e-005,0.0297893
4.2852e-005,0.0295165
4.2856e-005,0.0296852
4.286e-005,0.0297596
4.2864e-005,0.0296653
4.2868e-005,0.03034
4.2872e-005,0.0299282
4.2876e-005,0.0298836
4.288e-005,0.0306922
4.2884e-005,0.0299729
4.2888e-005,0.0297794
4.2892e-005,0.0298935
4.2896e-005,0.0301415
4.29e-005,0.0296604
4.2904e-005,0.0299729
4.2908e-005,0.0297645
4.2912e-005,0.0301018
4.2916e-005,0.0294669
4.292e-005,0.0298588
4.2924e-005,0.0305235
4.2928e-005,0.0300274
4.2932e-005,0.0300969
4.2936e-005,0.0301068
4.294e-005,0.0298935
4.2944e-005,0.0298737
4.2948e-005,0.030836
4.2952e-005,0.0301415
4.2956e-005,0.0297943
4.296e-005,0.0295413
4.2964e-005,0.0299084
4.2968e-005,0.0299084
4.2972e-005,0.0299729
4.2976e-005,0.0307566
4.298e-005,0.0306277
4.2984e-005,0.0296256
4.2988e-005,0.0301663
4.2992e-005,0.0299381
4.2996e-005,0.0299282
4.3e-005,0.0303548
4.3004e-005,0.0306376
4.3008e-005,0.0292189
4.3012e-005,0.0298637
4.3016e-005,0.0299034
4.302e-005,0.0297844
4.3024e-005,0.0297248
4.3028e-005,0.0304689
4.3032e-005,0.0301614
4.3036e-005,0.0299282
4.304e-005,0.0298042
4.3044e-005,0.0301515
4.3048e-005,0.0300721
4.3052e-005,0.0308211
4.3056e-005,0.0301763
4.306e-005,0.0301465
4.3064e-005,0.0300175
4.3068e-005,0.0298637
4.3072e-005,0.0302804
4.3076e-005,0.0300522
4.308e-005,0.0302804
4.3084e-005,0.0303449
4.3088e-005,0.0300076
4.3092e-005,0.0302953
4.3096e-005,0.0296256
4.31e-005,0.0301266
4.3104e-005,0.0301862
4.3108e-005,0.0300225
4.3112e-005,0.0302556
4.3116e-005,0.03033
4.312e-005,0.0303052
4.3124e-005,0.0296604
4.3128e-005,0.0299629
4.3132e-005,0.0302159
4.3136e-005,0.0305185
4.314e-005,0.0298687
4.3144e-005,0.0297992
4.3148e-005,0.0293776
4.3152e-005,0.0292685
4.3156e-005,0.0288071
4.316e-005,0.0289609
4.3164e-005,0.0291693
4.3168e-005,0.0286037
4.3172e-005,0.0236729
4.3176e-005,0.0206767
4.318e-005,0.0195358
4.3184e-005,0.0192778
4.3188e-005,0.0186032
4.3192e-005,0.0182212
4.3196e-005,0.00990231
4.32e-005,0.00203977
4.3204e-005,0.000645839
4.3208e-005,-0.00115486
4.3212e-005,-8.3368e-005
4.3216e-005,0.00039781
4.322e-005,-0.0005199
4.3224e-005,-4.86439e-005
4.3228e-005,-0.000753048
4.3232e-005,-0.00106557
4.3236e-005,0.00770476
4.324e-005,0.017115
4.3244e-005,0.0202253
4.3248e-005,0.0223385
4.3252e-005,0.0254389
4.3256e-005,0.0269816
4.326e-005,0.028445
4.3264e-005,0.0293726
4.3268e-005,0.0314214
4.3272e-005,0.0318529
4.3276e-005,0.0330534
4.328e-005,0.0339513
4.3284e-005,0.0352063
4.3288e-005,0.0356875
4.3292e-005,0.0360744
4.3296e-005,0.0376419
4.33e-005,0.0375626
4.3304e-005,0.0371012
4.3308e-005,0.0375279
4.3312e-005,0.0383612
4.3316e-005,0.0381231
4.332e-005,0.0385894
4.3324e-005,0.0391004
4.3328e-005,0.0385497
4.3332e-005,0.0390855
4.3336e-005,0.0385646
4.334e-005,0.0392641
4.3344e-005,0.0395915
4.3348e-005,0.0386787
4.3352e-005,0.0394129
4.3356e-005,0.0398544
4.336e-005,0.0394228
4.3364e-005,0.0387978
4.3368e-005,0.0389466
4.3372e-005,0.0392641
4.3376e-005,0.0398445
4.338e-005,0.0398792
4.3384e-005,0.0391847
4.3388e-005,0.0399387
4.3392e-005,0.0398941
4.3396e-005,0.0396857
4.34e-005,0.0394079
4.3404e-005,0.0398196
4.3408e-005,0.0397254
4.3412e-005,0.0400826
4.3416e-005,0.0398941
4.342e-005,0.0395419
4.3424e-005,0.0390756
4.3428e-005,0.039522
4.3432e-005,0.0395319
4.3436e-005,0.0393087
4.344e-005,0.039651
4.3444e-005,0.0386638
4.3448e-005,0.0393484
4.3452e-005,0.0394129
4.3456e-005,0.0394526
4.346e-005,0.0391252
4.3464e-005,0.0392393
4.3468e-005,0.039016
4.3472e-005,0.039393
4.3476e-005,0.0392244
4.348e-005,0.0385696
4.3484e-005,0.0388027
4.3488e-005,0.0395171
4.3492e-005,0.0394674
4.3496e-005,0.0394476
4.35e-005,0.0389218
4.3504e-005,0.0394228
4.3508e-005,0.0385696
4.3512e-005,0.0396163
4.3516e-005,0.0394526
4.352e-005,0.0394873
4.3524e-005,0.0399486
4.3528e-005,0.0386539
4.3532e-005,0.0386688
4.3536e-005,0.0386787
4.354e-005,0.0392988
4.3544e-005,0.0399784
4.3548e-005,0.0391152
4.3552e-005,0.0395419
4.3556e-005,0.0386489
4.356e-005,0.0391897
4.3564e-005,0.0393137
4.3568e-005,0.0393434
4.3572e-005,0.0390061
4.3576e-005,0.0389119
4.358e-005,0.0394278
4.3584e-005,0.0394377
4.3588e-005,0.0390954
4.3592e-005,0.0392938
4.3596e-005,0.0397899
4.36e-005,0.0392988
4.3604e-005,0.0396262
4.3608e-005,0.0396311
4.3612e-005,0.0398643
4.3616e-005,0.039398
4.362e-005,0.0390954
4.3624e-005,0.0399635
4.3628e-005,0.0399189
4.3632e-005,0.0398891
4.3636e-005,0.0394476
4.364e-005,0.039021
4.3644e-005,0.0395319
4.3648e-005,0.0395815
4.3652e-005,0.0397452
4.3656e-005,0.0397056
4.366e-005,0.0390111
4.3664e-005,0.039775
4.3668e-005,0.0397056
4.3672e-005,0.0393534
4.3676e-005,0.0395518
4.368e-005,0.0402413
4.3684e-005,0.039522
4.3688e-005,0.0394972
4.3692e-005,0.0395667
4.3696e-005,0.0393335
4.37e-005,0.0393583
4.3704e-005,0.0396708
4.3708e-005,0.0392641
4.3712e-005,0.039274
4.3716e-005,0.0398097
4.372e-005,0.0394575
4.3724e-005,0.0390904
4.3728e-005,0.0403653
4.3732e-005,0.0399685
4.3736e-005,0.0394972
4.374e-005,0.0399734
4.3744e-005,0.0393484
4.3748e-005,0.0395815
4.3752e-005,0.0408267
4.3756e-005,0.0391698
4.376e-005,0.0395766
4.3764e-005,0.0398345
4.3768e-005,0.0396808
4.3772e-005,0.039656
4.3776e-005,0.0395617
4.378e-005,0.0392293
4.3784e-005,0.0391152
4.3788e-005,0.0394476
4.3792e-005,0.039527
4.3796e-005,0.039899
4.38e-005,0.0395964
4.3804e-005,0.0392988
4.3808e-005,0.0397452
4.3812e-005,0.0401768
4.3816e-005,0.040023
4.382e-005,0.040276
4.3824e-005,0.0401024
4.3828e-005,0.0393137
4.3832e-005,0.0391847
4.3836e-005,0.0394873
4.384e-005,0.0398593
4.3844e-005,0.0394278
4.3848e-005,0.0397006
4.3852e-005,0.0391698
4.3856e-005,0.0394079
4.386e-005,0.0397899
4.3864e-005,0.0395617
4.3868e-005,0.0392244
4.3872e-005,0.0395369
4.3876e-005,0.0390012
4.388e-005,0.0393286
4.3884e-005,0.0387878
4.3888e-005,0.0392641
4.3892e-005,0.0393335
4.3896e-005,0.0395369
4.39e-005,0.0393881
4.3904e-005,0.0401421
4.3908e-005,0.0391599
4.3912e-005,0.0380983
4.3916e-005,0.0371012
4.392e-005,0.035747
4.3924e-005,0.0339017
4.3928e-005,0.0322547
4.3932e-005,0.0328748
4.3936e-005,0.0323589
4.394e-005,0.026178
4.3944e-005,0.0204634
4.3948e-005,0.0196201
4.3952e-005,0.018876
4.3956e-005,0.0185238
4.396e-005,0.0187024
4.3964e-005,0.0100759
4.3968e-005,0.00227787
4.3972e-005,0.000273795
4.3976e-005,-0.000157777
4.398e-005,-0.000465334
4.3984e-005,3.07256e-005
4.3988e-005,-0.000291713
4.3992e-005,0.000179543
4.3996e-005,-0.000123053
4.4e-005,-0.00143761
4.4004e-005,0.00708965
4.4008e-005,0.0173829
4.4012e-005,0.0210438
4.4016e-005,0.0242037
4.402e-005,0.0273487
4.4024e-005,0.0301763
4.4028e-005,0.0321357
4.4032e-005,0.0336983
4.4036e-005,0.036119
4.404e-005,0.0370169
4.4044e-005,0.0380636
4.4048e-005,0.0395617
4.4052e-005,0.040028
4.4056e-005,0.0403306
4.406e-005,0.0416352
4.4064e-005,0.0422851
4.4068e-005,0.0428407
4.4072e-005,0.0436492
4.4076e-005,0.044309
4.408e-005,0.0436244
4.4084e-005,0.0451523
4.4088e-005,0.0454946
4.4092e-005,0.0455243
4.4096e-005,0.0457575
4.41e-005,0.0469927
4.4104e-005,0.0467397
4.4108e-005,0.0468141
4.4112e-005,0.0469877
4.4116e-005,0.0468736
4.412e-005,0.0468984
4.4124e-005,0.047072
4.4128e-005,0.0470423
4.4132e-005,0.0474986
4.4136e-005,0.0472605
4.414e-005,0.0469331
4.4144e-005,0.0473945
4.4148e-005,0.0479848
4.4152e-005,0.0472109
4.4156e-005,0.047459
4.416e-005,0.0477665
4.4164e-005,0.0473399
4.4168e-005,0.0476623
4.4172e-005,0.0472556
4.4176e-005,0.0470423
4.418e-005,0.0479104
4.4184e-005,0.0475086
4.4188e-005,0.0478062
4.4192e-005,0.0474292
4.4196e-005,0.0477219
4.42e-005,0.0476078
4.4204e-005,0.0478806
4.4208e-005,0.0475334
4.4212e-005,0.0482923
4.4216e-005,0.0481584
4.422e-005,0.0477318
4.4224e-005,0.0480542
4.4228e-005,0.0479749
4.4232e-005,0.0481485
4.4236e-005,0.0475185
4.424e-005,0.0480146
4.4244e-005,0.0482031
4.4248e-005,0.0477616
4.4252e-005,0.0482229
4.4256e-005,0.048079
4.426e-005,0.0483519
4.4264e-005,0.0479897
4.4268e-005,0.048585
4.4272e-005,0.0478112
4.4276e-005,0.0480443
4.428e-005,0.0476276
4.4284e-005,0.0472357
4.4288e-005,0.0481634
4.4292e-005,0.0480592
4.4296e-005,0.0477169
4.43e-005,0.0482973
4.4304e-005,0.0478955
4.4308e-005,0.0480443
4.4312e-005,0.0477814
4.4316e-005,0.047578
4.432e-005,0.047955
4.4324e-005,0.0482378
4.4328e-005,0.0480642
4.4332e-005,0.0477814
4.4336e-005,0.0483618
4.434e-005,0.0482725
4.4344e-005,0.0478459
4.4348e-005,0.0482576
4.4352e-005,0.0482031
4.4356e-005,0.0478062
4.436e-005,0.0472754
4.4364e-005,0.0483816
4.4368e-005,0.0474689
4.4372e-005,0.048213
4.4376e-005,0.0479947
4.438e-005,0.0482031
4.4384e-005,0.0485156
4.4388e-005,0.0483916
4.4392e-005,0.0475433
4.4396e-005,0.0481038
4.44e-005,0.0482775
4.4404e-005,0.0479699
4.4408e-005,0.0478806
4.4412e-005,0.0478955
4.4416e-005,0.0480493
4.442e-005,0.0478509
4.4424e-005,0.0480542
4.4428e-005,0.0475879
4.4432e-005,0.0479153
4.4436e-005,0.0486991
4.444e-005,0.0481286
4.4444e-005,0.0480592
4.4448e-005,0.0481634
4.4452e-005,0.0482675
4.4456e-005,0.048461
4.446e-005,0.0483469
4.4464e-005,0.0476475
4.4468e-005,0.0476822
4.4472e-005,0.0482427
4.4476e-005,0.0477764
4.448e-005,0.0474639
4.4484e-005,0.0480195
4.4488e-005,0.047454
4.4492e-005,0.0477665
4.4496e-005,0.0485156
4.45e-005,0.048084
4.4504e-005,0.047702
4.4508e-005,0.0476524
4.4512e-005,0.0477864
4.4516e-005,0.0476971
4.452e-005,0.0485056
4.4524e-005,0.0480096
4.4528e-005,0.0474986
4.4532e-005,0.0484114
4.4536e-005,0.0482576
4.454e-005,0.0485056
4.4544e-005,0.0483668
4.4548e-005,0.0483171
4.4552e-005,0.0479699
4.4556e-005,0.0478409
4.456e-005,0.0475383
4.4564e-005,0.0480989
4.4568e-005,0.0476872
4.4572e-005,0.0479253
4.4576e-005,0.0480394
4.458e-005,0.0483866
4.4584e-005,0.0485106
4.4588e-005,0.047826
4.4592e-005,0.0478409
4.4596e-005,0.0475086
4.46e-005,0.0476822
4.4604e-005,0.0483965
4.4608e-005,0.0475731
4.4612e-005,0.0483072
4.4616e-005,0.0478955
4.462e-005,0.0478012
4.4624e-005,0.0478856
4.4628e-005,0.0484808
4.4632e-005,0.0479947
4.4636e-005,0.0484114
4.464e-005,0.0479749
4.4644e-005,0.0486197
4.4648e-005,0.0481187
4.4652e-005,0.0478012
4.4656e-005,0.048084
4.466e-005,0.0484957
4.4664e-005,0.0486297
4.4668e-005,0.0474788
4.4672e-005,0.0479253
4.4676e-005,0.0475681
4.468e-005,0.0463379
4.4684e-005,0.0422355
4.4688e-005,0.0386886
4.4692e-005,0.0364117
4.4696e-005,0.0355486
4.47e-005,0.03537
4.4704e-005,0.0343729
4.4708e-005,0.0263864
4.4712e-005,0.0208007
4.4716e-005,0.0204039
4.472e-005,0.0194663
4.4724e-005,0.0181468
4.4728e-005,0.0184593
4.4732e-005,0.0104281
4.4736e-005,0.00204969
4.474e-005,0.00139489
4.4744e-005,-0.000118092
4.4748e-005,-8.83286e-005
4.4752e-005,-6.35257e-005
4.4756e-005,0.000110095
4.476e-005,9.62069e-007
4.4764e-005,-0.000500058
4.4768e-005,-0.00180469
4.4772e-005,0.00820082
4.4776e-005,0.0164999
4.478e-005,0.0185933
4.4784e-005,0.0189008
4.4788e-005,0.0206122
4.4792e-005,0.0203444
4.4796e-005,0.0208007
4.48e-005,0.0215895
4.4804e-005,0.0212323
4.4808e-005,0.0215051
4.4812e-005,0.0210736
4.4816e-005,0.0219665
4.482e-005,0.0219566
4.4824e-005,0.0218623
4.4828e-005,0.0223088
4.4832e-005,0.0219863
4.4836e-005,0.022026
4.484e-005,0.0223732
4.4844e-005,0.0224328
4.4848e-005,0.022274
4.4852e-005,0.0224774
4.4856e-005,0.022785
4.486e-005,0.0223633
4.4864e-005,0.0220508
4.4868e-005,0.0218722
4.4872e-005,0.0221401
4.4876e-005,0.0218375
4.488e-005,0.0225171
4.4884e-005,0.0223236
4.4888e-005,0.0216887
4.4892e-005,0.0217085
4.4896e-005,0.0219913
4.49e-005,0.02215
4.4904e-005,0.0218177
4.4908e-005,0.021902
4.4912e-005,0.0219863
4.4916e-005,0.0224476
4.492e-005,0.0225717
4.4924e-005,0.0221947
4.4928e-005,0.0223236
4.4932e-005,0.0218573
4.4936e-005,0.0220458
4.494e-005,0.0219615
4.4944e-005,0.0217383
4.4948e-005,0.0219665
4.4952e-005,0.0219417
4.4956e-005,0.0214952
4.496e-005,0.0217184
4.4964e-005,0.022403
4.4968e-005,0.0227254
4.4972e-005,0.0214357
4.4976e-005,0.0224228
4.498e-005,0.0219367
4.4984e-005,0.0219367
4.4988e-005,0.0218325
4.4992e-005,0.0218077
4.4996e-005,0.0221599
4.5e-005,0.0220756
4.5004e-005,0.0228296
4.5008e-005,0.0216192
4.5012e-005,0.0219764
4.5016e-005,0.0221847
4.502e-005,0.0219367
4.5024e-005,0.0221599
4.5028e-005,0.022031
4.5032e-005,0.021401
4.5036e-005,0.0218028
4.504e-005,0.021267
4.5044e-005,0.0219218
4.5048e-005,0.0216292
4.5052e-005,0.0219566
4.5056e-005,0.0218474
4.506e-005,0.0219417
4.5064e-005,0.0216738
4.5068e-005,0.0210289
4.5072e-005,0.022279
4.5076e-005,0.0221599
4.508e-005,0.02215
4.5084e-005,0.0220954
4.5088e-005,0.0219466
4.5092e-005,0.0215299
4.5096e-005,0.0214059
4.51e-005,0.0217879
4.5104e-005,0.0216986
4.5108e-005,0.0220756
4.5112e-005,0.0215895
4.5116e-005,0.0226411
4.512e-005,0.0220806
4.5124e-005,0.0227651
4.5128e-005,0.021401
4.5132e-005,0.0218077
4.5136e-005,0.0218425
4.514e-005,0.0215795
4.5144e-005,0.0210785
4.5148e-005,0.0216639
4.5152e-005,0.0219566
4.5156e-005,0.0218077
4.516e-005,0.0214704
4.5164e-005,0.0217432
4.5168e-005,0.0214754
4.5172e-005,0.0224625
4.5176e-005,0.0217879
4.518e-005,0.022284
4.5184e-005,0.0219268
4.5188e-005,0.0218325
4.5192e-005,0.0218375
4.5196e-005,0.0215994
4.52e-005,0.022021
4.5204e-005,0.0216837
4.5208e-005,0.0215795
4.5212e-005,0.021773
4.5216e-005,0.0218177
4.522e-005,0.0220756
4.5224e-005,0.0217482
4.5228e-005,0.0217383
4.5232e-005,0.0214456
4.5236e-005,0.0220607
4.524e-005,0.0216341
4.5244e-005,0.021644
4.5248e-005,0.0221153
4.5252e-005,0.0219417
4.5256e-005,0.0218573
4.526e-005,0.0217482
4.5264e-005,0.021768
4.5268e-005,0.0217929
4.5272e-005,0.0216341
4.5276e-005,0.0218276
4.528e-005,0.0217135
4.5284e-005,0.0220806
4.5288e-005,0.0219863
4.5292e-005,0.0212224
4.5296e-005,0.021902
4.53e-005,0.0220954
4.5304e-005,0.0221351
4.5308e-005,0.0217631
4.5312e-005,0.0221599
4.5316e-005,0.0218921
4.532e-005,0.0216093
4.5324e-005,0.0226907
4.5328e-005,0.0212968
4.5332e-005,0.0220161
4.5336e-005,0.0221203
4.534e-005,0.0219962
4.5344e-005,0.0215498
4.5348e-005,0.0223137
4.5352e-005,0.0216093
4.5356e-005,0.02215
4.536e-005,0.0223633
4.5364e-005,0.0217333
4.5368e-005,0.0221153
4.5372e-005,0.0223336
4.5376e-005,0.0222095
4.538e-005,0.0218722
4.5384e-005,0.022398
4.5388e-005,0.0221302
4.5392e-005,0.0214704
4.5396e-005,0.0220458
4.54e-005,0.0219317
4.5404e-005,0.0216887
4.5408e-005,0.0217333
4.5412e-005,0.0217532
4.5416e-005,0.0221004
4.542e-005,0.0219317
4.5424e-005,0.0219913
4.5428e-005,0.0219615
4.5432e-005,0.0216936
4.5436e-005,0.0224973
4.544e-005,0.0222889
4.5444e-005,0.0215994
4.5448e-005,0.0214506
4.5452e-005,0.0221748
4.5456e-005,0.0224278
4.546e-005,0.0230032
4.5464e-005,0.0228296
4.5468e-005,0.0231669
4.5472e-005,0.0237374
4.5476e-005,0.0210438
4.548e-005,0.0194465
4.5484e-005,0.019377
4.5488e-005,0.0192629
4.5492e-005,0.0182361
4.5496e-005,0.0186181
4.55e-005,0.0103934
4.5504e-005,0.00264992
4.5508e-005,0.000343243
4.5512e-005,-0.000529821
4.5516e-005,0.000134898
4.552e-005,0.000159701
4.5524e-005,0.000105135
4.5528e-005,0.000224189
4.5532e-005,-0.000276831
4.5536e-005,-0.00102588
4.554e-005,0.00750138
4.5544e-005,0.0170059
4.5548e-005,0.0188463
4.5552e-005,0.0202848
4.5556e-005,0.022785
4.556e-005,0.0238664
4.5564e-005,0.024799
4.5568e-005,0.0253595
4.5572e-005,0.0267683
4.5576e-005,0.0267882
4.558e-005,0.0277604
4.5584e-005,0.028445
4.5588e-005,0.0287079
4.5592e-005,0.0297
4.5596e-005,0.0296951
4.56e-005,0.029834
4.5604e-005,0.0295711
4.5608e-005,0.0301663
4.5612e-005,0.0306475
4.5616e-005,0.0306624
4.562e-005,0.0304044
4.5624e-005,0.03096
4.5628e-005,0.0301812
4.5632e-005,0.0306078
4.5636e-005,0.0305136
4.564e-005,0.0307269
4.5644e-005,0.0305533
4.5648e-005,0.0308658
4.5652e-005,0.0308211
4.5656e-005,0.0310344
4.566e-005,0.030211
4.5664e-005,0.030583
4.5668e-005,0.0309451
4.5672e-005,0.0308906
4.5676e-005,0.0307666
4.568e-005,0.0307021
4.5684e-005,0.030712
4.5688e-005,0.0305285
4.5692e-005,0.0308856
4.5696e-005,0.0310444
4.57e-005,0.0306971
4.5704e-005,0.0310692
4.5708e-005,0.0306227
4.5712e-005,0.0306128
4.5716e-005,0.0308707
4.572e-005,0.0301713
4.5724e-005,0.0300919
4.5728e-005,0.0297992
4.5732e-005,0.030583
4.5736e-005,0.0301862
4.574e-005,0.0299878
4.5744e-005,0.0304987
4.5748e-005,0.029953
4.5752e-005,0.0303003
4.5756e-005,0.0305334
4.576e-005,0.0307418
4.5764e-005,0.0301465
4.5768e-005,0.0302655
4.5772e-005,0.0303697
4.5776e-005,0.0302953
4.578e-005,0.0302804
4.5784e-005,0.0305334
4.5788e-005,0.0301961
4.5792e-005,0.0303697
4.5796e-005,0.0305384
4.58e-005,0.0298588
4.5804e-005,0.0305582
4.5808e-005,0.030087
4.5812e-005,0.0303648
4.5816e-005,0.0303548
4.582e-005,0.0309154
4.5824e-005,0.0301763
4.5828e-005,0.0293925
4.5832e-005,0.0299927
4.5836e-005,0.0301564
4.584e-005,0.0303548
4.5844e-005,0.0302457
4.5848e-005,0.0301862
4.5852e-005,0.0307616
4.5856e-005,0.030211
4.586e-005,0.0304739
4.5864e-005,0.0308757
4.5868e-005,0.0305136
4.5872e-005,0.0304193
4.5876e-005,0.0308856
4.588e-005,0.0307914
4.5884e-005,0.0307021
4.5888e-005,0.0304888
4.5892e-005,0.0300126
4.5896e-005,0.0304491
4.59e-005,0.030335
4.5904e-005,0.0302159
4.5908e-005,0.0302457
4.5912e-005,0.03033
4.5916e-005,0.0296008
4.592e-005,0.0298935
4.5924e-005,0.0306872
4.5928e-005,0.0303152
4.5932e-005,0.0305136
4.5936e-005,0.0298836
4.594e-005,0.0306922
4.5944e-005,0.0299282
4.5948e-005,0.0307616
4.5952e-005,0.0301366
4.5956e-005,0.0302953
4.596e-005,0.0303548
4.5964e-005,0.0302457
4.5968e-005,0.030211
4.5972e-005,0.03033
4.5976e-005,0.0302953
4.598e-005,0.0298141
4.5984e-005,0.0305632
4.5988e-005,0.0301068
4.5992e-005,0.0302358
4.5996e-005,0.0311981
4.6e-005,0.0304739
4.6004e-005,0.0304689
4.6008e-005,0.0298042
4.6012e-005,0.0300374
4.6016e-005,0.0301713
4.602e-005,0.0299233
4.6024e-005,0.0302556
4.6028e-005,0.0298538
4.6032e-005,0.0303152
4.6036e-005,0.0303598
4.604e-005,0.0301663
4.6044e-005,0.029834
4.6048e-005,0.030077
4.6052e-005,0.0301366
4.6056e-005,0.030712
4.606e-005,0.0301167
4.6064e-005,0.0298092
4.6068e-005,0.0302457
4.6072e-005,0.0300969
4.6076e-005,0.0299133
4.608e-005,0.0298538
4.6084e-005,0.0298588
4.6088e-005,0.0305334
4.6092e-005,0.0300423
4.6096e-005,0.0301266
4.61e-005,0.0295215
4.6104e-005,0.0302655
4.6108e-005,0.0302705
4.6112e-005,0.0302606
4.6116e-005,0.0304937
4.612e-005,0.0300076
4.6124e-005,0.0297447
4.6128e-005,0.0298141
4.6132e-005,0.0298737
4.6136e-005,0.030211
4.614e-005,0.0298389
4.6144e-005,0.0299183
4.6148e-005,0.030335
4.6152e-005,0.030211
4.6156e-005,0.0296008
4.616e-005,0.030211
4.6164e-005,0.0299034
4.6168e-005,0.0298687
4.6172e-005,0.030454
4.6176e-005,0.0301911
4.618e-005,0.0303697
4.6184e-005,0.0301515
4.6188e-005,0.0307715
4.6192e-005,0.0299381
4.6196e-005,0.0303846
4.62e-005,0.03034
4.6204e-005,0.0306971
4.6208e-005,0.0303796
4.6212e-005,0.0300175
4.6216e-005,0.0293974
4.622e-005,0.0290006
4.6224e-005,0.0289262
4.6228e-005,0.0285591
4.6232e-005,0.0285293
4.6236e-005,0.0283458
4.624e-005,0.0286385
4.6244e-005,0.0223088
4.6248e-005,0.0201906
4.6252e-005,0.0195407
4.6256e-005,0.0192679
4.626e-005,0.0185437
4.6264e-005,0.0183651
4.6268e-005,0.0111722
4.6272e-005,0.00191079
4.6276e-005,0.00107245
4.628e-005,-0.000847299
4.6284e-005,-0.000534782
4.6288e-005,-0.000177619
4.6292e-005,-1.88803e-005
4.6296e-005,-0.000336358
4.63e-005,-0.000311555
4.6304e-005,-0.00093163
4.6308e-005,0.00796272
4.6312e-005,0.0167182
4.6316e-005,0.0203096
4.632e-005,0.0222244
4.6324e-005,0.0255232
4.6328e-005,0.0273884
4.6332e-005,0.0286087
4.6336e-005,0.0295016
4.634e-005,0.0313172
4.6344e-005,0.0320811
4.6348e-005,0.0336884
4.6352e-005,0.0343233
4.6356e-005,0.0349087
4.636e-005,0.0353353
4.6364e-005,0.0367193
4.6368e-005,0.0369574
4.6372e-005,0.0373691
4.6376e-005,0.0377312
4.638e-005,0.0388474
4.6384e-005,0.0382323
4.6388e-005,0.0383166
4.6392e-005,0.0390309
4.6396e-005,0.0379594
4.64e-005,0.0383811
4.6404e-005,0.0387878
4.6408e-005,0.0392541
4.6412e-005,0.039274
4.6416e-005,0.0394476
4.642e-005,0.039016
4.6424e-005,0.03915
4.6428e-005,0.0397155
4.6432e-005,0.0394178
4.6436e-005,0.0392839
4.644e-005,0.0398048
4.6444e-005,0.0398891
4.6448e-005,0.0393484
4.6452e-005,0.0397304
4.6456e-005,0.0391946
4.646e-005,0.0395468
4.6464e-005,0.0397204
4.6468e-005,0.0395121
4.6472e-005,0.0394278
4.6476e-005,0.0403058
4.648e-005,0.039646
4.6484e-005,0.04041
4.6488e-005,0.039775
4.6492e-005,0.03978
4.6496e-005,0.0394129
4.65e-005,0.0400082
4.6504e-005,0.0396262
4.6508e-005,0.0398693
4.6512e-005,0.0401669
4.6516e-005,0.0394972
4.652e-005,0.0395865
4.6524e-005,0.0396808
4.6528e-005,0.0393484
4.6532e-005,0.039522
4.6536e-005,0.0395419
4.654e-005,0.0389962
4.6544e-005,0.0397006
4.6548e-005,0.0395419
4.6552e-005,0.0395964
4.6556e-005,0.0396758
4.656e-005,0.0398742
4.6564e-005,0.0395071
4.6568e-005,0.0402463
4.6572e-005,0.0398742
4.6576e-005,0.0398196
4.658e-005,0.0399337
4.6584e-005,0.0395022
4.6588e-005,0.0393335
4.6592e-005,0.0395369
4.6596e-005,0.0401272
4.66e-005,0.0399437
4.6604e-005,0.0402115
4.6608e-005,0.0399089
4.6612e-005,0.0394377
4.6616e-005,0.0393385
4.662e-005,0.0396956
4.6624e-005,0.0392591
4.6628e-005,0.039656
4.6632e-005,0.0396163
4.6636e-005,0.0399387
4.664e-005,0.0390061
4.6644e-005,0.0403256
4.6648e-005,0.0393831
4.6652e-005,0.0395964
4.6656e-005,0.0394923
4.666e-005,0.0394674
4.6664e-005,0.0397056
4.6668e-005,0.0399685
4.6672e-005,0.0389218
4.6676e-005,0.0400677
4.668e-005,0.039646
4.6684e-005,0.0395518
4.6688e-005,0.0394873
4.6692e-005,0.0399238
4.6696e-005,0.039904
4.67e-005,0.0396311
4.6704e-005,0.040028
4.6708e-005,0.0394823
4.6712e-005,0.0393335
4.6716e-005,0.0399982
4.672e-005,0.0395369
4.6724e-005,0.0393037
4.6728e-005,0.0393881
4.6732e-005,0.0396857
4.6736e-005,0.0397651
4.674e-005,0.040276
4.6744e-005,0.0393633
4.6748e-005,0.0398296
4.6752e-005,0.0397552
4.6756e-005,0.0399982
4.676e-005,0.0396262
4.6764e-005,0.0398742
4.6768e-005,0.0393335
4.6772e-005,0.0398246
4.6776e-005,0.0400826
4.678e-005,0.0395964
4.6784e-005,0.0401619
4.6788e-005,0.0397403
4.6792e-005,0.0399536
4.6796e-005,0.0397849
4.68e-005,0.0398841
4.6804e-005,0.0398296
4.6808e-005,0.0397502
4.6812e-005,0.039656
4.6816e-005,0.039646
4.682e-005,0.0393286
4.6824e-005,0.0402016
4.6828e-005,0.0397502
4.6832e-005,0.039646
4.6836e-005,0.0397502
4.684e-005,0.0395071
4.6844e-005,0.0398048
4.6848e-005,0.0398345
4.6852e-005,0.0395419
4.6856e-005,0.0391252
4.686e-005,0.039656
4.6864e-005,0.0398048
4.6868e-005,0.0401123
4.6872e-005,0.0398891
4.6876e-005,0.0395964
4.688e-005,0.0398742
4.6884e-005,0.0397651
4.6888e-005,0.0398196
4.6892e-005,0.0396063
4.6896e-005,0.0402363
4.69e-005,0.0396857
4.6904e-005,0.0397849
4.6908e-005,0.0388722
4.6912e-005,0.0392591
4.6916e-005,0.0395815
4.692e-005,0.0396758
4.6924e-005,0.0402611
4.6928e-005,0.0396063
4.6932e-005,0.0392145
4.6936e-005,0.0398196
4.694e-005,0.0393534
4.6944e-005,0.039527
4.6948e-005,0.039274
4.6952e-005,0.0385001
4.6956e-005,0.0396014
4.696e-005,0.0392938
4.6964e-005,0.0399734
4.6968e-005,0.0396411
4.6972e-005,0.039522
4.6976e-005,0.0398941
4.698e-005,0.0392541
4.6984e-005,0.0389466
4.6988e-005,0.0368383
4.6992e-005,0.0352757
4.6996e-005,0.0337826
4.7e-005,0.0330137
4.7004e-005,0.0325276
4.7008e-005,0.0329145
4.7012e-005,0.0258407
4.7016e-005,0.0215002
4.702e-005,0.0196995
4.7024e-005,0.0188165
4.7028e-005,0.0182411
4.7032e-005,0.0187272
4.7036e-005,0.0112814
4.704e-005,0.00256559
4.7044e-005,0.000764894
4.7048e-005,-0.000500058
4.7052e-005,-0.000207383
4.7056e-005,-0.000569506
4.706e-005,-3.99852e-006
4.7064e-005,-9.32892e-005
4.7068e-005,-0.000619112
4.7072e-005,-0.00126895
4.7076e-005,0.00798752
4.708e-005,0.0173382
4.7084e-005,0.0209396
4.7088e-005,0.0241987
4.7092e-005,0.0284996
4.7096e-005,0.0298885
4.71e-005,0.031843
4.7104e-005,0.0342588
4.7108e-005,0.036501
4.7112e-005,0.0375279
4.7116e-005,0.0387085
4.712e-005,0.0400478
4.7124e-005,0.040658
4.7128e-005,0.0414666
4.7132e-005,0.0418138
4.7136e-005,0.042677
4.714e-005,0.042791
4.7144e-005,0.0443239
4.7148e-005,0.0450283
4.7152e-005,0.0450531
4.7156e-005,0.0453755
4.716e-005,0.0458765
4.7164e-005,0.0458765
4.7168e-005,0.0459757
4.7172e-005,0.0467198
4.7176e-005,0.0462734
4.718e-005,0.0468736
4.7184e-005,0.0476028
4.7188e-005,0.0469927
4.7192e-005,0.0469183
4.7196e-005,0.0474143
4.72e-005,0.0471911
4.7204e-005,0.0472506
4.7208e-005,0.0471762
4.7212e-005,0.04796
4.7216e-005,0.048079
4.722e-005,0.0474689
4.7224e-005,0.047578
4.7228e-005,0.0483271
4.7232e-005,0.0477963
4.7236e-005,0.0476326
4.724e-005,0.0484362
4.7244e-005,0.0480939
4.7248e-005,0.047702
4.7252e-005,0.047082
4.7256e-005,0.048213
4.726e-005,0.0481286
4.7264e-005,0.0479997
4.7268e-005,0.0482229
4.7272e-005,0.0476276
4.7276e-005,0.0480344
4.728e-005,0.0481832
4.7284e-005,0.0484213
4.7288e-005,0.0480939
4.7292e-005,0.0483916
4.7296e-005,0.0479153
4.73e-005,0.0471216
4.7304e-005,0.0473498
4.7308e-005,0.0481336
4.7312e-005,0.0481187
4.7316e-005,0.0478657
4.732e-005,0.0474143
4.7324e-005,0.0486842
4.7328e-005,0.0478608
4.7332e-005,0.047831
4.7336e-005,0.0482179
4.734e-005,0.0477715
4.7344e-005,0.0474242
4.7348e-005,0.0479401
4.7352e-005,0.0477814
4.7356e-005,0.0480344
4.736e-005,0.048456
4.7364e-005,0.0480443
4.7368e-005,0.0484709
4.7372e-005,0.0483122
4.7376e-005,0.0481981
4.738e-005,0.0479699
4.7384e-005,0.0475582
4.7388e-005,0.048089
4.7392e-005,0.0479302
4.7396e-005,0.0473945
4.74e-005,0.0478905
4.7404e-005,0.0480642
4.7408e-005,0.0482775
4.7412e-005,0.0482179
4.7416e-005,0.0481237
4.742e-005,0.0478012
4.7424e-005,0.0479649
4.7428e-005,0.0475929
4.7432e-005,0.048213
4.7436e-005,0.0484114
4.744e-005,0.0478409
4.7444e-005,0.0481584
4.7448e-005,0.04859
4.7452e-005,0.0479401
4.7456e-005,0.0480344
4.746e-005,0.0484015
4.7464e-005,0.0484015
4.7468e-005,0.0485205
4.7472e-005,0.0485205
4.7476e-005,0.0481832
4.748e-005,0.0478409
4.7484e-005,0.0480691
4.7488e-005,0.0484412
4.7492e-005,0.0478012
4.7496e-005,0.0481584
4.75e-005,0.0478905
4.7504e-005,0.0480344
4.7508e-005,0.0475036
4.7512e-005,0.0483668
4.7516e-005,0.0481584
4.752e-005,0.0485652
4.7524e-005,0.0482427
4.7528e-005,0.0482279
4.7532e-005,0.048342
4.7536e-005,0.0482477
4.754e-005,0.0480493
4.7544e-005,0.048466
4.7548e-005,0.0482179
4.7552e-005,0.0484957
4.7556e-005,0.0485205
4.756e-005,0.0477764
4.7564e-005,0.0476623
4.7568e-005,0.0483767
4.7572e-005,0.0483916
4.7576e-005,0.0480294
4.758e-005,0.0483916
4.7584e-005,0.0481981
4.7588e-005,0.0484213
4.7592e-005,0.0487785
4.7596e-005,0.0488479
4.76e-005,0.048342
4.7604e-005,0.0481931
4.7608e-005,0.0481683
4.7612e-005,0.0482378
4.7616e-005,0.0481882
4.762e-005,0.0481981
4.7624e-005,0.0485553
4.7628e-005,0.0485056
4.7632e-005,0.0477715
4.7636e-005,0.0479649
4.764e-005,0.0486495
4.7644e-005,0.0482328
4.7648e-005,0.048337
4.7652e-005,0.0482328
4.7656e-005,0.0480642
4.766e-005,0.0485602
4.7664e-005,0.0478409
4.7668e-005,0.0486743
4.7672e-005,0.0483568
4.7676e-005,0.0482725
4.768e-005,0.0477814
4.7684e-005,0.0478707
4.7688e-005,0.0481286
4.7692e-005,0.0483866
4.7696e-005,0.0482874
4.77e-005,0.0487438
4.7704e-005,0.0480592
4.7708e-005,0.048714
4.7712e-005,0.0476822
4.7716e-005,0.0480592
4.772e-005,0.048208
4.7724e-005,0.0483023
4.7728e-005,0.0476673
4.7732e-005,0.0474738
4.7736e-005,0.0480493
4.774e-005,0.0475879
4.7744e-005,0.0481981
4.7748e-005,0.0479947
4.7752e-005,0.0465363
4.7756e-005,0.042925
4.776e-005,0.0397105
4.7764e-005,0.0368383
4.7768e-005,0.0351468
4.7772e-005,0.0347003
4.7776e-005,0.033991
4.778e-005,0.0271949
4.7784e-005,0.0210636
4.7788e-005,0.0195011
4.7792e-005,0.0189951
4.7796e-005,0.0182311
4.78e-005,0.0185635
4.7804e-005,0.0104678
4.7808e-005,0.00243165
4.7812e-005,0.000630958
4.7816e-005,-0.000827457
4.782e-005,-0.000326437
4.7824e-005,-0.000361161
4.7828e-005,0.000169622
4.7832e-005,6.54498e-005
4.7836e-005,-0.000222265
4.784e-005,-0.0011747
4.7844e-005,0.0073228
4.7848e-005,0.0168819
4.7852e-005,0.0185635
4.7856e-005,0.0185536
4.786e-005,0.0202055
4.7864e-005,0.0204833
4.7868e-005,0.0205031
4.7872e-005,0.0211529
4.7876e-005,0.0209347
4.788e-005,0.0210984
4.7884e-005,0.0210934
4.7888e-005,0.0209793
4.7892e-005,0.0212819
4.7896e-005,0.0216143
4.79e-005,0.0214357
4.7904e-005,0.0220657
4.7908e-005,0.0213563
4.7912e-005,0.0219814
4.7916e-005,0.0219516
4.792e-005,0.021768
4.7924e-005,0.0218871
4.7928e-005,0.0223286
4.7932e-005,0.0216143
4.7936e-005,0.0215051
4.794e-005,0.0215795
4.7944e-005,0.021272
4.7948e-005,0.0211629
4.7952e-005,0.0216589
4.7956e-005,0.0221897
4.796e-005,0.0220706
4.7964e-005,0.0214506
4.7968e-005,0.0214208
4.7972e-005,0.0221351
4.7976e-005,0.0218722
4.798e-005,0.0215498
4.7984e-005,0.0216589
4.7988e-005,0.0217284
4.7992e-005,0.0217284
4.7996e-005,0.0214704
4.8e-005,0.021768
4.8004e-005,0.0213712
4.8008e-005,0.0221451
4.8012e-005,0.021401
4.8016e-005,0.0216093
4.802e-005,0.0215895
4.8024e-005,0.0215002
4.8028e-005,0.0211728
4.8032e-005,0.0212174
4.8036e-005,0.0210984
4.804e-005,0.021014
4.8044e-005,0.0214258
4.8048e-005,0.0218028
4.8052e-005,0.0212174
4.8056e-005,0.0216837
4.806e-005,0.0210934
4.8064e-005,0.0218325
4.8068e-005,0.0217135
4.8072e-005,0.021267
4.8076e-005,0.0213613
4.808e-005,0.0213811
4.8084e-005,0.0217333
4.8088e-005,0.0217135
4.8092e-005,0.0215696
4.8096e-005,0.0216341
4.81e-005,0.021401
4.8104e-005,0.0215151
4.8108e-005,0.022279
4.8112e-005,0.0206519
4.8116e-005,0.0210736
4.812e-005,0.0212273
4.8124e-005,0.0213563
4.8128e-005,0.0218425
4.8132e-005,0.0213712
4.8136e-005,0.0213365
4.814e-005,0.0218921
4.8144e-005,0.0208999
4.8148e-005,0.0213216
4.8152e-005,0.0215647
4.8156e-005,0.0216788
4.816e-005,0.0219764
4.8164e-005,0.0214555
4.8168e-005,0.0214704
4.8172e-005,0.0216639
4.8176e-005,0.0209049
4.818e-005,0.0215696
4.8184e-005,0.0213563
4.8188e-005,0.0218028
4.8192e-005,0.0215448
4.8196e-005,0.0214208
4.82e-005,0.0218623
4.8204e-005,0.0213166
4.8208e-005,0.0213762
4.8212e-005,0.0212571
4.8216e-005,0.0219665
4.822e-005,0.0215994
4.8224e-005,0.0212769
4.8228e-005,0.0220161
4.8232e-005,0.0218474
4.8236e-005,0.0218276
4.824e-005,0.0224973
4.8244e-005,0.0218375
4.8248e-005,0.0215696
4.8252e-005,0.0219913
4.8256e-005,0.0211132
4.826e-005,0.0210339
4.8264e-005,0.0216242
4.8268e-005,0.0215597
4.8272e-005,0.0215448
4.8276e-005,0.0218325
4.828e-005,0.0214555
4.8284e-005,0.0217383
4.8288e-005,0.0216292
4.8292e-005,0.021019
4.8296e-005,0.0220111
4.83e-005,0.0221103
4.8304e-005,0.021897
4.8308e-005,0.0214555
4.8312e-005,0.021902
4.8316e-005,0.0218772
4.832e-005,0.0216688
4.8324e-005,0.0219863
4.8328e-005,0.0221252
4.8332e-005,0.0214952
4.8336e-005,0.0221103
4.834e-005,0.0216986
4.8344e-005,0.0222343
4.8348e-005,0.0220855
4.8352e-005,0.02215
4.8356e-005,0.0220458
4.836e-005,0.0217581
4.8364e-005,0.021391
4.8368e-005,0.0221054
4.8372e-005,0.0219466
4.8376e-005,0.0212571
4.838e-005,0.0217036
4.8384e-005,0.0218474
4.8388e-005,0.0223187
4.8392e-005,0.0213514
4.8396e-005,0.0224328
4.84e-005,0.0224228
4.8404e-005,0.0219169
4.8408e-005,0.022408
4.8412e-005,0.0217978
4.8416e-005,0.0213861
4.842e-005,0.0224328
4.8424e-005,0.0214605
4.8428e-005,0.0222641
4.8432e-005,0.021649
4.8436e-005,0.0217135
4.844e-005,0.0212968
4.8444e-005,0.0219615
4.8448e-005,0.0218921
4.8452e-005,0.0214803
4.8456e-005,0.0217482
4.846e-005,0.0213414
4.8464e-005,0.0217184
4.8468e-005,0.0215051
4.8472e-005,0.0220905
4.8476e-005,0.022155
4.848e-005,0.0219069
4.8484e-005,0.0224725
4.8488e-005,0.0218921
4.8492e-005,0.021644
4.8496e-005,0.0214803
4.85e-005,0.0215547
4.8504e-005,0.0219516
4.8508e-005,0.021902
4.8512e-005,0.0215299
4.8516e-005,0.0212621
4.852e-005,0.0218276
4.8524e-005,0.0224328
4.8528e-005,0.0229933
4.8532e-005,0.0235737
4.8536e-005,0.023405
4.854e-005,0.0238515
4.8544e-005,0.0235638
4.8548e-005,0.0209198
4.8552e-005,0.0197689
4.8556e-005,0.0194118
4.856e-005,0.0192183
4.8564e-005,0.0182808
4.8568e-005,0.0186974
4.8572e-005,0.0105422
4.8576e-005,0.00189591
4.858e-005,0.000546627
4.8584e-005,-0.000822497
4.8588e-005,-0.000470294
4.8592e-005,-8.3368e-005
4.8596e-005,0.000293637
4.86e-005,-0.000574467
4.8604e-005,0.000204346
4.8608e-005,-0.00121438
4.8612e-005,0.00805201
4.8616e-005,0.016733
4.862e-005,0.0186131
4.8624e-005,0.02089
4.8628e-005,0.0220012
4.8632e-005,0.0233306
4.8636e-005,0.0244368
4.864e-005,0.0251561
4.8644e-005,0.0267237
4.8648e-005,0.0266592
4.8652e-005,0.0270957
4.8656e-005,0.0279241
4.866e-005,0.0281623
4.8664e-005,0.0287922
4.8668e-005,0.0284996
4.8672e-005,0.0295016
4.8676e-005,0.0297447
4.868e-005,0.030464
4.8684e-005,0.0303548
4.8688e-005,0.0294818
4.8692e-005,0.0302804
4.8696e-005,0.0303201
4.87e-005,0.0300324
4.8704e-005,0.0300423
4.8708e-005,0.0301961
4.8712e-005,0.0295661
4.8716e-005,0.0302259
4.872e-005,0.0311485
4.8724e-005,0.0307418
4.8728e-005,0.0301515
4.8732e-005,0.0301515
4.8736e-005,0.0307318
4.874e-005,0.030211
4.8744e-005,0.0311138
4.8748e-005,0.0305433
4.8752e-005,0.0304243
4.8756e-005,0.0307616
4.876e-005,0.0303846
4.8764e-005,0.0303052
4.8768e-005,0.0302854
4.8772e-005,0.0300969
4.8776e-005,0.0300225
4.878e-005,0.030335
4.8784e-005,0.0304193
4.8788e-005,0.0306872
4.8792e-005,0.0301118
4.8796e-005,0.0305582
4.88e-005,0.0304243
4.8804e-005,0.0303548
4.8808e-005,0.0299381
4.8812e-005,0.0297794
4.8816e-005,0.03033
4.882e-005,0.0298935
4.8824e-005,0.0299084
4.8828e-005,0.0307715
4.8832e-005,0.0299679
4.8836e-005,0.0299977
4.884e-005,0.0301911
4.8844e-005,0.0298836
4.8848e-005,0.0302655
4.8852e-005,0.0308013
4.8856e-005,0.0306177
4.886e-005,0.0301465
4.8864e-005,0.0308013
4.8868e-005,0.0303747
4.8872e-005,0.0306574
4.8876e-005,0.0304739
4.888e-005,0.0300969
4.8884e-005,0.0300572
4.8888e-005,0.0296504
4.8892e-005,0.0294818
4.8896e-005,0.0301763
4.89e-005,0.0303846
4.8904e-005,0.0295661
4.8908e-005,0.0298985
4.8912e-005,0.030464
4.8916e-005,0.030335
4.892e-005,0.0302011
4.8924e-005,0.0306674
4.8928e-005,0.0304441
4.8932e-005,0.0299133
4.8936e-005,0.0305781
4.894e-005,0.0299878
4.8944e-005,0.0305037
4.8948e-005,0.0303747
4.8952e-005,0.0304144
4.8956e-005,0.0298786
4.896e-005,0.0300671
4.8964e-005,0.0308856
4.8968e-005,0.0292883
4.8972e-005,0.0301217
4.8976e-005,0.0300374
4.898e-005,0.0300473
4.8984e-005,0.0297596
4.8988e-005,0.0300671
4.8992e-005,0.0294074
4.8996e-005,0.0300274
4.9e-005,0.0295215
4.9004e-005,0.0296058
4.9008e-005,0.0303251
4.9012e-005,0.0300919
4.9016e-005,0.0301217
4.902e-005,0.0301217
4.9024e-005,0.0297844
4.9028e-005,0.0294074
4.9032e-005,0.0300572
4.9036e-005,0.0296306
4.904e-005,0.0302159
4.9044e-005,0.0302903
4.9048e-005,0.029829
4.9052e-005,0.0293875
4.9056e-005,0.0298191
4.906e-005,0.0296554
4.9064e-005,0.0297149
4.9068e-005,0.0299084
4.9072e-005,0.03033
4.9076e-005,0.0298241
4.908e-005,0.0299828
4.9084e-005,0.0300026
4.9088e-005,0.0300622
4.9092e-005,0.0299878
4.9096e-005,0.0303003
4.91e-005,0.0301663
4.9104e-005,0.0302953
4.9108e-005,0.0302655
4.9112e-005,0.030211
4.9116e-005,0.0300126
4.912e-005,0.0302953
4.9124e-005,0.0298389
4.9128e-005,0.0302655
4.9132e-005,0.0302159
4.9136e-005,0.0300324
4.914e-005,0.0299183
4.9144e-005,0.029829
4.9148e-005,0.0306277
4.9152e-005,0.0297943
4.9156e-005,0.029953
4.916e-005,0.0301663
4.9164e-005,0.0297546
4.9168e-005,0.0298637
4.9172e-005,0.0301167
4.9176e-005,0.0304888
4.918e-005,0.0302358
4.9184e-005,0.030087
4.9188e-005,0.029953
4.9192e-005,0.029958
4.9196e-005,0.0303598
4.92e-005,0.0302159
4.9204e-005,0.030335
4.9208e-005,0.030707
4.9212e-005,0.0303499
4.9216e-005,0.0296356
4.922e-005,0.0298538
4.9224e-005,0.0301812
4.9228e-005,0.0297992
4.9232e-005,0.0306326
4.9236e-005,0.0300473
4.924e-005,0.0292238
4.9244e-005,0.0298042
4.9248e-005,0.0293974
4.9252e-005,0.0298538
4.9256e-005,0.0297645
4.926e-005,0.0305681
4.9264e-005,0.0302606
4.9268e-005,0.0297645
4.9272e-005,0.030082
4.9276e-005,0.0299629
4.928e-005,0.0305929
4.9284e-005,0.0295264
4.9288e-005,0.0297149
4.9292e-005,0.028703
4.9296e-005,0.0283904
4.93e-005,0.0279192
4.9304e-005,0.0282664
4.9308e-005,0.0283855
4.9312e-005,0.0279886
4.9316e-005,0.0230876
4.932e-005,0.0202005
4.9324e-005,0.0192431
4.9328e-005,0.0189207
4.9332e-005,0.0181121
4.9336e-005,0.0188611
4.934e-005,0.0102347
4.9344e-005,0.00179174
4.9348e-005,0.000869066
4.9352e-005,-0.000400846
4.9356e-005,-0.000629033
4.936e-005,-7.84074e-005
4.9364e-005,-4.86439e-005
4.9368e-005,0.00031844
4.9372e-005,-0.000500058
4.9376e-005,-0.00143761
4.938e-005,0.00706485
4.9384e-005,0.0173333
4.9388e-005,0.0200368
4.9392e-005,0.0224328
4.9396e-005,0.0255927
4.94e-005,0.0271801
4.9404e-005,0.0287228
4.9408e-005,0.0304937
4.9412e-005,0.0314511
4.9416e-005,0.0327657
4.942e-005,0.0337628
4.9424e-005,0.0349384
4.9428e-005,0.0352757
4.9432e-005,0.0361637
4.9436e-005,0.0364961
4.944e-005,0.0367788
4.9444e-005,0.037136
4.9448e-005,0.0378354
4.9452e-005,0.0381827
4.9456e-005,0.0381132
4.946e-005,0.0386539
4.9464e-005,0.0391599
4.9468e-005,0.0391549
4.9472e-005,0.0393782
4.9476e-005,0.0392492
4.948e-005,0.0392541
4.9484e-005,0.0393583
4.9488e-005,0.039904
4.9492e-005,0.0396063
4.9496e-005,0.0393732
4.95e-005,0.0396708
4.9504e-005,0.040028
4.9508e-005,0.0395121
4.9512e-005,0.0400776
4.9516e-005,0.0399883
4.952e-005,0.0399387
4.9524e-005,0.0398445
4.9528e-005,0.0400429
4.9532e-005,0.0395766
4.9536e-005,0.0405637
4.954e-005,0.0397651
4.9544e-005,0.0397552
4.9548e-005,0.0405439
4.9552e-005,0.0398643
4.9556e-005,0.0403604
4.956e-005,0.0400974
4.9564e-005,0.0397552
4.9568e-005,0.0395815
4.9572e-005,0.0400082
4.9576e-005,0.0393335
4.958e-005,0.0394873
4.9584e-005,0.0395171
4.9588e-005,0.0392194
4.9592e-005,0.0398147
4.9596e-005,0.0399784
4.96e-005,0.0398494
4.9604e-005,0.0394674
4.9608e-005,0.0393881
4.9612e-005,0.0396758
4.9616e-005,0.0391549
4.962e-005,0.0398742
4.9624e-005,0.0394774
4.9628e-005,0.0400875
4.9632e-005,0.039522
4.9636e-005,0.0400131
4.964e-005,0.0398941
4.9644e-005,0.0392293
4.9648e-005,0.0396857
4.9652e-005,0.0398345
4.9656e-005,0.0395915
4.966e-005,0.0394129
4.9664e-005,0.0393831
4.9668e-005,0.0402215
4.9672e-005,0.0393732
4.9676e-005,0.0394923
4.968e-005,0.0396708
4.9684e-005,0.0395518
4.9688e-005,0.0395171
4.9692e-005,0.040276
4.9696e-005,0.0393385
4.97e-005,0.0402512
4.9704e-005,0.0402314
4.9708e-005,0.0393137
4.9712e-005,0.0396262
4.9716e-005,0.0400082
4.972e-005,0.0394327
4.9724e-005,0.0405985
4.9728e-005,0.0404397
4.9732e-005,0.039904
4.9736e-005,0.0393633
4.974e-005,0.0405637
4.9744e-005,0.0398097
4.9748e-005,0.0395815
4.9752e-005,0.03978
4.9756e-005,0.0394327
4.976e-005,0.0405092
4.9764e-005,0.0400578
4.9768e-005,0.0395617
4.9772e-005,0.0398593
4.9776e-005,0.0399387
4.978e-005,0.0396163
4.9784e-005,0.0394426
4.9788e-005,0.0397651
4.9792e-005,0.0402512
4.9796e-005,0.040276
4.98e-005,0.0405935
4.9804e-005,0.04041
4.9808e-005,0.0405042
4.9812e-005,0.0401421
4.9816e-005,0.0398593
4.982e-005,0.0399635
4.9824e-005,0.0397254
4.9828e-005,0.0396014
4.9832e-005,0.040023
4.9836e-005,0.0395964
4.984e-005,0.0397254
4.9844e-005,0.0397452
4.9848e-005,0.0394873
4.9852e-005,0.0393831
4.9856e-005,0.0402115
4.986e-005,0.0400677
4.9864e-005,0.0394873
4.9868e-005,0.039274
4.9872e-005,0.0400776
4.9876e-005,0.0397254
4.988e-005,0.0396956
4.9884e-005,0.0394823
4.9888e-005,0.0396907
4.9892e-005,0.0396163
4.9896e-005,0.0394327
4.99e-005,0.0399238
4.9904e-005,0.0399238
4.9908e-005,0.040152
4.9912e-005,0.0403504
4.9916e-005,0.0402661
4.992e-005,0.0401222
4.9924e-005,0.0395022
4.9928e-005,0.0400776
4.9932e-005,0.0392591
4.9936e-005,0.0398891
4.994e-005,0.0394823
4.9944e-005,0.0400528
4.9948e-005,0.039403
4.9952e-005,0.0402066
4.9956e-005,0.0402165
4.996e-005,0.0395071
4.9964e-005,0.0395815
4.9968e-005,0.0401074
4.9972e-005,0.0392393
4.9976e-005,0.0388126
4.998e-005,0.0393583
4.9984e-005,0.039403
4.9988e-005,0.0394426
4.9992e-005,0.0395667
4.9996e-005,0.0394278
5e-005,0.0396758
5.0004e-005,0.0397155
5.0008e-005,0.0394129
5.0012e-005,0.0396659
5.0016e-005,0.0391649
5.002e-005,0.0391252
5.0024e-005,0.0395022
5.0028e-005,0.0393037
5.0032e-005,0.0394327
5.0036e-005,0.0400627
5.004e-005,0.0400826
5.0044e-005,0.0397403
5.0048e-005,0.039904
5.0052e-005,0.0398345
5.0056e-005,0.0387432
5.006e-005,0.0373939
5.0064e-005,0.0353452
5.0068e-005,0.0337181
5.0072e-005,0.0332568
5.0076e-005,0.0330385
5.008e-005,0.0329988
5.0084e-005,0.0255083
5.0088e-005,0.0199773
5.0092e-005,0.019382
5.0096e-005,0.0192282
5.01e-005,0.0180327
5.0104e-005,0.0184941
5.0108e-005,0.0110482
5.0112e-005,0.00212906
5.0116e-005,0.000933554
5.012e-005,-0.000276831
5.0124e-005,-0.000495097
5.0128e-005,-0.000633994
5.0132e-005,0.000283716
5.0136e-005,-0.000306595
5.014e-005,-0.000286752
5.0144e-005,-0.00153186
5.0148e-005,0.00766012
5.0152e-005,0.0169067
5.0156e-005,0.0208751
5.016e-005,0.0240698
5.0164e-005,0.0281176
5.0168e-005,0.0300622
5.0172e-005,0.0320762
5.0176e-005,0.0346557
5.018e-005,0.0360942
5.0184e-005,0.0371459
5.0188e-005,0.0383464
5.0192e-005,0.0394327
5.0196e-005,0.0401818
5.02e-005,0.0411292
5.0204e-005,0.0419974
5.0208e-005,0.0421511
5.0212e-005,0.0426125
5.0216e-005,0.0437732
5.022e-005,0.0447654
5.0224e-005,0.0452416
5.0228e-005,0.0447802
5.0232e-005,0.04544
5.0236e-005,0.0457376
5.024e-005,0.0460998
5.0244e-005,0.0467099
5.0248e-005,0.0453458
5.0252e-005,0.046447
5.0256e-005,0.0471663
5.026e-005,0.0466454
5.0264e-005,0.0471663
5.0268e-005,0.0472754
5.0272e-005,0.0473548
5.0276e-005,0.0475235
5.028e-005,0.0472308
5.0284e-005,0.0474639
5.0288e-005,0.0475185
5.0292e-005,0.0470274
5.0296e-005,0.0471266
5.03e-005,0.0474391
5.0304e-005,0.047712
5.0308e-005,0.0469976
5.0312e-005,0.0473598
5.0316e-005,0.0471117
5.032e-005,0.0469827
5.0324e-005,0.0471861
5.0328e-005,0.0480096
5.0332e-005,0.047826
5.0336e-005,0.0472655
5.034e-005,0.0480592
5.0344e-005,0.0473796
5.0348e-005,0.0473151
5.0352e-005,0.0472953
5.0356e-005,0.0474788
5.036e-005,0.0478161
5.0364e-005,0.0469579
5.0368e-005,0.04733
5.0372e-005,0.0471713
5.0376e-005,0.0478856
5.038e-005,0.047712
5.0384e-005,0.0470671
5.0388e-005,0.0470621
5.0392e-005,0.0468687
5.0396e-005,0.0475582
5.04e-005,0.0479649
5.0404e-005,0.047578
5.0408e-005,0.0473598
5.0412e-005,0.048585
5.0416e-005,0.0477715
5.042e-005,0.0482576
5.0424e-005,0.0474986
5.0428e-005,0.0471167
5.0432e-005,0.0475681
5.0436e-005,0.0479798
5.044e-005,0.0477715
5.0444e-005,0.0480642
5.0448e-005,0.0475929
5.0452e-005,0.0473846
5.0456e-005,0.0476326
5.046e-005,0.0481683
5.0464e-005,0.0474887
5.0468e-005,0.0475334
5.0472e-005,0.0479897
5.0476e-005,0.0473151
5.048e-005,0.0473697
5.0484e-005,0.0478707
5.0488e-005,0.0475086
5.0492e-005,0.0476375
5.0496e-005,0.0480096
5.05e-005,0.0480146
5.0504e-005,0.0477516
5.0508e-005,0.0472853
5.0512e-005,0.0480294
5.0516e-005,0.0483568
5.052e-005,0.0481534
5.0524e-005,0.0476524
5.0528e-005,0.0471713
5.0532e-005,0.0482626
5.0536e-005,0.0472556
5.054e-005,0.0476971
5.0544e-005,0.0474738
5.0548e-005,0.0476872
5.0552e-005,0.0474887
5.0556e-005,0.0480294
5.056e-005,0.047826
5.0564e-005,0.0473598
5.0568e-005,0.0476772
5.0572e-005,0.0482477
5.0576e-005,0.0482279
5.058e-005,0.0484312
5.0584e-005,0.0481832
5.0588e-005,0.0479947
5.0592e-005,0.0476326
5.0596e-005,0.0479451
5.06e-005,0.0478112
5.0604e-005,0.0483916
5.0608e-005,0.0477417
5.0612e-005,0.0478211
5.0616e-005,0.0475879
5.062e-005,0.0478409
5.0624e-005,0.0476872
5.0628e-005,0.0478509
5.0632e-005,0.0476673
5.0636e-005,0.0483916
5.064e-005,0.0480741
5.0644e-005,0.0478112
5.0648e-005,0.0482576
5.0652e-005,0.047836
5.0656e-005,0.0478459
5.066e-005,0.0477368
5.0664e-005,0.0481038
5.0668e-005,0.0480294
5.0672e-005,0.0475334
5.0676e-005,0.0479302
5.068e-005,0.0484114
5.0684e-005,0.0483866
5.0688e-005,0.0482031
5.0692e-005,0.0477368
5.0696e-005,0.0473846
5.07e-005,0.0487636
5.0704e-005,0.0487289
5.0708e-005,0.0478806
5.0712e-005,0.0486793
5.0716e-005,0.0480493
5.072e-005,0.0476921
5.0724e-005,0.0488082
5.0728e-005,0.0481783
5.0732e-005,0.0479798
5.0736e-005,0.0480394
5.074e-005,0.047702
5.0744e-005,0.0483668
5.0748e-005,0.0485553
5.0752e-005,0.0476673
5.0756e-005,0.0486247
5.076e-005,0.0482824
5.0764e-005,0.0485007
5.0768e-005,0.0480344
5.0772e-005,0.0484957
5.0776e-005,0.0477566
5.078e-005,0.0482527
5.0784e-005,0.048084
5.0788e-005,0.0475532
5.0792e-005,0.0479897
5.0796e-005,0.0484412
5.08e-005,0.0482824
5.0804e-005,0.0479749
5.0808e-005,0.0486793
5.0812e-005,0.0476574
5.0816e-005,0.0485007
5.082e-005,0.0475135
5.0824e-005,0.0471018
5.0828e-005,0.0433318
5.0832e-005,0.0395815
5.0836e-005,0.0379197
5.084e-005,0.0362579
5.0844e-005,0.0352708
5.0848e-005,0.0351815
5.0852e-005,0.0269916
5.0856e-005,0.0207263
5.086e-005,0.0194118
5.0864e-005,0.0189008
5.0868e-005,0.0181518
5.0872e-005,0.0183105
5.0876e-005,0.0110333
5.088e-005,0.00214394
5.0884e-005,0.000998041
5.0888e-005,-0.000301634
5.0892e-005,-0.000420688
5.0896e-005,-5.36045e-005
5.09e-005,0.000164662
5.0904e-005,-0.000301634
5.0908e-005,0.000184504
5.0912e-005,-0.000882024
5.0916e-005,0.00796768
5.092e-005,0.0167926
5.0924e-005,0.0183601
5.0928e-005,0.0193374
5.0932e-005,0.0198285
5.0936e-005,0.0208107
5.094e-005,0.0207759
5.0944e-005,0.0209892
5.0948e-005,0.0208404
5.0952e-005,0.0209396
5.0956e-005,0.0214903
5.096e-005,0.0215597
5.0964e-005,0.0221897
5.0968e-005,0.0218524
5.0972e-005,0.0222889
5.0976e-005,0.0219814
5.098e-005,0.0215944
5.0984e-005,0.0219367
5.0988e-005,0.0218127
5.0992e-005,0.0215051
5.0996e-005,0.0226014
5.1e-005,0.0222046
5.1004e-005,0.0220012
5.1008e-005,0.0220855
5.1012e-005,0.0220657
5.1016e-005,0.0219069
5.102e-005,0.0219516
5.1024e-005,0.021768
5.1028e-005,0.0220359
5.1032e-005,0.0219516
5.1036e-005,0.0219962
5.104e-005,0.0220012
5.1044e-005,0.0221649
5.1048e-005,0.0217532
5.1052e-005,0.0216341
5.1056e-005,0.0224377
5.106e-005,0.0214208
5.1064e-005,0.0218276
5.1068e-005,0.0218425
5.1072e-005,0.0218474
5.1076e-005,0.0221203
5.108e-005,0.0220756
5.1084e-005,0.0223187
5.1088e-005,0.0217333
5.1092e-005,0.0220161
5.1096e-005,0.0214853
5.11e-005,0.0223683
5.1104e-005,0.0222492
5.1108e-005,0.0219119
5.1112e-005,0.0218276
5.1116e-005,0.0221302
5.112e-005,0.0215547
5.1124e-005,0.0217631
5.1128e-005,0.0218871
5.1132e-005,0.0221599
5.1136e-005,0.0219913
5.114e-005,0.021897
5.1144e-005,0.0221947
5.1148e-005,0.0222542
5.1152e-005,0.0222095
5.1156e-005,0.0222443
5.116e-005,0.0218921
5.1164e-005,0.0219615
5.1168e-005,0.0221451
5.1172e-005,0.0217532
5.1176e-005,0.0212918
5.118e-005,0.0215547
5.1184e-005,0.0221649
5.1188e-005,0.0216887
5.1192e-005,0.0223236
5.1196e-005,0.0219466
5.12e-005,0.0216788
5.1204e-005,0.0214655
5.1208e-005,0.0213613
5.1212e-005,0.0214655
5.1216e-005,0.0219566
5.122e-005,0.0218573
5.1224e-005,0.0219863
5.1228e-005,0.0212918
5.1232e-005,0.0214555
5.1236e-005,0.0220657
5.124e-005,0.0226213
5.1244e-005,0.0215002
5.1248e-005,0.0221252
5.1252e-005,0.0219466
5.1256e-005,0.0218474
5.126e-005,0.0220855
