Time,Ampl
4.126e-005,0.0390805
4.1264e-005,0.0398246
4.1268e-005,0.0414318
4.1272e-005,0.0419577
4.1276e-005,0.0425877
4.128e-005,0.0437832
4.1284e-005,0.0444429
4.1288e-005,0.0450332
4.1292e-005,0.0461246
4.1296e-005,0.0459708
4.13e-005,0.0460005
4.1304e-005,0.046819
4.1308e-005,0.0470125
4.1312e-005,0.0473349
4.1316e-005,0.0477963
4.132e-005,0.0481683
4.1324e-005,0.048456
4.1328e-005,0.0486693
4.1332e-005,0.048084
4.1336e-005,0.0485453
4.134e-005,0.048719
4.1344e-005,0.0489422
4.1348e-005,0.0492547
4.1352e-005,0.0493341
4.1356e-005,0.0486693
4.136e-005,0.0494878
4.1364e-005,0.0491108
4.1368e-005,0.0493043
4.1372e-005,0.0485999
4.1376e-005,0.0494382
4.138e-005,0.0495325
4.1384e-005,0.0487636
4.1388e-005,0.0494581
4.1392e-005,0.0490017
4.1396e-005,0.0494978
4.14e-005,0.0498549
4.1404e-005,0.0487537
4.1408e-005,0.0494829
4.1412e-005,0.049597
4.1416e-005,0.0494333
4.142e-005,0.0490662
4.1424e-005,0.0494928
4.1428e-005,0.0489769
4.1432e-005,0.0488628
4.1436e-005,0.0492448
4.144e-005,0.0491902
4.1444e-005,0.0494829
4.1448e-005,0.0494432
4.1452e-005,0.0498946
4.1456e-005,0.0492795
4.146e-005,0.0495127
4.1464e-005,0.0496416
4.1468e-005,0.0497359
4.1472e-005,0.0494482
4.1476e-005,0.0493986
4.148e-005,0.0495375
4.1484e-005,0.0488727
4.1488e-005,0.049215
4.1492e-005,0.0491902
4.1496e-005,0.0496168
4.15e-005,0.0492249
4.1504e-005,0.0495573
4.1508e-005,0.0495474
4.1512e-005,0.0491654
4.1516e-005,0.0492696
4.152e-005,0.049716
4.1524e-005,0.0497111
4.1528e-005,0.049974
4.1532e-005,0.0496168
4.1536e-005,0.0496515
4.154e-005,0.0496565
4.1544e-005,0.049339
4.1548e-005,0.0494234
4.1552e-005,0.0491009
4.1556e-005,0.0496119
4.156e-005,0.0488182
4.1564e-005,0.0492051
4.1568e-005,0.0490712
4.1572e-005,0.0494382
4.1576e-005,0.049473
4.158e-005,0.0495722
4.1584e-005,0.0501178
4.1588e-005,0.0501774
4.1592e-005,0.0497111
4.1596e-005,0.0500732
4.16e-005,0.049592
4.1604e-005,0.0495226
4.1608e-005,0.0498946
4.1612e-005,0.0493093
4.1616e-005,0.0505792
4.162e-005,0.0497855
4.1624e-005,0.0502419
4.1628e-005,0.0498202
4.1632e-005,0.0501625
4.1636e-005,0.0496218
4.164e-005,0.0496664
4.1644e-005,0.0500732
4.1648e-005,0.0503708
4.1652e-005,0.0498698
4.1656e-005,0.0494978
4.166e-005,0.0495771
4.1664e-005,0.0499393
4.1668e-005,0.0499393
4.1672e-005,0.0500881
4.1676e-005,0.0501923
4.168e-005,0.0497706
4.1684e-005,0.0498847
4.1688e-005,0.0499343
4.1692e-005,0.0504006
4.1696e-005,0.0500286
4.17e-005,0.0496912
4.1704e-005,0.0495623
4.1708e-005,0.0500682
4.1712e-005,0.0501575
4.1716e-005,0.0498549
4.172e-005,0.0499541
4.1724e-005,0.0501724
4.1728e-005,0.0505841
4.1732e-005,0.0501674
4.1736e-005,0.0503361
4.174e-005,0.0503311
4.1744e-005,0.0503361
4.1748e-005,0.0501278
4.1752e-005,0.0504849
4.1756e-005,0.0501674
4.176e-005,0.0502319
4.1764e-005,0.0501575
4.1768e-005,0.049716
4.1772e-005,0.0507131
4.1776e-005,0.0494829
4.178e-005,0.0506883
4.1784e-005,0.0508818
4.1788e-005,0.050356
4.1792e-005,0.0508123
4.1796e-005,0.0500682
4.18e-005,0.0509363
4.1804e-005,0.0500286
4.1808e-005,0.0501724
4.1812e-005,0.0508669
4.1816e-005,0.0497706
4.182e-005,0.050728
4.1824e-005,0.0506089
4.1828e-005,0.0502468
4.1832e-005,0.0502319
4.1836e-005,0.0503311
4.184e-005,0.0504452
4.1844e-005,0.0501575
4.1848e-005,0.0500583
4.1852e-005,0.0500881
4.1856e-005,0.0504899
4.186e-005,0.050604
4.1864e-005,0.0500831
4.1868e-005,0.0507032
4.1872e-005,0.0512141
4.1876e-005,0.0502468
4.188e-005,0.0507032
4.1884e-005,0.0505048
4.1888e-005,0.05111
4.1892e-005,0.0509463
4.1896e-005,0.0495523
4.19e-005,0.0461047
4.1904e-005,0.0410796
4.1908e-005,0.0383612
4.1912e-005,0.0373294
4.1916e-005,0.0361835
4.192e-005,0.0357619
4.1924e-005,0.0296306
4.1928e-005,0.0219764
4.1932e-005,0.0207908
4.1936e-005,0.0201757
4.194e-005,0.0195259
4.1944e-005,0.018246
4.1948e-005,0.0133896
4.1952e-005,0.00419762
4.1956e-005,0.00133536
4.196e-005,0.000219228
4.1964e-005,-0.000381004
4.1968e-005,6.04892e-005
4.1972e-005,-0.000584388
4.1976e-005,2.5765e-005
4.198e-005,-0.000247068
4.1984e-005,-0.000882024
4.1988e-005,0.00581478
4.1992e-005,0.0161775
4.1996e-005,0.0184345
4.2e-005,0.0202104
4.2004e-005,0.0217333
4.2008e-005,0.0229735
4.2012e-005,0.0226907
4.2016e-005,0.0233158
4.202e-005,0.0240301
4.2024e-005,0.0243922
4.2028e-005,0.0247444
4.2032e-005,0.0258804
4.2036e-005,0.0263268
4.204e-005,0.0262127
4.2044e-005,0.0269618
4.2048e-005,0.0272942
4.2052e-005,0.0268229
4.2056e-005,0.0268477
4.206e-005,0.0268973
4.2064e-005,0.0269816
4.2068e-005,0.026937
4.2072e-005,0.0266195
4.2076e-005,0.0266592
4.208e-005,0.0265649
4.2084e-005,0.0265352
4.2088e-005,0.0269271
4.2092e-005,0.0267683
4.2096e-005,0.0269767
4.21e-005,0.0266344
4.2104e-005,0.0262276
4.2108e-005,0.0272545
4.2112e-005,0.0272644
4.2116e-005,0.0265649
4.212e-005,0.0267882
4.2124e-005,0.027056
4.2128e-005,0.0267088
4.2132e-005,0.0265997
4.2136e-005,0.0260986
4.214e-005,0.0268675
4.2144e-005,0.0270114
4.2148e-005,0.0266443
4.2152e-005,0.0266046
4.2156e-005,0.0268576
4.216e-005,0.026684
4.2164e-005,0.0265749
4.2168e-005,0.0269171
4.2172e-005,0.0268576
4.2176e-005,0.0272297
4.218e-005,0.0272793
4.2184e-005,0.0266493
4.2188e-005,0.0268973
4.2192e-005,0.0270511
4.2196e-005,0.0267882
4.22e-005,0.0259399
4.2204e-005,0.0265798
4.2208e-005,0.0263417
4.2212e-005,0.0257266
4.2216e-005,0.0269469
4.222e-005,0.0265848
4.2224e-005,0.0267832
4.2228e-005,0.0267485
4.2232e-005,0.026302
4.2236e-005,0.0263913
4.224e-005,0.0268229
4.2244e-005,0.0263318
4.2248e-005,0.0269568
4.2252e-005,0.0261234
4.2256e-005,0.026178
4.226e-005,0.0258357
4.2264e-005,0.0262772
4.2268e-005,0.0261483
4.2272e-005,0.0262673
4.2276e-005,0.0258357
4.228e-005,0.0266592
4.2284e-005,0.0260937
4.2288e-005,0.0261483
4.2292e-005,0.0261334
4.2296e-005,0.0259399
4.23e-005,0.0262028
4.2304e-005,0.026178
4.2308e-005,0.0266394
4.2312e-005,0.0266096
4.2316e-005,0.0260838
4.232e-005,0.0262475
4.2324e-005,0.026049
4.2328e-005,0.0259895
4.2332e-005,0.0267435
4.2336e-005,0.026312
4.234e-005,0.0260738
4.2344e-005,0.0260094
4.2348e-005,0.0267534
4.2352e-005,0.0263616
4.2356e-005,0.0256175
4.236e-005,0.0262871
4.2364e-005,0.0258457
4.2368e-005,0.0261681
4.2372e-005,0.0262475
4.2376e-005,0.026431
4.238e-005,0.0260937
4.2384e-005,0.0264508
4.2388e-005,0.0262425
4.2392e-005,0.0252851
4.2396e-005,0.0261631
4.24e-005,0.0267386
4.2404e-005,0.0259895
4.2408e-005,0.0256621
4.2412e-005,0.0254835
4.2416e-005,0.0261582
4.242e-005,0.0264657
4.2424e-005,0.0251214
4.2428e-005,0.0261135
4.2432e-005,0.0259994
4.2436e-005,0.0264955
4.244e-005,0.0262326
4.2444e-005,0.0259746
4.2448e-005,0.0256671
4.2452e-005,0.0264955
4.2456e-005,0.0261483
4.246e-005,0.0268279
4.2464e-005,0.026684
4.2468e-005,0.0260887
4.2472e-005,0.0265699
4.2476e-005,0.0260292
4.248e-005,0.0260937
4.2484e-005,0.0254141
4.2488e-005,0.0262425
4.2492e-005,0.0261532
4.2496e-005,0.0265947
4.25e-005,0.0260193
4.2504e-005,0.0257911
4.2508e-005,0.0262475
4.2512e-005,0.026178
4.2516e-005,0.0260441
4.252e-005,0.0265005
4.2524e-005,0.0256919
4.2528e-005,0.0262772
4.2532e-005,0.0262127
4.2536e-005,0.0261383
4.254e-005,0.0260788
4.2544e-005,0.0259449
4.2548e-005,0.0259151
4.2552e-005,0.0258705
4.2556e-005,0.0257464
4.256e-005,0.0259002
4.2564e-005,0.026178
4.2568e-005,0.0258754
4.2572e-005,0.0265451
4.2576e-005,0.0266493
4.258e-005,0.0261234
4.2584e-005,0.0267981
4.2588e-005,0.0261284
4.2592e-005,0.0260986
4.2596e-005,0.026059
4.26e-005,0.0261185
4.2604e-005,0.0266493
4.2608e-005,0.0257812
4.2612e-005,0.0258407
4.2616e-005,0.0264409
4.262e-005,0.0261036
4.2624e-005,0.0262772
4.2628e-005,0.0259151
4.2632e-005,0.0261284
4.2636e-005,0.0259052
4.264e-005,0.0261483
4.2644e-005,0.026302
4.2648e-005,0.0258804
4.2652e-005,0.0268626
4.2656e-005,0.0267683
4.266e-005,0.0257564
4.2664e-005,0.0262971
4.2668e-005,0.0256373
4.2672e-005,0.0262375
4.2676e-005,0.0260242
4.268e-005,0.0267088
4.2684e-005,0.0257961
4.2688e-005,0.0263616
4.2692e-005,0.0223088
4.2696e-005,0.0195159
4.27e-005,0.0196648
4.2704e-005,0.0188115
4.2708e-005,0.0186478
4.2712e-005,0.0188413
4.2716e-005,0.0120701
4.272e-005,0.00365692
4.2724e-005,0.000923633
4.2728e-005,-0.000589349
4.2732e-005,-0.000614152
4.2736e-005,-0.000390925
4.274e-005,0.00015474
4.2744e-005,-0.000877063
4.2748e-005,-0.000118092
4.2752e-005,-0.000782812
4.2756e-005,0.00474825
4.276e-005,0.0154135
4.2764e-005,0.0187371
4.2768e-005,0.0211083
4.2772e-005,0.0229536
4.2776e-005,0.0247345
4.278e-005,0.0257663
4.2784e-005,0.0274678
4.2788e-005,0.0277604
4.2792e-005,0.0285988
4.2796e-005,0.0295463
4.28e-005,0.0307418
4.2804e-005,0.0314958
4.2808e-005,0.0318827
4.2812e-005,0.0327111
4.2816e-005,0.0332469
4.282e-005,0.0328054
4.2824e-005,0.0324184
4.2828e-005,0.0336239
4.2832e-005,0.0342439
4.2836e-005,0.0333957
4.284e-005,0.0341001
4.2844e-005,0.0336735
4.2848e-005,0.0345118
4.2852e-005,0.0339165
4.2856e-005,0.0348591
4.286e-005,0.0341497
4.2864e-005,0.0349087
4.2868e-005,0.0341993
4.2872e-005,0.0349483
4.2876e-005,0.0346706
4.288e-005,0.0346061
4.2884e-005,0.0346904
4.2888e-005,0.0342588
4.2892e-005,0.0343332
4.2896e-005,0.034998
4.29e-005,0.0342737
4.2904e-005,0.0347053
4.2908e-005,0.0354791
4.2912e-005,0.0351021
4.2916e-005,0.0352807
4.292e-005,0.0345217
4.2924e-005,0.0349235
4.2928e-005,0.0347995
4.2932e-005,0.0348094
4.2936e-005,0.033857
4.294e-005,0.0344324
4.2944e-005,0.0343432
4.2948e-005,0.0347053
4.2952e-005,0.0346656
4.2956e-005,0.0343084
4.296e-005,0.0343332
4.2964e-005,0.0350575
4.2968e-005,0.0342638
4.2972e-005,0.0343977
4.2976e-005,0.034363
4.298e-005,0.0341547
4.2984e-005,0.0344969
4.2988e-005,0.0341298
4.2992e-005,0.0351765
4.2996e-005,0.0351517
4.3e-005,0.034988
4.3004e-005,0.035122
4.3008e-005,0.0346805
4.3012e-005,0.0353105
4.3016e-005,0.0343481
4.302e-005,0.0344324
4.3024e-005,0.0345912
4.3028e-005,0.0340554
4.3032e-005,0.0343035
4.3036e-005,0.0346259
4.304e-005,0.0350823
4.3044e-005,0.0343481
4.3048e-005,0.0342439
4.3052e-005,0.0341894
4.3056e-005,0.0342886
4.306e-005,0.0344473
4.3064e-005,0.0351617
4.3068e-005,0.0347698
4.3072e-005,0.0345366
4.3076e-005,0.0344027
4.308e-005,0.0345515
4.3084e-005,0.0344622
4.3088e-005,0.0347053
4.3092e-005,0.034487
4.3096e-005,0.0339562
4.31e-005,0.0339017
4.3104e-005,0.0341894
4.3108e-005,0.0345713
4.3112e-005,0.0341249
4.3116e-005,0.0341298
4.312e-005,0.0342737
4.3124e-005,0.0340108
4.3128e-005,0.0348343
4.3132e-005,0.0345912
4.3136e-005,0.0340604
4.314e-005,0.0342043
4.3144e-005,0.033991
4.3148e-005,0.0342985
4.3152e-005,0.0348789
4.3156e-005,0.0344275
4.316e-005,0.0343828
4.3164e-005,0.0346606
4.3168e-005,0.0344969
4.3172e-005,0.0345515
4.3176e-005,0.0342588
4.318e-005,0.0345912
4.3184e-005,0.0343233
4.3188e-005,0.0350228
4.3192e-005,0.0347003
4.3196e-005,0.0344572
4.32e-005,0.0343332
4.3204e-005,0.0344821
4.3208e-005,0.0347301
4.3212e-005,0.0353154
4.3216e-005,0.0344424
4.322e-005,0.0347549
4.3224e-005,0.0345168
4.3228e-005,0.0342489
4.3232e-005,0.0340406
4.3236e-005,0.0345862
4.324e-005,0.0339364
4.3244e-005,0.0340554
4.3248e-005,0.0343035
4.3252e-005,0.0340207
4.3256e-005,0.0340753
4.326e-005,0.0344622
4.3264e-005,0.0344176
4.3268e-005,0.0340257
4.3272e-005,0.0353254
4.3276e-005,0.0341894
4.328e-005,0.0345664
4.3284e-005,0.0348343
4.3288e-005,0.0343432
4.3292e-005,0.0345217
4.3296e-005,0.0348789
4.33e-005,0.0346061
4.3304e-005,0.0341001
4.3308e-005,0.033227
4.3312e-005,0.0340802
4.3316e-005,0.0339612
4.332e-005,0.0346557
4.3324e-005,0.0343382
4.3328e-005,0.034363
4.3332e-005,0.0340703
4.3336e-005,0.0339959
4.334e-005,0.0343184
4.3344e-005,0.0343729
4.3348e-005,0.0342588
4.3352e-005,0.0339463
4.3356e-005,0.0342787
4.336e-005,0.0342687
4.3364e-005,0.0344374
4.3368e-005,0.0341249
4.3372e-005,0.0342439
4.3376e-005,0.0340902
4.338e-005,0.0341497
4.3384e-005,0.034735
4.3388e-005,0.0342737
4.3392e-005,0.0346309
4.3396e-005,0.0340356
4.34e-005,0.0337727
4.3404e-005,0.034239
4.3408e-005,0.034239
4.3412e-005,0.0336735
4.3416e-005,0.0346358
4.342e-005,0.0337776
4.3424e-005,0.0343035
4.3428e-005,0.0339413
4.3432e-005,0.0335743
4.3436e-005,0.032731
4.344e-005,0.0319224
4.3444e-005,0.0311188
4.3448e-005,0.0307467
4.3452e-005,0.0308757
4.3456e-005,0.0309055
4.346e-005,0.0257911
4.3464e-005,0.0213464
4.3468e-005,0.0195209
4.3472e-005,0.0186974
4.3476e-005,0.0187322
4.348e-005,0.0187322
4.3484e-005,0.0121395
4.3488e-005,0.00333448
4.3492e-005,0.0012808
4.3496e-005,-0.000222265
4.35e-005,-0.000321477
4.3504e-005,-1.39197e-005
4.3508e-005,-0.000762969
4.3512e-005,-0.000366122
4.3516e-005,-5.36045e-005
4.352e-005,-0.000867142
4.3524e-005,0.00494171
4.3528e-005,0.0153986
4.3532e-005,0.0201856
4.3536e-005,0.0217036
4.354e-005,0.0257316
4.3544e-005,0.0278001
4.3548e-005,0.0294322
4.3552e-005,0.0314809
4.3556e-005,0.0331576
4.356e-005,0.033733
4.3564e-005,0.0347102
4.3568e-005,0.0370219
4.3572e-005,0.0368731
4.3576e-005,0.0381182
4.358e-005,0.038009
4.3584e-005,0.0388573
4.3588e-005,0.0389664
4.3592e-005,0.0401074
4.3596e-005,0.0397403
4.36e-005,0.0403107
4.3604e-005,0.0400826
4.3608e-005,0.0410499
4.3612e-005,0.0415608
4.3616e-005,0.0412086
4.362e-005,0.0420222
4.3624e-005,0.0416551
4.3628e-005,0.0413128
4.3632e-005,0.042295
4.3636e-005,0.0417444
4.364e-005,0.0418188
4.3644e-005,0.0420222
4.3648e-005,0.0423992
4.3652e-005,0.0418287
4.3656e-005,0.0422801
4.366e-005,0.0420618
4.3664e-005,0.0421065
4.3668e-005,0.0421015
4.3672e-005,0.0419626
4.3676e-005,0.0419874
4.368e-005,0.0424488
4.3684e-005,0.042171
4.3688e-005,0.0425877
4.3692e-005,0.0429349
4.3696e-005,0.042295
4.37e-005,0.0424984
4.3704e-005,0.0425579
4.3708e-005,0.0420519
4.3712e-005,0.0418833
4.3716e-005,0.0422107
4.372e-005,0.0422255
4.3724e-005,0.0418882
4.3728e-005,0.0422553
4.3732e-005,0.042548
4.3736e-005,0.0421759
4.374e-005,0.042295
4.3744e-005,0.0422999
4.3748e-005,0.0430688
4.3752e-005,0.0420817
4.3756e-005,0.0426968
4.376e-005,0.0426472
4.3764e-005,0.0427166
4.3768e-005,0.0422999
4.3772e-005,0.0427365
4.3776e-005,0.0420866
4.378e-005,0.0424587
4.3784e-005,0.0426075
4.3788e-005,0.0428605
4.3792e-005,0.0420222
4.3796e-005,0.0423793
4.38e-005,0.0420122
4.3804e-005,0.0421164
4.3808e-005,0.0416997
4.3812e-005,0.0423545
4.3816e-005,0.0420618
4.382e-005,0.0423496
4.3824e-005,0.0426422
4.3828e-005,0.0422305
4.3832e-005,0.0415757
4.3836e-005,0.0430391
4.384e-005,0.0424587
4.3844e-005,0.0420271
4.3848e-005,0.0425381
4.3852e-005,0.0426075
4.3856e-005,0.0431184
4.386e-005,0.0420023
4.3864e-005,0.0420817
4.3868e-005,0.0426174
4.3872e-005,0.0423496
4.3876e-005,0.0422156
4.388e-005,0.0419477
4.3884e-005,0.0429647
4.3888e-005,0.0425976
4.3892e-005,0.042295
4.3896e-005,0.0429845
4.39e-005,0.0423992
4.3904e-005,0.0423446
4.3908e-005,0.0425033
4.3912e-005,0.0425331
4.3916e-005,0.0421958
4.392e-005,0.0430391
4.3924e-005,0.0422603
4.3928e-005,0.0427464
4.3932e-005,0.0427712
4.3936e-005,0.0423545
4.394e-005,0.0420222
4.3944e-005,0.0421015
4.3948e-005,0.0426521
4.3952e-005,0.0426918
4.3956e-005,0.0429299
4.396e-005,0.0424091
4.3964e-005,0.0429597
4.3968e-005,0.0424736
4.3972e-005,0.0425281
4.3976e-005,0.0430192
4.398e-005,0.0424289
4.3984e-005,0.0421759
4.3988e-005,0.0423992
4.3992e-005,0.043044
4.3996e-005,0.0425827
4.4e-005,0.042295
4.4004e-005,0.0424785
4.4008e-005,0.0424736
4.4012e-005,0.0424289
4.4016e-005,0.0425133
4.402e-005,0.0422751
4.4024e-005,0.0422999
4.4028e-005,0.0430688
4.4032e-005,0.0426968
4.4036e-005,0.0420866
4.404e-005,0.0431432
4.4044e-005,0.0421412
4.4048e-005,0.0427563
4.4052e-005,0.0429151
4.4056e-005,0.0426125
4.406e-005,0.0432177
4.4064e-005,0.0427018
4.4068e-005,0.042424
4.4072e-005,0.0430242
4.4076e-005,0.0425529
4.408e-005,0.0422801
4.4084e-005,0.0421958
4.4088e-005,0.042677
4.4092e-005,0.0429696
4.4096e-005,0.0422702
4.41e-005,0.0425976
4.4104e-005,0.0428158
4.4108e-005,0.0431482
4.4112e-005,0.04292
4.4116e-005,0.0430192
4.412e-005,0.042796
4.4124e-005,0.042171
4.4128e-005,0.0430242
4.4132e-005,0.0429399
4.4136e-005,0.0435203
4.414e-005,0.0432524
4.4144e-005,0.0422404
4.4148e-005,0.0429101
4.4152e-005,0.0425232
4.4156e-005,0.0426918
4.416e-005,0.0430341
4.4164e-005,0.0422305
4.4168e-005,0.0425678
4.4172e-005,0.0426224
4.4176e-005,0.0429647
4.418e-005,0.0425976
4.4184e-005,0.0430242
4.4188e-005,0.0432375
4.4192e-005,0.0431631
4.4196e-005,0.0423892
4.42e-005,0.0420767
4.4204e-005,0.0394476
4.4208e-005,0.0374485
4.4212e-005,0.0358809
4.4216e-005,0.0352956
4.422e-005,0.0342737
4.4224e-005,0.0336784
4.4228e-005,0.0281722
4.4232e-005,0.0217333
4.4236e-005,0.0195358
4.424e-005,0.0189951
4.4244e-005,0.018747
4.4248e-005,0.0190893
4.4252e-005,0.0134491
4.4256e-005,0.00343369
4.426e-005,0.000660721
4.4264e-005,0.000447416
4.4268e-005,-0.000619112
4.4272e-005,-0.000132974
4.4276e-005,-5.85651e-005
4.428e-005,-0.000356201
4.4284e-005,-0.000410767
4.4288e-005,-0.00120942
4.4292e-005,0.00491691
4.4296e-005,0.0161031
4.43e-005,0.0208057
4.4304e-005,0.0240797
4.4308e-005,0.0283359
4.4312e-005,0.0303449
4.4316e-005,0.0325325
4.432e-005,0.035117
4.4324e-005,0.0364464
4.4328e-005,0.0376568
4.4332e-005,0.0392938
4.4336e-005,0.0403405
4.434e-005,0.0415311
4.4344e-005,0.0417741
4.4348e-005,0.0433962
4.4352e-005,0.0432921
4.4356e-005,0.0442792
4.436e-005,0.0454053
4.4364e-005,0.0458071
4.4368e-005,0.0462535
4.4372e-005,0.0463478
4.4376e-005,0.0469827
4.438e-005,0.0472556
4.4384e-005,0.0472159
4.4388e-005,0.0480245
4.4392e-005,0.0477219
4.4396e-005,0.0484908
4.44e-005,0.0485106
4.4404e-005,0.048838
4.4408e-005,0.0487438
4.4412e-005,0.0488827
4.4416e-005,0.0490712
4.442e-005,0.0490761
4.4424e-005,0.0493738
4.4428e-005,0.048962
4.4432e-005,0.0493192
4.4436e-005,0.0494134
4.444e-005,0.0489124
4.4444e-005,0.0491009
4.4448e-005,0.0492101
4.4452e-005,0.0495722
4.4456e-005,0.0489323
4.446e-005,0.0495176
4.4464e-005,0.0489174
4.4468e-005,0.0495127
4.4472e-005,0.0493638
4.4476e-005,0.0487686
4.448e-005,0.0492051
4.4484e-005,0.0496416
4.4488e-005,0.0493142
4.4492e-005,0.0494581
4.4496e-005,0.0498599
4.45e-005,0.0494085
4.4504e-005,0.0487686
4.4508e-005,0.0492597
4.4512e-005,0.0496763
4.4516e-005,0.0492795
4.452e-005,0.0496565
4.4524e-005,0.0496813
4.4528e-005,0.04985
4.4532e-005,0.0494829
4.4536e-005,0.0496317
4.454e-005,0.0505544
4.4544e-005,0.0500633
4.4548e-005,0.0497309
4.4552e-005,0.049726
4.4556e-005,0.0500286
4.456e-005,0.0491307
4.4564e-005,0.0499194
4.4568e-005,0.0498847
4.4572e-005,0.0499244
4.4576e-005,0.0498351
4.458e-005,0.049721
4.4584e-005,0.0492597
4.4588e-005,0.0498004
4.4592e-005,0.0495523
4.4596e-005,0.0503014
4.46e-005,0.0505593
4.4604e-005,0.0500881
4.4608e-005,0.0496615
4.4612e-005,0.0495623
4.4616e-005,0.050103
4.462e-005,0.050093
4.4624e-005,0.049339
4.4628e-005,0.0497309
4.4632e-005,0.0496565
4.4636e-005,0.0499393
4.464e-005,0.0496168
4.4644e-005,0.0493787
4.4648e-005,0.0498152
4.4652e-005,0.0497954
4.4656e-005,0.0504849
4.466e-005,0.0502716
4.4664e-005,0.0502121
4.4668e-005,0.0498301
4.4672e-005,0.0497855
4.4676e-005,0.0498897
4.468e-005,0.0494333
4.4684e-005,0.0501774
4.4688e-005,0.0498599
4.4692e-005,0.0496416
4.4696e-005,0.0499938
4.47e-005,0.0494432
4.4704e-005,0.0502815
4.4708e-005,0.0497359
4.4712e-005,0.0502369
4.4716e-005,0.0497458
4.472e-005,0.0497954
4.4724e-005,0.0501426
4.4728e-005,0.0499641
4.4732e-005,0.0504948
4.4736e-005,0.0498103
4.474e-005,0.0493986
4.4744e-005,0.0498004
4.4748e-005,0.0497756
4.4752e-005,0.0496069
4.4756e-005,0.0495871
4.476e-005,0.0494382
4.4764e-005,0.0489719
4.4768e-005,0.0491307
4.4772e-005,0.049339
4.4776e-005,0.049597
4.478e-005,0.0497408
4.4784e-005,0.0493192
4.4788e-005,0.0491208
4.4792e-005,0.0493936
4.4796e-005,0.0492944
4.48e-005,0.0498053
4.4804e-005,0.0496317
4.4808e-005,0.0496714
4.4812e-005,0.0495672
4.4816e-005,0.0495623
4.482e-005,0.0500682
4.4824e-005,0.0498549
4.4828e-005,0.0497756
4.4832e-005,0.0500782
4.4836e-005,0.0496515
4.484e-005,0.0496615
4.4844e-005,0.0496664
4.4848e-005,0.049349
4.4852e-005,0.0487686
4.4856e-005,0.0499442
4.486e-005,0.0490811
4.4864e-005,0.0494829
4.4868e-005,0.0496912
4.4872e-005,0.0495424
4.4876e-005,0.0499145
4.488e-005,0.0498847
4.4884e-005,0.0500137
4.4888e-005,0.0500037
4.4892e-005,0.0499641
4.4896e-005,0.0498351
4.49e-005,0.0497012
4.4904e-005,0.0496019
4.4908e-005,0.0495672
4.4912e-005,0.0497508
4.4916e-005,0.0501129
4.492e-005,0.0496019
4.4924e-005,0.0498649
4.4928e-005,0.0498202
4.4932e-005,0.0501674
4.4936e-005,0.049597
4.494e-005,0.0497012
4.4944e-005,0.0500037
4.4948e-005,0.049468
4.4952e-005,0.0499839
4.4956e-005,0.0498103
4.496e-005,0.050093
4.4964e-005,0.0498847
4.4968e-005,0.048833
4.4972e-005,0.0448497
4.4976e-005,0.0402859
4.498e-005,0.0375675
4.4984e-005,0.0363968
4.4988e-005,0.0346557
4.4992e-005,0.0343332
4.4996e-005,0.0285244
4.5e-005,0.0216986
4.5004e-005,0.0198433
4.5008e-005,0.0188115
4.5012e-005,0.0189256
4.5016e-005,0.0185536
4.502e-005,0.0126753
4.5024e-005,0.00414802
4.5028e-005,0.000675603
4.5032e-005,0.000115056
4.5036e-005,-0.000192501
4.504e-005,-4.86439e-005
4.5044e-005,-0.00010321
4.5048e-005,-0.000281792
4.5052e-005,-2.88015e-005
4.5056e-005,-0.000743127
4.506e-005,0.00534352
4.5064e-005,0.0156318
4.5068e-005,0.0186677
4.5072e-005,0.0191885
4.5076e-005,0.0210537
4.508e-005,0.0217036
4.5084e-005,0.0225865
4.5088e-005,0.0243624
4.5092e-005,0.0247642
4.5096e-005,0.0250966
4.51e-005,0.0249279
4.5104e-005,0.0258804
4.5108e-005,0.0263616
4.5112e-005,0.0264608
4.5116e-005,0.0265699
4.512e-005,0.0262574
4.5124e-005,0.0263219
4.5128e-005,0.0268973
4.5132e-005,0.0278497
4.5136e-005,0.0270362
4.514e-005,0.027309
4.5144e-005,0.0267485
4.5148e-005,0.0266245
4.5152e-005,0.0265153
4.5156e-005,0.0267485
4.516e-005,0.0268775
4.5164e-005,0.0270114
4.5168e-005,0.0272445
4.5172e-005,0.0267038
4.5176e-005,0.0264211
4.518e-005,0.0264707
4.5184e-005,0.0266592
4.5188e-005,0.0265203
4.5192e-005,0.0267386
4.5196e-005,0.0261681
4.52e-005,0.0267733
4.5204e-005,0.0263814
4.5208e-005,0.0272644
4.5212e-005,0.0268923
4.5216e-005,0.0264409
4.522e-005,0.0265401
4.5224e-005,0.0274777
4.5228e-005,0.0265947
4.5232e-005,0.027319
4.5236e-005,0.0270908
4.524e-005,0.0269965
4.5244e-005,0.0267435
4.5248e-005,0.0267435
4.5252e-005,0.0261731
4.5256e-005,0.0263268
4.526e-005,0.0264657
4.5264e-005,0.0266294
4.5268e-005,0.0261731
4.5272e-005,0.0262227
4.5276e-005,0.0267782
4.528e-005,0.0267534
4.5284e-005,0.0260143
4.5288e-005,0.0265153
4.5292e-005,0.0265104
4.5296e-005,0.0261631
4.53e-005,0.0267534
4.5304e-005,0.0262227
4.5308e-005,0.0271503
4.5312e-005,0.0263665
4.5316e-005,0.027056
4.532e-005,0.0264459
4.5324e-005,0.026436
4.5328e-005,0.0261185
4.5332e-005,0.0261185
4.5336e-005,0.0263665
4.534e-005,0.0265302
4.5344e-005,0.0262326
4.5348e-005,0.0264508
4.5352e-005,0.0267237
4.5356e-005,0.0269469
4.536e-005,0.026932
4.5364e-005,0.0262475
4.5368e-005,0.0267782
4.5372e-005,0.0264757
4.5376e-005,0.0264608
4.538e-005,0.0262921
4.5384e-005,0.0263764
4.5388e-005,0.0265699
4.5392e-005,0.0257961
4.5396e-005,0.0266592
4.54e-005,0.0262574
4.5404e-005,0.0268229
4.5408e-005,0.0268229
4.5412e-005,0.026183
4.5416e-005,0.0268328
4.542e-005,0.026178
4.5424e-005,0.0264062
4.5428e-005,0.0269866
4.5432e-005,0.0261036
4.5436e-005,0.0264409
4.544e-005,0.0258556
4.5444e-005,0.026178
4.5448e-005,0.0259449
4.5452e-005,0.0257911
4.5456e-005,0.0260193
4.546e-005,0.0259598
4.5464e-005,0.0260242
4.5468e-005,0.0263467
4.5472e-005,0.0263616
4.5476e-005,0.0266195
4.548e-005,0.026436
4.5484e-005,0.0262078
4.5488e-005,0.0264856
4.5492e-005,0.0266741
4.5496e-005,0.0268179
4.55e-005,0.0266195
4.5504e-005,0.0265848
4.5508e-005,0.0272644
4.5512e-005,0.0268229
4.5516e-005,0.026813
4.552e-005,0.0271205
4.5524e-005,0.027056
4.5528e-005,0.0271156
4.5532e-005,0.0269221
4.5536e-005,0.0263516
4.554e-005,0.0266741
4.5544e-005,0.0266542
4.5548e-005,0.027185
4.5552e-005,0.0263913
4.5556e-005,0.026307
4.556e-005,0.0264757
4.5564e-005,0.0264757
4.5568e-005,0.0262524
4.5572e-005,0.0268328
4.5576e-005,0.0266344
4.558e-005,0.0262227
4.5584e-005,0.026689
4.5588e-005,0.0263665
4.5592e-005,0.0265649
4.5596e-005,0.026183
4.56e-005,0.0264062
4.5604e-005,0.0264409
4.5608e-005,0.0266344
4.5612e-005,0.0268031
4.5616e-005,0.0265749
4.562e-005,0.0264757
4.5624e-005,0.0268675
4.5628e-005,0.0263467
4.5632e-005,0.0268527
4.5636e-005,0.026684
4.564e-005,0.0267534
4.5644e-005,0.0261185
4.5648e-005,0.0267782
4.5652e-005,0.0265848
4.5656e-005,0.0265005
4.566e-005,0.0263764
4.5664e-005,0.0266939
4.5668e-005,0.0260044
4.5672e-005,0.0261334
4.5676e-005,0.0261532
4.568e-005,0.0258556
4.5684e-005,0.0264112
4.5688e-005,0.0269072
4.5692e-005,0.0262524
4.5696e-005,0.0263516
4.57e-005,0.0265501
4.5704e-005,0.0265005
4.5708e-005,0.0265054
4.5712e-005,0.0264211
4.5716e-005,0.0264707
4.572e-005,0.0263417
4.5724e-005,0.0265203
4.5728e-005,0.0267286
4.5732e-005,0.0261334
4.5736e-005,0.0257564
4.574e-005,0.0261532
4.5744e-005,0.0264707
4.5748e-005,0.0261879
4.5752e-005,0.0263169
4.5756e-005,0.0267782
4.576e-005,0.0264062
4.5764e-005,0.0234596
4.5768e-005,0.0200418
4.5772e-005,0.0193423
4.5776e-005,0.0187222
4.578e-005,0.0184941
4.5784e-005,0.0181667
4.5788e-005,0.0125215
4.5792e-005,0.00240685
4.5796e-005,3.56862e-005
4.58e-005,-0.00116974
4.5804e-005,-0.000509979
4.5808e-005,-3.87227e-005
4.5812e-005,-0.000440531
4.5816e-005,-0.000807615
4.582e-005,-0.000192501
4.5824e-005,-0.000420688
4.5828e-005,0.00598344
4.5832e-005,0.0152994
4.5836e-005,0.0192481
4.584e-005,0.0215746
4.5844e-005,0.0236828
4.5848e-005,0.0247394
4.5852e-005,0.0264409
4.5856e-005,0.0279291
4.586e-005,0.0286385
4.5864e-005,0.0295611
4.5868e-005,0.029829
4.5872e-005,0.0315206
4.5876e-005,0.0316694
4.588e-005,0.0312775
4.5884e-005,0.0324432
4.5888e-005,0.0334751
4.5892e-005,0.0335296
4.5896e-005,0.0335842
4.59e-005,0.0345019
4.5904e-005,0.0337528
4.5908e-005,0.0339711
4.5912e-005,0.0347995
4.5916e-005,0.0344424
4.592e-005,0.0342439
4.5924e-005,0.0345416
4.5928e-005,0.0346755
4.5932e-005,0.0344721
4.5936e-005,0.0343184
4.594e-005,0.0344622
4.5944e-005,0.0348888
4.5948e-005,0.0340406
4.5952e-005,0.0337578
4.5956e-005,0.0345366
4.596e-005,0.0345763
4.5964e-005,0.0342638
4.5968e-005,0.0343382
4.5972e-005,0.0344771
4.5976e-005,0.03474
4.598e-005,0.034988
4.5984e-005,0.0349682
4.5988e-005,0.0339066
4.5992e-005,0.0343481
4.5996e-005,0.0346061
4.6e-005,0.0339314
4.6004e-005,0.0345118
4.6008e-005,0.0351765
4.6012e-005,0.0344969
4.6016e-005,0.0344275
4.602e-005,0.0342737
4.6024e-005,0.0340306
4.6028e-005,0.034358
4.6032e-005,0.0344821
4.6036e-005,0.0345813
4.604e-005,0.0347499
4.6044e-005,0.034115
4.6048e-005,0.0346755
4.6052e-005,0.0343035
4.6056e-005,0.0348293
4.606e-005,0.0347747
4.6064e-005,0.0342439
4.6068e-005,0.0341943
4.6072e-005,0.0349831
4.6076e-005,0.0345416
4.608e-005,0.0354047
4.6084e-005,0.0344424
4.6088e-005,0.0346606
4.6092e-005,0.0347946
4.6096e-005,0.0349483
4.61e-005,0.0350029
4.6104e-005,0.0350624
4.6108e-005,0.034735
4.6112e-005,0.0343382
4.6116e-005,0.0345069
4.612e-005,0.0343481
4.6124e-005,0.0348144
4.6128e-005,0.0348343
4.6132e-005,0.0348541
4.6136e-005,0.0349335
4.614e-005,0.0351418
4.6144e-005,0.0341447
4.6148e-005,0.0350128
4.6152e-005,0.0346854
4.6156e-005,0.0349186
4.616e-005,0.0346309
4.6164e-005,0.0344771
4.6168e-005,0.0349483
4.6172e-005,0.0347598
4.6176e-005,0.0349087
4.618e-005,0.0352212
4.6184e-005,0.0353998
4.6188e-005,0.0348987
4.6192e-005,0.0346309
4.6196e-005,0.0348144
4.62e-005,0.03474
4.6204e-005,0.0348888
4.6208e-005,0.0347003
4.6212e-005,0.0348491
4.6216e-005,0.0348392
4.622e-005,0.0345515
4.6224e-005,0.0346209
4.6228e-005,0.0347301
4.6232e-005,0.0345019
4.6236e-005,0.0349136
4.624e-005,0.0355188
4.6244e-005,0.0349285
4.6248e-005,0.0344374
4.6252e-005,0.0346805
4.6256e-005,0.0350922
4.626e-005,0.0345961
4.6264e-005,0.0352559
4.6268e-005,0.0346706
4.6272e-005,0.0344225
4.6276e-005,0.0347202
4.628e-005,0.0344523
4.6284e-005,0.0343084
4.6288e-005,0.0350376
4.6292e-005,0.034735
4.6296e-005,0.0356825
4.63e-005,0.0349632
4.6304e-005,0.0348293
4.6308e-005,0.0348094
4.6312e-005,0.0350228
4.6316e-005,0.0344076
4.632e-005,0.0345168
4.6324e-005,0.0350079
4.6328e-005,0.0343779
4.6332e-005,0.0350674
4.6336e-005,0.0350972
4.634e-005,0.0350376
4.6344e-005,0.0351269
4.6348e-005,0.0345961
4.6352e-005,0.0346656
4.6356e-005,0.0349285
4.636e-005,0.0352013
4.6364e-005,0.0350773
4.6368e-005,0.0339761
4.6372e-005,0.0343828
4.6376e-005,0.0349136
4.638e-005,0.0347846
4.6384e-005,0.0339265
4.6388e-005,0.0346061
4.6392e-005,0.0346706
4.6396e-005,0.0341398
4.64e-005,0.0350823
4.6404e-005,0.034616
4.6408e-005,0.0352658
4.6412e-005,0.0341348
4.6416e-005,0.0347549
4.642e-005,0.0350872
4.6424e-005,0.0347797
4.6428e-005,0.0348888
4.6432e-005,0.0350525
4.6436e-005,0.0338868
4.644e-005,0.0346011
4.6444e-005,0.0344672
4.6448e-005,0.034869
4.6452e-005,0.0347053
4.6456e-005,0.034611
4.646e-005,0.0350029
4.6464e-005,0.0348144
4.6468e-005,0.0347846
4.6472e-005,0.0349384
4.6476e-005,0.0349285
4.648e-005,0.0350674
4.6484e-005,0.0351666
4.6488e-005,0.0353998
4.6492e-005,0.0348491
4.6496e-005,0.0354642
4.65e-005,0.034611
4.6504e-005,0.0334304
4.6508e-005,0.0328897
4.6512e-005,0.0319125
4.6516e-005,0.0318331
4.652e-005,0.0301118
4.6524e-005,0.0305929
4.6528e-005,0.0304342
4.6532e-005,0.0261979
4.6536e-005,0.0212025
4.654e-005,0.0196896
4.6544e-005,0.018246
4.6548e-005,0.017626
4.6552e-005,0.0188909
4.6556e-005,0.0129928
4.656e-005,0.00295252
4.6564e-005,0.000169622
4.6568e-005,-0.000842339
4.6572e-005,-0.000381004
4.6576e-005,-0.000619112
4.658e-005,-0.000108171
4.6584e-005,-0.000385964
4.6588e-005,-0.000534782
4.6592e-005,-0.000743127
4.6596e-005,0.00478297
4.66e-005,0.0160187
4.6604e-005,0.0194465
4.6608e-005,0.0223336
4.6612e-005,0.0250321
4.6616e-005,0.0276761
4.662e-005,0.0283656
4.6624e-005,0.030206
4.6628e-005,0.0319125
4.6632e-005,0.0331179
4.6636e-005,0.0348392
4.664e-005,0.0356924
4.6644e-005,0.0366746
4.6648e-005,0.0370516
4.6652e-005,0.0383067
4.6656e-005,0.0383364
4.666e-005,0.0390557
4.6664e-005,0.0395369
4.6668e-005,0.0402314
4.6672e-005,0.0404298
4.6676e-005,0.0404893
4.668e-005,0.0408018
4.6684e-005,0.0407026
4.6688e-005,0.0411342
4.6692e-005,0.0410896
4.6696e-005,0.0411342
4.67e-005,0.0414418
4.6704e-005,0.0417989
4.6708e-005,0.0411689
4.6712e-005,0.0423148
4.6716e-005,0.0414517
4.672e-005,0.0416154
4.6724e-005,0.0418039
4.6728e-005,0.0420321
4.6732e-005,0.0419874
4.6736e-005,0.04167
4.674e-005,0.0420817
4.6744e-005,0.0417543
4.6748e-005,0.0420668
4.6752e-005,0.0417394
4.6756e-005,0.041913
4.676e-005,0.0414517
4.6764e-005,0.041536
4.6768e-005,0.0420519
4.6772e-005,0.0417592
4.6776e-005,0.0424587
4.678e-005,0.0413128
4.6784e-005,0.0417344
4.6788e-005,0.0423744
4.6792e-005,0.0416501
4.6796e-005,0.0421809
4.68e-005,0.042047
4.6804e-005,0.0420668
4.6808e-005,0.0418237
4.6812e-005,0.0415162
4.6816e-005,0.0424984
4.682e-005,0.0419527
4.6824e-005,0.0422702
4.6828e-005,0.0420966
4.6832e-005,0.0426125
4.6836e-005,0.0422107
4.684e-005,0.0419874
4.6844e-005,0.0411838
4.6848e-005,0.0424934
4.6852e-005,0.0423595
4.6856e-005,0.0422404
4.686e-005,0.0417642
4.6864e-005,0.0417989
4.6868e-005,0.0417741
4.6872e-005,0.0424438
4.6876e-005,0.0421412
4.688e-005,0.0419974
4.6884e-005,0.0418733
4.6888e-005,0.0421412
4.6892e-005,0.0422206
4.6896e-005,0.04166
4.69e-005,0.0418585
4.6904e-005,0.0421511
4.6908e-005,0.0422255
4.6912e-005,0.04229
4.6916e-005,0.0422503
4.692e-005,0.042672
4.6924e-005,0.0427613
4.6928e-005,0.0425033
4.6932e-005,0.0426323
4.6936e-005,0.0423297
4.694e-005,0.0427365
4.6944e-005,0.0420916
4.6948e-005,0.0427216
4.6952e-005,0.042171
4.6956e-005,0.04229
4.696e-005,0.0422454
4.6964e-005,0.0422057
4.6968e-005,0.0426571
4.6972e-005,0.0419924
4.6976e-005,0.0419974
4.698e-005,0.0423198
4.6984e-005,0.0427662
4.6988e-005,0.0427315
4.6992e-005,0.0425777
4.6996e-005,0.0422305
4.7e-005,0.0422057
4.7004e-005,0.0425182
4.7008e-005,0.0423595
4.7012e-005,0.0425381
4.7016e-005,0.0418833
4.702e-005,0.0424289
4.7024e-005,0.0425579
4.7028e-005,0.0427266
4.7032e-005,0.0418733
4.7036e-005,0.042419
4.704e-005,0.042171
4.7044e-005,0.0421114
4.7048e-005,0.0416948
4.7052e-005,0.0428258
4.7056e-005,0.0419329
4.706e-005,0.042047
4.7064e-005,0.0430341
4.7068e-005,0.0422851
4.7072e-005,0.041794
4.7076e-005,0.0418386
4.708e-005,0.0420321
4.7084e-005,0.042672
4.7088e-005,0.0423049
4.7092e-005,0.0422851
4.7096e-005,0.0431532
4.71e-005,0.0426075
4.7104e-005,0.0424934
4.7108e-005,0.0425976
4.7112e-005,0.0428506
4.7116e-005,0.0426373
4.712e-005,0.0425083
4.7124e-005,0.0429101
4.7128e-005,0.0429101
4.7132e-005,0.0424934
4.7136e-005,0.0429399
4.714e-005,0.0428258
4.7144e-005,0.0423148
4.7148e-005,0.0427464
4.7152e-005,0.0424686
4.7156e-005,0.042543
4.716e-005,0.0432325
4.7164e-005,0.0424686
4.7168e-005,0.0430143
4.7172e-005,0.0431234
4.7176e-005,0.0424835
4.718e-005,0.042791
4.7184e-005,0.0429994
4.7188e-005,0.0427464
4.7192e-005,0.043049
4.7196e-005,0.0430887
4.72e-005,0.0421511
4.7204e-005,0.0422156
4.7208e-005,0.0428307
4.7212e-005,0.0420668
4.7216e-005,0.042677
4.722e-005,0.0423446
4.7224e-005,0.0424884
4.7228e-005,0.0434508
4.7232e-005,0.0430044
4.7236e-005,0.0424091
4.724e-005,0.0427414
4.7244e-005,0.0430391
4.7248e-005,0.0424339
4.7252e-005,0.0425678
4.7256e-005,0.042419
4.726e-005,0.0425629
4.7264e-005,0.0429944
4.7268e-005,0.0420668
4.7272e-005,0.0419577
4.7276e-005,0.0391351
4.728e-005,0.0371856
4.7284e-005,0.0356329
4.7288e-005,0.0345515
4.7292e-005,0.0339215
4.7296e-005,0.0339017
4.73e-005,0.0281077
4.7304e-005,0.0218722
4.7308e-005,0.0196648
4.7312e-005,0.0192729
4.7316e-005,0.0186726
4.732e-005,0.0189107
4.7324e-005,0.0126455
4.7328e-005,0.00307653
4.7332e-005,0.00108733
4.7336e-005,-0.000316516
4.734e-005,-0.000306595
4.7344e-005,-0.000256989
4.7348e-005,-2.88015e-005
4.7352e-005,0.000159701
4.7356e-005,0.000263874
4.736e-005,-0.000400846
4.7364e-005,0.00544769
4.7368e-005,0.0158153
4.7372e-005,0.0201559
4.7376e-005,0.0237126
4.738e-005,0.0282119
4.7384e-005,0.0304491
4.7388e-005,0.0324581
4.7392e-005,0.0347102
4.7396e-005,0.0365308
4.74e-005,0.0379247
4.7404e-005,0.0386886
4.7408e-005,0.0396857
4.7412e-005,0.0407473
4.7416e-005,0.0416948
4.742e-005,0.0428803
4.7424e-005,0.0434111
4.7428e-005,0.0440808
4.7432e-005,0.0443139
4.7436e-005,0.045063
4.744e-005,0.0456285
4.7444e-005,0.0459509
4.7448e-005,0.0467942
4.7452e-005,0.0470572
4.7456e-005,0.0474094
4.746e-005,0.0478459
4.7464e-005,0.0475582
4.7468e-005,0.0482527
4.7472e-005,0.0482576
4.7476e-005,0.0483618
4.748e-005,0.0485305
4.7484e-005,0.0487487
4.7488e-005,0.0489719
4.7492e-005,0.0484312
4.7496e-005,0.0493192
4.75e-005,0.0489323
4.7504e-005,0.0481088
4.7508e-005,0.0485305
4.7512e-005,0.0491654
4.7516e-005,0.048967
4.752e-005,0.0490712
4.7524e-005,0.0487983
4.7528e-005,0.0491604
4.7532e-005,0.0502865
4.7536e-005,0.0485503
4.754e-005,0.0486346
4.7544e-005,0.049468
4.7548e-005,0.0491009
4.7552e-005,0.0490166
4.7556e-005,0.0495722
4.756e-005,0.048962
4.7564e-005,0.0485007
4.7568e-005,0.0491307
4.7572e-005,0.0488926
4.7576e-005,0.0493886
4.758e-005,0.049349
4.7584e-005,0.0495821
4.7588e-005,0.0488727
4.7592e-005,0.0499393
4.7596e-005,0.0498649
4.76e-005,0.0494085
4.7604e-005,0.048838
4.7608e-005,0.0497012
4.7612e-005,0.0497805
4.7616e-005,0.049726
4.762e-005,0.0496119
4.7624e-005,0.049726
4.7628e-005,0.0493241
4.7632e-005,0.0496019
4.7636e-005,0.049215
4.764e-005,0.0498103
4.7644e-005,0.0491059
4.7648e-005,0.0497756
4.7652e-005,0.0483866
4.7656e-005,0.0496565
4.766e-005,0.0494085
4.7664e-005,0.04922
4.7668e-005,0.0490513
4.7672e-005,0.0492597
4.7676e-005,0.0490612
4.768e-005,0.0492845
4.7684e-005,0.0491704
4.7688e-005,0.0491456
4.7692e-005,0.0489422
4.7696e-005,0.0494482
4.77e-005,0.0496515
4.7704e-005,0.0493241
4.7708e-005,0.049716
4.7712e-005,0.0496416
4.7716e-005,0.0496813
4.772e-005,0.0500534
4.7724e-005,0.0501873
4.7728e-005,0.049974
4.7732e-005,0.0498202
4.7736e-005,0.0503212
4.774e-005,0.049463
4.7744e-005,0.0497756
4.7748e-005,0.0492944
4.7752e-005,0.049096
4.7756e-005,0.0493142
4.776e-005,0.0500236
4.7764e-005,0.0493341
4.7768e-005,0.0497408
4.7772e-005,0.0499889
4.7776e-005,0.0493986
4.778e-005,0.0503212
4.7784e-005,0.0500186
4.7788e-005,0.0494283
4.7792e-005,0.0494184
4.7796e-005,0.049716
4.78e-005,0.0498351
4.7804e-005,0.0498301
4.7808e-005,0.0496367
4.7812e-005,0.0492845
4.7816e-005,0.0499194
4.782e-005,0.0497111
4.7824e-005,0.0498103
4.7828e-005,0.0494134
4.7832e-005,0.0497954
4.7836e-005,0.049726
4.784e-005,0.0497458
4.7844e-005,0.0492398
4.7848e-005,0.0491108
4.7852e-005,0.0495722
4.7856e-005,0.0499095
4.786e-005,0.0498996
4.7864e-005,0.0495375
4.7868e-005,0.0501129
4.7872e-005,0.0497706
4.7876e-005,0.0495871
4.788e-005,0.0488231
4.7884e-005,0.0496119
4.7888e-005,0.0496416
4.7892e-005,0.0497756
4.7896e-005,0.0496615
4.79e-005,0.0493638
4.7904e-005,0.049468
4.7908e-005,0.0496317
4.7912e-005,0.0493241
4.7916e-005,0.0500633
4.792e-005,0.0496466
4.7924e-005,0.0504502
4.7928e-005,0.0502567
4.7932e-005,0.0500087
4.7936e-005,0.0499293
4.794e-005,0.0497508
4.7944e-005,0.0493936
4.7948e-005,0.0498549
4.7952e-005,0.0496515
4.7956e-005,0.0495523
4.796e-005,0.0494085
4.7964e-005,0.0495424
4.7968e-005,0.0497954
4.7972e-005,0.0496664
4.7976e-005,0.0493093
4.798e-005,0.0500286
4.7984e-005,0.0497508
4.7988e-005,0.0504304
4.7992e-005,0.0496416
4.7996e-005,0.0501923
4.8e-005,0.0498351
4.8004e-005,0.0496714
4.8008e-005,0.0495176
4.8012e-005,0.0496664
4.8016e-005,0.0490414
4.802e-005,0.048967
4.8024e-005,0.0499988
4.8028e-005,0.0494878
4.8032e-005,0.0499541
4.8036e-005,0.0492795
4.804e-005,0.0489075
4.8044e-005,0.0451473
4.8048e-005,0.0410995
4.8052e-005,0.0383017
4.8056e-005,0.0375477
4.806e-005,0.035995
4.8064e-005,0.0359107
4.8068e-005,0.0292883
4.8072e-005,0.0223286
4.8076e-005,0.0205725
4.808e-005,0.0194812
4.8084e-005,0.0180228
4.8088e-005,0.0184147
4.8092e-005,0.012839
4.8096e-005,0.00324519
4.81e-005,0.001003
4.8104e-005,-3.37621e-005
4.8108e-005,-0.000147856
4.8112e-005,0.000224189
4.8116e-005,0.00014978
4.812e-005,-7.34468e-005
4.8124e-005,0.000392849
4.8128e-005,-0.000247068
4.8132e-005,0.00608761
4.8136e-005,0.0156368
4.814e-005,0.018504
4.8144e-005,0.0193076
4.8148e-005,0.0218673
4.8152e-005,0.0228098
4.8156e-005,0.0222492
4.816e-005,0.0234943
4.8164e-005,0.0241194
4.8168e-005,0.0240549
4.8172e-005,0.0253347
4.8176e-005,0.0256075
4.818e-005,0.025682
4.8184e-005,0.0260193
4.8188e-005,0.0257415
4.8192e-005,0.0267386
4.8196e-005,0.0265897
4.82e-005,0.0267038
4.8204e-005,0.0266989
4.8208e-005,0.0272545
4.8212e-005,0.0271404
4.8216e-005,0.0269122
4.822e-005,0.0268973
4.8224e-005,0.0262276
4.8228e-005,0.0269171
4.8232e-005,0.0269023
4.8236e-005,0.0264161
4.824e-005,0.0266542
4.8244e-005,0.0267485
4.8248e-005,0.0268725
4.8252e-005,0.0261483
4.8256e-005,0.0267782
4.826e-005,0.0268527
4.8264e-005,0.0269419
4.8268e-005,0.0268229
4.8272e-005,0.0263616
4.8276e-005,0.0261929
4.828e-005,0.0270461
4.8284e-005,0.0260193
4.8288e-005,0.0270858
4.8292e-005,0.0257712
4.8296e-005,0.0259498
4.83e-005,0.0263368
4.8304e-005,0.026684
4.8308e-005,0.0263665
4.8312e-005,0.0262723
4.8316e-005,0.0262276
4.832e-005,0.0260639
4.8324e-005,0.0262078
4.8328e-005,0.0259994
4.8332e-005,0.0264657
4.8336e-005,0.0263566
4.834e-005,0.0261135
4.8344e-005,0.0262127
4.8348e-005,0.026302
4.8352e-005,0.0260242
4.8356e-005,0.0260193
4.836e-005,0.0272842
4.8364e-005,0.0265501
4.8368e-005,0.0270759
4.8372e-005,0.0265203
4.8376e-005,0.0271255
4.838e-005,0.0267138
4.8384e-005,0.0267931
4.8388e-005,0.0268229
4.8392e-005,0.0269171
4.8396e-005,0.0262574
4.84e-005,0.026813
4.8404e-005,0.0260094
4.8408e-005,0.0265699
4.8412e-005,0.0262822
4.8416e-005,0.0264062
4.842e-005,0.026426
4.8424e-005,0.0260738
4.8428e-005,0.0258804
4.8432e-005,0.0266394
4.8436e-005,0.0261631
4.844e-005,0.026054
4.8444e-005,0.026679
4.8448e-005,0.0259349
4.8452e-005,0.026431
4.8456e-005,0.0259101
4.846e-005,0.0261383
4.8464e-005,0.0261086
4.8468e-005,0.0262723
4.8472e-005,0.0261631
4.8476e-005,0.0261979
4.848e-005,0.0260639
4.8484e-005,0.0260342
4.8488e-005,0.0257712
4.8492e-005,0.0267782
4.8496e-005,0.0262227
4.85e-005,0.0258853
4.8504e-005,0.0259647
4.8508e-005,0.026679
4.8512e-005,0.0261979
4.8516e-005,0.0262871
4.852e-005,0.0264806
4.8524e-005,0.0258159
4.8528e-005,0.0261433
4.8532e-005,0.0259498
4.8536e-005,0.0260044
4.854e-005,0.0264062
4.8544e-005,0.026307
4.8548e-005,0.0262028
4.8552e-005,0.0263665
4.8556e-005,0.0264856
4.856e-005,0.0259151
4.8564e-005,0.0262772
4.8568e-005,0.0259151
4.8572e-005,0.0258159
4.8576e-005,0.0264062
4.858e-005,0.0265947
4.8584e-005,0.0257415
4.8588e-005,0.0265104
4.8592e-005,0.026555
4.8596e-005,0.0262723
4.86e-005,0.0264459
4.8604e-005,0.0255679
4.8608e-005,0.0258605
4.8612e-005,0.0269469
4.8616e-005,0.0268626
4.862e-005,0.0265897
4.8624e-005,0.026932
4.8628e-005,0.0263417
4.8632e-005,0.0260788
4.8636e-005,0.026302
4.864e-005,0.0262574
4.8644e-005,0.026312
4.8648e-005,0.0256423
4.8652e-005,0.0263665
4.8656e-005,0.0260689
4.866e-005,0.0258903
4.8664e-005,0.0259796
4.8668e-005,0.0264608
4.8672e-005,0.026302
4.8676e-005,0.0261086
4.868e-005,0.0266046
4.8684e-005,0.0262375
4.8688e-005,0.0269618
4.8692e-005,0.0264707
4.8696e-005,0.0262475
4.87e-005,0.0264558
4.8704e-005,0.0263764
4.8708e-005,0.0265401
4.8712e-005,0.0269122
4.8716e-005,0.0266294
4.872e-005,0.0261284
4.8724e-005,0.0259895
4.8728e-005,0.0262971
4.8732e-005,0.0268279
4.8736e-005,0.0265401
4.874e-005,0.0255877
4.8744e-005,0.0262673
4.8748e-005,0.0267286
4.8752e-005,0.026932
4.8756e-005,0.026178
4.876e-005,0.0261135
4.8764e-005,0.0266592
4.8768e-005,0.0264707
4.8772e-005,0.0267832
4.8776e-005,0.0257167
4.878e-005,0.0260441
4.8784e-005,0.0259101
4.8788e-005,0.0261532
4.8792e-005,0.0261334
4.8796e-005,0.0260193
4.88e-005,0.0258357
4.8804e-005,0.0252454
4.8808e-005,0.0249726
4.8812e-005,0.0258109
4.8816e-005,0.0265848
4.882e-005,0.0261334
4.8824e-005,0.0263864
4.8828e-005,0.026937
4.8832e-005,0.0267336
4.8836e-005,0.0240301
4.884e-005,0.0201509
4.8844e-005,0.0193026
4.8848e-005,0.0193423
4.8852e-005,0.0184097
4.8856e-005,0.0182758
4.886e-005,0.0120999
4.8864e-005,0.00303685
4.8868e-005,0.000784736
4.8872e-005,-0.000812575
4.8876e-005,-0.000668718
4.888e-005,-0.000162738
4.8884e-005,-0.00043557
4.8888e-005,-0.000222265
4.8892e-005,0.000139859
4.8896e-005,-0.000678639
4.89e-005,0.00531872
4.8904e-005,0.0160634
4.8908e-005,0.0189256
4.8912e-005,0.0210835
4.8916e-005,0.0234646
4.892e-005,0.0249875
4.8924e-005,0.0263715
4.8928e-005,0.0275918
4.8932e-005,0.0289609
4.8936e-005,0.029705
4.894e-005,0.0305632
4.8944e-005,0.0315553
4.8948e-005,0.0315751
4.8952e-005,0.0318529
4.8956e-005,0.0326268
4.896e-005,0.032597
4.8964e-005,0.0333907
4.8968e-005,0.0340703
4.8972e-005,0.0338273
4.8976e-005,0.0343729
4.898e-005,0.0346854
4.8984e-005,0.0342638
4.8988e-005,0.033728
4.8992e-005,0.0349831
4.8996e-005,0.0347152
4.9e-005,0.0345614
4.9004e-005,0.0346606
4.9008e-005,0.0348541
4.9012e-005,0.0354742
4.9016e-005,0.0342241
4.902e-005,0.0346309
4.9024e-005,0.0339265
4.9028e-005,0.0347747
4.9032e-005,0.0345763
4.9036e-005,0.0343828
4.904e-005,0.0349434
4.9044e-005,0.0349434
4.9048e-005,0.0347598
4.9052e-005,0.0345465
4.9056e-005,0.0344969
4.906e-005,0.0344821
4.9064e-005,0.0344969
4.9068e-005,0.0347648
4.9072e-005,0.0343184
4.9076e-005,0.0344721
4.908e-005,0.035117
4.9084e-005,0.0355535
4.9088e-005,0.0351567
4.9092e-005,0.0348442
4.9096e-005,0.0349087
4.91e-005,0.0347846
4.9104e-005,0.0348144
4.9108e-005,0.034988
4.9112e-005,0.0342886
4.9116e-005,0.0342539
4.912e-005,0.0345465
4.9124e-005,0.0347598
4.9128e-005,0.034745
4.9132e-005,0.0347053
4.9136e-005,0.0356924
4.914e-005,0.0348888
4.9144e-005,0.0349533
4.9148e-005,0.0350575
4.9152e-005,0.035122
4.9156e-005,0.0346557
4.916e-005,0.0347648
4.9164e-005,0.0349186
4.9168e-005,0.0348541
4.9172e-005,0.0350724
4.9176e-005,0.0346805
4.918e-005,0.0345416
4.9184e-005,0.0344821
4.9188e-005,0.0353254
4.9192e-005,0.0348541
4.9196e-005,0.0352559
4.92e-005,0.0351617
4.9204e-005,0.0347995
4.9208e-005,0.0343828
4.9212e-005,0.0342539
4.9216e-005,0.0344424
4.922e-005,0.0342638
4.9224e-005,0.0347797
4.9228e-005,0.0342092
4.9232e-005,0.0341596
4.9236e-005,0.0342638
4.924e-005,0.0340753
4.9244e-005,0.0347152
4.9248e-005,0.0344969
4.9252e-005,0.0339562
4.9256e-005,0.0337528
4.926e-005,0.0343531
4.9264e-005,0.0344473
4.9268e-005,0.0338669
4.9272e-005,0.0342439
4.9276e-005,0.0341695
4.928e-005,0.0335445
4.9284e-005,0.0343828
4.9288e-005,0.0344572
4.9292e-005,0.0335495
4.9296e-005,0.0345912
4.93e-005,0.0341547
4.9304e-005,0.0343729
4.9308e-005,0.0353154
4.9312e-005,0.0347003
4.9316e-005,0.035117
4.932e-005,0.0347648
4.9324e-005,0.0343828
4.9328e-005,0.0342241
4.9332e-005,0.0348392
4.9336e-005,0.0344672
4.934e-005,0.0346606
4.9344e-005,0.0347301
4.9348e-005,0.0343531
4.9352e-005,0.0338719
4.9356e-005,0.0340356
4.936e-005,0.0344523
4.9364e-005,0.0342886
4.9368e-005,0.0340604
4.9372e-005,0.0340802
4.9376e-005,0.0343977
4.938e-005,0.0344969
4.9384e-005,0.0343779
4.9388e-005,0.0346061
4.9392e-005,0.0347102
4.9396e-005,0.0343878
4.94e-005,0.0345019
4.9404e-005,0.0347152
4.9408e-005,0.0345565
4.9412e-005,0.0349583
4.9416e-005,0.0344176
4.942e-005,0.0341993
4.9424e-005,0.0339364
4.9428e-005,0.0344771
4.9432e-005,0.0341943
4.9436e-005,0.0347251
4.944e-005,0.0347102
4.9444e-005,0.0344969
4.9448e-005,0.0343233
4.9452e-005,0.0343233
4.9456e-005,0.0344771
4.946e-005,0.0347499
4.9464e-005,0.0338868
4.9468e-005,0.0342985
4.9472e-005,0.0348789
4.9476e-005,0.0341547
4.948e-005,0.0342043
4.9484e-005,0.034611
4.9488e-005,0.034864
4.9492e-005,0.0342985
4.9496e-005,0.0345614
4.95e-005,0.0340554
4.9504e-005,0.0344324
4.9508e-005,0.0343184
4.9512e-005,0.0347102
4.9516e-005,0.0350922
4.952e-005,0.0342439
4.9524e-005,0.0348293
4.9528e-005,0.0347202
4.9532e-005,0.0346209
4.9536e-005,0.0347648
4.954e-005,0.0340009
4.9544e-005,0.0346606
4.9548e-005,0.0346606
4.9552e-005,0.0345465
4.9556e-005,0.0351319
4.956e-005,0.0345912
4.9564e-005,0.0345118
4.9568e-005,0.0346061
4.9572e-005,0.0346854
4.9576e-005,0.0345317
4.958e-005,0.0331824
4.9584e-005,0.0327905
4.9588e-005,0.031466
4.9592e-005,0.0310245
4.9596e-005,0.0307418
4.96e-005,0.0303251
4.9604e-005,0.0258556
4.9608e-005,0.0212422
4.9612e-005,0.0199177
4.9616e-005,0.0190695
4.962e-005,0.0180327
4.9624e-005,0.0183403
4.9628e-005,0.0117278
4.9632e-005,0.00292771
4.9636e-005,0.000993081
4.964e-005,-0.000390925
4.9644e-005,-0.000882024
4.9648e-005,-0.000177619
4.9652e-005,-0.000227225
4.9656e-005,0.00014978
4.966e-005,4.56074e-005
4.9664e-005,-0.000882024
4.9668e-005,0.00571557
4.9672e-005,0.0158203
4.9676e-005,0.0199078
4.968e-005,0.0228197
4.9684e-005,0.0262871
4.9688e-005,0.0281077
4.9692e-005,0.0297695
4.9696e-005,0.030965
4.97e-005,0.0323936
4.9704e-005,0.0333163
4.9708e-005,0.0348541
4.9712e-005,0.0366598
4.9716e-005,0.0373294
4.972e-005,0.0381827
4.9724e-005,0.0383265
4.9728e-005,0.0396014
4.9732e-005,0.0391649
4.9736e-005,0.0400379
4.974e-005,0.0404695
4.9744e-005,0.0411392
4.9748e-005,0.0411292
4.9752e-005,0.0414864
4.9756e-005,0.0414864
4.976e-005,0.0420668
4.9764e-005,0.0421809
4.9768e-005,0.0424537
4.9772e-005,0.0419378
4.9776e-005,0.0426025
4.978e-005,0.042672
4.9784e-005,0.0427067
4.9788e-005,0.0428258
4.9792e-005,0.0426819
4.9796e-005,0.0431482
4.98e-005,0.0428754
4.9804e-005,0.0422454
4.9808e-005,0.0423644
4.9812e-005,0.0436145
4.9816e-005,0.0425182
4.982e-005,0.0431333
4.9824e-005,0.0428803
4.9828e-005,0.042677
4.9832e-005,0.042925
4.9836e-005,0.0435351
4.984e-005,0.0429696
4.9844e-005,0.0432425
4.9848e-005,0.0428555
4.9852e-005,0.0422801
4.9856e-005,0.0425976
4.986e-005,0.043421
4.9864e-005,0.0428903
4.9868e-005,0.0431432
4.9872e-005,0.0433466
4.9876e-005,0.0427563
4.988e-005,0.0429795
4.9884e-005,0.0428952
4.9888e-005,0.0426621
4.9892e-005,0.0426075
4.9896e-005,0.0428357
4.99e-005,0.0429994
4.9904e-005,0.0428605
4.9908e-005,0.0430589
4.9912e-005,0.0422751
4.9916e-005,0.0421015
4.992e-005,0.0429151
4.9924e-005,0.0433318
4.9928e-005,0.0433268
4.9932e-005,0.0425182
4.9936e-005,0.0423496
4.994e-005,0.0428903
4.9944e-005,0.0428952
4.9948e-005,0.0424636
4.9952e-005,0.0428506
4.9956e-005,0.0431036
4.996e-005,0.0426472
4.9964e-005,0.0427762
4.9968e-005,0.0428655
4.9972e-005,0.0425083
4.9976e-005,0.041784
4.998e-005,0.0422603
4.9984e-005,0.0421561
4.9988e-005,0.0429647
4.9992e-005,0.0424736
4.9996e-005,0.0424289
5e-005,0.041913
5.0004e-005,0.0423099
5.0008e-005,0.0422007
5.0012e-005,0.0429795
5.0016e-005,0.0423694
5.002e-005,0.0425877
5.0024e-005,0.0426224
5.0028e-005,0.0429051
5.0032e-005,0.0423247
5.0036e-005,0.0429994
5.004e-005,0.0430688
5.0044e-005,0.0425976
5.0048e-005,0.0424785
5.0052e-005,0.0427811
5.0056e-005,0.042543
5.006e-005,0.043302
5.0064e-005,0.0426373
5.0068e-005,0.0425827
5.0072e-005,0.0427315
5.0076e-005,0.0428059
5.008e-005,0.0436492
5.0084e-005,0.0431978
5.0088e-005,0.0432375
5.0092e-005,0.042796
5.0096e-005,0.0422057
5.01e-005,0.0424438
5.0104e-005,0.0432276
5.0108e-005,0.0426273
5.0112e-005,0.0425728
5.0116e-005,0.0427514
5.012e-005,0.0417146
5.0124e-005,0.0428555
5.0128e-005,0.0426968
5.0132e-005,0.0427266
5.0136e-005,0.0428456
5.014e-005,0.0425777
5.0144e-005,0.042672
5.0148e-005,0.0425331
5.0152e-005,0.0426621
5.0156e-005,0.0425083
5.016e-005,0.0426472
5.0164e-005,0.0424736
5.0168e-005,0.0429498
5.0172e-005,0.0424537
5.0176e-005,0.0423099
5.018e-005,0.0424785
5.0184e-005,0.0425529
5.0188e-005,0.0423694
5.0192e-005,0.0421313
5.0196e-005,0.0428357
5.02e-005,0.0422702
5.0204e-005,0.0420618
5.0208e-005,0.0419676
5.0212e-005,0.042042
5.0216e-005,0.0421313
5.022e-005,0.0428754
5.0224e-005,0.0424388
5.0228e-005,0.0416352
5.0232e-005,0.0432524
5.0236e-005,0.0423744
5.024e-005,0.0420073
5.0244e-005,0.042419
5.0248e-005,0.0420172
5.0252e-005,0.0421809
5.0256e-005,0.0427166
5.026e-005,0.042166
5.0264e-005,0.0425777
5.0268e-005,0.0426869
5.0272e-005,0.0418684
5.0276e-005,0.04167
5.028e-005,0.042171
5.0284e-005,0.0427712
5.0288e-005,0.042667
5.0292e-005,0.0424835
5.0296e-005,0.0421313
5.03e-005,0.0415261
5.0304e-005,0.0427514
5.0308e-005,0.0423545
5.0312e-005,0.0424587
5.0316e-005,0.0425678
5.032e-005,0.0422801
5.0324e-005,0.0430093
5.0328e-005,0.0425331
5.0332e-005,0.0423595
5.0336e-005,0.0429845
5.034e-005,0.0424835
5.0344e-005,0.0425133
5.0348e-005,0.0394476
5.0352e-005,0.0375427
5.0356e-005,0.0350823
5.036e-005,0.035375
5.0364e-005,0.0342737
5.0368e-005,0.0342191
5.0372e-005,0.0280035
5.0376e-005,0.0219665
5.038e-005,0.0208454
5.0384e-005,0.0195358
5.0388e-005,0.0187818
5.0392e-005,0.0184544
5.0396e-005,0.012462
5.04e-005,0.00263504
5.0404e-005,0.000556549
5.0408e-005,-0.000237146
5.0412e-005,-0.000157777
5.0416e-005,7.5371e-005
5.042e-005,-1.39197e-005
5.0424e-005,-7.34468e-005
5.0428e-005,-3.37621e-005
5.0432e-005,-0.000807615
5.0436e-005,0.00537329
5.044e-005,0.0153639
5.0444e-005,0.0211728
5.0448e-005,0.024665
5.0452e-005,0.0277456
5.0456e-005,0.0306227
5.046e-005,0.0335296
5.0464e-005,0.0348442
5.0468e-005,0.0375179
5.0472e-005,0.0389912
5.0476e-005,0.039398
5.048e-005,0.0408465
5.0484e-005,0.0415807
5.0488e-005,0.0421462
5.0492e-005,0.0430589
5.0496e-005,0.0440064
5.05e-005,0.0439617
5.0504e-005,0.0446513
5.0508e-005,0.045564
5.0512e-005,0.0462783
5.0516e-005,0.0460849
5.052e-005,0.0468339
5.0524e-005,0.0466454
5.0528e-005,0.046953
5.0532e-005,0.047578
5.0536e-005,0.0482477
5.054e-005,0.0481485
5.0544e-005,0.047831
5.0548e-005,0.0483916
5.0552e-005,0.0481534
5.0556e-005,0.0487636
5.056e-005,0.0484263
5.0564e-005,0.0483916
5.0568e-005,0.0486991
5.0572e-005,0.0490414
5.0576e-005,0.0488082
5.058e-005,0.0493787
5.0584e-005,0.0489769
5.0588e-005,0.0496763
5.0592e-005,0.0493886
5.0596e-005,0.0490761
5.06e-005,0.0492299
5.0604e-005,0.0498004
5.0608e-005,0.048962
5.0612e-005,0.0488281
5.0616e-005,0.0490464
5.062e-005,0.0491307
5.0624e-005,0.0488727
5.0628e-005,0.0492051
5.0632e-005,0.0491158
5.0636e-005,0.0497855
5.064e-005,0.0489819
5.0644e-005,0.0494382
5.0648e-005,0.0495325
5.0652e-005,0.0496962
5.0656e-005,0.0497359
5.066e-005,0.0492795
5.0664e-005,0.0497508
5.0668e-005,0.0490265
5.0672e-005,0.0491853
5.0676e-005,0.0496069
5.068e-005,0.0497855
5.0684e-005,0.0490662
5.0688e-005,0.0497607
5.0692e-005,0.0486545
5.0696e-005,0.0495077
5.07e-005,0.0490563
5.0704e-005,0.0488132
5.0708e-005,0.0492051
5.0712e-005,0.0495127
5.0716e-005,0.0492101
5.072e-005,0.0491604
5.0724e-005,0.0488231
5.0728e-005,0.0499591
5.0732e-005,0.0494333
5.0736e-005,0.0492398
5.074e-005,0.0494035
5.0744e-005,0.0486197
5.0748e-005,0.0494581
5.0752e-005,0.0487239
5.0756e-005,0.049344
5.076e-005,0.049339
5.0764e-005,0.0490315
5.0768e-005,0.0489918
5.0772e-005,0.049726
5.0776e-005,0.0495375
5.078e-005,0.0494184
5.0784e-005,0.0497954
5.0788e-005,0.0495523
5.0792e-005,0.0498053
5.0796e-005,0.0492845
5.08e-005,0.049339
5.0804e-005,0.0492497
5.0808e-005,0.0489323
5.0812e-005,0.0495275
5.0816e-005,0.0493638
5.082e-005,0.0499789
5.0824e-005,0.0491753
5.0828e-005,0.0499393
5.0832e-005,0.0497656
5.0836e-005,0.0496267
5.084e-005,0.0493986
5.0844e-005,0.049592
5.0848e-005,0.0489719
5.0852e-005,0.0499194
5.0856e-005,0.0500385
5.086e-005,0.0496515
5.0864e-005,0.049845
5.0868e-005,0.04984
5.0872e-005,0.0498897
5.0876e-005,0.0496267
5.088e-005,0.0492795
5.0884e-005,0.0496119
5.0888e-005,0.0495275
5.0892e-005,0.0494978
5.0896e-005,0.0498946
5.09e-005,0.0501278
5.0904e-005,0.0501972
5.0908e-005,0.0492547
5.0912e-005,0.04985
5.0916e-005,0.0491059
5.092e-005,0.0491853
5.0924e-005,0.04922
5.0928e-005,0.0500286
5.0932e-005,0.04985
5.0936e-005,0.0496416
5.094e-005,0.0501377
5.0944e-005,0.0494829
5.0948e-005,0.0492745
5.0952e-005,0.0497855
5.0956e-005,0.0501774
5.096e-005,0.0495722
5.0964e-005,0.0499591
5.0968e-005,0.0497508
5.0972e-005,0.0499789
5.0976e-005,0.0501774
5.098e-005,0.0498301
5.0984e-005,0.0498202
5.0988e-005,0.0496863
5.0992e-005,0.0498004
5.0996e-005,0.0497458
5.1e-005,0.0493291
5.1004e-005,0.0500732
5.1008e-005,0.0495722
5.1012e-005,0.0500186
5.1016e-005,0.0492299
5.102e-005,0.0497607
5.1024e-005,0.0496069
5.1028e-005,0.0497309
5.1032e-005,0.0497656
5.1036e-005,0.0499145
5.104e-005,0.0497012
5.1044e-005,0.0496813
5.1048e-005,0.0503014
5.1052e-005,0.050346
5.1056e-005,0.0499293
5.106e-005,0.0502915
5.1064e-005,0.050728
5.1068e-005,0.050728
5.1072e-005,0.0503956
5.1076e-005,0.05047
5.108e-005,0.0496168
5.1084e-005,0.0497706
5.1088e-005,0.0496664
5.1092e-005,0.0495077
5.1096e-005,0.0499194
5.11e-005,0.0496615
5.1104e-005,0.0504353
5.1108e-005,0.0495127
5.1112e-005,0.0495226
5.1116e-005,0.0452813
5.112e-005,0.0416203
5.1124e-005,0.0387035
5.1128e-005,0.0376122
5.1132e-005,0.0367391
5.1136e-005,0.0353254
5.114e-005,0.0295463
5.1144e-005,0.0223931
5.1148e-005,0.0198979
5.1152e-005,0.0193473
5.1156e-005,0.0187818
5.116e-005,0.0192977
5.1164e-005,0.0126902
5.1168e-005,0.00344857
5.1172e-005,0.00150402
5.1176e-005,-0.000128013
5.118e-005,0.000129938
5.1184e-005,-8.83286e-005
5.1188e-005,0.000859145
5.1192e-005,0.000442455
5.1196e-005,0.000144819
5.12e-005,-0.000529821
5.1204e-005,0.00583462
5.1208e-005,0.015602
5.1212e-005,0.0186032
5.1216e-005,0.020265
5.122e-005,0.0221748
5.1224e-005,0.0236779
5.1228e-005,0.0235539
5.1232e-005,0.024675
5.1236e-005,0.025553
5.124e-005,0.0259945
5.1244e-005,0.0261879
5.1248e-005,0.0272594
5.1252e-005,0.0260639
5.1256e-005,0.0261483
5.126e-005,0.0271354
