Time,Ampl
4.126e-005,0.0449886
4.1264e-005,0.0452168
4.1268e-005,0.0448894
4.1272e-005,0.0442544
4.1276e-005,0.0445124
4.128e-005,0.0446612
4.1284e-005,0.0445025
4.1288e-005,0.0447306
4.1292e-005,0.0440114
4.1296e-005,0.0447554
4.13e-005,0.0441552
4.1304e-005,0.044056
4.1308e-005,0.0449787
4.1312e-005,0.0444727
4.1316e-005,0.0444776
4.132e-005,0.0449539
4.1324e-005,0.0452168
4.1328e-005,0.0447753
4.1332e-005,0.0447356
4.1336e-005,0.0447951
4.134e-005,0.0442792
4.1344e-005,0.0444231
4.1348e-005,0.0439469
4.1352e-005,0.0440808
4.1356e-005,0.044686
4.136e-005,0.0439915
4.1364e-005,0.0437435
4.1368e-005,0.0444132
4.1372e-005,0.0443536
4.1376e-005,0.0444132
4.138e-005,0.0447554
4.1384e-005,0.0436591
4.1388e-005,0.044934
4.1392e-005,0.0443388
4.1396e-005,0.044557
4.14e-005,0.0443636
4.1404e-005,0.0444677
4.1408e-005,0.0447257
4.1412e-005,0.0441254
4.1416e-005,0.0433466
4.142e-005,0.040281
4.1424e-005,0.0379098
4.1428e-005,0.0363621
4.1432e-005,0.034735
4.1436e-005,0.0346606
4.144e-005,0.034358
4.1444e-005,0.0280184
4.1448e-005,0.021525
4.1452e-005,0.0202699
4.1456e-005,0.0189504
4.146e-005,0.0192778
4.1464e-005,0.0191439
4.1468e-005,0.0117576
4.1472e-005,0.0031311
4.1476e-005,0.00138993
4.148e-005,-0.000108171
4.1484e-005,2.5765e-005
4.1488e-005,2.08044e-005
4.1492e-005,-0.000276831
4.1496e-005,-0.000256989
4.15e-005,-0.000108171
4.1504e-005,-0.000574467
4.1508e-005,0.00647454
4.1512e-005,0.0170208
4.1516e-005,0.0204733
4.152e-005,0.0243277
4.1524e-005,0.0286087
4.1528e-005,0.0315999
4.1532e-005,0.032855
4.1536e-005,0.0353849
4.154e-005,0.0375675
4.1544e-005,0.0384406
4.1548e-005,0.0402016
4.1552e-005,0.0410697
4.1556e-005,0.0416749
4.156e-005,0.0429895
4.1564e-005,0.0437187
4.1568e-005,0.0443288
4.1572e-005,0.0454846
4.1576e-005,0.0455144
4.158e-005,0.0465214
4.1584e-005,0.0459559
4.1588e-005,0.0465958
4.1592e-005,0.0473548
4.1596e-005,0.0478608
4.16e-005,0.0479997
4.1604e-005,0.0484362
4.1608e-005,0.048833
4.1612e-005,0.0483122
4.1616e-005,0.0487041
4.162e-005,0.0487636
4.1624e-005,0.0483816
4.1628e-005,0.048709
4.1632e-005,0.0495821
4.1636e-005,0.0489422
4.164e-005,0.0494085
4.1644e-005,0.0493986
4.1648e-005,0.0491356
4.1652e-005,0.0494531
4.1656e-005,0.0496714
4.166e-005,0.0501873
4.1664e-005,0.0499988
4.1668e-005,0.0498301
4.1672e-005,0.0496168
4.1676e-005,0.0492696
4.168e-005,0.0495176
4.1684e-005,0.0498301
4.1688e-005,0.0499988
4.1692e-005,0.0497557
4.1696e-005,0.0500484
4.17e-005,0.0501278
4.1704e-005,0.0499045
4.1708e-005,0.0499591
4.1712e-005,0.0500484
4.1716e-005,0.0500583
4.172e-005,0.0494829
4.1724e-005,0.0495027
4.1728e-005,0.0501923
4.1732e-005,0.0499045
4.1736e-005,0.0502964
4.174e-005,0.0497458
4.1744e-005,0.0500434
4.1748e-005,0.0497805
4.1752e-005,0.0503113
4.1756e-005,0.0506536
4.176e-005,0.0496962
4.1764e-005,0.0500583
4.1768e-005,0.0495027
4.1772e-005,0.0495821
4.1776e-005,0.0504204
4.178e-005,0.0499492
4.1784e-005,0.0498103
4.1788e-005,0.0495871
4.1792e-005,0.0499194
4.1796e-005,0.0491456
4.18e-005,0.0499145
4.1804e-005,0.0498599
4.1808e-005,0.0500881
4.1812e-005,0.0494779
4.1816e-005,0.0499591
4.182e-005,0.0502468
4.1824e-005,0.0495424
4.1828e-005,0.0498897
4.1832e-005,0.0500286
4.1836e-005,0.0495127
4.184e-005,0.0502617
4.1844e-005,0.0504204
4.1848e-005,0.0499045
4.1852e-005,0.0496565
4.1856e-005,0.0502071
4.186e-005,0.0499988
4.1864e-005,0.0503262
4.1868e-005,0.0498698
4.1872e-005,0.0501426
4.1876e-005,0.0499194
4.188e-005,0.0504006
4.1884e-005,0.0496069
4.1888e-005,0.0499293
4.1892e-005,0.0503609
4.1896e-005,0.0513282
4.19e-005,0.0503857
4.1904e-005,0.0498897
4.1908e-005,0.0499889
4.1912e-005,0.0503163
4.1916e-005,0.0496664
4.192e-005,0.0496218
4.1924e-005,0.0501079
4.1928e-005,0.0502419
4.1932e-005,0.0508421
4.1936e-005,0.0498996
4.194e-005,0.0498897
4.1944e-005,0.0501575
4.1948e-005,0.0498351
4.1952e-005,0.0503857
4.1956e-005,0.0501228
4.196e-005,0.0501476
4.1964e-005,0.0503857
4.1968e-005,0.0499442
4.1972e-005,0.0500534
4.1976e-005,0.0499095
4.198e-005,0.0502915
4.1984e-005,0.0499393
4.1988e-005,0.0496962
4.1992e-005,0.04984
4.1996e-005,0.0496466
4.2e-005,0.0500335
4.2004e-005,0.0502518
4.2008e-005,0.0498103
4.2012e-005,0.0503311
4.2016e-005,0.0500087
4.202e-005,0.0501972
4.2024e-005,0.0499641
4.2028e-005,0.0504998
4.2032e-005,0.0501278
4.2036e-005,0.0496317
4.204e-005,0.0500682
4.2044e-005,0.0496168
4.2048e-005,0.0496863
4.2052e-005,0.0498252
4.2056e-005,0.0500534
4.206e-005,0.0492993
4.2064e-005,0.0499938
4.2068e-005,0.0498946
4.2072e-005,0.050093
4.2076e-005,0.0503163
4.208e-005,0.0505197
4.2084e-005,0.0502617
4.2088e-005,0.0504601
4.2092e-005,0.0500583
4.2096e-005,0.05048
4.21e-005,0.050103
4.2104e-005,0.0500732
4.2108e-005,0.0495871
4.2112e-005,0.0496119
4.2116e-005,0.0501972
4.212e-005,0.0500186
4.2124e-005,0.0511
4.2128e-005,0.0503758
4.2132e-005,0.050733
4.2136e-005,0.0502716
4.214e-005,0.050098
4.2144e-005,0.0501178
4.2148e-005,0.0501674
4.2152e-005,0.050733
4.2156e-005,0.0503907
4.216e-005,0.0503411
4.2164e-005,0.0502319
4.2168e-005,0.0502022
4.2172e-005,0.050604
4.2176e-005,0.0507925
4.218e-005,0.0504006
4.2184e-005,0.0497706
4.2188e-005,0.044691
4.2192e-005,0.0411888
4.2196e-005,0.0382323
4.22e-005,0.0365655
4.2204e-005,0.0362827
4.2208e-005,0.0353055
4.2212e-005,0.0278299
4.2216e-005,0.022274
4.222e-005,0.0200368
4.2224e-005,0.0191042
4.2228e-005,0.0188165
4.2232e-005,0.0189355
4.2236e-005,0.0116931
4.224e-005,0.00294755
4.2244e-005,0.00159331
4.2248e-005,9.02528e-005
4.2252e-005,-0.000837378
4.2256e-005,0.000110095
4.226e-005,0.000596233
4.2264e-005,-0.000336358
4.2268e-005,-0.000271871
4.2272e-005,-0.00125903
4.2276e-005,0.00712437
4.228e-005,0.0170208
4.2284e-005,0.0197937
4.2288e-005,0.0212174
4.2292e-005,0.0232612
4.2296e-005,0.0239011
4.23e-005,0.024164
4.2304e-005,0.0258804
4.2308e-005,0.0267733
4.2312e-005,0.0265699
4.2316e-005,0.0276315
4.232e-005,0.0284004
4.2324e-005,0.0285591
4.2328e-005,0.0291792
4.2332e-005,0.0292189
4.2336e-005,0.029958
4.234e-005,0.0290403
4.2344e-005,0.0295016
4.2348e-005,0.0304094
4.2352e-005,0.0292387
4.2356e-005,0.0294867
4.236e-005,0.0301217
4.2364e-005,0.0301614
4.2368e-005,0.0297248
4.2372e-005,0.0301018
4.2376e-005,0.0297893
4.238e-005,0.0300473
4.2384e-005,0.0293082
4.2388e-005,0.0296901
4.2392e-005,0.0295016
4.2396e-005,0.0303003
4.24e-005,0.0298042
4.2404e-005,0.0299481
4.2408e-005,0.0299729
4.2412e-005,0.0296901
4.2416e-005,0.0295711
4.242e-005,0.0295115
4.2424e-005,0.0294272
4.2428e-005,0.0297744
4.2432e-005,0.0298092
4.2436e-005,0.029323
4.244e-005,0.0297546
4.2444e-005,0.0300026
4.2448e-005,0.0298389
4.2452e-005,0.0297447
4.2456e-005,0.0295562
4.246e-005,0.0296256
4.2464e-005,0.0302854
4.2468e-005,0.0301911
4.2472e-005,0.0297943
4.2476e-005,0.0295066
4.248e-005,0.0297645
4.2484e-005,0.0298141
4.2488e-005,0.0294768
4.2492e-005,0.0292685
4.2496e-005,0.0295562
4.25e-005,0.0295859
4.2504e-005,0.0301415
4.2508e-005,0.0297546
4.2512e-005,0.0294967
4.2516e-005,0.0290452
4.252e-005,0.0300324
4.2524e-005,0.0296356
4.2528e-005,0.0290948
4.2532e-005,0.0291841
4.2536e-005,0.0288617
4.254e-005,0.0286137
4.2544e-005,0.0287674
4.2548e-005,0.0290849
4.2552e-005,0.0291941
4.2556e-005,0.0298439
4.256e-005,0.0302606
4.2564e-005,0.0294371
4.2568e-005,0.0299679
4.2572e-005,0.0292288
4.2576e-005,0.0294421
4.258e-005,0.0293429
4.2584e-005,0.0293826
4.2588e-005,0.0292337
4.2592e-005,0.0293429
4.2596e-005,0.0297496
4.26e-005,0.0288022
4.2604e-005,0.0295959
4.2608e-005,0.0288121
4.2612e-005,0.029323
4.2616e-005,0.0291891
4.262e-005,0.029576
4.2624e-005,0.0292536
4.2628e-005,0.0293181
4.2632e-005,0.0297844
4.2636e-005,0.0296504
4.264e-005,0.0291941
4.2644e-005,0.0293776
4.2648e-005,0.0300622
4.2652e-005,0.0297149
4.2656e-005,0.0292288
4.266e-005,0.0293429
4.2664e-005,0.0294322
4.2668e-005,0.029447
4.2672e-005,0.0290155
4.2676e-005,0.0291494
4.268e-005,0.0293925
4.2684e-005,0.0293082
4.2688e-005,0.029576
4.2692e-005,0.0295562
4.2696e-005,0.0297794
4.27e-005,0.0291693
4.2704e-005,0.0292536
4.2708e-005,0.028698
4.2712e-005,0.0297397
4.2716e-005,0.0294123
4.272e-005,0.0294619
4.2724e-005,0.0290155
4.2728e-005,0.0294173
4.2732e-005,0.0296207
4.2736e-005,0.0289609
4.274e-005,0.0292585
4.2744e-005,0.0289361
4.2748e-005,0.0293478
4.2752e-005,0.0294768
4.2756e-005,0.0292486
4.276e-005,0.0297496
4.2764e-005,0.029323
4.2768e-005,0.0293181
4.2772e-005,0.0296703
4.2776e-005,0.0291048
4.278e-005,0.0291693
4.2784e-005,0.0294024
4.2788e-005,0.0294322
4.2792e-005,0.0289609
4.2796e-005,0.0292833
4.28e-005,0.0289014
4.2804e-005,0.029204
4.2808e-005,0.0288667
4.2812e-005,0.0286534
4.2816e-005,0.0293925
4.282e-005,0.0294669
4.2824e-005,0.028703
4.2828e-005,0.0292486
4.2832e-005,0.0291593
4.2836e-005,0.0289411
4.284e-005,0.0293776
4.2844e-005,0.0294074
4.2848e-005,0.0290304
4.2852e-005,0.0295859
4.2856e-005,0.0296455
4.286e-005,0.0291742
4.2864e-005,0.0291792
4.2868e-005,0.0288071
4.2872e-005,0.0292585
4.2876e-005,0.0295363
4.288e-005,0.0291246
4.2884e-005,0.028693
4.2888e-005,0.0288567
4.2892e-005,0.0287873
4.2896e-005,0.0290353
4.29e-005,0.0298241
4.2904e-005,0.0294669
4.2908e-005,0.0298042
4.2912e-005,0.0292784
4.2916e-005,0.0295463
4.292e-005,0.0288468
4.2924e-005,0.0296058
4.2928e-005,0.0295413
4.2932e-005,0.0292585
4.2936e-005,0.0295264
4.294e-005,0.0295611
4.2944e-005,0.0295711
4.2948e-005,0.0291693
4.2952e-005,0.0288964
4.2956e-005,0.0289956
4.296e-005,0.0284053
4.2964e-005,0.028693
4.2968e-005,0.0283607
4.2972e-005,0.0288964
4.2976e-005,0.0287873
4.298e-005,0.023792
4.2984e-005,0.0203394
4.2988e-005,0.0199177
4.2992e-005,0.0189802
4.2996e-005,0.0185734
4.3e-005,0.0185189
4.3004e-005,0.0114599
4.3008e-005,0.00280866
4.3012e-005,0.0011667
4.3016e-005,-0.000420688
4.302e-005,-0.000991157
4.3024e-005,0.000110095
4.3028e-005,-0.000212343
4.3032e-005,-0.000227225
4.3036e-005,-0.000643915
4.304e-005,-0.00177989
4.3044e-005,0.0065043
4.3048e-005,0.0169662
4.3052e-005,0.01963
4.3056e-005,0.021902
4.306e-005,0.0241392
4.3064e-005,0.0259498
4.3068e-005,0.0271156
4.3072e-005,0.028693
4.3076e-005,0.0299233
4.308e-005,0.0306822
4.3084e-005,0.0311882
4.3088e-005,0.0333163
4.3092e-005,0.0336487
4.3096e-005,0.0341795
4.31e-005,0.0344324
4.3104e-005,0.0345267
4.3108e-005,0.0351517
4.3112e-005,0.0350823
4.3116e-005,0.0353601
4.312e-005,0.0356974
4.3124e-005,0.0355337
4.3128e-005,0.0359008
4.3132e-005,0.0359752
4.3136e-005,0.0365953
4.314e-005,0.03663
4.3144e-005,0.0360992
4.3148e-005,0.0362083
4.3152e-005,0.0364663
4.3156e-005,0.036501
4.316e-005,0.0363671
4.3164e-005,0.0369772
4.3168e-005,0.037002
4.3172e-005,0.0372501
4.3176e-005,0.0365705
4.318e-005,0.0366349
4.3184e-005,0.0370467
4.3188e-005,0.0368135
4.3192e-005,0.0364911
4.3196e-005,0.0363125
4.32e-005,0.0368235
4.3204e-005,0.0372897
4.3208e-005,0.0373989
4.3212e-005,0.036625
4.3216e-005,0.0371062
4.322e-005,0.0365506
4.3224e-005,0.0369921
4.3228e-005,0.0364068
4.3232e-005,0.0366349
4.3236e-005,0.0363671
4.324e-005,0.0373046
4.3244e-005,0.0368086
4.3248e-005,0.0372005
4.3252e-005,0.0369822
4.3256e-005,0.0367986
4.326e-005,0.0372302
4.3264e-005,0.0367143
4.3268e-005,0.0366399
4.3272e-005,0.0373493
4.3276e-005,0.0369772
4.328e-005,0.0371409
4.3284e-005,0.0373294
4.3288e-005,0.0366846
4.3292e-005,0.0370169
4.3296e-005,0.037379
4.33e-005,0.0367193
4.3304e-005,0.0367639
4.3308e-005,0.037131
4.3312e-005,0.0371211
4.3316e-005,0.0374782
4.332e-005,0.0369723
4.3324e-005,0.0368334
4.3328e-005,0.0369822
4.3332e-005,0.0365705
4.3336e-005,0.0373542
4.334e-005,0.0373741
4.3344e-005,0.0369475
4.3348e-005,0.0369673
4.3352e-005,0.0366796
4.3356e-005,0.0368135
4.336e-005,0.0365853
4.3364e-005,0.0372848
4.3368e-005,0.0369227
4.3372e-005,0.0367292
4.3376e-005,0.0367639
4.338e-005,0.0369524
4.3384e-005,0.0368681
4.3388e-005,0.0369078
4.3392e-005,0.0361736
4.3396e-005,0.0367689
4.34e-005,0.0366201
4.3404e-005,0.0367738
4.3408e-005,0.0366449
4.3412e-005,0.036506
4.3416e-005,0.0365804
4.342e-005,0.0365109
4.3424e-005,0.0361835
4.3428e-005,0.0369475
4.3432e-005,0.0370963
4.3436e-005,0.0365109
4.344e-005,0.0364663
4.3444e-005,0.0371211
4.3448e-005,0.0367292
4.3452e-005,0.0363968
4.3456e-005,0.0364861
4.346e-005,0.036248
4.3464e-005,0.035876
4.3468e-005,0.0364762
4.3472e-005,0.0357569
4.3476e-005,0.0363572
4.348e-005,0.0358165
4.3484e-005,0.0362331
4.3488e-005,0.0363125
4.3492e-005,0.0367143
4.3496e-005,0.0369028
4.35e-005,0.0364514
4.3504e-005,0.0372451
4.3508e-005,0.0366746
4.3512e-005,0.0364613
4.3516e-005,0.0363671
4.352e-005,0.0364167
4.3524e-005,0.0365357
4.3528e-005,0.0364663
4.3532e-005,0.0365308
4.3536e-005,0.037389
4.354e-005,0.0372848
4.3544e-005,0.0368979
4.3548e-005,0.0366151
4.3552e-005,0.0369822
4.3556e-005,0.0367292
4.356e-005,0.0364812
4.3564e-005,0.036878
4.3568e-005,0.0364663
4.3572e-005,0.0364117
4.3576e-005,0.0368086
4.358e-005,0.036506
4.3584e-005,0.0366399
4.3588e-005,0.0372352
4.3592e-005,0.0369227
4.3596e-005,0.037379
4.36e-005,0.0367937
4.3604e-005,0.0370467
4.3608e-005,0.0367738
4.3612e-005,0.0371112
4.3616e-005,0.0369772
4.362e-005,0.0373344
4.3624e-005,0.0374733
4.3628e-005,0.0372749
4.3632e-005,0.0371608
4.3636e-005,0.0371806
4.364e-005,0.037126
4.3644e-005,0.0369326
4.3648e-005,0.0367193
4.3652e-005,0.0370368
4.3656e-005,0.0366449
4.366e-005,0.0371757
4.3664e-005,0.0370715
4.3668e-005,0.0376072
4.3672e-005,0.0370913
4.3676e-005,0.0371112
4.368e-005,0.0371161
4.3684e-005,0.03726
4.3688e-005,0.0365407
4.3692e-005,0.0366052
4.3696e-005,0.0365655
4.37e-005,0.0368532
4.3704e-005,0.0366201
4.3708e-005,0.0373542
4.3712e-005,0.0374435
4.3716e-005,0.0366598
4.372e-005,0.0364911
4.3724e-005,0.0351071
4.3728e-005,0.0339612
4.3732e-005,0.033361
4.3736e-005,0.0316793
4.374e-005,0.03222
4.3744e-005,0.0319521
4.3748e-005,0.025548
4.3752e-005,0.0214357
4.3756e-005,0.0200368
4.376e-005,0.0198781
4.3764e-005,0.0184593
4.3768e-005,0.0188165
4.3772e-005,0.0110284
4.3776e-005,0.00244157
4.378e-005,0.000551588
4.3784e-005,-0.000797694
4.3788e-005,-0.000252028
4.3792e-005,0.00015474
4.3796e-005,6.04892e-005
4.38e-005,0.000333322
4.3804e-005,0.000179543
4.3808e-005,-0.000658797
4.3812e-005,0.00678705
4.3816e-005,0.0170803
4.382e-005,0.0201955
4.3824e-005,0.0233852
4.3828e-005,0.0270114
4.3832e-005,0.0292883
4.3836e-005,0.030712
4.384e-005,0.032721
4.3844e-005,0.0340257
4.3848e-005,0.0350624
4.3852e-005,0.0367242
4.3856e-005,0.0376916
4.386e-005,0.0384952
4.3864e-005,0.0393633
4.3868e-005,0.0396956
4.3872e-005,0.0416055
4.3876e-005,0.0414219
4.388e-005,0.0415261
4.3884e-005,0.0425083
4.3888e-005,0.0422603
4.3892e-005,0.0425381
4.3896e-005,0.0434954
4.39e-005,0.0423694
4.3904e-005,0.0429696
4.3908e-005,0.0430936
4.3912e-005,0.0437187
4.3916e-005,0.0436443
4.392e-005,0.0436691
4.3924e-005,0.0437881
4.3928e-005,0.0439766
4.3932e-005,0.043674
4.3936e-005,0.0441403
4.394e-005,0.0433764
4.3944e-005,0.0442048
4.3948e-005,0.0443437
4.3952e-005,0.0439469
4.3956e-005,0.0443239
4.396e-005,0.0433069
4.3964e-005,0.0437584
4.3968e-005,0.0434012
4.3972e-005,0.0439369
4.3976e-005,0.0433268
4.398e-005,0.0436492
4.3984e-005,0.0436244
4.3988e-005,0.0439419
4.3992e-005,0.0432921
4.3996e-005,0.0434161
4.4e-005,0.0433566
4.4004e-005,0.0439816
4.4008e-005,0.0441205
4.4012e-005,0.0438873
4.4016e-005,0.0445223
4.402e-005,0.0430887
4.4024e-005,0.0439171
4.4028e-005,0.0439072
4.4032e-005,0.044433
4.4036e-005,0.0436691
4.404e-005,0.0436195
4.4044e-005,0.0438129
4.4048e-005,0.0436889
4.4052e-005,0.0434359
4.4056e-005,0.0437633
4.406e-005,0.0437881
4.4064e-005,0.043555
4.4068e-005,0.0447009
4.4072e-005,0.0442792
4.4076e-005,0.0437435
4.408e-005,0.0437336
4.4084e-005,0.0437088
4.4088e-005,0.0444429
4.4092e-005,0.0440907
4.4096e-005,0.043808
4.41e-005,0.0432921
4.4104e-005,0.0441403
4.4108e-005,0.0436542
4.4112e-005,0.0439469
4.4116e-005,0.0435302
4.412e-005,0.0438278
4.4124e-005,0.0437584
4.4128e-005,0.0437038
4.4132e-005,0.0428059
4.4136e-005,0.0430688
4.414e-005,0.0440461
4.4144e-005,0.0438328
4.4148e-005,0.0434111
4.4152e-005,0.0435153
4.4156e-005,0.0431036
4.416e-005,0.0436145
4.4164e-005,0.0431879
4.4168e-005,0.0439469
4.4172e-005,0.0435401
4.4176e-005,0.0435401
4.418e-005,0.0437385
4.4184e-005,0.0441502
4.4188e-005,0.0437584
4.4192e-005,0.0436641
4.4196e-005,0.0436443
4.42e-005,0.0430788
4.4204e-005,0.0438576
4.4208e-005,0.0443288
4.4212e-005,0.0437187
4.4216e-005,0.0440907
4.422e-005,0.0437881
4.4224e-005,0.0440064
4.4228e-005,0.0433367
4.4232e-005,0.0435649
4.4236e-005,0.0439617
4.424e-005,0.043173
4.4244e-005,0.0434359
4.4248e-005,0.0445669
4.4252e-005,0.0441006
4.4256e-005,0.0437137
4.426e-005,0.0437484
4.4264e-005,0.0439518
4.4268e-005,0.0443388
4.4272e-005,0.0442197
4.4276e-005,0.0439469
4.428e-005,0.0434954
4.4284e-005,0.0441999
4.4288e-005,0.0433119
4.4292e-005,0.0439121
4.4296e-005,0.0442495
4.43e-005,0.0437038
4.4304e-005,0.0438179
4.4308e-005,0.0442048
4.4312e-005,0.0434905
4.4316e-005,0.0435004
4.432e-005,0.0442544
4.4324e-005,0.0436046
4.4328e-005,0.0439369
4.4332e-005,0.0445124
4.4336e-005,0.043803
4.434e-005,0.0442991
4.4344e-005,0.0437832
4.4348e-005,0.0437137
4.4352e-005,0.0445124
4.4356e-005,0.0442991
4.436e-005,0.0439667
4.4364e-005,0.0437435
4.4368e-005,0.0444132
4.4372e-005,0.0448844
4.4376e-005,0.0443487
4.438e-005,0.0445025
4.4384e-005,0.0440858
4.4388e-005,0.0439121
4.4392e-005,0.0440163
4.4396e-005,0.0435996
4.44e-005,0.0446612
4.4404e-005,0.0435798
4.4408e-005,0.0444628
4.4412e-005,0.0439865
4.4416e-005,0.0440461
4.442e-005,0.0438477
4.4424e-005,0.0439915
4.4428e-005,0.0434508
4.4432e-005,0.043798
4.4436e-005,0.0435103
4.444e-005,0.0437683
4.4444e-005,0.0442445
4.4448e-005,0.0445471
4.4452e-005,0.0442495
4.4456e-005,0.0437534
4.446e-005,0.0442991
4.4464e-005,0.0440858
4.4468e-005,0.0437534
4.4472e-005,0.0447505
4.4476e-005,0.0447852
4.448e-005,0.0435649
4.4484e-005,0.0437236
4.4488e-005,0.0434508
4.4492e-005,0.040152
4.4496e-005,0.0376916
4.45e-005,0.0366697
4.4504e-005,0.0350029
4.4508e-005,0.0344771
4.4512e-005,0.0344473
4.4516e-005,0.0276464
4.452e-005,0.0212323
4.4524e-005,0.0206122
4.4528e-005,0.0191141
4.4532e-005,0.0186478
4.4536e-005,0.0190596
4.454e-005,0.0120106
4.4544e-005,0.00256559
4.4548e-005,0.0011667
4.4552e-005,-0.00010321
4.4556e-005,-0.00103084
4.456e-005,6.54498e-005
4.4564e-005,6.04892e-005
4.4568e-005,-0.000167698
4.4572e-005,-0.000440531
4.4576e-005,-0.00124911
4.458e-005,0.00637036
4.4584e-005,0.0174325
4.4588e-005,0.0205725
4.4592e-005,0.0249279
4.4596e-005,0.0290006
4.46e-005,0.0310096
4.4604e-005,0.0333312
4.4608e-005,0.0358958
4.4612e-005,0.0365407
4.4616e-005,0.0385398
4.462e-005,0.0397006
4.4624e-005,0.0407274
4.4628e-005,0.041794
4.4632e-005,0.04292
4.4636e-005,0.0430192
4.464e-005,0.0444082
4.4644e-005,0.0443338
4.4648e-005,0.0461891
4.4652e-005,0.0464371
4.4656e-005,0.0467149
4.466e-005,0.0467496
4.4664e-005,0.047707
4.4668e-005,0.04733
4.4672e-005,0.0478062
4.4676e-005,0.0479253
4.468e-005,0.0484908
4.4684e-005,0.0476872
4.4688e-005,0.0488975
4.4692e-005,0.0490811
4.4696e-005,0.0491356
4.47e-005,0.0488579
4.4704e-005,0.0495176
4.4708e-005,0.0495672
4.4712e-005,0.0491158
4.4716e-005,0.0499045
4.472e-005,0.0493192
4.4724e-005,0.0499293
4.4728e-005,0.0506387
4.4732e-005,0.0502319
4.4736e-005,0.049473
4.474e-005,0.0496367
4.4744e-005,0.0501129
4.4748e-005,0.0499442
4.4752e-005,0.0499293
4.4756e-005,0.0502419
4.476e-005,0.0494531
4.4764e-005,0.0497855
4.4768e-005,0.0499492
4.4772e-005,0.0497756
4.4776e-005,0.0502518
4.478e-005,0.0499591
4.4784e-005,0.0503163
4.4788e-005,0.0497954
4.4792e-005,0.0495275
4.4796e-005,0.050852
4.48e-005,0.0501674
4.4804e-005,0.0500881
4.4808e-005,0.0496019
4.4812e-005,0.0501079
4.4816e-005,0.0499194
4.482e-005,0.0505643
4.4824e-005,0.0502815
4.4828e-005,0.0502022
4.4832e-005,0.0505246
4.4836e-005,0.0503311
4.484e-005,0.050356
4.4844e-005,0.0505296
4.4848e-005,0.0504056
4.4852e-005,0.0505891
4.4856e-005,0.0505643
4.486e-005,0.0499095
4.4864e-005,0.0502171
4.4868e-005,0.0503262
4.4872e-005,0.0508421
4.4876e-005,0.0499492
4.488e-005,0.0500583
4.4884e-005,0.0508967
4.4888e-005,0.0505891
4.4892e-005,0.050604
4.4896e-005,0.0508371
4.49e-005,0.0505544
4.4904e-005,0.0505593
4.4908e-005,0.0504304
4.4912e-005,0.0509512
4.4916e-005,0.0508719
4.492e-005,0.0505097
4.4924e-005,0.0504998
4.4928e-005,0.0510951
4.4932e-005,0.0502766
4.4936e-005,0.0510504
4.494e-005,0.0511149
4.4944e-005,0.0503659
4.4948e-005,0.0505643
4.4952e-005,0.0503163
4.4956e-005,0.0501575
4.496e-005,0.050976
4.4964e-005,0.050475
4.4968e-005,0.0509562
4.4972e-005,0.0501774
4.4976e-005,0.0511348
4.498e-005,0.0508421
4.4984e-005,0.0511943
4.4988e-005,0.0509413
4.4992e-005,0.0507726
4.4996e-005,0.0506189
4.5e-005,0.0507478
4.5004e-005,0.0505097
4.5008e-005,0.0502617
4.5012e-005,0.0510455
4.5016e-005,0.0509959
4.502e-005,0.0504056
4.5024e-005,0.0509512
4.5028e-005,0.0505742
4.5032e-005,0.0508322
4.5036e-005,0.0504155
4.504e-005,0.0511844
4.5044e-005,0.0509413
4.5048e-005,0.0505494
4.5052e-005,0.0509314
4.5056e-005,0.0500087
4.506e-005,0.0505494
4.5064e-005,0.0512092
4.5068e-005,0.050599
4.5072e-005,0.050857
4.5076e-005,0.0506337
4.508e-005,0.0503907
4.5084e-005,0.0500385
4.5088e-005,0.0502319
4.5092e-005,0.0505296
4.5096e-005,0.0505693
4.51e-005,0.0505593
4.5104e-005,0.0500782
4.5108e-005,0.0510504
4.5112e-005,0.0512141
4.5116e-005,0.0503113
4.512e-005,0.0503361
4.5124e-005,0.0507082
4.5128e-005,0.0502865
4.5132e-005,0.0497904
4.5136e-005,0.049974
4.514e-005,0.0507379
4.5144e-005,0.0497458
4.5148e-005,0.0503609
4.5152e-005,0.0497954
4.5156e-005,0.0500782
4.516e-005,0.0505246
4.5164e-005,0.050222
4.5168e-005,0.0502518
4.5172e-005,0.0499442
4.5176e-005,0.0499641
4.518e-005,0.0502319
4.5184e-005,0.0502419
4.5188e-005,0.0501575
4.5192e-005,0.0506734
4.5196e-005,0.05047
4.52e-005,0.0503956
4.5204e-005,0.0494779
4.5208e-005,0.0508917
4.5212e-005,0.0505544
4.5216e-005,0.0497061
4.522e-005,0.0501625
4.5224e-005,0.0498797
4.5228e-005,0.0494878
4.5232e-005,0.0504899
4.5236e-005,0.050351
4.524e-005,0.0499938
4.5244e-005,0.0496069
4.5248e-005,0.0500881
4.5252e-005,0.0495275
4.5256e-005,0.0497805
4.526e-005,0.0450828
4.5264e-005,0.0410003
4.5268e-005,0.0382174
4.5272e-005,0.0366052
4.5276e-005,0.0360496
4.528e-005,0.0358065
4.5284e-005,0.028569
4.5288e-005,0.0221897
4.5292e-005,0.0199475
4.5296e-005,0.0189455
4.53e-005,0.0184147
4.5304e-005,0.018881
4.5308e-005,0.0121445
4.5312e-005,0.0026152
4.5316e-005,0.00107245
4.532e-005,-0.000132974
4.5324e-005,-0.000758009
4.5328e-005,0.000462297
4.5332e-005,-0.000147856
4.5336e-005,1.08833e-005
4.534e-005,-3.99852e-006
4.5344e-005,-0.00145249
4.5348e-005,0.00698052
4.5352e-005,0.0166041
4.5356e-005,0.0188314
4.536e-005,0.0200418
4.5364e-005,0.0224973
4.5368e-005,0.0235043
4.5372e-005,0.0242087
4.5376e-005,0.0251413
4.538e-005,0.0265798
4.5384e-005,0.0263268
4.5388e-005,0.0270213
4.5392e-005,0.0285393
4.5396e-005,0.0281672
4.54e-005,0.0287426
4.5404e-005,0.0285938
4.5408e-005,0.0293826
4.5412e-005,0.0293974
4.5416e-005,0.0294967
4.542e-005,0.0292734
4.5424e-005,0.0296455
4.5428e-005,0.0295413
4.5432e-005,0.029576
4.5436e-005,0.0296058
4.544e-005,0.030077
4.5444e-005,0.0296802
4.5448e-005,0.0297199
4.5452e-005,0.0291941
4.5456e-005,0.0298489
4.546e-005,0.0298489
4.5464e-005,0.0300671
4.5468e-005,0.0297943
4.5472e-005,0.0297447
4.5476e-005,0.0296703
4.548e-005,0.0298885
4.5484e-005,0.0294421
4.5488e-005,0.0298786
4.5492e-005,0.0300225
4.5496e-005,0.029705
4.55e-005,0.029323
4.5504e-005,0.0292933
4.5508e-005,0.0297199
4.5512e-005,0.0290552
4.5516e-005,0.0292387
4.552e-005,0.0290452
4.5524e-005,0.0294272
4.5528e-005,0.0295562
4.5532e-005,0.0296058
4.5536e-005,0.0301564
4.554e-005,0.029829
4.5544e-005,0.0297645
4.5548e-005,0.0301068
4.5552e-005,0.0302358
4.5556e-005,0.0300225
4.556e-005,0.0299233
4.5564e-005,0.029447
4.5568e-005,0.0303697
4.5572e-005,0.0302011
4.5576e-005,0.0295413
4.558e-005,0.0295314
4.5584e-005,0.0301366
4.5588e-005,0.029834
4.5592e-005,0.0295611
4.5596e-005,0.0297744
4.56e-005,0.0297794
4.5604e-005,0.0296306
4.5608e-005,0.02971
4.5612e-005,0.0289559
4.5616e-005,0.0297596
4.562e-005,0.0298538
4.5624e-005,0.0290601
4.5628e-005,0.0293826
4.5632e-005,0.0289411
4.5636e-005,0.0295264
4.564e-005,0.029958
4.5644e-005,0.029452
4.5648e-005,0.0290204
4.5652e-005,0.0295264
4.5656e-005,0.0291891
4.566e-005,0.0291048
4.5664e-005,0.0290502
4.5668e-005,0.0292982
4.5672e-005,0.0299332
4.5676e-005,0.0295661
4.568e-005,0.0297645
4.5684e-005,0.0298538
4.5688e-005,0.0297645
4.5692e-005,0.0296405
4.5696e-005,0.0295859
4.57e-005,0.0291593
4.5704e-005,0.0294669
4.5708e-005,0.0295215
4.5712e-005,0.0293082
4.5716e-005,0.0295264
4.572e-005,0.0296504
4.5724e-005,0.0296107
4.5728e-005,0.0299084
4.5732e-005,0.0292337
4.5736e-005,0.029452
4.574e-005,0.0297844
4.5744e-005,0.0297844
4.5748e-005,0.0295016
4.5752e-005,0.0295115
4.5756e-005,0.0295711
4.576e-005,0.0296554
4.5764e-005,0.0296107
4.5768e-005,0.0286831
4.5772e-005,0.0294967
4.5776e-005,0.0296207
4.578e-005,0.0289163
4.5784e-005,0.0297596
4.5788e-005,0.0289956
4.5792e-005,0.0290899
4.5796e-005,0.0293131
4.58e-005,0.0292089
4.5804e-005,0.0291593
4.5808e-005,0.0295859
4.5812e-005,0.0288667
4.5816e-005,0.0295512
4.582e-005,0.0296107
4.5824e-005,0.029457
4.5828e-005,0.0289907
4.5832e-005,0.0292585
4.5836e-005,0.0295661
4.584e-005,0.0295165
4.5844e-005,0.0293776
4.5848e-005,0.0296852
4.5852e-005,0.0292833
4.5856e-005,0.0292238
4.586e-005,0.0293826
4.5864e-005,0.0299133
4.5868e-005,0.029581
4.5872e-005,0.029457
4.5876e-005,0.0299481
4.588e-005,0.0295264
4.5884e-005,0.0294669
4.5888e-005,0.02971
4.5892e-005,0.0295264
4.5896e-005,0.0290204
4.59e-005,0.0294371
4.5904e-005,0.0303598
4.5908e-005,0.0297149
4.5912e-005,0.0296604
4.5916e-005,0.0295314
4.592e-005,0.0294024
4.5924e-005,0.0294123
4.5928e-005,0.0290204
4.5932e-005,0.0297
4.5936e-005,0.0291792
4.594e-005,0.0296604
4.5944e-005,0.0290502
4.5948e-005,0.0294371
4.5952e-005,0.029199
4.5956e-005,0.0297
4.596e-005,0.0289014
4.5964e-005,0.029333
4.5968e-005,0.0297645
4.5972e-005,0.0290304
4.5976e-005,0.0296802
4.598e-005,0.029075
4.5984e-005,0.0293528
4.5988e-005,0.0293181
4.5992e-005,0.028827
4.5996e-005,0.0288022
4.6e-005,0.0292486
4.6004e-005,0.028574
4.6008e-005,0.0291147
4.6012e-005,0.0291593
4.6016e-005,0.0294967
4.602e-005,0.0290105
4.6024e-005,0.028569
4.6028e-005,0.0283855
4.6032e-005,0.0284897
4.6036e-005,0.0283458
4.604e-005,0.0286484
4.6044e-005,0.0285194
4.6048e-005,0.0291841
4.6052e-005,0.0239954
4.6056e-005,0.0205279
4.606e-005,0.0189157
4.6064e-005,0.0185982
4.6068e-005,0.0183452
4.6072e-005,0.0183849
4.6076e-005,0.0114798
4.608e-005,0.00257055
4.6084e-005,0.00101788
4.6088e-005,-0.000237146
4.6092e-005,-0.000296674
4.6096e-005,0.000511903
4.61e-005,-0.000842339
4.6104e-005,-0.000217304
4.6108e-005,-0.000509979
4.6112e-005,-0.00182454
4.6116e-005,0.00772957
4.612e-005,0.0172986
4.6124e-005,0.0204833
4.6128e-005,0.0221103
4.6132e-005,0.0247891
4.6136e-005,0.0271255
4.614e-005,0.0275967
4.6144e-005,0.0291941
4.6148e-005,0.0299034
4.6152e-005,0.0305285
4.6156e-005,0.0321704
4.616e-005,0.0327359
4.6164e-005,0.0330832
4.6168e-005,0.0338124
4.6172e-005,0.0345862
4.6176e-005,0.0344572
4.618e-005,0.0353502
4.6184e-005,0.036005
4.6188e-005,0.0356379
4.6192e-005,0.0371657
4.6196e-005,0.0364167
4.62e-005,0.0373195
4.6204e-005,0.0373642
4.6208e-005,0.036372
4.6212e-005,0.0369921
4.6216e-005,0.0376519
4.622e-005,0.0373096
4.6224e-005,0.0371012
4.6228e-005,0.037389
4.6232e-005,0.0374981
4.6236e-005,0.0378007
4.624e-005,0.0375477
4.6244e-005,0.0368929
4.6248e-005,0.0374485
4.6252e-005,0.0374386
4.6256e-005,0.0370318
4.626e-005,0.0369623
4.6264e-005,0.0373195
4.6268e-005,0.0373741
4.6272e-005,0.0376767
4.6276e-005,0.0373691
4.628e-005,0.037255
4.6284e-005,0.0372699
4.6288e-005,0.0371012
4.6292e-005,0.0370665
4.6296e-005,0.0372401
4.63e-005,0.036754
4.6304e-005,0.0372501
4.6308e-005,0.0368284
4.6312e-005,0.0370467
4.6316e-005,0.0369276
4.632e-005,0.0369127
4.6324e-005,0.0372848
4.6328e-005,0.037002
4.6332e-005,0.0366647
4.6336e-005,0.0368483
4.634e-005,0.0372451
4.6344e-005,0.0371608
4.6348e-005,0.0371806
4.6352e-005,0.0367342
4.6356e-005,0.0365457
4.636e-005,0.0370219
4.6364e-005,0.0368582
4.6368e-005,0.036754
4.6372e-005,0.0364415
4.6376e-005,0.0369177
4.638e-005,0.0369375
4.6384e-005,0.037007
4.6388e-005,0.0370616
4.6392e-005,0.0362976
4.6396e-005,0.0367986
4.64e-005,0.0361935
4.6404e-005,0.0364167
4.6408e-005,0.0370864
4.6412e-005,0.0368532
4.6416e-005,0.0369127
4.642e-005,0.0372302
4.6424e-005,0.0367094
4.6428e-005,0.0367143
4.6432e-005,0.036749
4.6436e-005,0.0369524
4.644e-005,0.0370467
4.6444e-005,0.036754
4.6448e-005,0.0361389
4.6452e-005,0.0369078
4.6456e-005,0.0369276
4.646e-005,0.0368135
4.6464e-005,0.0372997
4.6468e-005,0.0369872
4.6472e-005,0.0370417
4.6476e-005,0.036382
4.648e-005,0.0366647
4.6484e-005,0.037131
4.6488e-005,0.0370169
4.6492e-005,0.0365556
4.6496e-005,0.0366697
4.65e-005,0.0373443
4.6504e-005,0.0369623
4.6508e-005,0.0368086
4.6512e-005,0.0369822
4.6516e-005,0.0369524
4.652e-005,0.0367342
4.6524e-005,0.0367689
4.6528e-005,0.036382
4.6532e-005,0.0364365
4.6536e-005,0.0364365
4.654e-005,0.0364861
4.6544e-005,0.0365804
4.6548e-005,0.0365655
4.6552e-005,0.0365308
4.6556e-005,0.0371509
4.656e-005,0.0358809
4.6564e-005,0.0364415
4.6568e-005,0.0370566
4.6572e-005,0.0361637
4.6576e-005,0.0367788
4.658e-005,0.0370417
4.6584e-005,0.0366498
4.6588e-005,0.0366846
4.6592e-005,0.0369822
4.6596e-005,0.0368135
4.66e-005,0.0368235
4.6604e-005,0.0370417
4.6608e-005,0.036754
4.6612e-005,0.0365109
4.6616e-005,0.0361587
4.662e-005,0.0371211
4.6624e-005,0.0369425
4.6628e-005,0.03663
4.6632e-005,0.0360149
4.6636e-005,0.0367788
4.664e-005,0.0367788
4.6644e-005,0.0369723
4.6648e-005,0.0371062
4.6652e-005,0.0368135
4.6656e-005,0.0363075
4.666e-005,0.0365457
4.6664e-005,0.0368483
4.6668e-005,0.0366201
4.6672e-005,0.0368929
4.6676e-005,0.0364068
4.668e-005,0.0364961
4.6684e-005,0.0374336
4.6688e-005,0.036372
4.6692e-005,0.036253
4.6696e-005,0.0372848
4.67e-005,0.0367094
4.6704e-005,0.0367738
4.6708e-005,0.0361687
4.6712e-005,0.0363373
4.6716e-005,0.0365903
4.672e-005,0.0369971
4.6724e-005,0.0367342
4.6728e-005,0.0364216
4.6732e-005,0.0364911
4.6736e-005,0.0363968
4.674e-005,0.0368631
4.6744e-005,0.036759
4.6748e-005,0.0366151
4.6752e-005,0.0366548
4.6756e-005,0.0370715
4.676e-005,0.0368483
4.6764e-005,0.0366895
4.6768e-005,0.0367094
4.6772e-005,0.0366449
4.6776e-005,0.0370516
4.678e-005,0.0373443
4.6784e-005,0.036759
4.6788e-005,0.0366598
4.6792e-005,0.0359504
4.6796e-005,0.0345366
4.68e-005,0.0333014
4.6804e-005,0.0324631
4.6808e-005,0.0317537
4.6812e-005,0.032101
4.6816e-005,0.0313668
4.682e-005,0.0259895
4.6824e-005,0.0206916
4.6828e-005,0.0203692
4.6832e-005,0.0188512
4.6836e-005,0.0189752
4.684e-005,0.0187123
4.6844e-005,0.0113657
4.6848e-005,0.00262512
4.6852e-005,0.00107741
4.6856e-005,-0.00102092
4.686e-005,-0.000723285
4.6864e-005,-0.000212343
4.6868e-005,-0.000137935
4.6872e-005,-0.000128013
4.6876e-005,0.000120016
4.688e-005,-0.000976275
4.6884e-005,0.00661839
4.6888e-005,0.0168025
4.6892e-005,0.020766
4.6896e-005,0.0233951
4.69e-005,0.026431
4.6904e-005,0.028574
4.6908e-005,0.0305235
4.6912e-005,0.0325177
4.6916e-005,0.0345565
4.692e-005,0.0345813
4.6924e-005,0.03663
4.6928e-005,0.0374237
4.6932e-005,0.0386986
4.6936e-005,0.0397651
4.694e-005,0.0399089
4.6944e-005,0.0399784
4.6948e-005,0.0411937
4.6952e-005,0.0413376
4.6956e-005,0.0418337
4.696e-005,0.0415261
4.6964e-005,0.0422355
4.6968e-005,0.0433665
4.6972e-005,0.0437187
4.6976e-005,0.043679
4.698e-005,0.0438179
4.6984e-005,0.0440808
4.6988e-005,0.0429002
4.6992e-005,0.0447802
4.6996e-005,0.0436591
4.7e-005,0.0439816
4.7004e-005,0.0440411
4.7008e-005,0.0440114
4.7012e-005,0.0437683
4.7016e-005,0.0441999
4.702e-005,0.0439865
4.7024e-005,0.0439915
4.7028e-005,0.044304
4.7032e-005,0.0441899
4.7036e-005,0.0442296
4.704e-005,0.0443536
4.7044e-005,0.0442594
4.7048e-005,0.0442842
4.7052e-005,0.0446215
4.7056e-005,0.0446017
4.706e-005,0.0438477
4.7064e-005,0.0442743
4.7068e-005,0.0444578
4.7072e-005,0.0445769
4.7076e-005,0.0439171
4.708e-005,0.044691
4.7084e-005,0.0447207
4.7088e-005,0.0441899
4.7092e-005,0.0445173
4.7096e-005,0.043808
4.71e-005,0.0443189
4.7104e-005,0.0442891
4.7108e-005,0.0440411
4.7112e-005,0.0438427
4.7116e-005,0.0445124
4.712e-005,0.0441354
4.7124e-005,0.0445421
4.7128e-005,0.0448298
4.7132e-005,0.0443586
4.7136e-005,0.0448298
4.714e-005,0.0448547
4.7144e-005,0.0441602
4.7148e-005,0.0447009
4.7152e-005,0.0442693
4.7156e-005,0.0441502
4.716e-005,0.0441453
4.7164e-005,0.0436542
4.7168e-005,0.0441552
4.7172e-005,0.0442346
4.7176e-005,0.0443536
4.718e-005,0.0437484
4.7184e-005,0.0447257
4.7188e-005,0.0441502
4.7192e-005,0.0447406
4.7196e-005,0.0444727
4.72e-005,0.0444578
4.7204e-005,0.0442495
4.7208e-005,0.0438725
4.7212e-005,0.0448646
4.7216e-005,0.0439965
4.722e-005,0.0440064
4.7224e-005,0.0442991
4.7228e-005,0.0437336
4.7232e-005,0.0448646
4.7236e-005,0.0438774
4.724e-005,0.0444677
4.7244e-005,0.0444132
4.7248e-005,0.0437088
4.7252e-005,0.0439965
4.7256e-005,0.0434012
4.726e-005,0.0443487
4.7264e-005,0.0444876
4.7268e-005,0.0438625
4.7272e-005,0.0438278
4.7276e-005,0.0440411
4.728e-005,0.0438179
4.7284e-005,0.0440808
4.7288e-005,0.0445421
4.7292e-005,0.0435847
4.7296e-005,0.0447604
4.73e-005,0.044304
4.7304e-005,0.0440659
4.7308e-005,0.0438526
4.7312e-005,0.043932
4.7316e-005,0.0444677
4.732e-005,0.044309
4.7324e-005,0.0443685
4.7328e-005,0.0442991
4.7332e-005,0.0444429
4.7336e-005,0.0436443
4.734e-005,0.045058
4.7344e-005,0.0447356
4.7348e-005,0.0438725
4.7352e-005,0.044557
4.7356e-005,0.0438477
4.736e-005,0.0441651
4.7364e-005,0.0443536
4.7368e-005,0.0442197
4.7372e-005,0.0448695
4.7376e-005,0.0447604
4.738e-005,0.0440014
4.7384e-005,0.0447554
4.7388e-005,0.0440213
4.7392e-005,0.044805
4.7396e-005,0.0441999
4.74e-005,0.0441056
4.7404e-005,0.0434558
4.7408e-005,0.0445868
4.7412e-005,0.0447753
4.7416e-005,0.0442643
4.742e-005,0.0445769
4.7424e-005,0.0437832
4.7428e-005,0.0446215
4.7432e-005,0.0438675
4.7436e-005,0.0432276
4.744e-005,0.0443338
4.7444e-005,0.0444925
4.7448e-005,0.0441106
4.7452e-005,0.0438278
4.7456e-005,0.0445521
4.746e-005,0.0439518
4.7464e-005,0.044438
4.7468e-005,0.0440758
4.7472e-005,0.0446612
4.7476e-005,0.0447257
4.748e-005,0.0444479
4.7484e-005,0.0442098
4.7488e-005,0.0444876
4.7492e-005,0.044433
4.7496e-005,0.0442296
4.75e-005,0.0445967
4.7504e-005,0.0445372
4.7508e-005,0.0445471
4.7512e-005,0.0453904
4.7516e-005,0.0450779
4.752e-005,0.0442941
4.7524e-005,0.044686
4.7528e-005,0.0445967
4.7532e-005,0.0439518
4.7536e-005,0.0444776
4.754e-005,0.0441254
4.7544e-005,0.0438774
4.7548e-005,0.0441056
4.7552e-005,0.0445173
4.7556e-005,0.0434012
4.756e-005,0.0429944
4.7564e-005,0.0402314
4.7568e-005,0.0380537
4.7572e-005,0.0363026
4.7576e-005,0.0352063
4.758e-005,0.0342539
4.7584e-005,0.0341547
4.7588e-005,0.0274678
4.7592e-005,0.0211629
4.7596e-005,0.0202203
4.76e-005,0.0189852
4.7604e-005,0.0190447
4.7608e-005,0.0194068
4.7612e-005,0.01208
4.7616e-005,0.00198024
4.762e-005,0.000660721
4.7624e-005,-0.000638955
4.7628e-005,-0.000361161
4.7632e-005,0.000263874
4.7636e-005,-0.000326437
4.764e-005,-0.000281792
4.7644e-005,-0.000405807
4.7648e-005,-0.00149218
4.7652e-005,0.00654895
4.7656e-005,0.0176557
4.766e-005,0.0218772
4.7664e-005,0.0252355
4.7668e-005,0.0290304
4.7672e-005,0.0318033
4.7676e-005,0.0338322
4.768e-005,0.0359157
4.7684e-005,0.0377808
4.7688e-005,0.0388672
4.7692e-005,0.0398891
4.7696e-005,0.041164
4.77e-005,0.0428258
4.7704e-005,0.0433714
4.7708e-005,0.0439865
4.7712e-005,0.0446066
4.7716e-005,0.045311
4.772e-005,0.0463528
4.7724e-005,0.0464718
4.7728e-005,0.0467248
4.7732e-005,0.047082
4.7736e-005,0.0474986
4.774e-005,0.0479153
4.7744e-005,0.0483767
4.7748e-005,0.0483221
4.7752e-005,0.048456
4.7756e-005,0.0487537
4.776e-005,0.049091
4.7764e-005,0.048709
4.7768e-005,0.0494283
4.7772e-005,0.0496466
4.7776e-005,0.0493787
4.778e-005,0.0492795
4.7784e-005,0.0495474
4.7788e-005,0.0494085
4.7792e-005,0.049721
4.7796e-005,0.0490513
4.78e-005,0.0498599
4.7804e-005,0.0500682
4.7808e-005,0.0503808
4.7812e-005,0.0496267
4.7816e-005,0.0504899
4.782e-005,0.049597
4.7824e-005,0.05048
4.7828e-005,0.0501724
4.7832e-005,0.0505197
4.7836e-005,0.0503262
4.784e-005,0.0502567
4.7844e-005,0.0508024
4.7848e-005,0.0505296
4.7852e-005,0.0504353
4.7856e-005,0.050098
4.786e-005,0.0506139
4.7864e-005,0.0498698
4.7868e-005,0.0497408
4.7872e-005,0.0505792
4.7876e-005,0.050475
4.788e-005,0.0501625
4.7884e-005,0.0501327
4.7888e-005,0.0502468
4.7892e-005,0.0497359
4.7896e-005,0.0505544
4.79e-005,0.0501923
4.7904e-005,0.0506387
4.7908e-005,0.050604
4.7912e-005,0.0497656
4.7916e-005,0.0500286
4.792e-005,0.050599
4.7924e-005,0.050356
4.7928e-005,0.0504849
4.7932e-005,0.0503808
4.7936e-005,0.0503708
4.794e-005,0.0501526
4.7944e-005,0.0508123
4.7948e-005,0.0502071
4.7952e-005,0.0503262
4.7956e-005,0.050351
4.796e-005,0.0507578
4.7964e-005,0.0509215
4.7968e-005,0.0507974
4.7972e-005,0.0502468
4.7976e-005,0.0511199
4.798e-005,0.0503361
4.7984e-005,0.0506933
4.7988e-005,0.0505693
4.7992e-005,0.0508917
4.7996e-005,0.0509363
4.8e-005,0.0504849
4.8004e-005,0.0508867
4.8008e-005,0.0506784
4.8012e-005,0.0505494
4.8016e-005,0.0510405
4.802e-005,0.0508917
4.8024e-005,0.0501129
4.8028e-005,0.0503758
4.8032e-005,0.0502964
4.8036e-005,0.0508917
4.804e-005,0.0507131
4.8044e-005,0.05048
4.8048e-005,0.0505792
4.8052e-005,0.0504899
4.8056e-005,0.0500732
4.806e-005,0.0511546
4.8064e-005,0.0509711
4.8068e-005,0.0509165
4.8072e-005,0.0507032
4.8076e-005,0.0504552
4.808e-005,0.0501426
4.8084e-005,0.0505345
4.8088e-005,0.0495722
4.8092e-005,0.0502319
4.8096e-005,0.0500831
4.81e-005,0.0500484
4.8104e-005,0.0502964
4.8108e-005,0.0501823
4.8112e-005,0.0509215
4.8116e-005,0.0502815
4.812e-005,0.050356
4.8124e-005,0.0501327
4.8128e-005,0.0508421
4.8132e-005,0.0505395
4.8136e-005,0.0510901
4.814e-005,0.0509016
4.8144e-005,0.0505147
4.8148e-005,0.0504006
4.8152e-005,0.0513828
4.8156e-005,0.0507379
4.816e-005,0.0505097
4.8164e-005,0.0505693
4.8168e-005,0.0508719
4.8172e-005,0.0506486
4.8176e-005,0.0502567
4.818e-005,0.0505593
4.8184e-005,0.0510058
4.8188e-005,0.050475
4.8192e-005,0.050599
4.8196e-005,0.0511248
4.82e-005,0.050103
4.8204e-005,0.049845
4.8208e-005,0.0510455
4.8212e-005,0.0506437
4.8216e-005,0.0496714
4.822e-005,0.0505246
4.8224e-005,0.0505345
4.8228e-005,0.0504304
4.8232e-005,0.0507181
4.8236e-005,0.0509264
4.824e-005,0.0509016
4.8244e-005,0.0504948
4.8248e-005,0.0504056
4.8252e-005,0.0506784
4.8256e-005,0.0509909
4.826e-005,0.0508471
4.8264e-005,0.0503808
4.8268e-005,0.0510405
4.8272e-005,0.0500682
4.8276e-005,0.0509413
4.828e-005,0.0504254
4.8284e-005,0.0505941
4.8288e-005,0.0507379
4.8292e-005,0.05047
4.8296e-005,0.0511794
4.83e-005,0.0502171
4.8304e-005,0.0507181
4.8308e-005,0.0504304
4.8312e-005,0.0506585
4.8316e-005,0.0508471
4.832e-005,0.0511993
4.8324e-005,0.0502369
4.8328e-005,0.0499244
4.8332e-005,0.0447604
4.8336e-005,0.0407324
4.834e-005,0.0386142
4.8344e-005,0.0369078
4.8348e-005,0.0356528
4.8352e-005,0.0357768
4.8356e-005,0.0282317
4.836e-005,0.0222393
4.8364e-005,0.0197193
4.8368e-005,0.0188264
4.8372e-005,0.0190794
4.8376e-005,0.0179583
4.838e-005,0.0118717
4.8384e-005,0.00262016
4.8388e-005,0.00109229
4.8392e-005,-0.000376043
4.8396e-005,-0.000658797
4.84e-005,0.000219228
4.8404e-005,-0.000381004
4.8408e-005,-6.84862e-005
4.8412e-005,8.52922e-005
4.8416e-005,-0.00164596
4.842e-005,0.00698052
4.8424e-005,0.016733
4.8428e-005,0.0197094
4.8432e-005,0.0203196
4.8436e-005,0.0227304
4.844e-005,0.0233753
4.8444e-005,0.0241789
4.8448e-005,0.0265848
4.8452e-005,0.0263963
4.8456e-005,0.0269023
4.846e-005,0.0278051
4.8464e-005,0.0287228
4.8468e-005,0.0285938
4.8472e-005,0.0291097
4.8476e-005,0.0291643
4.848e-005,0.0289907
4.8484e-005,0.0292288
4.8488e-005,0.0297149
4.8492e-005,0.0303945
4.8496e-005,0.0303499
4.85e-005,0.0291196
4.8504e-005,0.0302903
4.8508e-005,0.0301266
4.8512e-005,0.0300026
4.8516e-005,0.0303201
4.852e-005,0.0299233
4.8524e-005,0.0296852
4.8528e-005,0.0308112
4.8532e-005,0.0295363
4.8536e-005,0.0295859
4.854e-005,0.0295066
4.8544e-005,0.0294867
4.8548e-005,0.0296901
4.8552e-005,0.0301167
4.8556e-005,0.0298489
4.856e-005,0.0297199
4.8564e-005,0.0292288
4.8568e-005,0.0304441
4.8572e-005,0.0290254
4.8576e-005,0.0291494
4.858e-005,0.0291048
4.8584e-005,0.0297744
4.8588e-005,0.0297496
4.8592e-005,0.0296306
4.8596e-005,0.0295264
4.86e-005,0.0295264
4.8604e-005,0.0293478
4.8608e-005,0.0288667
4.8612e-005,0.0295909
4.8616e-005,0.0294123
4.862e-005,0.0300026
4.8624e-005,0.0289659
4.8628e-005,0.0291593
4.8632e-005,0.029576
4.8636e-005,0.0290998
4.864e-005,0.0291097
4.8644e-005,0.0296356
4.8648e-005,0.0294024
4.8652e-005,0.0292437
4.8656e-005,0.0285641
4.866e-005,0.0294967
4.8664e-005,0.029452
4.8668e-005,0.0293429
4.8672e-005,0.0294074
4.8676e-005,0.028822
4.868e-005,0.0292833
4.8684e-005,0.0296058
4.8688e-005,0.0292685
4.8692e-005,0.0296107
4.8696e-005,0.0287972
4.87e-005,0.0289311
4.8704e-005,0.0292189
4.8708e-005,0.029328
4.8712e-005,0.0295859
4.8716e-005,0.0296455
4.872e-005,0.0288865
4.8724e-005,0.0294024
4.8728e-005,0.0291841
4.8732e-005,0.0292238
4.8736e-005,0.0291941
4.874e-005,0.0293677
4.8744e-005,0.0285789
4.8748e-005,0.0292685
4.8752e-005,0.029328
4.8756e-005,0.0289411
4.876e-005,0.0293528
4.8764e-005,0.0283309
4.8768e-005,0.0290651
4.8772e-005,0.0295413
4.8776e-005,0.029328
4.878e-005,0.0295215
4.8784e-005,0.0292288
4.8788e-005,0.0294421
4.8792e-005,0.0291643
4.8796e-005,0.0293578
4.88e-005,0.0287774
4.8804e-005,0.029447
4.8808e-005,0.0288964
4.8812e-005,0.028698
4.8816e-005,0.0290353
4.882e-005,0.0297
4.8824e-005,0.0290899
4.8828e-005,0.0289212
4.8832e-005,0.028698
4.8836e-005,0.0293032
4.884e-005,0.0290502
4.8844e-005,0.0288964
4.8848e-005,0.0292833
4.8852e-005,0.0284649
4.8856e-005,0.0290403
4.886e-005,0.0288468
4.8864e-005,0.0297546
4.8868e-005,0.029447
4.8872e-005,0.0285393
4.8876e-005,0.0290204
4.888e-005,0.0298885
4.8884e-005,0.0291494
4.8888e-005,0.0296008
4.8892e-005,0.0292685
4.8896e-005,0.0294222
4.89e-005,0.028946
4.8904e-005,0.0293677
4.8908e-005,0.0291593
4.8912e-005,0.0290948
4.8916e-005,0.0292139
4.892e-005,0.0284847
4.8924e-005,0.0290899
4.8928e-005,0.0294222
4.8932e-005,0.0287922
4.8936e-005,0.0288171
4.894e-005,0.0295909
4.8944e-005,0.0293429
4.8948e-005,0.0292784
4.8952e-005,0.028574
4.8956e-005,0.029705
4.896e-005,0.029452
4.8964e-005,0.0296802
4.8968e-005,0.0293181
4.8972e-005,0.028951
4.8976e-005,0.0291345
4.898e-005,0.0292238
4.8984e-005,0.0290254
4.8988e-005,0.0295959
4.8992e-005,0.0293925
4.8996e-005,0.0289262
4.9e-005,0.0291643
4.9004e-005,0.0289659
4.9008e-005,0.0289659
4.9012e-005,0.029447
4.9016e-005,0.0292189
4.902e-005,0.028946
4.9024e-005,0.0290899
4.9028e-005,0.0291693
4.9032e-005,0.0290998
4.9036e-005,0.0296107
4.904e-005,0.0294371
4.9044e-005,0.029204
4.9048e-005,0.0290998
4.9052e-005,0.0293032
4.9056e-005,0.0292933
4.906e-005,0.0286285
4.9064e-005,0.028946
4.9068e-005,0.0290948
4.9072e-005,0.029328
4.9076e-005,0.0288419
4.908e-005,0.028951
4.9084e-005,0.029075
4.9088e-005,0.0289311
4.9092e-005,0.027815
4.9096e-005,0.0282565
4.91e-005,0.028951
4.9104e-005,0.0278894
4.9108e-005,0.0280978
4.9112e-005,0.0281275
4.9116e-005,0.0280283
4.912e-005,0.0290353
4.9124e-005,0.0238217
4.9128e-005,0.0201211
4.9132e-005,0.0196846
4.9136e-005,0.0189455
4.914e-005,0.0186528
4.9144e-005,0.0189504
4.9148e-005,0.0114004
4.9152e-005,0.00206457
4.9156e-005,0.0013552
4.916e-005,-0.000371082
4.9164e-005,-0.00043557
4.9168e-005,5.0568e-005
4.9172e-005,-0.000534782
4.9176e-005,-0.000217304
4.918e-005,-3.87227e-005
4.9184e-005,-0.000549664
4.9188e-005,0.00656383
4.9192e-005,0.0166388
4.9196e-005,0.0201311
4.92e-005,0.0215994
4.9204e-005,0.0246105
4.9208e-005,0.0258159
4.9212e-005,0.0270164
4.9216e-005,0.0291345
4.922e-005,0.0303251
4.9224e-005,0.0302259
4.9228e-005,0.0322746
4.9232e-005,0.0332369
4.9236e-005,0.0342886
4.924e-005,0.034368
4.9244e-005,0.0347549
4.9248e-005,0.0357371
4.9252e-005,0.0355734
4.9256e-005,0.036005
4.926e-005,0.0365754
4.9264e-005,0.0365357
4.9268e-005,0.036506
4.9272e-005,0.0365853
4.9276e-005,0.0363869
4.928e-005,0.0362679
4.9284e-005,0.0367838
4.9288e-005,0.0368433
4.9292e-005,0.0363522
4.9296e-005,0.0375626
4.93e-005,0.0372501
4.9304e-005,0.0370268
4.9308e-005,0.0368185
4.9312e-005,0.0369971
4.9316e-005,0.0368879
4.932e-005,0.0364961
4.9324e-005,0.0374286
4.9328e-005,0.0372997
4.9332e-005,0.037379
4.9336e-005,0.0370219
4.934e-005,0.0368284
4.9344e-005,0.0365754
4.9348e-005,0.0367738
4.9352e-005,0.0366895
4.9356e-005,0.0376668
4.936e-005,0.0364812
4.9364e-005,0.0368929
4.9368e-005,0.0369375
4.9372e-005,0.0368681
4.9376e-005,0.0366399
4.938e-005,0.0371012
4.9384e-005,0.037007
4.9388e-005,0.0368334
4.9392e-005,0.0369574
4.9396e-005,0.0364365
4.94e-005,0.0368433
4.9404e-005,0.0368383
4.9408e-005,0.0374733
4.9412e-005,0.0368681
4.9416e-005,0.0373741
4.942e-005,0.0371806
4.9424e-005,0.0372897
4.9428e-005,0.0375923
4.9432e-005,0.0370814
4.9436e-005,0.0369276
4.944e-005,0.0372153
4.9444e-005,0.0373195
4.9448e-005,0.0370913
4.9452e-005,0.0371459
4.9456e-005,0.0372054
4.946e-005,0.0372501
4.9464e-005,0.0367887
4.9468e-005,0.0364415
4.9472e-005,0.0373939
4.9476e-005,0.036759
4.948e-005,0.0371409
4.9484e-005,0.0365209
4.9488e-005,0.0368681
4.9492e-005,0.0360794
4.9496e-005,0.0366349
4.95e-005,0.0360645
4.9504e-005,0.0370814
4.9508e-005,0.0363968
4.9512e-005,0.0367242
4.9516e-005,0.0374782
4.952e-005,0.0367391
4.9524e-005,0.0363125
4.9528e-005,0.0363472
4.9532e-005,0.0373344
4.9536e-005,0.0366548
4.954e-005,0.0366697
4.9544e-005,0.0368879
4.9548e-005,0.0366945
4.9552e-005,0.0367788
4.9556e-005,0.0369475
4.956e-005,0.0364117
4.9564e-005,0.0372302
4.9568e-005,0.0364415
4.9572e-005,0.0367143
4.9576e-005,0.0365853
4.958e-005,0.0367441
4.9584e-005,0.0366052
4.9588e-005,0.03663
4.9592e-005,0.037126
4.9596e-005,0.0373691
4.96e-005,0.0370417
4.9604e-005,0.0365953
4.9608e-005,0.0365357
4.9612e-005,0.037389
4.9616e-005,0.0368036
4.962e-005,0.0369227
4.9624e-005,0.0364861
4.9628e-005,0.0363572
4.9632e-005,0.0364861
4.9636e-005,0.0368235
4.964e-005,0.0368036
4.9644e-005,0.0366101
4.9648e-005,0.0370616
4.9652e-005,0.0368284
4.9656e-005,0.036749
4.966e-005,0.0363522
4.9664e-005,0.0364762
4.9668e-005,0.0361687
4.9672e-005,0.0367441
4.9676e-005,0.0368929
4.968e-005,0.0368979
4.9684e-005,0.0368532
4.9688e-005,0.0366994
4.9692e-005,0.0366647
4.9696e-005,0.037255
4.97e-005,0.0365457
4.9704e-005,0.0365506
4.9708e-005,0.0368185
4.9712e-005,0.0362778
4.9716e-005,0.0368036
4.972e-005,0.0365506
4.9724e-005,0.0362728
4.9728e-005,0.0359553
4.9732e-005,0.0366846
4.9736e-005,0.0369524
4.974e-005,0.0366548
4.9744e-005,0.0367937
4.9748e-005,0.0367391
4.9752e-005,0.0362282
4.9756e-005,0.0366994
4.976e-005,0.036759
4.9764e-005,0.0372501
4.9768e-005,0.0372352
4.9772e-005,0.0364712
4.9776e-005,0.0367094
4.978e-005,0.0373443
4.9784e-005,0.0371012
4.9788e-005,0.0371657
4.9792e-005,0.0369822
4.9796e-005,0.0367937
4.98e-005,0.0369921
4.9804e-005,0.0373344
4.9808e-005,0.0366151
4.9812e-005,0.0369028
4.9816e-005,0.0370268
4.982e-005,0.0373493
4.9824e-005,0.0367986
4.9828e-005,0.0366796
4.9832e-005,0.036754
4.9836e-005,0.0369574
4.984e-005,0.0370616
4.9844e-005,0.0364961
4.9848e-005,0.0367838
4.9852e-005,0.0363125
4.9856e-005,0.0374534
4.986e-005,0.0361141
4.9864e-005,0.0360942
4.9868e-005,0.0346309
4.9872e-005,0.0331179
4.9876e-005,0.032349
4.988e-005,0.0321506
4.9884e-005,0.0316545
4.9888e-005,0.0323192
4.9892e-005,0.0258754
4.9896e-005,0.0208503
4.99e-005,0.0197193
4.9904e-005,0.0191786
4.9908e-005,0.0191389
4.9912e-005,0.0191389
4.9916e-005,0.0112069
4.992e-005,0.00270945
4.9924e-005,0.00103277
4.9928e-005,-0.000906827
4.9932e-005,-0.000867142
4.9936e-005,-0.000167698
4.994e-005,-0.000276831
4.9944e-005,-0.000797694
4.9948e-005,-0.00034628
4.9952e-005,-0.00156163
4.9956e-005,0.00663824
4.996e-005,0.017373
4.9964e-005,0.0205973
4.9968e-005,0.0234547
4.9972e-005,0.027056
4.9976e-005,0.0285194
4.998e-005,0.0304144
4.9984e-005,0.0320018
4.9988e-005,0.0333411
4.9992e-005,0.034993
4.9996e-005,0.036501
5e-005,0.0374981
5.0004e-005,0.038644
5.0008e-005,0.0391996
5.0012e-005,0.0401818
5.0016e-005,0.0402711
5.002e-005,0.040787
5.0024e-005,0.04166
5.0028e-005,0.0416055
5.0032e-005,0.0423843
5.0036e-005,0.0417295
5.004e-005,0.0429696
5.0044e-005,0.043054
5.0048e-005,0.0428605
5.0052e-005,0.0432325
5.0056e-005,0.0433566
5.006e-005,0.043421
5.0064e-005,0.0437435
5.0068e-005,0.0436443
5.0072e-005,0.043421
5.0076e-005,0.0431978
5.008e-005,0.044056
5.0084e-005,0.0433814
5.0088e-005,0.0437683
5.0092e-005,0.0439469
5.0096e-005,0.0434706
5.01e-005,0.0438923
5.0104e-005,0.0441106
5.0108e-005,0.0440014
5.0112e-005,0.0435401
5.0116e-005,0.0434111
5.012e-005,0.0440659
5.0124e-005,0.0438526
5.0128e-005,0.0442197
5.0132e-005,0.0438477
5.0136e-005,0.0441552
5.014e-005,0.0447951
5.0144e-005,0.0444429
5.0148e-005,0.0440014
5.0152e-005,0.0437782
5.0156e-005,0.0438725
5.016e-005,0.0432921
5.0164e-005,0.0437633
5.0168e-005,0.0442693
5.0172e-005,0.0440163
5.0176e-005,0.0441602
5.018e-005,0.0440114
5.0184e-005,0.0440907
5.0188e-005,0.0439022
5.0192e-005,0.0444429
5.0196e-005,0.0435847
5.02e-005,0.0438774
5.0204e-005,0.0445818
5.0208e-005,0.0443288
5.0212e-005,0.0443239
5.0216e-005,0.044061
5.022e-005,0.0435599
5.0224e-005,0.0434905
5.0228e-005,0.0438129
5.0232e-005,0.0443685
5.0236e-005,0.0438179
5.024e-005,0.0437088
5.0244e-005,0.0443884
5.0248e-005,0.044061
5.0252e-005,0.0440064
5.0256e-005,0.0446116
5.026e-005,0.0441006
5.0264e-005,0.0438923
5.0268e-005,0.0440163
5.0272e-005,0.0441354
5.0276e-005,0.0443536
5.028e-005,0.0440659
5.0284e-005,0.0435451
5.0288e-005,0.0439617
5.0292e-005,0.0436492
5.0296e-005,0.0440808
5.03e-005,0.0446959
5.0304e-005,0.0439072
5.0308e-005,0.0445372
5.0312e-005,0.0446612
5.0316e-005,0.0439915
5.032e-005,0.0443784
5.0324e-005,0.043927
5.0328e-005,0.0442941
5.0332e-005,0.044185
5.0336e-005,0.0442495
5.034e-005,0.044438
5.0344e-005,0.0444727
5.0348e-005,0.0440808
5.0352e-005,0.0441899
5.0356e-005,0.0449439
5.036e-005,0.0447108
5.0364e-005,0.0445074
5.0368e-005,0.0448447
5.0372e-005,0.0449638
5.0376e-005,0.0445025
5.038e-005,0.0443388
5.0384e-005,0.0450432
5.0388e-005,0.0448844
5.0392e-005,0.0439965
5.0396e-005,0.044939
5.04e-005,0.0441155
5.0404e-005,0.0445074
5.0408e-005,0.0448001
5.0412e-005,0.0442991
5.0416e-005,0.0452267
5.042e-005,0.0441205
5.0424e-005,0.0443288
5.0428e-005,0.0449588
5.0432e-005,0.0439369
5.0436e-005,0.0436343
5.044e-005,0.0446959
5.0444e-005,0.0440213
5.0448e-005,0.0441205
5.0452e-005,0.0437038
5.0456e-005,0.0446364
5.046e-005,0.043927
5.0464e-005,0.0443288
5.0468e-005,0.0438228
5.0472e-005,0.0443983
5.0476e-005,0.0442098
5.048e-005,0.0444677
5.0484e-005,0.0442991
5.0488e-005,0.0443487
5.0492e-005,0.0440014
5.0496e-005,0.0441502
5.05e-005,0.0440411
5.0504e-005,0.0450134
5.0508e-005,0.0450878
5.0512e-005,0.0440957
5.0516e-005,0.0439369
5.052e-005,0.0442147
5.0524e-005,0.0448348
5.0528e-005,0.0443288
5.0532e-005,0.0444578
5.0536e-005,0.0442296
5.054e-005,0.0442594
5.0544e-005,0.0445074
5.0548e-005,0.0443536
5.0552e-005,0.0445372
5.0556e-005,0.0449539
5.056e-005,0.044681
5.0564e-005,0.0448348
5.0568e-005,0.044304
5.0572e-005,0.0436244
5.0576e-005,0.0439865
5.058e-005,0.0434607
5.0584e-005,0.0439766
5.0588e-005,0.0441205
5.0592e-005,0.0438675
5.0596e-005,0.0443338
5.06e-005,0.0444876
5.0604e-005,0.0436691
5.0608e-005,0.0446364
5.0612e-005,0.0444082
5.0616e-005,0.0442743
5.062e-005,0.0441602
5.0624e-005,0.0449737
5.0628e-005,0.0444429
5.0632e-005,0.0442643
5.0636e-005,0.0411044
5.064e-005,0.0381182
5.0644e-005,0.0366846
5.0648e-005,0.0357024
5.0652e-005,0.0347202
5.0656e-005,0.0343283
5.066e-005,0.0275025
5.0664e-005,0.0219516
5.0668e-005,0.0204733
5.0672e-005,0.0188463
5.0676e-005,0.0182361
5.068e-005,0.0186726
5.0684e-005,0.0120205
5.0688e-005,0.00276401
5.0692e-005,0.00105757
5.0696e-005,-0.000748088
5.07e-005,-0.000549664
5.0704e-005,3.07256e-005
5.0708e-005,-0.000187541
5.0712e-005,-0.0006836
5.0716e-005,0.000120016
5.072e-005,-0.000718324
5.0724e-005,0.00645469
5.0728e-005,0.0173085
5.0732e-005,0.0209049
5.0736e-005,0.0245509
5.074e-005,0.0294719
5.0744e-005,0.0315503
5.0748e-005,0.0332072
5.0752e-005,0.0363423
5.0756e-005,0.0372203
5.076e-005,0.0386638
5.0764e-005,0.0400974
5.0768e-005,0.0415906
5.0772e-005,0.0421561
5.0776e-005,0.0432474
5.078e-005,0.0438923
5.0784e-005,0.0450977
5.0788e-005,0.0445273
5.0792e-005,0.0454946
5.0796e-005,0.0462535
5.08e-005,0.0463379
5.0804e-005,0.0465115
5.0808e-005,0.0471365
5.0812e-005,0.0469778
5.0816e-005,0.0480146
5.082e-005,0.048342
5.0824e-005,0.048962
5.0828e-005,0.0479203
5.0832e-005,0.0491456
5.0836e-005,0.0491158
5.084e-005,0.0493589
5.0844e-005,0.0493341
5.0848e-005,0.0494234
5.0852e-005,0.0491505
5.0856e-005,0.0498301
5.086e-005,0.0494878
5.0864e-005,0.0493142
5.0868e-005,0.0497012
5.0872e-005,0.0499045
5.0876e-005,0.0495722
5.088e-005,0.0498103
5.0884e-005,0.0497111
5.0888e-005,0.0501575
5.0892e-005,0.0496367
5.0896e-005,0.049969
5.09e-005,0.0496664
5.0904e-005,0.0499293
5.0908e-005,0.0499492
5.0912e-005,0.0500186
5.0916e-005,0.0496515
5.092e-005,0.0497508
5.0924e-005,0.0498748
5.0928e-005,0.0499938
5.0932e-005,0.0505445
5.0936e-005,0.0493341
5.094e-005,0.0495523
5.0944e-005,0.050227
5.0948e-005,0.0492745
5.0952e-005,0.0495573
5.0956e-005,0.0498152
5.096e-005,0.0498004
5.0964e-005,0.0502964
5.0968e-005,0.0499839
5.0972e-005,0.0500732
5.0976e-005,0.050475
5.098e-005,0.0503708
5.0984e-005,0.0503063
5.0988e-005,0.05048
5.0992e-005,0.0502766
5.0996e-005,0.0501377
5.1e-005,0.0498698
5.1004e-005,0.0499641
5.1008e-005,0.0499591
5.1012e-005,0.050227
5.1016e-005,0.0506585
5.102e-005,0.0503956
5.1024e-005,0.0502319
5.1028e-005,0.0496714
5.1032e-005,0.0499988
5.1036e-005,0.0501228
5.104e-005,0.0504353
5.1044e-005,0.0503262
5.1048e-005,0.0503609
5.1052e-005,0.0500534
5.1056e-005,0.0504403
5.106e-005,0.0511695
5.1064e-005,0.0507082
5.1068e-005,0.0499343
5.1072e-005,0.0500881
5.1076e-005,0.0496119
5.108e-005,0.0498301
5.1084e-005,0.050346
5.1088e-005,0.0505048
5.1092e-005,0.0497061
5.1096e-005,0.0503262
5.11e-005,0.0499889
5.1104e-005,0.0499591
5.1108e-005,0.0501625
5.1112e-005,0.0504651
5.1116e-005,0.0502915
5.112e-005,0.0502071
5.1124e-005,0.0504552
5.1128e-005,0.0500633
5.1132e-005,0.0502022
5.1136e-005,0.0504056
5.114e-005,0.0508967
5.1144e-005,0.0500286
5.1148e-005,0.0498897
5.1152e-005,0.0501823
5.1156e-005,0.0497855
5.116e-005,0.0501129
5.1164e-005,0.0501575
5.1168e-005,0.0504948
5.1172e-005,0.0504254
5.1176e-005,0.0499293
5.118e-005,0.0499492
5.1184e-005,0.0503163
5.1188e-005,0.0501377
5.1192e-005,0.049716
5.1196e-005,0.0498698
5.12e-005,0.0501923
5.1204e-005,0.0501972
5.1208e-005,0.0503808
5.1212e-005,0.0496615
5.1216e-005,0.0501774
5.122e-005,0.0504353
5.1224e-005,0.0506238
5.1228e-005,0.0505593
5.1232e-005,0.0503163
5.1236e-005,0.049969
5.124e-005,0.0504105
5.1244e-005,0.0501377
5.1248e-005,0.050098
5.1252e-005,0.0501526
5.1256e-005,0.050227
5.126e-005,0.0499839
