Time,Ampl
4.126e-005,0.0198334
4.1264e-005,0.0195507
4.1268e-005,0.0188512
4.1272e-005,0.0188859
4.1276e-005,0.0119758
4.128e-005,0.00221835
4.1284e-005,0.000839302
4.1288e-005,-0.000842339
4.1292e-005,-0.000157777
4.1296e-005,0.000224189
4.13e-005,-0.00068856
4.1304e-005,0.00014978
4.1308e-005,0.000263874
4.1312e-005,-0.001388
4.1316e-005,0.00711445
4.132e-005,0.0178641
4.1324e-005,0.0178641
4.1328e-005,0.016996
4.1332e-005,0.0174374
4.1336e-005,0.0169662
4.134e-005,0.0159493
4.1344e-005,0.0163709
4.1348e-005,0.0154086
4.1352e-005,0.0148579
4.1356e-005,0.0143172
4.136e-005,0.014848
4.1364e-005,0.014352
4.1368e-005,0.0135384
4.1372e-005,0.0141287
4.1376e-005,0.0147389
4.138e-005,0.0139303
4.1384e-005,0.0138807
4.1388e-005,0.0139253
4.1392e-005,0.0142627
4.1396e-005,0.013975
4.14e-005,0.0147141
4.1404e-005,0.0146198
4.1408e-005,0.0139402
4.1412e-005,0.0145057
4.1416e-005,0.0138757
4.142e-005,0.014471
4.1424e-005,0.0149175
4.1428e-005,0.0148083
4.1432e-005,0.013846
4.1436e-005,0.0146496
4.144e-005,0.0146893
4.1444e-005,0.0142676
4.1448e-005,0.0143817
4.1452e-005,0.0148183
4.1456e-005,0.0139402
4.146e-005,0.0139898
4.1464e-005,0.0140196
4.1468e-005,0.0148331
4.1472e-005,0.0142577
4.1476e-005,0.0147488
4.148e-005,0.0150514
4.1484e-005,0.0145107
4.1488e-005,0.015101
4.1492e-005,0.0143024
4.1496e-005,0.0151159
4.15e-005,0.0142478
4.1504e-005,0.0148629
4.1508e-005,0.0142924
4.1512e-005,0.0147935
4.1516e-005,0.0147687
4.152e-005,0.0142825
4.1524e-005,0.0152895
4.1528e-005,0.0149075
4.1532e-005,0.0143321
4.1536e-005,0.0132606
4.154e-005,0.0143073
4.1544e-005,0.0142726
4.1548e-005,0.0148282
4.1552e-005,0.0148331
4.1556e-005,0.0144016
4.156e-005,0.0139253
4.1564e-005,0.0144909
4.1568e-005,0.0144363
4.1572e-005,0.0150663
4.1576e-005,0.0146694
4.158e-005,0.0145057
4.1584e-005,0.0142081
4.1588e-005,0.0147637
4.1592e-005,0.0147885
4.1596e-005,0.0147885
4.16e-005,0.0154234
4.1604e-005,0.014352
4.1608e-005,0.0151159
4.1612e-005,0.0146694
4.1616e-005,0.0142527
4.162e-005,0.0143867
4.1624e-005,0.0142329
4.1628e-005,0.0143172
4.1632e-005,0.0144462
4.1636e-005,0.0143916
4.164e-005,0.0144611
4.1644e-005,0.0149175
4.1648e-005,0.0141932
4.1652e-005,0.0142577
4.1656e-005,0.0148827
4.166e-005,0.0143272
4.1664e-005,0.014605
4.1668e-005,0.0146496
4.1672e-005,0.0151754
4.1676e-005,0.0147339
4.168e-005,0.0145405
4.1684e-005,0.0144462
4.1688e-005,0.0151109
4.1692e-005,0.0146397
4.1696e-005,0.0146992
4.17e-005,0.0148877
4.1704e-005,0.0150216
4.1708e-005,0.0141486
4.1712e-005,0.0140642
4.1716e-005,0.0149175
4.172e-005,0.0142527
4.1724e-005,0.0142825
4.1728e-005,0.0144809
4.1732e-005,0.0150861
4.1736e-005,0.0146744
4.174e-005,0.0146843
4.1744e-005,0.014729
4.1748e-005,0.0149621
4.1752e-005,0.0150464
4.1756e-005,0.0145008
4.176e-005,0.0144413
4.1764e-005,0.0149125
4.1768e-005,0.0145901
4.1772e-005,0.0146
4.1776e-005,0.0143817
4.178e-005,0.0149175
4.1784e-005,0.0143718
4.1788e-005,0.0149621
4.1792e-005,0.0154284
4.1796e-005,0.0148431
4.18e-005,0.0144016
4.1804e-005,0.0147538
4.1808e-005,0.0158054
4.1812e-005,0.0147339
4.1816e-005,0.0144958
4.182e-005,0.0146843
4.1824e-005,0.0143272
4.1828e-005,0.0152151
4.1832e-005,0.0145851
4.1836e-005,0.0140196
4.184e-005,0.0149671
4.1844e-005,0.0145256
4.1848e-005,0.0147885
4.1852e-005,0.0148679
4.1856e-005,0.0139105
4.186e-005,0.014729
4.1864e-005,0.0145851
4.1868e-005,0.0143668
4.1872e-005,0.0143371
4.1876e-005,0.0146645
4.188e-005,0.0147339
4.1884e-005,0.0154483
4.1888e-005,0.0152846
4.1892e-005,0.015106
4.1896e-005,0.0148778
4.19e-005,0.0150861
4.1904e-005,0.0148877
4.1908e-005,0.0146744
4.1912e-005,0.0151258
4.1916e-005,0.0154483
4.192e-005,0.0146744
4.1924e-005,0.0151357
4.1928e-005,0.0149026
4.1932e-005,0.0149274
4.1936e-005,0.0155475
4.194e-005,0.0146843
4.1944e-005,0.0146992
4.1948e-005,0.0140246
4.1952e-005,0.0149968
4.1956e-005,0.0141287
4.196e-005,0.0149075
4.1964e-005,0.0146248
4.1968e-005,0.0137914
4.1972e-005,0.0146843
4.1976e-005,0.014094
4.198e-005,0.0142825
4.1984e-005,0.0143668
4.1988e-005,0.0142329
4.1992e-005,0.0143272
4.1996e-005,0.0156169
4.2e-005,0.015979
4.2004e-005,0.016733
4.2008e-005,0.0174771
4.2012e-005,0.0171944
4.2016e-005,0.016991
4.202e-005,0.0173531
4.2024e-005,0.0180476
4.2028e-005,0.019506
4.2032e-005,0.0185437
4.2036e-005,0.0186528
4.204e-005,0.0180327
4.2044e-005,0.0100908
4.2048e-005,0.00244653
4.2052e-005,0.000621036
4.2056e-005,-0.00104572
4.206e-005,-0.000331398
4.2064e-005,0.000278755
4.2068e-005,-0.000207383
4.2072e-005,-0.000261949
4.2076e-005,0.000184504
4.208e-005,-0.00159139
4.2084e-005,0.00648446
4.2088e-005,0.0166636
4.2092e-005,0.0176061
4.2096e-005,0.019005
4.21e-005,0.0196697
4.2104e-005,0.0201509
4.2108e-005,0.0201856
4.2112e-005,0.0215399
4.2116e-005,0.0219714
4.212e-005,0.0216292
4.2124e-005,0.0219962
4.2128e-005,0.0229139
4.2132e-005,0.0221302
4.2136e-005,0.0223038
4.214e-005,0.0225717
4.2144e-005,0.0226461
4.2148e-005,0.022527
4.2152e-005,0.022651
4.2156e-005,0.0228891
4.216e-005,0.0228098
4.2164e-005,0.0230528
4.2168e-005,0.0224377
4.2172e-005,0.0228048
4.2176e-005,0.0232265
4.218e-005,0.022527
4.2184e-005,0.0226113
4.2188e-005,0.0224725
4.2192e-005,0.0230826
4.2196e-005,0.0221302
4.22e-005,0.0227403
4.2204e-005,0.0227552
4.2208e-005,0.0225766
4.2212e-005,0.0218226
4.2216e-005,0.0226808
4.222e-005,0.0226262
4.2224e-005,0.0219367
4.2228e-005,0.0224824
4.2232e-005,0.0219069
4.2236e-005,0.0225022
4.224e-005,0.0225816
4.2244e-005,0.0223038
4.2248e-005,0.0224824
4.2252e-005,0.0227254
4.2256e-005,0.0223137
4.226e-005,0.0228296
4.2264e-005,0.0230975
4.2268e-005,0.0224675
4.2272e-005,0.0223584
4.2276e-005,0.0231719
4.228e-005,0.0222691
4.2284e-005,0.0220806
4.2288e-005,0.0226163
4.2292e-005,0.0225568
4.2296e-005,0.0221153
4.23e-005,0.0225717
4.2304e-005,0.0229536
4.2308e-005,0.0227899
4.2312e-005,0.0233753
4.2316e-005,0.0225617
4.232e-005,0.0223038
4.2324e-005,0.0222939
4.2328e-005,0.022785
4.2332e-005,0.021773
4.2336e-005,0.0228544
4.234e-005,0.0224923
4.2344e-005,0.0221203
4.2348e-005,0.0227602
4.2352e-005,0.0226957
4.2356e-005,0.0222542
4.236e-005,0.0230082
4.2364e-005,0.0228445
4.2368e-005,0.0223336
4.2372e-005,0.0227254
4.2376e-005,0.0221599
4.238e-005,0.0219466
4.2384e-005,0.022904
4.2388e-005,0.0228544
4.2392e-005,0.021654
4.2396e-005,0.0226858
4.24e-005,0.0226163
4.2404e-005,0.0224824
4.2408e-005,0.0223286
4.2412e-005,0.0219814
4.2416e-005,0.0219169
4.242e-005,0.0224129
4.2424e-005,0.0231421
4.2428e-005,0.0225915
4.2432e-005,0.0229338
4.2436e-005,0.0228445
4.244e-005,0.0222542
4.2444e-005,0.022279
4.2448e-005,0.0226113
4.2452e-005,0.0225667
4.2456e-005,0.022775
4.246e-005,0.0224774
4.2464e-005,0.0225121
4.2468e-005,0.0225469
4.2472e-005,0.022031
4.2476e-005,0.022651
4.248e-005,0.0220905
4.2484e-005,0.0223683
4.2488e-005,0.022403
4.2492e-005,0.0223832
4.2496e-005,0.0228247
4.25e-005,0.0223881
4.2504e-005,0.0233257
4.2508e-005,0.022279
4.2512e-005,0.0226312
4.2516e-005,0.0223484
4.252e-005,0.0221351
4.2524e-005,0.0224476
4.2528e-005,0.0225419
4.2532e-005,0.0223931
4.2536e-005,0.0228991
4.254e-005,0.0227205
4.2544e-005,0.0227552
4.2548e-005,0.0221847
4.2552e-005,0.0224824
4.2556e-005,0.0225171
4.256e-005,0.0225617
4.2564e-005,0.0226213
4.2568e-005,0.0225369
4.2572e-005,0.0222889
4.2576e-005,0.0224526
4.258e-005,0.0223633
4.2584e-005,0.0223088
4.2588e-005,0.0225568
4.2592e-005,0.0231868
4.2596e-005,0.0226907
4.26e-005,0.0228891
4.2604e-005,0.0230727
4.2608e-005,0.0221748
4.2612e-005,0.0227701
4.2616e-005,0.0228098
4.262e-005,0.0224973
4.2624e-005,0.0224923
4.2628e-005,0.022532
4.2632e-005,0.0229834
4.2636e-005,0.0225568
4.264e-005,0.022656
4.2644e-005,0.0231223
4.2648e-005,0.0221649
4.2652e-005,0.0226659
4.2656e-005,0.0226113
4.266e-005,0.0229387
4.2664e-005,0.022909
4.2668e-005,0.022532
4.2672e-005,0.0225121
4.2676e-005,0.0222591
4.268e-005,0.0223881
4.2684e-005,0.0222591
4.2688e-005,0.0230479
4.2692e-005,0.02215
4.2696e-005,0.0222691
4.27e-005,0.0225171
4.2704e-005,0.0226113
4.2708e-005,0.022532
4.2712e-005,0.0224923
4.2716e-005,0.0221351
4.272e-005,0.0225568
4.2724e-005,0.0225865
4.2728e-005,0.0222691
4.2732e-005,0.0223336
4.2736e-005,0.0222244
4.274e-005,0.0223336
4.2744e-005,0.0232215
4.2748e-005,0.0231074
4.2752e-005,0.0235588
4.2756e-005,0.0220706
4.276e-005,0.0217482
4.2764e-005,0.0221203
4.2768e-005,0.0231273
4.2772e-005,0.0233802
4.2776e-005,0.0241591
4.278e-005,0.0237672
4.2784e-005,0.0240499
4.2788e-005,0.0208057
4.2792e-005,0.0191191
4.2796e-005,0.0195606
4.28e-005,0.0182411
4.2804e-005,0.0184643
4.2808e-005,0.0183452
4.2812e-005,0.0114202
4.2816e-005,0.00237709
4.282e-005,0.000263874
4.2824e-005,-0.000663758
4.2828e-005,-0.0005199
4.2832e-005,5.92266e-006
4.2836e-005,-0.000847299
4.284e-005,-0.000366122
4.2844e-005,-0.000460373
4.2848e-005,-0.00104076
4.2852e-005,0.00693587
4.2856e-005,0.0161675
4.286e-005,0.0193423
4.2864e-005,0.0208652
4.2868e-005,0.0231273
4.2872e-005,0.0244914
4.2876e-005,0.0249379
4.288e-005,0.0271503
4.2884e-005,0.0279589
4.2888e-005,0.0279589
4.2892e-005,0.0291891
4.2896e-005,0.0303995
4.29e-005,0.030836
4.2904e-005,0.0308211
4.2908e-005,0.0313569
4.2912e-005,0.0319075
4.2916e-005,0.031466
4.292e-005,0.0317785
4.2924e-005,0.0319373
4.2928e-005,0.0326317
4.2932e-005,0.0327706
4.2936e-005,0.0322448
4.294e-005,0.0329244
4.2944e-005,0.0326764
4.2948e-005,0.033232
4.2952e-005,0.032855
4.2956e-005,0.0325077
4.296e-005,0.0323192
4.2964e-005,0.03285
4.2968e-005,0.0320712
4.2972e-005,0.0324978
4.2976e-005,0.033108
4.298e-005,0.0323143
4.2984e-005,0.0322051
4.2988e-005,0.0323589
4.2992e-005,0.0326516
4.2996e-005,0.0326714
4.3e-005,0.0325474
4.3004e-005,0.0319521
4.3008e-005,0.0331675
4.3012e-005,0.0327855
4.3016e-005,0.0325772
4.302e-005,0.032468
4.3024e-005,0.0327905
4.3028e-005,0.0320563
4.3032e-005,0.0332221
4.3036e-005,0.0325573
4.304e-005,0.0315206
4.3044e-005,0.0322151
4.3048e-005,0.0325623
4.3052e-005,0.0324929
4.3056e-005,0.0323292
4.306e-005,0.0328252
4.3064e-005,0.0328401
4.3068e-005,0.0327062
4.3072e-005,0.0329542
4.3076e-005,0.0328203
4.308e-005,0.0328599
4.3084e-005,0.0328252
4.3088e-005,0.0327806
4.3092e-005,0.0328302
4.3096e-005,0.0333808
4.31e-005,0.0322746
4.3104e-005,0.0329889
4.3108e-005,0.0330435
4.3112e-005,0.0323143
4.3116e-005,0.0324432
4.312e-005,0.0331824
4.3124e-005,0.0322746
4.3128e-005,0.0325573
4.3132e-005,0.0315355
4.3136e-005,0.0318529
4.314e-005,0.0321605
4.3144e-005,0.0320414
4.3148e-005,0.0319125
4.3152e-005,0.0327161
4.3156e-005,0.0321208
4.316e-005,0.0326069
4.3164e-005,0.0328897
4.3168e-005,0.032721
4.3172e-005,0.0322795
4.3176e-005,0.0321059
4.318e-005,0.0325623
4.3184e-005,0.0330633
4.3188e-005,0.0329095
4.3192e-005,0.0325127
4.3196e-005,0.0324879
4.32e-005,0.0323043
4.3204e-005,0.0326218
4.3208e-005,0.0330137
4.3212e-005,0.0328798
4.3216e-005,0.032984
4.322e-005,0.0320216
4.3224e-005,0.032726
4.3228e-005,0.0323837
4.3232e-005,0.0324234
4.3236e-005,0.0321655
4.324e-005,0.0324135
4.3244e-005,0.0323292
4.3248e-005,0.0320811
4.3252e-005,0.0326466
4.3256e-005,0.0324581
4.326e-005,0.0321803
4.3264e-005,0.032349
4.3268e-005,0.0321307
4.3272e-005,0.0321307
4.3276e-005,0.0325425
4.328e-005,0.0326367
4.3284e-005,0.0323192
4.3288e-005,0.0329542
4.3292e-005,0.0323192
4.3296e-005,0.0322349
4.33e-005,0.0324234
4.3304e-005,0.032726
4.3308e-005,0.0327012
4.3312e-005,0.0320315
4.3316e-005,0.0320117
4.332e-005,0.0325821
4.3324e-005,0.0325177
4.3328e-005,0.0320365
4.3332e-005,0.0324581
4.3336e-005,0.0321307
4.334e-005,0.0325177
4.3344e-005,0.0322597
4.3348e-005,0.0323242
4.3352e-005,0.0316297
4.3356e-005,0.0326913
4.336e-005,0.0321903
4.3364e-005,0.0319819
4.3368e-005,0.0328103
4.3372e-005,0.0317636
4.3376e-005,0.0322746
4.338e-005,0.0320712
4.3384e-005,0.0322647
4.3388e-005,0.0321803
4.3392e-005,0.0323093
4.3396e-005,0.0326069
4.34e-005,0.0322944
4.3404e-005,0.0315553
4.3408e-005,0.0324184
4.3412e-005,0.0322746
4.3416e-005,0.0325673
4.342e-005,0.0328153
4.3424e-005,0.0326665
4.3428e-005,0.0319968
4.3432e-005,0.0319472
4.3436e-005,0.0319521
4.344e-005,0.0326466
4.3444e-005,0.0324978
4.3448e-005,0.0321903
4.3452e-005,0.0317289
4.3456e-005,0.0316198
4.346e-005,0.0322051
4.3464e-005,0.0323043
4.3468e-005,0.0325871
4.3472e-005,0.0324978
4.3476e-005,0.0318232
4.348e-005,0.0321952
4.3484e-005,0.0317636
4.3488e-005,0.0316496
4.3492e-005,0.032473
4.3496e-005,0.031843
4.35e-005,0.0319323
4.3504e-005,0.0319373
4.3508e-005,0.031843
4.3512e-005,0.0322647
4.3516e-005,0.0322944
4.352e-005,0.0325077
4.3524e-005,0.0317934
4.3528e-005,0.0317091
4.3532e-005,0.0314958
4.3536e-005,0.0302358
4.354e-005,0.0302358
4.3544e-005,0.0302457
4.3548e-005,0.0300671
4.3552e-005,0.030211
4.3556e-005,0.0248982
4.356e-005,0.0201658
4.3564e-005,0.0198285
4.3568e-005,0.0186082
4.3572e-005,0.0191141
4.3576e-005,0.0188859
4.358e-005,0.0114599
4.3584e-005,0.0028285
4.3588e-005,0.000333322
4.3592e-005,-0.000772891
4.3596e-005,-0.00093659
4.36e-005,3.56862e-005
4.3604e-005,-0.000624073
4.3608e-005,0.000100174
4.3612e-005,-0.000207383
4.3616e-005,-0.00159139
4.362e-005,0.00708965
4.3624e-005,0.0169116
4.3628e-005,0.0206767
4.3632e-005,0.0231074
4.3636e-005,0.0264012
4.364e-005,0.0286484
4.3644e-005,0.0305929
4.3648e-005,0.0318777
4.3652e-005,0.0333362
4.3656e-005,0.0341695
4.366e-005,0.0355238
4.3664e-005,0.0368433
4.3668e-005,0.0372947
4.3672e-005,0.0380041
4.3676e-005,0.0384059
4.368e-005,0.039904
4.3684e-005,0.0400826
4.3688e-005,0.0401222
4.3692e-005,0.0414368
4.3696e-005,0.0408217
4.37e-005,0.0409606
4.3704e-005,0.0422255
4.3708e-005,0.0419329
4.3712e-005,0.0422255
4.3716e-005,0.042414
4.372e-005,0.0427315
4.3724e-005,0.0428803
4.3728e-005,0.0426918
4.3732e-005,0.042548
4.3736e-005,0.0421313
4.374e-005,0.0426918
4.3744e-005,0.0426968
4.3748e-005,0.0428407
4.3752e-005,0.0432127
4.3756e-005,0.0431879
4.376e-005,0.0421611
4.3764e-005,0.0433714
4.3768e-005,0.0431829
4.3772e-005,0.0431829
4.3776e-005,0.0430887
4.378e-005,0.043421
4.3784e-005,0.0429994
4.3788e-005,0.0437088
4.3792e-005,0.0430936
4.3796e-005,0.0427712
4.38e-005,0.0434855
4.3804e-005,0.0434855
4.3808e-005,0.0431284
4.3812e-005,0.0428605
4.3816e-005,0.0435699
4.382e-005,0.0430788
4.3824e-005,0.0434111
4.3828e-005,0.0432325
4.3832e-005,0.0434359
4.3836e-005,0.0434508
4.384e-005,0.0433119
4.3844e-005,0.0428407
4.3848e-005,0.0432375
4.3852e-005,0.0427018
4.3856e-005,0.0424785
4.386e-005,0.0424339
4.3864e-005,0.0426918
4.3868e-005,0.0429647
4.3872e-005,0.0424636
4.3876e-005,0.0428109
4.388e-005,0.0422801
4.3884e-005,0.0437881
4.3888e-005,0.0431284
4.3892e-005,0.042171
4.3896e-005,0.0431383
4.39e-005,0.0428456
4.3904e-005,0.0426521
4.3908e-005,0.042791
4.3912e-005,0.0426869
4.3916e-005,0.0424984
4.392e-005,0.0430093
4.3924e-005,0.0426521
4.3928e-005,0.0428357
4.3932e-005,0.0429349
4.3936e-005,0.0426968
4.394e-005,0.0429746
4.3944e-005,0.0434706
4.3948e-005,0.0429002
4.3952e-005,0.0429299
4.3956e-005,0.0426918
4.396e-005,0.0433566
4.3964e-005,0.0430341
4.3968e-005,0.0423446
4.3972e-005,0.042925
4.3976e-005,0.043173
4.398e-005,0.0433913
4.3984e-005,0.0434359
4.3988e-005,0.0432474
4.3992e-005,0.0432226
4.3996e-005,0.0428605
4.4e-005,0.0437633
4.4004e-005,0.0429647
4.4008e-005,0.0427414
4.4012e-005,0.0425281
4.4016e-005,0.0426224
4.402e-005,0.0435203
4.4024e-005,0.0426472
4.4028e-005,0.0429597
4.4032e-005,0.0422702
4.4036e-005,0.0422454
4.404e-005,0.042801
4.4044e-005,0.0428506
4.4048e-005,0.0431978
4.4052e-005,0.0431532
4.4056e-005,0.0425728
4.406e-005,0.0428407
4.4064e-005,0.0431432
4.4068e-005,0.0431532
4.4072e-005,0.0426571
4.4076e-005,0.0435947
4.408e-005,0.043302
4.4084e-005,0.0429101
4.4088e-005,0.043044
4.4092e-005,0.0431879
4.4096e-005,0.0427464
4.41e-005,0.0432375
4.4104e-005,0.043426
4.4108e-005,0.0425381
4.4112e-005,0.0433814
4.4116e-005,0.0428059
4.412e-005,0.0423744
4.4124e-005,0.0430788
4.4128e-005,0.0429498
4.4132e-005,0.0419329
4.4136e-005,0.043044
4.414e-005,0.0425777
4.4144e-005,0.042667
4.4148e-005,0.0430688
4.4152e-005,0.0425728
4.4156e-005,0.0431085
4.416e-005,0.042801
4.4164e-005,0.0435798
4.4168e-005,0.0425827
4.4172e-005,0.0431135
4.4176e-005,0.0430936
4.418e-005,0.0425232
4.4184e-005,0.0433863
4.4188e-005,0.043431
4.4192e-005,0.0429448
4.4196e-005,0.0429547
4.42e-005,0.0429597
4.4204e-005,0.0425579
4.4208e-005,0.0433169
4.4212e-005,0.0425033
4.4216e-005,0.0427166
4.422e-005,0.043421
4.4224e-005,0.0424289
4.4228e-005,0.0425976
4.4232e-005,0.0433417
4.4236e-005,0.042801
4.424e-005,0.0423247
4.4244e-005,0.0434756
4.4248e-005,0.0427762
4.4252e-005,0.0429399
4.4256e-005,0.0429944
4.426e-005,0.0424537
4.4264e-005,0.0426273
4.4268e-005,0.0430044
4.4272e-005,0.0429101
4.4276e-005,0.042801
4.428e-005,0.0431829
4.4284e-005,0.0433218
4.4288e-005,0.0436641
4.4292e-005,0.0426125
4.4296e-005,0.0425777
4.43e-005,0.0400131
4.4304e-005,0.0377957
4.4308e-005,0.0361935
4.4312e-005,0.0345168
4.4316e-005,0.0338024
4.432e-005,0.0343828
4.4324e-005,0.0271453
4.4328e-005,0.02089
4.4332e-005,0.0200269
4.4336e-005,0.0184048
4.434e-005,0.0182758
4.4344e-005,0.0190695
4.4348e-005,0.0118221
4.4352e-005,0.00263008
4.4356e-005,0.000725209
4.436e-005,-0.000668718
4.4364e-005,-0.000643915
4.4368e-005,0.000377967
4.4372e-005,1.58439e-005
4.4376e-005,0.000382928
4.438e-005,0.00056647
4.4384e-005,-0.00120942
4.4388e-005,0.0074865
4.4392e-005,0.0169215
4.4396e-005,0.0170406
4.44e-005,0.0171646
4.4404e-005,0.0173482
4.4408e-005,0.016986
4.4412e-005,0.0157558
4.4416e-005,0.0156864
4.442e-005,0.0156219
4.4424e-005,0.014476
4.4428e-005,0.0149472
4.4432e-005,0.0141188
4.4436e-005,0.0141188
4.444e-005,0.0137964
4.4444e-005,0.0139948
4.4448e-005,0.0140097
4.4452e-005,0.0146546
4.4456e-005,0.0139601
4.446e-005,0.0139799
4.4464e-005,0.0141734
4.4468e-005,0.0135682
4.4472e-005,0.0139502
4.4476e-005,0.0138212
4.448e-005,0.0135087
4.4484e-005,0.0141039
4.4488e-005,0.014352
4.4492e-005,0.0141287
4.4496e-005,0.0140196
4.45e-005,0.0142428
4.4504e-005,0.0147736
4.4508e-005,0.0146595
4.4512e-005,0.0151754
4.4516e-005,0.0140841
4.452e-005,0.014605
4.4524e-005,0.0140345
4.4528e-005,0.015101
4.4532e-005,0.0146099
4.4536e-005,0.0146645
4.454e-005,0.0147736
4.4544e-005,0.0143569
4.4548e-005,0.0148877
4.4552e-005,0.0142924
4.4556e-005,0.014605
4.456e-005,0.0151754
4.4564e-005,0.0145454
4.4568e-005,0.0144561
4.4572e-005,0.0145851
4.4576e-005,0.0145504
4.458e-005,0.0150861
4.4584e-005,0.0146198
4.4588e-005,0.0151159
4.4592e-005,0.0146099
4.4596e-005,0.0148381
4.46e-005,0.0147538
4.4604e-005,0.0152746
4.4608e-005,0.0148431
4.4612e-005,0.0148381
4.4616e-005,0.0139402
4.462e-005,0.0146843
4.4624e-005,0.0146149
4.4628e-005,0.0151506
4.4632e-005,0.0154284
4.4636e-005,0.0146446
4.464e-005,0.0159344
4.4644e-005,0.0153986
4.4648e-005,0.0151754
4.4652e-005,0.0150167
4.4656e-005,0.015349
4.466e-005,0.0155574
4.4664e-005,0.0151754
4.4668e-005,0.0154135
4.4672e-005,0.015101
4.4676e-005,0.0158699
4.468e-005,0.0156219
4.4684e-005,0.014982
4.4688e-005,0.0150762
4.4692e-005,0.0155871
4.4696e-005,0.0154979
4.47e-005,0.0148827
4.4704e-005,0.014724
4.4708e-005,0.0149472
4.4712e-005,0.0152746
4.4716e-005,0.0145008
4.472e-005,0.0145653
4.4724e-005,0.0152994
4.4728e-005,0.0153193
4.4732e-005,0.0149125
4.4736e-005,0.0149472
4.474e-005,0.0154433
4.4744e-005,0.0148083
4.4748e-005,0.0146248
4.4752e-005,0.0146843
4.4756e-005,0.0149075
4.476e-005,0.0150167
4.4764e-005,0.0149572
4.4768e-005,0.0147786
4.4772e-005,0.014982
4.4776e-005,0.0147885
4.478e-005,0.0144313
4.4784e-005,0.0142329
4.4788e-005,0.014089
4.4792e-005,0.0150266
4.4796e-005,0.015225
4.48e-005,0.0139502
4.4804e-005,0.0151258
4.4808e-005,0.0150861
4.4812e-005,0.0145653
4.4816e-005,0.0149373
4.482e-005,0.0150266
4.4824e-005,0.0151457
4.4828e-005,0.0158699
4.4832e-005,0.0143371
4.4836e-005,0.0149919
4.484e-005,0.0144363
4.4844e-005,0.0144214
4.4848e-005,0.0150613
4.4852e-005,0.0148431
4.4856e-005,0.0145653
4.486e-005,0.0146843
4.4864e-005,0.0148579
4.4868e-005,0.014972
4.4872e-005,0.0153044
4.4876e-005,0.014729
4.488e-005,0.0154532
4.4884e-005,0.0151705
4.4888e-005,0.0149274
4.4892e-005,0.0145206
4.4896e-005,0.0149224
4.49e-005,0.0154731
4.4904e-005,0.0148183
4.4908e-005,0.0142974
4.4912e-005,0.0151605
4.4916e-005,0.0148282
4.492e-005,0.0152349
4.4924e-005,0.0150266
4.4928e-005,0.0147587
4.4932e-005,0.0151407
4.4936e-005,0.0144115
4.494e-005,0.014476
4.4944e-005,0.0151109
4.4948e-005,0.0145553
4.4952e-005,0.0147339
4.4956e-005,0.0144909
4.496e-005,0.0150216
4.4964e-005,0.0148034
4.4968e-005,0.0147042
4.4972e-005,0.0146149
4.4976e-005,0.0150117
4.498e-005,0.0148083
4.4984e-005,0.0144909
4.4988e-005,0.0146198
4.4992e-005,0.0144065
4.4996e-005,0.0143123
4.5e-005,0.0142527
4.5004e-005,0.0152597
4.5008e-005,0.0153342
4.5012e-005,0.0144909
4.5016e-005,0.0145702
4.502e-005,0.0143916
4.5024e-005,0.0141089
4.5028e-005,0.0150762
4.5032e-005,0.0144809
4.5036e-005,0.0148976
4.504e-005,0.0131763
4.5044e-005,0.0151853
4.5048e-005,0.0147339
4.5052e-005,0.0146099
4.5056e-005,0.0155871
4.506e-005,0.0142577
4.5064e-005,0.0142726
4.5068e-005,0.0157211
4.5072e-005,0.0160386
4.5076e-005,0.0170902
4.508e-005,0.0176011
4.5084e-005,0.0173432
4.5088e-005,0.0181121
4.5092e-005,0.016867
4.5096e-005,0.0185883
4.51e-005,0.0188363
4.5104e-005,0.018375
4.5108e-005,0.0174871
4.5112e-005,0.0182808
4.5116e-005,0.0100759
4.512e-005,0.00207449
4.5124e-005,0.00031844
4.5128e-005,-0.000495097
4.5132e-005,-0.000549664
4.5136e-005,0.000363085
4.514e-005,-0.00043557
4.5144e-005,-0.000132974
4.5148e-005,-0.000207383
4.5152e-005,-0.00137312
4.5156e-005,0.00723351
4.516e-005,0.0166884
4.5164e-005,0.0178442
4.5168e-005,0.0179087
4.5172e-005,0.0205626
4.5176e-005,0.0206321
4.518e-005,0.0206966
4.5184e-005,0.0214258
4.5188e-005,0.0210686
4.5192e-005,0.0218425
4.5196e-005,0.0214555
4.52e-005,0.0221699
4.5204e-005,0.0219714
4.5208e-005,0.0221252
4.5212e-005,0.0224824
4.5216e-005,0.0225171
4.522e-005,0.0220706
4.5224e-005,0.0222343
4.5228e-005,0.0228445
4.5232e-005,0.0223137
4.5236e-005,0.0226014
4.524e-005,0.0227304
4.5244e-005,0.0228247
4.5248e-005,0.0225667
4.5252e-005,0.0226262
4.5256e-005,0.0227106
4.526e-005,0.0222145
4.5264e-005,0.0225717
4.5268e-005,0.0224228
4.5272e-005,0.0226659
4.5276e-005,0.0227701
4.528e-005,0.0225865
4.5284e-005,0.0222046
4.5288e-005,0.0225816
4.5292e-005,0.0232761
4.5296e-005,0.022403
4.53e-005,0.0229487
4.5304e-005,0.0228544
4.5308e-005,0.0228048
4.5312e-005,0.0225369
4.5316e-005,0.0226213
4.532e-005,0.0221351
4.5324e-005,0.022656
4.5328e-005,0.0229387
4.5332e-005,0.0223782
4.5336e-005,0.0221847
4.534e-005,0.02215
4.5344e-005,0.0224476
4.5348e-005,0.022527
4.5352e-005,0.0228098
4.5356e-005,0.0222145
4.536e-005,0.022284
4.5364e-005,0.0225667
4.5368e-005,0.0216093
4.5372e-005,0.0221649
4.5376e-005,0.0222939
4.538e-005,0.0224377
4.5384e-005,0.0228842
4.5388e-005,0.0224625
4.5392e-005,0.0222343
4.5396e-005,0.0226312
4.54e-005,0.0224923
4.5404e-005,0.0221599
4.5408e-005,0.0226213
4.5412e-005,0.0226758
4.5416e-005,0.0223484
4.542e-005,0.0226312
4.5424e-005,0.0229139
4.5428e-005,0.0222294
4.5432e-005,0.0222294
4.5436e-005,0.0224923
4.544e-005,0.0220756
4.5444e-005,0.0223881
4.5448e-005,0.0225717
4.5452e-005,0.0221798
4.5456e-005,0.022274
4.546e-005,0.0221252
4.5464e-005,0.0224228
4.5468e-005,0.0225568
4.5472e-005,0.0220706
4.5476e-005,0.0221252
4.548e-005,0.0220806
4.5484e-005,0.0224725
4.5488e-005,0.0225022
4.5492e-005,0.0225419
4.5496e-005,0.0223286
4.55e-005,0.0225469
4.5504e-005,0.0225022
4.5508e-005,0.0223336
4.5512e-005,0.0216837
4.5516e-005,0.022532
4.552e-005,0.0230876
4.5524e-005,0.0222343
4.5528e-005,0.0229636
4.5532e-005,0.0224278
4.5536e-005,0.0226411
4.554e-005,0.023157
4.5544e-005,0.0228445
4.5548e-005,0.0221054
4.5552e-005,0.0221351
4.5556e-005,0.0229437
4.556e-005,0.0225121
4.5564e-005,0.0216936
4.5568e-005,0.0227453
4.5572e-005,0.0222492
4.5576e-005,0.0224576
4.558e-005,0.0230479
4.5584e-005,0.0222145
4.5588e-005,0.0224129
4.5592e-005,0.0228842
4.5596e-005,0.0220111
4.56e-005,0.0223236
4.5604e-005,0.0224476
4.5608e-005,0.0217532
4.5612e-005,0.022398
4.5616e-005,0.0229487
4.562e-005,0.0222046
4.5624e-005,0.022909
4.5628e-005,0.0225667
4.5632e-005,0.0220706
4.5636e-005,0.022532
4.564e-005,0.0225568
4.5644e-005,0.0223038
4.5648e-005,0.0227403
4.5652e-005,0.023038
4.5656e-005,0.0221748
4.566e-005,0.022785
4.5664e-005,0.0217482
4.5668e-005,0.0219814
4.5672e-005,0.0224873
4.5676e-005,0.022026
4.568e-005,0.0226113
4.5684e-005,0.0226014
4.5688e-005,0.0225022
4.5692e-005,0.0224228
4.5696e-005,0.0225121
4.57e-005,0.0224328
4.5704e-005,0.0225221
4.5708e-005,0.0231421
4.5712e-005,0.0225667
4.5716e-005,0.0223732
4.572e-005,0.0226758
4.5724e-005,0.0223187
4.5728e-005,0.0227304
4.5732e-005,0.0228643
4.5736e-005,0.0228296
4.574e-005,0.0223484
4.5744e-005,0.0224228
4.5748e-005,0.0227899
4.5752e-005,0.0225915
4.5756e-005,0.0223832
4.576e-005,0.0221401
4.5764e-005,0.0230032
4.5768e-005,0.0223534
4.5772e-005,0.0224328
4.5776e-005,0.0223931
4.578e-005,0.0225171
4.5784e-005,0.0225816
4.5788e-005,0.0227106
4.5792e-005,0.0225915
4.5796e-005,0.0225171
4.58e-005,0.022661
4.5804e-005,0.0228544
4.5808e-005,0.0224625
4.5812e-005,0.0229288
4.5816e-005,0.0226411
4.582e-005,0.0224774
4.5824e-005,0.0225617
4.5828e-005,0.0226461
4.5832e-005,0.0222046
4.5836e-005,0.0228693
4.584e-005,0.0239507
4.5844e-005,0.0239557
4.5848e-005,0.0236828
4.5852e-005,0.023415
4.5856e-005,0.0238813
4.586e-005,0.0210438
4.5864e-005,0.0197689
4.5868e-005,0.0193919
4.5872e-005,0.0190645
4.5876e-005,0.0192481
4.588e-005,0.0188661
4.5884e-005,0.0114599
4.5888e-005,0.00233244
4.5892e-005,0.000948436
4.5896e-005,-0.000381004
4.59e-005,-0.000758009
4.5904e-005,0.000492061
4.5908e-005,-0.000554624
4.5912e-005,0.000120016
4.5916e-005,0.000501982
4.592e-005,-0.00138304
4.5924e-005,0.00727815
4.5928e-005,0.0167529
4.5932e-005,0.0192729
4.5936e-005,0.0216688
4.594e-005,0.0233058
4.5944e-005,0.024169
4.5948e-005,0.0254786
4.5952e-005,0.0267187
4.5956e-005,0.0279886
4.596e-005,0.028073
4.5964e-005,0.0287774
4.5968e-005,0.029581
4.5972e-005,0.0305433
4.5976e-005,0.0305929
4.598e-005,0.0309501
4.5984e-005,0.0318529
4.5988e-005,0.0317537
4.5992e-005,0.0322498
4.5996e-005,0.032473
4.6e-005,0.0331725
4.6004e-005,0.0326268
4.6008e-005,0.0333163
4.6012e-005,0.033108
4.6016e-005,0.0330088
4.602e-005,0.0336784
4.6024e-005,0.0328798
4.6028e-005,0.0321158
4.6032e-005,0.0330435
4.6036e-005,0.0331328
4.604e-005,0.0327706
4.6044e-005,0.0331278
4.6048e-005,0.0327161
4.6052e-005,0.0325623
4.6056e-005,0.0330732
4.606e-005,0.0330286
4.6064e-005,0.0321952
4.6068e-005,0.0323589
4.6072e-005,0.0324581
4.6076e-005,0.0323192
4.608e-005,0.032597
4.6084e-005,0.0327855
4.6088e-005,0.0325623
4.6092e-005,0.0335098
4.6096e-005,0.0324581
4.61e-005,0.0320613
4.6104e-005,0.0324184
4.6108e-005,0.0326417
4.6112e-005,0.0325177
4.6116e-005,0.032349
4.612e-005,0.0331824
4.6124e-005,0.0327756
4.6128e-005,0.0320811
4.6132e-005,0.0330286
4.6136e-005,0.0322399
4.614e-005,0.0323589
4.6144e-005,0.0327657
4.6148e-005,0.0325772
4.6152e-005,0.0323093
4.6156e-005,0.0322845
4.616e-005,0.0313668
4.6164e-005,0.0323887
4.6168e-005,0.0324383
4.6172e-005,0.0322696
4.6176e-005,0.033098
4.618e-005,0.0329046
4.6184e-005,0.0322746
4.6188e-005,0.0332667
4.6192e-005,0.03285
4.6196e-005,0.0318926
4.62e-005,0.0328649
4.6204e-005,0.032602
4.6208e-005,0.0324036
4.6212e-005,0.0326417
4.6216e-005,0.0322895
4.622e-005,0.032091
4.6224e-005,0.0322498
4.6228e-005,0.0325474
4.6232e-005,0.0324482
4.6236e-005,0.0325425
4.624e-005,0.0330236
4.6244e-005,0.0325871
4.6248e-005,0.0332617
4.6252e-005,0.0328153
4.6256e-005,0.0324333
4.626e-005,0.0324284
4.6264e-005,0.0325425
4.6268e-005,0.0323292
4.6272e-005,0.0324383
4.6276e-005,0.0326417
4.628e-005,0.0324184
4.6284e-005,0.032855
4.6288e-005,0.0326218
4.6292e-005,0.032344
4.6296e-005,0.0331576
4.63e-005,0.0329046
4.6304e-005,0.032974
4.6308e-005,0.0334056
4.6312e-005,0.0332121
4.6316e-005,0.0324879
4.632e-005,0.0326268
4.6324e-005,0.0327161
4.6328e-005,0.0328847
4.6332e-005,0.033098
4.6336e-005,0.0325325
4.634e-005,0.0328451
4.6344e-005,0.0327359
4.6348e-005,0.032855
4.6352e-005,0.0326069
4.6356e-005,0.0326466
4.636e-005,0.032974
4.6364e-005,0.0327607
4.6368e-005,0.0326764
4.6372e-005,0.033103
4.6376e-005,0.033103
4.638e-005,0.032979
4.6384e-005,0.0325722
4.6388e-005,0.0329393
4.6392e-005,0.0334651
4.6396e-005,0.0332568
4.64e-005,0.0330484
4.6404e-005,0.0335098
4.6408e-005,0.0330187
4.6412e-005,0.0327062
4.6416e-005,0.0335743
4.642e-005,0.0329542
4.6424e-005,0.033609
4.6428e-005,0.0319224
4.6432e-005,0.0326814
4.6436e-005,0.0328054
4.644e-005,0.0326466
4.6444e-005,0.0332171
4.6448e-005,0.0331675
4.6452e-005,0.0329542
4.6456e-005,0.0325077
4.646e-005,0.0328451
4.6464e-005,0.0337231
4.6468e-005,0.0333461
4.6472e-005,0.0328996
4.6476e-005,0.0332766
4.648e-005,0.0327062
4.6484e-005,0.0328748
4.6488e-005,0.0336239
4.6492e-005,0.0327409
4.6496e-005,0.0327905
4.65e-005,0.0324978
4.6504e-005,0.0331477
4.6508e-005,0.032349
4.6512e-005,0.0329939
4.6516e-005,0.0330683
4.652e-005,0.03285
4.6524e-005,0.0326962
4.6528e-005,0.0332965
4.6532e-005,0.0330484
4.6536e-005,0.0328004
4.654e-005,0.0332072
4.6544e-005,0.0326317
4.6548e-005,0.0329095
4.6552e-005,0.0336834
4.6556e-005,0.0326665
4.656e-005,0.0330881
4.6564e-005,0.0331278
4.6568e-005,0.0329294
4.6572e-005,0.0326218
4.6576e-005,0.0336288
4.658e-005,0.032974
4.6584e-005,0.0325722
4.6588e-005,0.0332221
4.6592e-005,0.0327012
4.6596e-005,0.0328302
4.66e-005,0.0323837
4.6604e-005,0.0316198
4.6608e-005,0.0308955
4.6612e-005,0.0306822
4.6616e-005,0.0298439
4.662e-005,0.0300522
4.6624e-005,0.0307765
4.6628e-005,0.0246601
4.6632e-005,0.0207313
4.6636e-005,0.0202948
4.664e-005,0.0194167
4.6644e-005,0.0184196
4.6648e-005,0.0187421
4.6652e-005,0.0124173
4.6656e-005,0.00203481
4.666e-005,0.000710327
4.6664e-005,-0.000877063
4.6668e-005,-0.000152816
4.6672e-005,0.000229149
4.6676e-005,-0.000385964
4.668e-005,0.000313479
4.6684e-005,-2.88015e-005
4.6688e-005,-0.00085226
4.6692e-005,0.00760555
4.6696e-005,0.0168918
4.67e-005,0.0198681
4.6704e-005,0.0225766
4.6708e-005,0.0264757
4.6712e-005,0.0284202
4.6716e-005,0.029457
4.672e-005,0.0316247
4.6724e-005,0.0328252
4.6728e-005,0.0347549
4.6732e-005,0.0355238
4.6736e-005,0.0360446
4.674e-005,0.0375874
4.6744e-005,0.038267
4.6748e-005,0.0389912
4.6752e-005,0.0391549
4.6756e-005,0.039398
4.676e-005,0.0402115
4.6764e-005,0.0410052
4.6768e-005,0.0410499
4.6772e-005,0.0411491
4.6776e-005,0.0423545
4.678e-005,0.0421561
4.6784e-005,0.0413128
4.6788e-005,0.0430837
4.6792e-005,0.0427464
4.6796e-005,0.0429002
4.68e-005,0.0432871
4.6804e-005,0.0432077
4.6808e-005,0.0432325
4.6812e-005,0.0433218
4.6816e-005,0.0441254
4.682e-005,0.0432325
4.6824e-005,0.0438675
4.6828e-005,0.0434012
4.6832e-005,0.0433814
4.6836e-005,0.0438278
4.684e-005,0.0427712
4.6844e-005,0.0432325
4.6848e-005,0.0437236
4.6852e-005,0.0432573
4.6856e-005,0.0434458
4.686e-005,0.04355
4.6864e-005,0.0428903
4.6868e-005,0.0429647
4.6872e-005,0.0439022
4.6876e-005,0.0440461
4.688e-005,0.0434905
4.6884e-005,0.0435897
4.6888e-005,0.043178
4.6892e-005,0.0431532
4.6896e-005,0.0437832
4.69e-005,0.0439915
4.6904e-005,0.0442247
4.6908e-005,0.0437435
4.6912e-005,0.0434508
4.6916e-005,0.0431135
4.692e-005,0.0439717
4.6924e-005,0.0436244
4.6928e-005,0.0436889
4.6932e-005,0.0434855
4.6936e-005,0.0432871
4.694e-005,0.043431
4.6944e-005,0.0430688
4.6948e-005,0.0436294
4.6952e-005,0.0432474
4.6956e-005,0.0439419
4.696e-005,0.0436343
4.6964e-005,0.0434558
4.6968e-005,0.0437832
4.6972e-005,0.0428754
4.6976e-005,0.0429944
4.698e-005,0.0434607
4.6984e-005,0.0432722
4.6988e-005,0.0429994
4.6992e-005,0.0436939
4.6996e-005,0.0427613
4.7e-005,0.0430242
4.7004e-005,0.0434855
4.7008e-005,0.0442544
4.7012e-005,0.0436492
4.7016e-005,0.0432474
4.702e-005,0.0440907
4.7024e-005,0.0436443
4.7028e-005,0.043178
4.7032e-005,0.0432127
4.7036e-005,0.0429597
4.704e-005,0.0432772
4.7044e-005,0.0430242
4.7048e-005,0.0432077
4.7052e-005,0.0442147
4.7056e-005,0.0435351
4.706e-005,0.043044
4.7064e-005,0.0432127
4.7068e-005,0.0425529
4.7072e-005,0.0436393
4.7076e-005,0.0434508
4.708e-005,0.043297
4.7084e-005,0.0433466
4.7088e-005,0.0438873
4.7092e-005,0.0438278
4.7096e-005,0.0436492
4.71e-005,0.0431581
4.7104e-005,0.0432573
4.7108e-005,0.0431681
4.7112e-005,0.0436046
4.7116e-005,0.0432772
4.712e-005,0.0427117
4.7124e-005,0.0434359
4.7128e-005,0.0429151
4.7132e-005,0.0427563
4.7136e-005,0.0431036
4.714e-005,0.0425529
4.7144e-005,0.0423942
4.7148e-005,0.0427811
4.7152e-005,0.0427662
4.7156e-005,0.0423644
4.716e-005,0.0429895
4.7164e-005,0.0428407
4.7168e-005,0.0429746
4.7172e-005,0.0439022
4.7176e-005,0.0429051
4.718e-005,0.0428555
4.7184e-005,0.0432673
4.7188e-005,0.0430837
4.7192e-005,0.042419
4.7196e-005,0.0433665
4.72e-005,0.0434161
4.7204e-005,0.0428704
4.7208e-005,0.0431432
4.7212e-005,0.0427216
4.7216e-005,0.0426422
4.722e-005,0.0435451
4.7224e-005,0.0426472
4.7228e-005,0.042543
4.7232e-005,0.0435649
4.7236e-005,0.0430688
4.724e-005,0.0423942
4.7244e-005,0.0431829
4.7248e-005,0.0434508
4.7252e-005,0.04292
4.7256e-005,0.043555
4.726e-005,0.0433516
4.7264e-005,0.0425579
4.7268e-005,0.0432573
4.7272e-005,0.0432623
4.7276e-005,0.0431681
4.728e-005,0.0435252
4.7284e-005,0.0432325
4.7288e-005,0.0434161
4.7292e-005,0.0437236
4.7296e-005,0.0433714
4.73e-005,0.0432524
4.7304e-005,0.0438973
4.7308e-005,0.0434012
4.7312e-005,0.0430738
4.7316e-005,0.0441949
4.732e-005,0.0433268
4.7324e-005,0.0432722
4.7328e-005,0.0437435
4.7332e-005,0.0435699
4.7336e-005,0.0432772
4.734e-005,0.0432921
4.7344e-005,0.0427166
4.7348e-005,0.0432722
4.7352e-005,0.0430986
4.7356e-005,0.0436443
4.736e-005,0.0434657
4.7364e-005,0.0428803
4.7368e-005,0.042548
4.7372e-005,0.0399238
4.7376e-005,0.0378255
4.738e-005,0.035375
4.7384e-005,0.0345366
4.7388e-005,0.033351
4.7392e-005,0.034745
4.7396e-005,0.026808
4.74e-005,0.0206718
4.7404e-005,0.0204535
4.7408e-005,0.0188562
4.7412e-005,0.0184345
4.7416e-005,0.0185089
4.742e-005,0.0124124
4.7424e-005,0.00284338
4.7428e-005,4.56074e-005
4.7432e-005,-0.000390925
4.7436e-005,-1.39197e-005
4.744e-005,0.000263874
4.7444e-005,-8.3368e-005
4.7448e-005,0.000248992
4.7452e-005,-0.000450452
4.7456e-005,-0.00165588
4.746e-005,0.00731784
4.7464e-005,0.0163164
4.7468e-005,0.0182708
4.7472e-005,0.0176756
4.7476e-005,0.0177351
4.748e-005,0.0166388
4.7484e-005,0.0152746
4.7488e-005,0.015984
4.7492e-005,0.0159046
4.7496e-005,0.0148381
4.75e-005,0.0148183
4.7504e-005,0.014605
4.7508e-005,0.0131862
4.7512e-005,0.0133995
4.7516e-005,0.0145851
4.752e-005,0.0140742
4.7524e-005,0.01397
4.7528e-005,0.013717
4.7532e-005,0.0141535
4.7536e-005,0.0139452
4.754e-005,0.0135533
4.7544e-005,0.0145008
4.7548e-005,0.0132557
4.7552e-005,0.014223
4.7556e-005,0.0138857
4.756e-005,0.0139154
4.7564e-005,0.0135632
4.7568e-005,0.0133846
4.7572e-005,0.0135483
4.7576e-005,0.0141337
4.758e-005,0.014595
4.7584e-005,0.0142428
4.7588e-005,0.014848
4.7592e-005,0.0145057
4.7596e-005,0.0151655
4.76e-005,0.0146893
4.7604e-005,0.0151804
4.7608e-005,0.0139502
4.7612e-005,0.0147736
4.7616e-005,0.0148778
4.762e-005,0.0141089
4.7624e-005,0.0142627
4.7628e-005,0.0146397
4.7632e-005,0.0144611
4.7636e-005,0.0140593
4.764e-005,0.0144661
4.7644e-005,0.0136228
4.7648e-005,0.0146843
4.7652e-005,0.0147042
4.7656e-005,0.0145504
4.766e-005,0.0146843
4.7664e-005,0.0142577
4.7668e-005,0.0141089
4.7672e-005,0.0140593
4.7676e-005,0.0142974
4.768e-005,0.0146446
4.7684e-005,0.0138212
4.7688e-005,0.0142974
4.7692e-005,0.0142776
4.7696e-005,0.0136079
4.77e-005,0.015096
4.7704e-005,0.0152498
4.7708e-005,0.01523
4.7712e-005,0.014471
4.7716e-005,0.0148927
4.772e-005,0.0144264
4.7724e-005,0.014595
4.7728e-005,0.0145653
4.7732e-005,0.0148331
4.7736e-005,0.014724
4.774e-005,0.0141982
4.7744e-005,0.0152399
4.7748e-005,0.0146298
4.7752e-005,0.014977
4.7756e-005,0.0144859
4.776e-005,0.0140642
4.7764e-005,0.014729
4.7768e-005,0.0148183
4.7772e-005,0.0145157
4.7776e-005,0.0149621
4.778e-005,0.013841
4.7784e-005,0.0147736
4.7788e-005,0.0144561
4.7792e-005,0.0148877
4.7796e-005,0.0141783
4.78e-005,0.0141337
4.7804e-005,0.014972
4.7808e-005,0.0145752
4.7812e-005,0.013712
4.7816e-005,0.0149919
4.782e-005,0.0144115
4.7824e-005,0.014719
4.7828e-005,0.0150464
4.7832e-005,0.0143619
4.7836e-005,0.0145305
4.784e-005,0.0150117
4.7844e-005,0.0147042
4.7848e-005,0.0140295
4.7852e-005,0.0149373
4.7856e-005,0.0143916
4.786e-005,0.0150018
4.7864e-005,0.0148232
4.7868e-005,0.0147786
4.7872e-005,0.0146595
4.7876e-005,0.0151705
4.788e-005,0.0151705
4.7884e-005,0.0154086
4.7888e-005,0.0157558
4.7892e-005,0.0147587
4.7896e-005,0.0141585
4.79e-005,0.0152151
4.7904e-005,0.0146546
4.7908e-005,0.0146496
4.7912e-005,0.0147736
4.7916e-005,0.0151754
4.792e-005,0.0150068
4.7924e-005,0.014595
4.7928e-005,0.0154929
4.7932e-005,0.0145603
4.7936e-005,0.0149075
4.794e-005,0.0145405
4.7944e-005,0.0150712
4.7948e-005,0.0151705
4.7952e-005,0.0146
4.7956e-005,0.0146744
4.796e-005,0.0141982
4.7964e-005,0.0138212
4.7968e-005,0.0149919
4.7972e-005,0.0149373
4.7976e-005,0.0147389
4.798e-005,0.0144561
4.7984e-005,0.0148232
4.7988e-005,0.0146347
4.7992e-005,0.0148629
4.7996e-005,0.0148976
4.8e-005,0.0146595
4.8004e-005,0.0148778
4.8008e-005,0.0151556
4.8012e-005,0.0149175
4.8016e-005,0.0148183
4.802e-005,0.0143172
4.8024e-005,0.0148679
4.8028e-005,0.0144115
4.8032e-005,0.0145107
4.8036e-005,0.0151209
4.804e-005,0.0146446
4.8044e-005,0.0146595
4.8048e-005,0.0146099
4.8052e-005,0.0148579
4.8056e-005,0.0144065
4.806e-005,0.0152994
4.8064e-005,0.0148034
4.8068e-005,0.0150018
4.8072e-005,0.0149274
4.8076e-005,0.0147637
4.808e-005,0.0148827
4.8084e-005,0.0142428
4.8088e-005,0.0141734
4.8092e-005,0.0148579
4.8096e-005,0.0143172
4.81e-005,0.014347
4.8104e-005,0.0150861
4.8108e-005,0.0149572
4.8112e-005,0.0148083
4.8116e-005,0.0150167
4.812e-005,0.014972
4.8124e-005,0.0148728
4.8128e-005,0.0157905
4.8132e-005,0.0146198
4.8136e-005,0.0141982
4.814e-005,0.0159542
4.8144e-005,0.0166934
4.8148e-005,0.0179037
4.8152e-005,0.0175962
4.8156e-005,0.0182113
4.816e-005,0.0175466
4.8164e-005,0.0174474
4.8168e-005,0.0187718
4.8172e-005,0.019129
4.8176e-005,0.0182113
4.818e-005,0.0184296
4.8184e-005,0.0183502
4.8188e-005,0.0111375
4.8192e-005,0.00251102
4.8196e-005,0.00184134
4.82e-005,-0.000748088
4.8204e-005,1.08833e-005
4.8208e-005,0.000115056
4.8212e-005,-0.000460373
4.8216e-005,-2.38409e-005
4.822e-005,-0.000440531
4.8224e-005,-0.00128879
4.8228e-005,0.00703508
4.8232e-005,0.0169464
4.8236e-005,0.0180922
4.824e-005,0.0177053
4.8244e-005,0.0196201
4.8248e-005,0.0202352
4.8252e-005,0.0200616
4.8256e-005,0.0207561
4.826e-005,0.0211182
4.8264e-005,0.02152
4.8268e-005,0.0215994
4.8272e-005,0.0224923
4.8276e-005,0.0225419
4.828e-005,0.0224824
4.8284e-005,0.0226213
4.8288e-005,0.0219119
4.8292e-005,0.0227949
4.8296e-005,0.0224278
4.83e-005,0.022651
4.8304e-005,0.0227502
4.8308e-005,0.0223187
4.8312e-005,0.0226312
4.8316e-005,0.0224129
4.832e-005,0.0227304
4.8324e-005,0.0232661
4.8328e-005,0.0220756
4.8332e-005,0.0222343
4.8336e-005,0.0222641
4.834e-005,0.0227254
4.8344e-005,0.0221252
4.8348e-005,0.0229239
4.8352e-005,0.0231322
4.8356e-005,0.0227552
4.836e-005,0.0228147
4.8364e-005,0.0226213
4.8368e-005,0.0230528
4.8372e-005,0.0229685
4.8376e-005,0.0226312
4.838e-005,0.0225022
4.8384e-005,0.0223633
4.8388e-005,0.0222988
4.8392e-005,0.0228891
4.8396e-005,0.0229983
4.84e-005,0.0225717
4.8404e-005,0.0223484
4.8408e-005,0.0225965
4.8412e-005,0.0222393
4.8416e-005,0.0222542
4.842e-005,0.0221897
4.8424e-005,0.0221203
4.8428e-005,0.0219119
4.8432e-005,0.0222939
4.8436e-005,0.0220012
4.844e-005,0.0219218
4.8444e-005,0.0219615
4.8448e-005,0.0219814
4.8452e-005,0.0222939
4.8456e-005,0.0231173
4.846e-005,0.0226461
4.8464e-005,0.022408
4.8468e-005,0.022651
4.8472e-005,0.0223286
4.8476e-005,0.0226659
4.848e-005,0.0225667
4.8484e-005,0.0222591
4.8488e-005,0.0219069
4.8492e-005,0.0222889
4.8496e-005,0.0227254
4.85e-005,0.0221252
4.8504e-005,0.0223187
4.8508e-005,0.0226858
4.8512e-005,0.0223187
4.8516e-005,0.0221699
4.852e-005,0.0217184
4.8524e-005,0.0220905
4.8528e-005,0.0223931
4.8532e-005,0.0228842
4.8536e-005,0.0227155
4.854e-005,0.0227602
4.8544e-005,0.0219714
4.8548e-005,0.0222244
4.8552e-005,0.022021
4.8556e-005,0.0227602
4.856e-005,0.0223286
4.8564e-005,0.022775
4.8568e-005,0.0227949
4.8572e-005,0.022785
4.8576e-005,0.0220458
4.858e-005,0.0224228
4.8584e-005,0.021768
4.8588e-005,0.0224973
4.8592e-005,0.0222145
4.8596e-005,0.022775
4.86e-005,0.022398
4.8604e-005,0.0222591
4.8608e-005,0.0221599
4.8612e-005,0.0227254
4.8616e-005,0.0224476
4.862e-005,0.0225568
4.8624e-005,0.0227949
4.8628e-005,0.0213414
4.8632e-005,0.0220508
4.8636e-005,0.0218375
4.864e-005,0.0218673
4.8644e-005,0.0225717
4.8648e-005,0.0228891
4.8652e-005,0.0225816
4.8656e-005,0.0223534
4.866e-005,0.0224278
4.8664e-005,0.0218821
4.8668e-005,0.0226362
4.8672e-005,0.0223137
4.8676e-005,0.0225766
4.868e-005,0.0223931
4.8684e-005,0.022651
4.8688e-005,0.0223385
4.8692e-005,0.0222889
4.8696e-005,0.0231421
4.87e-005,0.0220905
4.8704e-005,0.0229586
4.8708e-005,0.0221996
4.8712e-005,0.0224476
4.8716e-005,0.0226213
4.872e-005,0.022904
4.8724e-005,0.0226163
4.8728e-005,0.0224725
4.8732e-005,0.0227453
4.8736e-005,0.0228991
4.874e-005,0.0227949
4.8744e-005,0.0226709
4.8748e-005,0.0228693
4.8752e-005,0.0222343
4.8756e-005,0.0229437
4.876e-005,0.0230776
4.8764e-005,0.0221847
4.8768e-005,0.022656
4.8772e-005,0.0228693
4.8776e-005,0.0223732
4.878e-005,0.022527
4.8784e-005,0.0231173
4.8788e-005,0.0230975
4.8792e-005,0.0237374
4.8796e-005,0.0230628
4.88e-005,0.0225518
4.8804e-005,0.0233554
4.8808e-005,0.0225816
4.8812e-005,0.0225717
4.8816e-005,0.022904
4.882e-005,0.0230132
4.8824e-005,0.0222195
4.8828e-005,0.0223484
4.8832e-005,0.022398
4.8836e-005,0.021902
4.884e-005,0.0223832
4.8844e-005,0.0227502
4.8848e-005,0.0226113
4.8852e-005,0.0227155
4.8856e-005,0.0224476
4.886e-005,0.0223038
4.8864e-005,0.0223088
4.8868e-005,0.0221847
4.8872e-005,0.021902
4.8876e-005,0.0231024
4.888e-005,0.0232066
4.8884e-005,0.0228594
4.8888e-005,0.0229636
4.8892e-005,0.0225419
4.8896e-005,0.0227006
4.89e-005,0.0223832
4.8904e-005,0.0220756
4.8908e-005,0.0227205
4.8912e-005,0.0236084
4.8916e-005,0.0237374
4.892e-005,0.0236283
4.8924e-005,0.0239954
4.8928e-005,0.0250867
4.8932e-005,0.0211877
4.8936e-005,0.0198483
4.894e-005,0.0196945
4.8944e-005,0.018876
4.8948e-005,0.0184395
4.8952e-005,0.0186677
4.8956e-005,0.011827
4.896e-005,0.00190583
4.8964e-005,0.000834342
4.8968e-005,-0.000738166
4.8972e-005,-0.000237146
4.8976e-005,-0.000425649
4.898e-005,-0.000609191
4.8984e-005,9.02528e-005
4.8988e-005,-0.000137935
4.8992e-005,-0.00127391
4.8996e-005,0.00729304
4.9e-005,0.0170604
4.9004e-005,0.0187718
4.9008e-005,0.020384
4.9012e-005,0.022532
4.9016e-005,0.0240499
4.902e-005,0.0251413
4.9024e-005,0.0258953
4.9028e-005,0.0276761
4.9032e-005,0.0281871
4.9036e-005,0.0285889
4.904e-005,0.0296752
4.9044e-005,0.0304193
4.9048e-005,0.031218
4.9052e-005,0.0311882
4.9056e-005,0.0314412
4.906e-005,0.0315999
4.9064e-005,0.031337
4.9068e-005,0.0318083
4.9072e-005,0.0323639
4.9076e-005,0.032225
4.908e-005,0.0325722
4.9084e-005,0.0328302
4.9088e-005,0.0325524
4.9092e-005,0.033227
4.9096e-005,0.0325921
4.91e-005,0.0325573
4.9104e-005,0.032731
4.9108e-005,0.0327062
4.9112e-005,0.0324284
4.9116e-005,0.0325177
4.912e-005,0.0331625
4.9124e-005,0.0330534
4.9128e-005,0.0327855
4.9132e-005,0.0323341
4.9136e-005,0.0328252
4.914e-005,0.0331774
4.9144e-005,0.0325573
4.9148e-005,0.0324631
4.9152e-005,0.0334999
4.9156e-005,0.0329939
4.916e-005,0.0327855
4.9164e-005,0.0329443
4.9168e-005,0.0326218
4.9172e-005,0.032354
4.9176e-005,0.0332717
4.918e-005,0.0329145
4.9184e-005,0.0327012
4.9188e-005,0.0329591
4.9192e-005,0.0329195
4.9196e-005,0.0328947
4.92e-005,0.033098
4.9204e-005,0.0330782
4.9208e-005,0.0328599
4.9212e-005,0.0335941
4.9216e-005,0.0328649
4.922e-005,0.0327161
4.9224e-005,0.0332568
4.9228e-005,0.0320762
4.9232e-005,0.0330088
4.9236e-005,0.0332469
4.924e-005,0.0322647
4.9244e-005,0.0322399
4.9248e-005,0.0325375
4.9252e-005,0.032721
4.9256e-005,0.033103
4.926e-005,0.0322994
4.9264e-005,0.0334999
4.9268e-005,0.0331973
4.9272e-005,0.033733
4.9276e-005,0.0325474
4.928e-005,0.0334949
4.9284e-005,0.0329988
4.9288e-005,0.0330286
4.9292e-005,0.032354
4.9296e-005,0.0327409
4.93e-005,0.0326466
4.9304e-005,0.0324036
4.9308e-005,0.0323887
4.9312e-005,0.0325077
4.9316e-005,0.0325077
4.932e-005,0.0325375
4.9324e-005,0.0329988
4.9328e-005,0.033356
4.9332e-005,0.0328203
4.9336e-005,0.0323788
4.934e-005,0.0326317
4.9344e-005,0.032473
4.9348e-005,0.0320464
4.9352e-005,0.0322746
4.9356e-005,0.0329443
4.936e-005,0.0319025
4.9364e-005,0.0323639
4.9368e-005,0.0326218
4.9372e-005,0.0325474
4.9376e-005,0.0321704
4.938e-005,0.0326367
4.9384e-005,0.032091
4.9388e-005,0.0321456
4.9392e-005,0.0328599
4.9396e-005,0.0323788
4.94e-005,0.032731
4.9404e-005,0.0329939
4.9408e-005,0.0330931
4.9412e-005,0.0321754
4.9416e-005,0.0327508
4.942e-005,0.0321357
4.9424e-005,0.032602
4.9428e-005,0.0318529
4.9432e-005,0.0327954
4.9436e-005,0.0321754
4.944e-005,0.031972
4.9444e-005,0.0325524
4.9448e-005,0.0316942
4.9452e-005,0.0324184
4.9456e-005,0.0323192
4.946e-005,0.0321655
4.9464e-005,0.0319472
4.9468e-005,0.0325722
4.9472e-005,0.0325921
4.9476e-005,0.0332419
4.948e-005,0.0322547
4.9484e-005,0.0325524
4.9488e-005,0.032726
4.9492e-005,0.0328947
4.9496e-005,0.0328054
4.95e-005,0.0321853
4.9504e-005,0.0326863
4.9508e-005,0.0325573
4.9512e-005,0.0323936
4.9516e-005,0.0326367
4.952e-005,0.0322051
4.9524e-005,0.0332617
4.9528e-005,0.0330088
4.9532e-005,0.0322101
4.9536e-005,0.0326069
4.954e-005,0.0330385
4.9544e-005,0.0323788
4.9548e-005,0.0323192
4.9552e-005,0.0325077
4.9556e-005,0.0326566
4.956e-005,0.0324532
4.9564e-005,0.0331774
4.9568e-005,0.0332221
4.9572e-005,0.0325871
4.9576e-005,0.0326665
4.958e-005,0.032344
4.9584e-005,0.0326466
4.9588e-005,0.0326516
4.9592e-005,0.0322101
4.9596e-005,0.0323986
4.96e-005,0.0327806
4.9604e-005,0.0322845
4.9608e-005,0.032984
4.9612e-005,0.0326119
4.9616e-005,0.0324581
4.962e-005,0.0331774
4.9624e-005,0.0322547
4.9628e-005,0.032468
4.9632e-005,0.0325226
4.9636e-005,0.0320018
4.964e-005,0.0319918
4.9644e-005,0.0323688
4.9648e-005,0.0323887
4.9652e-005,0.0318629
4.9656e-005,0.0320166
4.966e-005,0.0326665
4.9664e-005,0.0329939
4.9668e-005,0.0320861
4.9672e-005,0.0319075
4.9676e-005,0.0311783
4.968e-005,0.0311733
4.9684e-005,0.0304193
4.9688e-005,0.0301118
4.9692e-005,0.0299977
4.9696e-005,0.0303449
4.97e-005,0.0251661
4.9704e-005,0.0206271
4.9708e-005,0.0195159
4.9712e-005,0.019377
4.9716e-005,0.01838
4.972e-005,0.0185933
4.9724e-005,0.0118072
4.9728e-005,0.00217866
4.9732e-005,0.000616076
4.9736e-005,-0.000658797
4.974e-005,-0.000475255
4.9744e-005,0.000278755
4.9748e-005,-2.88015e-005
4.9752e-005,-3.37621e-005
4.9756e-005,-6.84862e-005
4.976e-005,-0.00126399
4.9764e-005,0.00673249
4.9768e-005,0.0173035
4.9772e-005,0.0202699
4.9776e-005,0.0228247
4.978e-005,0.0267237
4.9784e-005,0.0286633
4.9788e-005,0.0301118
4.9792e-005,0.0323887
4.9796e-005,0.0336239
4.98e-005,0.034745
4.9804e-005,0.0360546
4.9808e-005,0.0368879
4.9812e-005,0.0379346
4.9816e-005,0.038009
4.982e-005,0.038644
4.9824e-005,0.0393236
4.9828e-005,0.0404744
4.9832e-005,0.0405042
4.9836e-005,0.0414715
4.984e-005,0.0411789
4.9844e-005,0.0410102
4.9848e-005,0.0418833
4.9852e-005,0.0417394
4.9856e-005,0.0424686
4.986e-005,0.0423247
4.9864e-005,0.0423297
4.9868e-005,0.0421015
4.9872e-005,0.0419378
4.9876e-005,0.0426968
4.988e-005,0.0422801
4.9884e-005,0.0431085
4.9888e-005,0.042424
4.9892e-005,0.042801
4.9896e-005,0.0427315
4.99e-005,0.0423198
4.9904e-005,0.0426323
4.9908e-005,0.0423148
4.9912e-005,0.0422206
4.9916e-005,0.0424934
4.992e-005,0.0424636
4.9924e-005,0.0427662
4.9928e-005,0.0424884
4.9932e-005,0.0421511
4.9936e-005,0.0418088
4.994e-005,0.0425133
4.9944e-005,0.042414
4.9948e-005,0.0422702
4.9952e-005,0.0422107
4.9956e-005,0.0424091
4.996e-005,0.0421561
4.9964e-005,0.0426075
4.9968e-005,0.0427662
4.9972e-005,0.0423892
4.9976e-005,0.0423049
4.998e-005,0.0425579
4.9984e-005,0.0422404
4.9988e-005,0.0424785
4.9992e-005,0.0428407
4.9996e-005,0.0427018
5e-005,0.0427464
5.0004e-005,0.0421164
5.0008e-005,0.0421313
5.0012e-005,0.0426819
5.0016e-005,0.0425381
5.002e-005,0.042548
5.0024e-005,0.042166
5.0028e-005,0.0427315
5.0032e-005,0.0425083
5.0036e-005,0.0418783
5.004e-005,0.0430589
5.0044e-005,0.0433318
5.0048e-005,0.0425976
5.0052e-005,0.0428704
5.0056e-005,0.0423545
5.006e-005,0.042548
5.0064e-005,0.0435748
5.0068e-005,0.042801
5.0072e-005,0.0425331
5.0076e-005,0.0427762
5.008e-005,0.0433962
5.0084e-005,0.0424537
5.0088e-005,0.0433962
5.0092e-005,0.0427018
5.0096e-005,0.0422355
5.01e-005,0.0433764
5.0104e-005,0.0428506
5.0108e-005,0.0420122
5.0112e-005,0.0425877
5.0116e-005,0.0430391
5.012e-005,0.0424091
5.0124e-005,0.0431631
5.0128e-005,0.0427166
5.0132e-005,0.0423545
5.0136e-005,0.0432821
5.014e-005,0.0428208
5.0144e-005,0.0425877
5.0148e-005,0.0431978
5.0152e-005,0.0430192
5.0156e-005,0.0424438
5.016e-005,0.0427315
5.0164e-005,0.0423049
5.0168e-005,0.0429647
5.0172e-005,0.0430887
5.0176e-005,0.0436046
5.018e-005,0.0426025
5.0184e-005,0.0428803
5.0188e-005,0.0430391
5.0192e-005,0.0426075
5.0196e-005,0.0432325
5.02e-005,0.0431184
5.0204e-005,0.0426521
5.0208e-005,0.042801
5.0212e-005,0.043426
5.0216e-005,0.0423297
5.022e-005,0.0431184
5.0224e-005,0.0425976
5.0228e-005,0.0425579
5.0232e-005,0.0433962
5.0236e-005,0.0426273
5.024e-005,0.0418981
5.0244e-005,0.0434062
5.0248e-005,0.0423396
5.0252e-005,0.0423744
5.0256e-005,0.0422057
5.026e-005,0.0426075
5.0264e-005,0.0429994
5.0268e-005,0.0432722
5.0272e-005,0.0429547
5.0276e-005,0.0432772
5.028e-005,0.0426521
5.0284e-005,0.0431581
5.0288e-005,0.0426125
5.0292e-005,0.0428307
5.0296e-005,0.043054
5.03e-005,0.0433268
5.0304e-005,0.0430341
5.0308e-005,0.0435302
5.0312e-005,0.0425579
5.0316e-005,0.0423396
5.032e-005,0.0428903
5.0324e-005,0.043049
5.0328e-005,0.043173
5.0332e-005,0.0433764
5.0336e-005,0.0425033
5.034e-005,0.0426373
5.0344e-005,0.0428704
5.0348e-005,0.043049
5.0352e-005,0.043302
5.0356e-005,0.0427662
5.036e-005,0.0431482
5.0364e-005,0.042801
5.0368e-005,0.043421
5.0372e-005,0.0422156
5.0376e-005,0.0432474
5.038e-005,0.043297
5.0384e-005,0.0429696
5.0388e-005,0.0432276
5.0392e-005,0.0427067
5.0396e-005,0.0431036
5.04e-005,0.0427166
5.0404e-005,0.0425877
5.0408e-005,0.042667
5.0412e-005,0.0428704
5.0416e-005,0.0430936
5.042e-005,0.0439419
5.0424e-005,0.0436641
5.0428e-005,0.0434806
5.0432e-005,0.0438328
5.0436e-005,0.0429696
5.044e-005,0.0429845
5.0444e-005,0.0395617
5.0448e-005,0.0375378
5.0452e-005,0.0359653
5.0456e-005,0.0344275
5.046e-005,0.0353551
5.0464e-005,0.0348343
5.0468e-005,0.0275323
5.0472e-005,0.0214059
5.0476e-005,0.0202898
5.048e-005,0.0195556
5.0484e-005,0.0183155
5.0488e-005,0.0191042
5.0492e-005,0.012958
5.0496e-005,0.00272929
5.05e-005,0.00113198
5.0504e-005,-0.000529821
5.0508e-005,0.000229149
5.0512e-005,0.000660721
5.0516e-005,-0.000256989
5.052e-005,6.54498e-005
5.0524e-005,-0.000128013
5.0528e-005,-0.00106061
5.0532e-005,0.00731288
5.0536e-005,0.0172043
5.054e-005,0.0178442
5.0544e-005,0.0169017
5.0548e-005,0.0174424
5.0552e-005,0.0171745
5.0556e-005,0.0161427
5.056e-005,0.0154582
5.0564e-005,0.0154234
5.0568e-005,0.014977
5.0572e-005,0.01397
5.0576e-005,0.0145355
5.058e-005,0.0146843
5.0584e-005,0.0148083
5.0588e-005,0.0142875
5.0592e-005,0.0143272
5.0596e-005,0.0142081
5.06e-005,0.0138956
5.0604e-005,0.0139998
5.0608e-005,0.0139502
5.0612e-005,0.0138807
5.0616e-005,0.0136228
5.062e-005,0.0139502
5.0624e-005,0.013598
5.0628e-005,0.0140494
5.0632e-005,0.0132408
5.0636e-005,0.0143966
5.064e-005,0.0142924
5.0644e-005,0.0141387
5.0648e-005,0.0140494
5.0652e-005,0.0140593
5.0656e-005,0.0142726
5.066e-005,0.0145405
5.0664e-005,0.014089
5.0668e-005,0.0139898
5.0672e-005,0.0145206
5.0676e-005,0.0153738
5.068e-005,0.0144016
5.0684e-005,0.0144859
5.0688e-005,0.0146198
5.0692e-005,0.0151953
5.0696e-005,0.015354
5.07e-005,0.0147637
5.0704e-005,0.0143817
5.0708e-005,0.0151109
5.0712e-005,0.0149075
5.0716e-005,0.0148133
5.072e-005,0.0151109
5.0724e-005,0.0147091
5.0728e-005,0.0143718
5.0732e-005,0.0140444
5.0736e-005,0.0150068
5.074e-005,0.0147885
5.0744e-005,0.0149125
5.0748e-005,0.0144462
5.0752e-005,0.0142131
5.0756e-005,0.0150316
5.076e-005,0.0147091
5.0764e-005,0.0145901
5.0768e-005,0.0145504
5.0772e-005,0.0145553
5.0776e-005,0.015354
5.078e-005,0.0145057
5.0784e-005,0.0144413
5.0788e-005,0.0145305
5.0792e-005,0.0147637
5.0796e-005,0.0146595
5.08e-005,0.0148232
5.0804e-005,0.0144809
5.0808e-005,0.014972
5.0812e-005,0.0150663
5.0816e-005,0.0146298
5.082e-005,0.0146942
5.0824e-005,0.0146744
5.0828e-005,0.0146099
5.0832e-005,0.0142329
5.0836e-005,0.0137914
5.084e-005,0.0143718
5.0844e-005,0.014223
5.0848e-005,0.0139849
5.0852e-005,0.0142726
5.0856e-005,0.0141238
5.086e-005,0.0146347
5.0864e-005,0.0149274
5.0868e-005,0.0141833
5.0872e-005,0.0147438
5.0876e-005,0.014476
5.088e-005,0.0147687
5.0884e-005,0.0141039
5.0888e-005,0.0148183
5.0892e-005,0.0148679
5.0896e-005,0.014848
5.09e-005,0.0143272
5.0904e-005,0.0145057
5.0908e-005,0.0136823
5.0912e-005,0.0142676
5.0916e-005,0.0146893
5.092e-005,0.0139055
5.0924e-005,0.0142478
5.0928e-005,0.0148331
5.0932e-005,0.0148133
5.0936e-005,0.0150167
5.094e-005,0.0146546
5.0944e-005,0.0147835
5.0948e-005,0.0147935
5.0952e-005,0.0139353
5.0956e-005,0.0142676
5.096e-005,0.0151308
5.0964e-005,0.0144363
5.0968e-005,0.0143768
5.0972e-005,0.0147538
5.0976e-005,0.0146149
5.098e-005,0.0149175
5.0984e-005,0.014342
5.0988e-005,0.0147984
5.0992e-005,0.0144809
5.0996e-005,0.0143371
5.1e-005,0.0147984
5.1004e-005,0.0139105
5.1008e-005,0.0147984
5.1012e-005,0.0133251
5.1016e-005,0.0145504
5.102e-005,0.0151159
5.1024e-005,0.0150712
5.1028e-005,0.0148679
5.1032e-005,0.0146595
5.1036e-005,0.0145553
5.104e-005,0.0146149
5.1044e-005,0.0141833
5.1048e-005,0.0150861
5.1052e-005,0.0147389
5.1056e-005,0.0147091
5.106e-005,0.0143817
5.1064e-005,0.0140841
5.1068e-005,0.0145206
5.1072e-005,0.0142478
5.1076e-005,0.0151953
5.108e-005,0.014719
5.1084e-005,0.0152101
5.1088e-005,0.0146893
5.1092e-005,0.014729
5.1096e-005,0.0145702
5.11e-005,0.0144264
5.1104e-005,0.015096
5.1108e-005,0.0151159
5.1112e-005,0.0147389
5.1116e-005,0.0148232
5.112e-005,0.0141833
5.1124e-005,0.015101
5.1128e-005,0.014982
5.1132e-005,0.0143916
5.1136e-005,0.0150018
5.114e-005,0.0150911
5.1144e-005,0.0150018
5.1148e-005,0.0150613
5.1152e-005,0.0143569
5.1156e-005,0.0145355
5.116e-005,0.0148629
5.1164e-005,0.0148877
5.1168e-005,0.0136872
5.1172e-005,0.0142825
5.1176e-005,0.0144561
5.118e-005,0.014471
5.1184e-005,0.0148183
5.1188e-005,0.015225
5.1192e-005,0.0148629
5.1196e-005,0.0152846
5.12e-005,0.0155375
5.1204e-005,0.0143817
5.1208e-005,0.0148282
5.1212e-005,0.0158104
5.1216e-005,0.0169067
5.122e-005,0.0176855
5.1224e-005,0.0177004
5.1228e-005,0.0175962
5.1232e-005,0.0176954
5.1236e-005,0.0163362
5.124e-005,0.0180526
5.1244e-005,0.01964
5.1248e-005,0.0185337
5.1252e-005,0.0183353
5.1256e-005,0.0181319
5.126e-005,0.0107456
