Time,Ampl
4.126e-005,0.013211
4.1264e-005,0.0127894
4.1268e-005,0.0121891
4.1272e-005,0.0133102
4.1276e-005,0.0131168
4.128e-005,0.0131118
4.1284e-005,0.0130473
4.1288e-005,0.0130969
4.1292e-005,0.0127695
4.1296e-005,0.0137071
4.13e-005,0.0131763
4.1304e-005,0.0133648
4.1308e-005,0.0135384
4.1312e-005,0.0140196
4.1316e-005,0.0128737
4.132e-005,0.0134045
4.1324e-005,0.0130622
4.1328e-005,0.0138559
4.1332e-005,0.0137368
4.1336e-005,0.0128588
4.134e-005,0.0130424
4.1344e-005,0.0127745
4.1348e-005,0.0131862
4.1352e-005,0.0132358
4.1356e-005,0.0137964
4.136e-005,0.0127993
4.1364e-005,0.0134839
4.1368e-005,0.0139948
4.1372e-005,0.0131168
4.1376e-005,0.0127795
4.138e-005,0.0129084
4.1384e-005,0.0141684
4.1388e-005,0.0133698
4.1392e-005,0.0135583
4.1396e-005,0.0139502
4.14e-005,0.0137716
4.1404e-005,0.0142428
4.1408e-005,0.0139353
4.1412e-005,0.0129878
4.1416e-005,0.0137964
4.142e-005,0.0137666
4.1424e-005,0.0131664
4.1428e-005,0.0134392
4.1432e-005,0.0134293
4.1436e-005,0.0131267
4.144e-005,0.0136823
4.1444e-005,0.013975
4.1448e-005,0.0130176
4.1452e-005,0.0142478
4.1456e-005,0.013335
4.146e-005,0.0138261
4.1464e-005,0.0137616
4.1468e-005,0.0129828
4.1472e-005,0.0128092
4.1476e-005,0.0134491
4.148e-005,0.0133946
4.1484e-005,0.0132606
4.1488e-005,0.0134739
4.1492e-005,0.0135285
4.1496e-005,0.0137567
4.15e-005,0.0137468
4.1504e-005,0.0134293
4.1508e-005,0.0134591
4.1512e-005,0.0133896
4.1516e-005,0.0130076
4.152e-005,0.0134888
4.1524e-005,0.0142478
4.1528e-005,0.0131515
4.1532e-005,0.0134491
4.1536e-005,0.0130374
4.154e-005,0.0137765
4.1544e-005,0.0135384
4.1548e-005,0.0136128
4.1552e-005,0.0135682
4.1556e-005,0.012834
4.156e-005,0.0139105
4.1564e-005,0.0131664
4.1568e-005,0.0134789
4.1572e-005,0.0131217
4.1576e-005,0.0138212
4.158e-005,0.0129283
4.1584e-005,0.0133846
4.1588e-005,0.0132507
4.1592e-005,0.0136674
4.1596e-005,0.0132507
4.16e-005,0.0134293
4.1604e-005,0.0132358
4.1608e-005,0.0133846
4.1612e-005,0.0135285
4.1616e-005,0.012715
4.162e-005,0.0137319
4.1624e-005,0.0136823
4.1628e-005,0.0132408
4.1632e-005,0.0136327
4.1636e-005,0.013092
4.164e-005,0.0135731
4.1644e-005,0.013211
4.1648e-005,0.0129233
4.1652e-005,0.0131664
4.1656e-005,0.0136178
4.166e-005,0.0131366
4.1664e-005,0.0134045
4.1668e-005,0.0133995
4.1672e-005,0.0129432
4.1676e-005,0.0137319
4.168e-005,0.0135781
4.1684e-005,0.0132457
4.1688e-005,0.0131664
4.1692e-005,0.0136872
4.1696e-005,0.0136178
4.17e-005,0.0133053
4.1704e-005,0.0143321
4.1708e-005,0.0137815
4.1712e-005,0.013216
4.1716e-005,0.0129035
4.172e-005,0.0135533
4.1724e-005,0.013335
4.1728e-005,0.0139353
4.1732e-005,0.01334
4.1736e-005,0.0126356
4.174e-005,0.0134739
4.1744e-005,0.0133301
4.1748e-005,0.0128638
4.1752e-005,0.0130424
4.1756e-005,0.0132259
4.176e-005,0.0131515
4.1764e-005,0.0136823
4.1768e-005,0.0140791
4.1772e-005,0.0136773
4.1776e-005,0.0133003
4.178e-005,0.0135136
4.1784e-005,0.0137319
4.1788e-005,0.0137616
4.1792e-005,0.0132557
4.1796e-005,0.0135682
4.18e-005,0.0132457
4.1804e-005,0.0136079
4.1808e-005,0.0136327
4.1812e-005,0.0133846
4.1816e-005,0.0137368
4.182e-005,0.01334
4.1824e-005,0.0137468
4.1828e-005,0.0135632
4.1832e-005,0.0132507
4.1836e-005,0.0132259
4.184e-005,0.0134094
4.1844e-005,0.0130324
4.1848e-005,0.0135384
4.1852e-005,0.0129928
4.1856e-005,0.0134392
4.186e-005,0.0127398
4.1864e-005,0.0131664
4.1868e-005,0.0144313
4.1872e-005,0.0154036
4.1876e-005,0.0155673
4.188e-005,0.0157558
4.1884e-005,0.0152994
4.1888e-005,0.0156368
4.1892e-005,0.0155326
4.1896e-005,0.0179633
4.19e-005,0.01837
4.1904e-005,0.0182659
4.1908e-005,0.018375
4.1912e-005,0.0177648
4.1916e-005,0.0128737
4.192e-005,0.00278882
4.1924e-005,0.00143953
4.1928e-005,-0.000738166
4.1932e-005,-0.000286752
4.1936e-005,-7.84074e-005
4.194e-005,-0.000108171
4.1944e-005,-0.00010321
4.1948e-005,0.000110095
4.1952e-005,-0.000906827
4.1956e-005,0.00387519
4.196e-005,0.0149968
4.1964e-005,0.0171448
4.1968e-005,0.0175168
4.1972e-005,0.019258
4.1976e-005,0.0189554
4.198e-005,0.018633
4.1984e-005,0.0199574
4.1988e-005,0.0198533
4.1992e-005,0.0195159
4.1996e-005,0.0202948
4.2e-005,0.020017
4.2004e-005,0.0196152
4.2008e-005,0.0203692
4.2012e-005,0.0203196
4.2016e-005,0.0205874
4.202e-005,0.0198285
4.2024e-005,0.0207164
4.2028e-005,0.0204386
4.2032e-005,0.0202799
4.2036e-005,0.0199425
4.204e-005,0.020384
4.2044e-005,0.0201459
4.2048e-005,0.02026
4.2052e-005,0.0202005
4.2056e-005,0.0210289
4.206e-005,0.0207561
4.2064e-005,0.0198433
4.2068e-005,0.0212521
4.2072e-005,0.0206321
4.2076e-005,0.020136
4.208e-005,0.0207164
4.2084e-005,0.0203741
4.2088e-005,0.0200963
4.2092e-005,0.020394
4.2096e-005,0.0201062
4.21e-005,0.0202551
4.2104e-005,0.0208206
4.2108e-005,0.0203741
4.2112e-005,0.0202997
4.2116e-005,0.0209496
4.212e-005,0.0203543
4.2124e-005,0.0202551
4.2128e-005,0.0205577
4.2132e-005,0.0201559
4.2136e-005,0.0202799
4.214e-005,0.0198929
4.2144e-005,0.0209148
4.2148e-005,0.0205775
4.2152e-005,0.0195655
4.2156e-005,0.0200616
4.216e-005,0.0195953
4.2164e-005,0.0201707
4.2168e-005,0.0200368
4.2172e-005,0.0203047
4.2176e-005,0.0200021
4.218e-005,0.0206321
4.2184e-005,0.019888
4.2188e-005,0.0201658
4.2192e-005,0.0204138
4.2196e-005,0.019759
4.22e-005,0.0202253
4.2204e-005,0.0201955
4.2208e-005,0.0199773
4.2212e-005,0.0203096
4.2216e-005,0.0202948
4.222e-005,0.020513
4.2224e-005,0.0205477
4.2228e-005,0.0202848
4.2232e-005,0.0206767
4.2236e-005,0.0201906
4.224e-005,0.0201013
4.2244e-005,0.0200418
4.2248e-005,0.02026
4.2252e-005,0.0204138
4.2256e-005,0.0201707
4.226e-005,0.0208255
4.2264e-005,0.0205477
4.2268e-005,0.0202799
4.2272e-005,0.020513
4.2276e-005,0.020895
4.228e-005,0.0207015
4.2284e-005,0.020513
4.2288e-005,0.0207462
4.2292e-005,0.020642
4.2296e-005,0.0206618
4.23e-005,0.0204039
4.2304e-005,0.0203047
4.2308e-005,0.0204684
4.2312e-005,0.0205428
4.2316e-005,0.0199227
4.232e-005,0.020384
4.2324e-005,0.020771
4.2328e-005,0.0200963
4.2332e-005,0.0213315
4.2336e-005,0.0204138
4.234e-005,0.0214952
4.2344e-005,0.0200368
4.2348e-005,0.0201013
4.2352e-005,0.0204585
4.2356e-005,0.020017
4.236e-005,0.0202997
4.2364e-005,0.0200467
4.2368e-005,0.0204585
4.2372e-005,0.02026
4.2376e-005,0.0204039
4.238e-005,0.0205527
4.2384e-005,0.0208702
4.2388e-005,0.0204684
4.2392e-005,0.0204535
4.2396e-005,0.0204932
4.24e-005,0.0205775
4.2404e-005,0.0206966
4.2408e-005,0.0196648
4.2412e-005,0.0204932
4.2416e-005,0.0208454
4.242e-005,0.0204138
4.2424e-005,0.0200666
4.2428e-005,0.0200517
4.2432e-005,0.020637
4.2436e-005,0.0200715
4.244e-005,0.0209843
4.2444e-005,0.0206668
4.2448e-005,0.0199326
4.2452e-005,0.0204634
4.2456e-005,0.0200666
4.246e-005,0.0204237
4.2464e-005,0.0210388
4.2468e-005,0.0204436
4.2472e-005,0.020141
4.2476e-005,0.0207759
4.248e-005,0.0200715
4.2484e-005,0.0200368
4.2488e-005,0.0202451
4.2492e-005,0.0192927
4.2496e-005,0.0195755
4.25e-005,0.0198731
4.2504e-005,0.0197491
4.2508e-005,0.0204833
4.2512e-005,0.0214853
4.2516e-005,0.0205329
4.252e-005,0.0202203
4.2524e-005,0.0205924
4.2528e-005,0.0200368
4.2532e-005,0.0202799
4.2536e-005,0.0205725
4.254e-005,0.0198681
4.2544e-005,0.0202948
4.2548e-005,0.0210091
4.2552e-005,0.0204188
4.2556e-005,0.0207114
4.256e-005,0.0202303
4.2564e-005,0.0204733
4.2568e-005,0.0200814
4.2572e-005,0.0199723
4.2576e-005,0.0202501
4.258e-005,0.0204783
4.2584e-005,0.0204833
4.2588e-005,0.0200269
4.2592e-005,0.0200814
4.2596e-005,0.020394
4.26e-005,0.0201112
4.2604e-005,0.0199872
4.2608e-005,0.0203493
4.2612e-005,0.0211281
4.2616e-005,0.0204039
4.262e-005,0.0196201
4.2624e-005,0.0201856
4.2628e-005,0.0203741
4.2632e-005,0.019883
4.2636e-005,0.0210041
4.264e-005,0.0213216
4.2644e-005,0.0212125
4.2648e-005,0.0218425
4.2652e-005,0.0224377
4.2656e-005,0.022403
4.266e-005,0.0209049
4.2664e-005,0.0198929
4.2668e-005,0.0192629
4.2672e-005,0.0190546
4.2676e-005,0.0186726
4.268e-005,0.0184246
4.2684e-005,0.0133301
4.2688e-005,0.00352298
4.2692e-005,0.00136016
4.2696e-005,-0.000381004
4.27e-005,-0.00110525
4.2704e-005,-0.000306595
4.2708e-005,-0.000207383
4.2712e-005,-0.000366122
4.2716e-005,0.000328361
4.272e-005,-0.000857221
4.2724e-005,0.00433652
4.2728e-005,0.0161477
4.2732e-005,0.0183403
4.2736e-005,0.0196896
4.274e-005,0.0220558
4.2744e-005,0.0232265
4.2748e-005,0.0241045
4.2752e-005,0.0246948
4.2756e-005,0.0253149
4.276e-005,0.0264161
4.2764e-005,0.0271007
4.2768e-005,0.0281176
4.2772e-005,0.0277257
4.2776e-005,0.0282119
4.278e-005,0.0287178
4.2784e-005,0.0286137
4.2788e-005,0.0291345
4.2792e-005,0.0290105
4.2796e-005,0.0293528
4.28e-005,0.0288071
4.2804e-005,0.0291445
4.2808e-005,0.0292139
4.2812e-005,0.0294024
4.2816e-005,0.0299977
4.282e-005,0.0297348
4.2824e-005,0.029328
4.2828e-005,0.0291643
4.2832e-005,0.0288468
4.2836e-005,0.0294322
4.284e-005,0.0289163
4.2844e-005,0.0293032
4.2848e-005,0.0295115
4.2852e-005,0.029323
4.2856e-005,0.0291147
4.286e-005,0.02908
4.2864e-005,0.0286484
4.2868e-005,0.0285393
4.2872e-005,0.0290155
4.2876e-005,0.0293478
4.288e-005,0.0288369
4.2884e-005,0.0288964
4.2888e-005,0.0287129
4.2892e-005,0.0283656
4.2896e-005,0.0286186
4.29e-005,0.0283805
4.2904e-005,0.0282912
4.2908e-005,0.0290452
4.2912e-005,0.02908
4.2916e-005,0.0286633
4.292e-005,0.029075
4.2924e-005,0.0286285
4.2928e-005,0.0288468
4.2932e-005,0.0290651
4.2936e-005,0.0285393
4.294e-005,0.0286732
4.2944e-005,0.0285244
4.2948e-005,0.0288567
4.2952e-005,0.0286682
4.2956e-005,0.0284996
4.296e-005,0.0286137
4.2964e-005,0.0294818
4.2968e-005,0.0295959
4.2972e-005,0.028827
4.2976e-005,0.0287823
4.298e-005,0.0285988
4.2984e-005,0.0285095
4.2988e-005,0.0281672
4.2992e-005,0.0285789
4.2996e-005,0.0286434
4.3e-005,0.0284996
4.3004e-005,0.0289014
4.3008e-005,0.0286087
4.3012e-005,0.0284351
4.3016e-005,0.0291891
4.302e-005,0.0284599
4.3024e-005,0.028693
4.3028e-005,0.0288865
4.3032e-005,0.0293677
4.3036e-005,0.0290353
4.304e-005,0.0287426
4.3044e-005,0.0289559
4.3048e-005,0.0293925
4.3052e-005,0.029199
4.3056e-005,0.0291494
4.306e-005,0.0292585
4.3064e-005,0.0290998
4.3068e-005,0.0292784
4.3072e-005,0.0290403
4.3076e-005,0.029581
4.308e-005,0.0289262
4.3084e-005,0.0291048
4.3088e-005,0.0288419
4.3092e-005,0.0290006
4.3096e-005,0.0286137
4.31e-005,0.0285492
4.3104e-005,0.0288617
4.3108e-005,0.0282218
4.3112e-005,0.0290155
4.3116e-005,0.0290651
4.312e-005,0.028698
4.3124e-005,0.0288518
4.3128e-005,0.028693
4.3132e-005,0.0285988
4.3136e-005,0.0283805
4.314e-005,0.0287426
4.3144e-005,0.0288617
4.3148e-005,0.0287774
4.3152e-005,0.0287823
4.3156e-005,0.0289609
4.316e-005,0.0290403
4.3164e-005,0.0281623
4.3168e-005,0.0280978
4.3172e-005,0.0288865
4.3176e-005,0.028822
4.318e-005,0.0289808
4.3184e-005,0.0285194
4.3188e-005,0.0282962
4.3192e-005,0.0280928
4.3196e-005,0.0284202
4.32e-005,0.0281523
4.3204e-005,0.0286087
4.3208e-005,0.0285045
4.3212e-005,0.028698
4.3216e-005,0.0288567
4.322e-005,0.0290403
4.3224e-005,0.028822
4.3228e-005,0.0284252
4.3232e-005,0.0284946
4.3236e-005,0.0282019
4.324e-005,0.0283359
4.3244e-005,0.0288518
4.3248e-005,0.0287278
4.3252e-005,0.0284549
4.3256e-005,0.0286633
4.326e-005,0.0285492
4.3264e-005,0.0283458
4.3268e-005,0.0287327
4.3272e-005,0.0285938
4.3276e-005,0.0286037
4.328e-005,0.0285641
4.3284e-005,0.0281126
4.3288e-005,0.0287526
4.3292e-005,0.0290452
4.3296e-005,0.0280829
4.33e-005,0.028698
4.3304e-005,0.0287476
4.3308e-005,0.0288419
4.3312e-005,0.0287575
4.3316e-005,0.0291494
4.332e-005,0.0286534
4.3324e-005,0.0293131
4.3328e-005,0.0290353
4.3332e-005,0.0288022
4.3336e-005,0.0290651
4.334e-005,0.0291891
4.3344e-005,0.0289609
4.3348e-005,0.0290502
4.3352e-005,0.0289808
4.3356e-005,0.0283607
4.336e-005,0.0281722
4.3364e-005,0.0285393
4.3368e-005,0.0288419
4.3372e-005,0.0288567
4.3376e-005,0.0289411
4.338e-005,0.0288964
4.3384e-005,0.0289014
4.3388e-005,0.0290502
4.3392e-005,0.0289808
4.3396e-005,0.0285988
4.34e-005,0.0284301
4.3404e-005,0.0279589
4.3408e-005,0.0275174
4.3412e-005,0.0278299
4.3416e-005,0.028068
4.342e-005,0.0281126
4.3424e-005,0.0287228
4.3428e-005,0.024923
4.3432e-005,0.0204237
4.3436e-005,0.0192878
4.344e-005,0.0190546
4.3444e-005,0.0183601
4.3448e-005,0.0180823
4.3452e-005,0.0128291
4.3456e-005,0.00267968
4.346e-005,0.00136016
4.3464e-005,-5.36045e-005
4.3468e-005,-0.000470294
4.3472e-005,0.000492061
4.3476e-005,0.000248992
4.348e-005,-0.000301634
4.3484e-005,-0.000242107
4.3488e-005,-0.000797694
4.3492e-005,0.00529392
4.3496e-005,0.0154731
4.35e-005,0.0188661
4.3504e-005,0.0214208
4.3508e-005,0.0241094
4.3512e-005,0.0267634
4.3516e-005,0.0277208
4.352e-005,0.0292883
4.3524e-005,0.0306971
4.3528e-005,0.0319472
4.3532e-005,0.032602
4.3536e-005,0.033733
4.354e-005,0.0348243
4.3544e-005,0.0356825
4.3548e-005,0.0356776
4.3552e-005,0.0360992
4.3556e-005,0.0367044
4.356e-005,0.0374981
4.3564e-005,0.0378156
4.3568e-005,0.0377461
4.3572e-005,0.0382868
4.3576e-005,0.0383017
4.358e-005,0.038386
4.3584e-005,0.038396
4.3588e-005,0.038773
4.3592e-005,0.0386043
4.3596e-005,0.0383017
4.36e-005,0.0387581
4.3604e-005,0.0389912
4.3608e-005,0.0383166
4.3612e-005,0.0387779
4.3616e-005,0.0390408
4.362e-005,0.0386341
4.3624e-005,0.0389565
4.3628e-005,0.0387978
4.3632e-005,0.0387283
4.3636e-005,0.0386738
4.364e-005,0.0390458
4.3644e-005,0.0390954
4.3648e-005,0.0391698
4.3652e-005,0.0392343
4.3656e-005,0.0391301
4.366e-005,0.0390756
4.3664e-005,0.038897
4.3668e-005,0.0384555
4.3672e-005,0.0384505
4.3676e-005,0.0387829
4.368e-005,0.0388871
4.3684e-005,0.0386142
4.3688e-005,0.0392244
4.3692e-005,0.0391103
4.3696e-005,0.038396
4.37e-005,0.0390359
4.3704e-005,0.0386241
4.3708e-005,0.0388325
4.3712e-005,0.0389515
4.3716e-005,0.0392938
4.372e-005,0.0390012
4.3724e-005,0.0388474
4.3728e-005,0.0390706
4.3732e-005,0.0390607
4.3736e-005,0.0395964
4.374e-005,0.0392244
4.3744e-005,0.0394228
4.3748e-005,0.0393633
4.3752e-005,0.0392988
4.3756e-005,0.0392492
4.376e-005,0.0391202
4.3764e-005,0.0386986
4.3768e-005,0.0393385
4.3772e-005,0.0386142
4.3776e-005,0.0387531
4.378e-005,0.0383315
4.3784e-005,0.039274
4.3788e-005,0.0391202
4.3792e-005,0.0383513
4.3796e-005,0.0386837
4.38e-005,0.0388375
4.3804e-005,0.0380834
4.3808e-005,0.0390607
4.3812e-005,0.0382174
4.3816e-005,0.0386291
4.382e-005,0.0384257
4.3824e-005,0.0387779
4.3828e-005,0.0379743
4.3832e-005,0.0385001
4.3836e-005,0.0385993
4.384e-005,0.0387482
4.3844e-005,0.0391748
4.3848e-005,0.0387531
4.3852e-005,0.0389515
4.3856e-005,0.0393583
4.386e-005,0.0382521
4.3864e-005,0.0390805
4.3868e-005,0.0387581
4.3872e-005,0.0387035
4.3876e-005,0.0386192
4.388e-005,0.0390706
4.3884e-005,0.0384356
4.3888e-005,0.0383414
4.3892e-005,0.0384009
4.3896e-005,0.0390805
4.39e-005,0.0382025
4.3904e-005,0.0382223
4.3908e-005,0.0382025
4.3912e-005,0.0384654
4.3916e-005,0.0383315
4.392e-005,0.038386
4.3924e-005,0.0378701
4.3928e-005,0.0384704
4.3932e-005,0.0382719
4.3936e-005,0.0385448
4.394e-005,0.0388176
4.3944e-005,0.0388871
4.3948e-005,0.0387482
4.3952e-005,0.0389168
4.3956e-005,0.0378949
4.396e-005,0.0379743
4.3964e-005,0.0388573
4.3968e-005,0.0389466
4.3972e-005,0.038639
4.3976e-005,0.038773
4.398e-005,0.0388375
4.3984e-005,0.0385894
4.3988e-005,0.0392591
4.3992e-005,0.0383563
4.3996e-005,0.0383811
4.4e-005,0.0388176
4.4004e-005,0.0385349
4.4008e-005,0.038396
4.4012e-005,0.0385051
4.4016e-005,0.0384208
4.402e-005,0.0384456
4.4024e-005,0.0380636
4.4028e-005,0.0377858
4.4032e-005,0.0382719
4.4036e-005,0.0379396
4.404e-005,0.0387779
4.4044e-005,0.0387234
4.4048e-005,0.0384952
4.4052e-005,0.0388375
4.4056e-005,0.0384406
4.406e-005,0.0377808
4.4064e-005,0.0389466
4.4068e-005,0.0378751
4.4072e-005,0.0392045
4.4076e-005,0.0385398
4.408e-005,0.0387035
4.4084e-005,0.0385497
4.4088e-005,0.0392095
4.4092e-005,0.0387134
4.4096e-005,0.0388126
4.41e-005,0.0385349
4.4104e-005,0.0380785
4.4108e-005,0.0384604
4.4112e-005,0.0390508
4.4116e-005,0.0381678
4.412e-005,0.0391252
4.4124e-005,0.0385051
4.4128e-005,0.0391748
4.4132e-005,0.0389168
4.4136e-005,0.0389912
4.414e-005,0.0387085
4.4144e-005,0.0391351
4.4148e-005,0.0389813
4.4152e-005,0.0385944
4.4156e-005,0.0394079
4.416e-005,0.0394873
4.4164e-005,0.038515
4.4168e-005,0.0384902
4.4172e-005,0.0370963
4.4176e-005,0.0350674
4.418e-005,0.0339017
4.4184e-005,0.033485
4.4188e-005,0.0321208
4.4192e-005,0.0326962
4.4196e-005,0.0280382
4.42e-005,0.0218772
4.4204e-005,0.0198037
4.4208e-005,0.0189653
4.4212e-005,0.0185585
4.4216e-005,0.0182262
4.422e-005,0.0133549
4.4224e-005,0.00452502
4.4228e-005,0.00138001
4.4232e-005,-0.000415728
4.4236e-005,-0.000217304
4.424e-005,0.000546627
4.4244e-005,-0.000212343
4.4248e-005,-0.000385964
4.4252e-005,-7.34468e-005
4.4256e-005,-0.000698482
4.426e-005,0.00501116
4.4264e-005,0.0160187
4.4268e-005,0.0171845
4.4272e-005,0.0177847
4.4276e-005,0.0170505
4.428e-005,0.0161725
4.4284e-005,0.0152548
4.4288e-005,0.0147339
4.4292e-005,0.0142527
4.4296e-005,0.0143024
4.43e-005,0.0135235
4.4304e-005,0.0134094
4.4308e-005,0.0126505
4.4312e-005,0.0129084
4.4316e-005,0.0132755
4.432e-005,0.01334
4.4324e-005,0.0123628
4.4328e-005,0.0129878
4.4332e-005,0.0134491
4.4336e-005,0.01208
4.434e-005,0.0127199
4.4344e-005,0.0129481
4.4348e-005,0.0132259
4.4352e-005,0.0124818
4.4356e-005,0.0130473
4.436e-005,0.0136128
4.4364e-005,0.0123429
4.4368e-005,0.0124074
4.4372e-005,0.0129878
4.4376e-005,0.0125513
4.438e-005,0.0134094
4.4384e-005,0.0134243
4.4388e-005,0.012968
4.4392e-005,0.0137269
4.4396e-005,0.0129183
4.44e-005,0.0136426
4.4404e-005,0.0130473
4.4408e-005,0.0142081
4.4412e-005,0.0142081
4.4416e-005,0.0140742
4.442e-005,0.0134392
4.4424e-005,0.0137269
4.4428e-005,0.0134739
4.4432e-005,0.0140246
4.4436e-005,0.0142924
4.444e-005,0.013717
4.4444e-005,0.0140494
4.4448e-005,0.0136872
4.4452e-005,0.013841
4.4456e-005,0.0134491
4.446e-005,0.0138807
4.4464e-005,0.0137269
4.4468e-005,0.0137716
4.4472e-005,0.0132061
4.4476e-005,0.0133946
4.448e-005,0.0135533
4.4484e-005,0.013712
4.4488e-005,0.0126852
4.4492e-005,0.0134491
4.4496e-005,0.0136624
4.45e-005,0.0130027
4.4504e-005,0.0138261
4.4508e-005,0.0132408
4.4512e-005,0.0133946
4.4516e-005,0.0134194
4.452e-005,0.013464
4.4524e-005,0.0144909
4.4528e-005,0.0137815
4.4532e-005,0.0139005
4.4536e-005,0.013965
4.454e-005,0.0139105
4.4544e-005,0.0138013
4.4548e-005,0.0138757
4.4552e-005,0.0137616
4.4556e-005,0.0137269
4.456e-005,0.0135136
4.4564e-005,0.0132209
4.4568e-005,0.0136872
4.4572e-005,0.0133995
4.4576e-005,0.0132259
4.458e-005,0.0138807
4.4584e-005,0.0138261
4.4588e-005,0.0130225
4.4592e-005,0.0128489
4.4596e-005,0.0125463
4.46e-005,0.013345
4.4604e-005,0.0135037
4.4608e-005,0.0138708
4.4612e-005,0.012705
4.4616e-005,0.0131366
4.462e-005,0.0138509
4.4624e-005,0.013593
4.4628e-005,0.0131763
4.4632e-005,0.0144512
4.4636e-005,0.0134293
4.464e-005,0.0141585
4.4644e-005,0.0139601
4.4648e-005,0.0137666
4.4652e-005,0.0136872
4.4656e-005,0.013345
4.466e-005,0.0131664
4.4664e-005,0.0138609
4.4668e-005,0.0133549
4.4672e-005,0.0141783
4.4676e-005,0.0138212
4.468e-005,0.0141039
4.4684e-005,0.0136724
4.4688e-005,0.0133301
4.4692e-005,0.0141486
4.4696e-005,0.0137865
4.47e-005,0.0143321
4.4704e-005,0.0138609
4.4708e-005,0.0134343
4.4712e-005,0.0138212
4.4716e-005,0.0134987
4.472e-005,0.0128191
4.4724e-005,0.0134243
4.4728e-005,0.0134491
4.4732e-005,0.0137616
4.4736e-005,0.0131515
4.474e-005,0.0132358
4.4744e-005,0.0142627
4.4748e-005,0.0131763
4.4752e-005,0.0132656
4.4756e-005,0.0137071
4.476e-005,0.0139948
4.4764e-005,0.0139253
4.4768e-005,0.0133202
4.4772e-005,0.013469
4.4776e-005,0.0143272
4.478e-005,0.0139105
4.4784e-005,0.014094
4.4788e-005,0.013216
4.4792e-005,0.0144164
4.4796e-005,0.0136029
4.48e-005,0.0141039
4.4804e-005,0.0144016
4.4808e-005,0.0137914
4.4812e-005,0.014218
4.4816e-005,0.0143272
4.482e-005,0.0145355
4.4824e-005,0.0142031
4.4828e-005,0.0135037
4.4832e-005,0.013598
4.4836e-005,0.0136476
4.484e-005,0.0141139
4.4844e-005,0.013846
4.4848e-005,0.0134789
4.4852e-005,0.0135136
4.4856e-005,0.0135235
4.486e-005,0.0139402
4.4864e-005,0.0143619
4.4868e-005,0.0138708
4.4872e-005,0.0145206
4.4876e-005,0.0137319
4.488e-005,0.0139303
4.4884e-005,0.0138658
4.4888e-005,0.0136823
4.4892e-005,0.0138807
4.4896e-005,0.013593
4.49e-005,0.0134491
4.4904e-005,0.0140841
4.4908e-005,0.0141436
4.4912e-005,0.0135235
4.4916e-005,0.0136624
4.492e-005,0.0144214
4.4924e-005,0.0139948
4.4928e-005,0.0139452
4.4932e-005,0.0133301
4.4936e-005,0.0142825
4.494e-005,0.0149323
4.4944e-005,0.0155673
4.4948e-005,0.0164354
4.4952e-005,0.0162023
4.4956e-005,0.0161427
4.496e-005,0.0171944
4.4964e-005,0.0171993
4.4968e-005,0.0182609
4.4972e-005,0.0190943
4.4976e-005,0.0184494
4.498e-005,0.0185089
4.4984e-005,0.0178194
4.4988e-005,0.0121495
4.4992e-005,0.00354283
4.4996e-005,0.00150402
4.5e-005,-0.000227225
4.5004e-005,-1.39197e-005
4.5008e-005,0.000526785
4.5012e-005,-0.000381004
4.5016e-005,7.5371e-005
4.502e-005,0.000442455
4.5024e-005,-0.000951472
4.5028e-005,0.00444069
4.5032e-005,0.0151804
4.5036e-005,0.0172093
4.504e-005,0.0181121
4.5044e-005,0.0189207
4.5048e-005,0.0190596
4.5052e-005,0.0188413
4.5056e-005,0.0197689
4.506e-005,0.0202402
4.5064e-005,0.0199624
4.5068e-005,0.0199674
4.5072e-005,0.0198185
4.5076e-005,0.0198533
4.508e-005,0.0202799
4.5084e-005,0.0201112
4.5088e-005,0.0203196
4.5092e-005,0.020518
4.5096e-005,0.0204981
4.51e-005,0.02026
4.5104e-005,0.0204287
4.5108e-005,0.0196201
4.5112e-005,0.0199326
4.5116e-005,0.0200616
4.512e-005,0.0192629
4.5124e-005,0.0198433
4.5128e-005,0.0200914
4.5132e-005,0.0203047
4.5136e-005,0.0195804
4.514e-005,0.0199475
4.5144e-005,0.020017
4.5148e-005,0.0200715
4.5152e-005,0.0195953
4.5156e-005,0.0200814
4.516e-005,0.0198136
4.5164e-005,0.0201013
4.5168e-005,0.0198582
4.5172e-005,0.0193374
4.5176e-005,0.0205378
4.518e-005,0.0202154
4.5184e-005,0.0198681
4.5188e-005,0.0196251
4.5192e-005,0.0199822
4.5196e-005,0.0200021
4.52e-005,0.0198483
4.5204e-005,0.0196697
4.5208e-005,0.0200616
4.5212e-005,0.0206073
4.5216e-005,0.0200368
4.522e-005,0.0195854
4.5224e-005,0.0201162
4.5228e-005,0.0199078
4.5232e-005,0.0196598
4.5236e-005,0.0202948
4.524e-005,0.0198681
4.5244e-005,0.0200418
4.5248e-005,0.0201906
4.5252e-005,0.0200368
4.5256e-005,0.0202948
4.526e-005,0.0198731
4.5264e-005,0.0204485
4.5268e-005,0.0202104
4.5272e-005,0.0194862
4.5276e-005,0.0199128
4.528e-005,0.0198681
4.5284e-005,0.01901
4.5288e-005,0.0193671
4.5292e-005,0.0194961
4.5296e-005,0.0200269
4.53e-005,0.0203741
4.5304e-005,0.0201062
4.5308e-005,0.0203295
4.5312e-005,0.0201509
4.5316e-005,0.0202104
4.532e-005,0.0201906
4.5324e-005,0.0201807
4.5328e-005,0.0199128
4.5332e-005,0.0200914
4.5336e-005,0.0199029
4.534e-005,0.020136
4.5344e-005,0.0203692
4.5348e-005,0.0200467
4.5352e-005,0.0203741
4.5356e-005,0.0202203
4.536e-005,0.0202055
4.5364e-005,0.0200318
4.5368e-005,0.0198632
4.5372e-005,0.0201906
4.5376e-005,0.0199425
4.538e-005,0.0203741
4.5384e-005,0.0202997
4.5388e-005,0.0196449
4.5392e-005,0.0207263
4.5396e-005,0.0199326
4.54e-005,0.0197392
4.5404e-005,0.0202799
4.5408e-005,0.0203791
4.5412e-005,0.0199029
4.5416e-005,0.0203196
4.542e-005,0.0196697
4.5424e-005,0.020394
4.5428e-005,0.0199128
4.5432e-005,0.0204386
4.5436e-005,0.0201807
4.544e-005,0.020012
4.5444e-005,0.0197292
4.5448e-005,0.0197838
4.5452e-005,0.019764
4.5456e-005,0.0202501
4.546e-005,0.0196152
4.5464e-005,0.02089
4.5468e-005,0.0201211
4.5472e-005,0.0204733
4.5476e-005,0.0198681
4.548e-005,0.02026
4.5484e-005,0.0201112
4.5488e-005,0.0201013
4.5492e-005,0.0201707
4.5496e-005,0.0203741
4.55e-005,0.0199177
4.5504e-005,0.01963
4.5508e-005,0.0197491
4.5512e-005,0.0199475
4.5516e-005,0.0197888
4.552e-005,0.0198533
4.5524e-005,0.0199971
4.5528e-005,0.0204833
4.5532e-005,0.01964
4.5536e-005,0.0195903
4.554e-005,0.0202104
4.5544e-005,0.0203692
4.5548e-005,0.0199078
4.5552e-005,0.0200814
4.5556e-005,0.0200517
4.556e-005,0.0199277
4.5564e-005,0.0199922
4.5568e-005,0.0203543
4.5572e-005,0.0197491
4.5576e-005,0.020389
4.558e-005,0.0196896
4.5584e-005,0.0200715
4.5588e-005,0.0202104
4.5592e-005,0.0199624
4.5596e-005,0.020017
4.56e-005,0.0206172
4.5604e-005,0.019754
4.5608e-005,0.0206817
4.5612e-005,0.0201608
4.5616e-005,0.0203245
4.562e-005,0.0202848
4.5624e-005,0.0200368
4.5628e-005,0.0194961
4.5632e-005,0.0204684
4.5636e-005,0.0198781
4.564e-005,0.0195407
4.5644e-005,0.0202203
4.5648e-005,0.0197789
4.5652e-005,0.0195358
4.5656e-005,0.020513
4.566e-005,0.0197094
4.5664e-005,0.0195407
4.5668e-005,0.0196052
4.5672e-005,0.0198582
4.5676e-005,0.0200219
4.568e-005,0.0198929
4.5684e-005,0.0202799
4.5688e-005,0.0199376
4.5692e-005,0.0199574
4.5696e-005,0.0204733
4.57e-005,0.0198533
4.5704e-005,0.0199227
4.5708e-005,0.0207511
4.5712e-005,0.0212323
4.5716e-005,0.0219069
4.572e-005,0.0217085
4.5724e-005,0.0212521
4.5728e-005,0.0220558
4.5732e-005,0.0202154
4.5736e-005,0.0192629
4.574e-005,0.0190496
4.5744e-005,0.018633
4.5748e-005,0.018633
4.5752e-005,0.0174424
4.5756e-005,0.012586
4.576e-005,0.0038603
4.5764e-005,0.00144449
4.5768e-005,-0.000633994
4.5772e-005,-0.00010321
4.5776e-005,7.5371e-005
4.578e-005,-0.000217304
4.5784e-005,-0.000371082
4.5788e-005,0.000293637
4.5792e-005,-0.00113997
4.5796e-005,0.00424723
4.58e-005,0.0155921
4.5804e-005,0.0185189
4.5808e-005,0.0194266
4.5812e-005,0.0223534
4.5816e-005,0.0231669
4.582e-005,0.023281
4.5824e-005,0.0247295
4.5828e-005,0.0258953
4.5832e-005,0.0255183
4.5836e-005,0.0267931
4.584e-005,0.0272743
4.5844e-005,0.027567
4.5848e-005,0.0281474
4.5852e-005,0.0283756
4.5856e-005,0.0285839
4.586e-005,0.0287476
4.5864e-005,0.0296504
4.5868e-005,0.0287674
4.5872e-005,0.0288022
4.5876e-005,0.0294719
4.588e-005,0.0291593
4.5884e-005,0.0295066
4.5888e-005,0.0294867
4.5892e-005,0.0301862
4.5896e-005,0.029576
4.59e-005,0.0291544
4.5904e-005,0.0295562
4.5908e-005,0.0290056
4.5912e-005,0.0294123
4.5916e-005,0.029447
4.592e-005,0.0294322
4.5924e-005,0.0294123
4.5928e-005,0.0293578
4.5932e-005,0.029204
4.5936e-005,0.0292337
4.594e-005,0.0286236
4.5944e-005,0.0295959
4.5948e-005,0.0295264
4.5952e-005,0.0286484
4.5956e-005,0.0292883
4.596e-005,0.0293925
4.5964e-005,0.0289659
4.5968e-005,0.0293578
4.5972e-005,0.029199
4.5976e-005,0.0290552
4.598e-005,0.0296306
4.5984e-005,0.0291296
4.5988e-005,0.0289857
4.5992e-005,0.0291742
4.5996e-005,0.0293478
4.6e-005,0.0292585
4.6004e-005,0.0288171
4.6008e-005,0.0287377
4.6012e-005,0.0298836
4.6016e-005,0.0298588
4.602e-005,0.0290651
4.6024e-005,0.0297794
4.6028e-005,0.0297844
4.6032e-005,0.0291296
4.6036e-005,0.0290601
4.604e-005,0.0287327
4.6044e-005,0.0287674
4.6048e-005,0.0285591
4.6052e-005,0.02907
4.6056e-005,0.029204
4.606e-005,0.0291048
4.6064e-005,0.0294173
4.6068e-005,0.02907
4.6072e-005,0.0290204
4.6076e-005,0.0285244
4.608e-005,0.0289113
4.6084e-005,0.0293528
4.6088e-005,0.0293032
4.6092e-005,0.0288369
4.6096e-005,0.0290204
4.61e-005,0.0289559
4.6104e-005,0.02845
4.6108e-005,0.0293082
4.6112e-005,0.0289758
4.6116e-005,0.0291048
4.612e-005,0.0287922
4.6124e-005,0.0291445
4.6128e-005,0.0293379
4.6132e-005,0.0293875
4.6136e-005,0.0291147
4.614e-005,0.0284549
4.6144e-005,0.0290105
4.6148e-005,0.0291643
4.6152e-005,0.0290204
4.6156e-005,0.0287129
4.616e-005,0.0292486
4.6164e-005,0.0289113
4.6168e-005,0.0286881
4.6172e-005,0.0290304
4.6176e-005,0.0282714
4.618e-005,0.0290204
4.6184e-005,0.0286137
4.6188e-005,0.0284004
4.6192e-005,0.0285393
4.6196e-005,0.0282515
4.62e-005,0.0287327
4.6204e-005,0.0285145
4.6208e-005,0.0281722
4.6212e-005,0.028197
4.6216e-005,0.0285194
4.622e-005,0.0279142
4.6224e-005,0.0283656
4.6228e-005,0.0283557
4.6232e-005,0.0284301
4.6236e-005,0.0284748
4.624e-005,0.0287625
4.6244e-005,0.0283656
4.6248e-005,0.0286385
4.6252e-005,0.0288518
4.6256e-005,0.028574
4.626e-005,0.0287575
4.6264e-005,0.0283904
4.6268e-005,0.0285591
4.6272e-005,0.0284649
4.6276e-005,0.0285839
4.628e-005,0.0289659
4.6284e-005,0.0288766
4.6288e-005,0.028822
4.6292e-005,0.0291147
4.6296e-005,0.0285641
4.63e-005,0.0287129
4.6304e-005,0.02844
4.6308e-005,0.0288369
4.6312e-005,0.0284748
4.6316e-005,0.0286633
4.632e-005,0.0290651
4.6324e-005,0.0293082
4.6328e-005,0.0287873
4.6332e-005,0.0286881
4.6336e-005,0.0289163
4.634e-005,0.0284748
4.6344e-005,0.0292486
4.6348e-005,0.0289212
4.6352e-005,0.0290155
4.6356e-005,0.029323
4.636e-005,0.0285095
4.6364e-005,0.0281523
4.6368e-005,0.0287575
4.6372e-005,0.0286285
4.6376e-005,0.0291494
4.638e-005,0.0287526
4.6384e-005,0.028326
4.6388e-005,0.0281871
4.6392e-005,0.028321
4.6396e-005,0.028063
4.64e-005,0.0287129
4.6404e-005,0.0279986
4.6408e-005,0.0285244
4.6412e-005,0.0284252
4.6416e-005,0.0286583
4.642e-005,0.0287377
4.6424e-005,0.028827
4.6428e-005,0.0284946
4.6432e-005,0.0282367
4.6436e-005,0.0286137
4.644e-005,0.0292635
4.6444e-005,0.0286285
4.6448e-005,0.0287972
4.6452e-005,0.0289559
4.6456e-005,0.0286534
4.646e-005,0.0293478
4.6464e-005,0.0289559
4.6468e-005,0.0291048
4.6472e-005,0.0289659
4.6476e-005,0.0279589
4.648e-005,0.027696
4.6484e-005,0.0281771
4.6488e-005,0.0280134
4.6492e-005,0.0278646
4.6496e-005,0.0277456
4.65e-005,0.0251413
4.6504e-005,0.0202402
4.6508e-005,0.019258
4.6512e-005,0.0184345
4.6516e-005,0.0191637
4.652e-005,0.018375
4.6524e-005,0.0135136
4.6528e-005,0.00268464
4.6532e-005,0.00109229
4.6536e-005,-0.0005199
4.654e-005,-0.000872102
4.6544e-005,0.000100174
4.6548e-005,-0.000286752
4.6552e-005,-2.38409e-005
4.6556e-005,-0.000142895
4.656e-005,-0.00132352
4.6564e-005,0.00415794
4.6568e-005,0.0153689
4.6572e-005,0.0189355
4.6576e-005,0.0212621
4.658e-005,0.0244914
4.6584e-005,0.0266195
4.6588e-005,0.027696
4.6592e-005,0.0289907
4.6596e-005,0.0307517
4.66e-005,0.0320216
4.6604e-005,0.0327161
4.6608e-005,0.0345366
4.6612e-005,0.0345813
4.6616e-005,0.0350823
4.662e-005,0.0356577
4.6624e-005,0.0365953
4.6628e-005,0.0369078
4.6632e-005,0.0373939
4.6636e-005,0.0374782
4.664e-005,0.0373294
4.6644e-005,0.0372947
4.6648e-005,0.0376717
4.6652e-005,0.0379991
4.6656e-005,0.038386
4.666e-005,0.0382124
4.6664e-005,0.0385795
4.6668e-005,0.0385448
4.6672e-005,0.0381082
4.6676e-005,0.0386142
4.668e-005,0.0385597
4.6684e-005,0.0385398
4.6688e-005,0.0391549
4.6692e-005,0.0387035
4.6696e-005,0.0380289
4.67e-005,0.0385101
4.6704e-005,0.0387382
4.6708e-005,0.0384456
4.6712e-005,0.0389218
4.6716e-005,0.0385993
4.672e-005,0.0388226
4.6724e-005,0.0389565
4.6728e-005,0.0384952
4.6732e-005,0.0385497
4.6736e-005,0.0392492
4.674e-005,0.0382769
4.6744e-005,0.0385051
4.6748e-005,0.0388077
4.6752e-005,0.0381479
4.6756e-005,0.038644
4.676e-005,0.038009
4.6764e-005,0.0381281
4.6768e-005,0.0380537
4.6772e-005,0.0380636
4.6776e-005,0.0382273
4.678e-005,0.0387085
4.6784e-005,0.0385745
4.6788e-005,0.0388722
4.6792e-005,0.038386
4.6796e-005,0.0388226
4.68e-005,0.0381132
4.6804e-005,0.0383265
4.6808e-005,0.0385497
4.6812e-005,0.0382819
4.6816e-005,0.0382422
4.682e-005,0.0386738
4.6824e-005,0.0384208
4.6828e-005,0.0383414
4.6832e-005,0.0387779
4.6836e-005,0.0382471
4.684e-005,0.0386241
4.6844e-005,0.0383563
4.6848e-005,0.0391152
4.6852e-005,0.0385101
4.6856e-005,0.0386341
4.686e-005,0.0387035
4.6864e-005,0.0385993
4.6868e-005,0.0394526
4.6872e-005,0.0386688
4.6876e-005,0.0383513
4.688e-005,0.0386986
4.6884e-005,0.0386043
4.6888e-005,0.0379644
4.6892e-005,0.0390309
4.6896e-005,0.0384108
4.69e-005,0.0390111
4.6904e-005,0.0390359
4.6908e-005,0.0385894
4.6912e-005,0.0387531
4.6916e-005,0.0385349
4.692e-005,0.0390805
4.6924e-005,0.0386192
4.6928e-005,0.0391152
4.6932e-005,0.0386638
4.6936e-005,0.0386589
4.694e-005,0.0390111
4.6944e-005,0.0389218
4.6948e-005,0.038763
4.6952e-005,0.0387829
4.6956e-005,0.0380834
4.696e-005,0.0385894
4.6964e-005,0.0385944
4.6968e-005,0.0386986
4.6972e-005,0.0383563
4.6976e-005,0.038773
4.698e-005,0.0384952
4.6984e-005,0.0382868
4.6988e-005,0.0388375
4.6992e-005,0.038768
4.6996e-005,0.0386192
4.7e-005,0.038019
4.7004e-005,0.0384952
4.7008e-005,0.0385299
4.7012e-005,0.03915
4.7016e-005,0.0389168
4.702e-005,0.0384505
4.7024e-005,0.0392789
4.7028e-005,0.0387829
4.7032e-005,0.038768
4.7036e-005,0.0387978
4.704e-005,0.0386986
4.7044e-005,0.0392889
4.7048e-005,0.0394823
4.7052e-005,0.0391847
4.7056e-005,0.0394724
4.706e-005,0.0390359
4.7064e-005,0.0388871
4.7068e-005,0.0389168
4.7072e-005,0.0390508
4.7076e-005,0.0387184
4.708e-005,0.0386093
4.7084e-005,0.0390557
4.7088e-005,0.0389218
4.7092e-005,0.0387829
4.7096e-005,0.039393
4.71e-005,0.0388176
4.7104e-005,0.0387234
4.7108e-005,0.0392194
4.7112e-005,0.0390061
4.7116e-005,0.0381727
4.712e-005,0.0390061
4.7124e-005,0.0390309
4.7128e-005,0.0382571
4.7132e-005,0.0385696
4.7136e-005,0.0386787
4.714e-005,0.0382372
4.7144e-005,0.0387382
4.7148e-005,0.0390855
4.7152e-005,0.0384902
4.7156e-005,0.0388474
4.716e-005,0.0389416
4.7164e-005,0.0386539
4.7168e-005,0.0389813
4.7172e-005,0.0384654
4.7176e-005,0.0384158
4.718e-005,0.0385845
4.7184e-005,0.0388077
4.7188e-005,0.0383166
4.7192e-005,0.0384406
4.7196e-005,0.0389515
4.72e-005,0.0388077
4.7204e-005,0.0386539
4.7208e-005,0.0386093
4.7212e-005,0.0386539
4.7216e-005,0.0389416
4.722e-005,0.0389218
4.7224e-005,0.0384803
4.7228e-005,0.0391847
4.7232e-005,0.0383464
4.7236e-005,0.0384505
4.724e-005,0.0381479
4.7244e-005,0.0366449
4.7248e-005,0.0347499
4.7252e-005,0.0342787
4.7256e-005,0.0336338
4.726e-005,0.0331228
4.7264e-005,0.0328897
4.7268e-005,0.0282466
4.7272e-005,0.0222393
4.7276e-005,0.0204485
4.728e-005,0.0196648
4.7284e-005,0.0188413
4.7288e-005,0.0185635
4.7292e-005,0.0125562
4.7296e-005,0.00321543
4.73e-005,0.0011915
4.7304e-005,-0.000321477
4.7308e-005,-0.000460373
4.7312e-005,0.000611115
4.7316e-005,-0.000450452
4.732e-005,-0.000753048
4.7324e-005,8.52922e-005
4.7328e-005,-0.000777851
4.7332e-005,0.00407857
4.7336e-005,0.0158649
4.734e-005,0.0179037
4.7344e-005,0.0166338
4.7348e-005,0.0170505
4.7352e-005,0.016113
4.7356e-005,0.0155475
4.736e-005,0.0143371
4.7364e-005,0.01397
4.7368e-005,0.0134392
4.7372e-005,0.0127398
4.7376e-005,0.0128886
4.738e-005,0.0129779
4.7384e-005,0.0128588
4.7388e-005,0.0120899
4.7392e-005,0.0129779
4.7396e-005,0.0124124
4.74e-005,0.0128638
4.7404e-005,0.0128737
4.7408e-005,0.012209
4.7412e-005,0.0127497
4.7416e-005,0.0126505
4.742e-005,0.0126356
4.7424e-005,0.0120602
4.7428e-005,0.0125215
4.7432e-005,0.013082
4.7436e-005,0.0126753
4.744e-005,0.0134144
4.7444e-005,0.012457
4.7448e-005,0.013092
4.7452e-005,0.0128291
4.7456e-005,0.0133797
4.746e-005,0.0138013
4.7464e-005,0.0138509
4.7468e-005,0.0134541
4.7472e-005,0.013588
4.7476e-005,0.01397
4.748e-005,0.0131118
4.7484e-005,0.012958
4.7488e-005,0.0144065
4.7492e-005,0.013588
4.7496e-005,0.012834
4.75e-005,0.0135285
4.7504e-005,0.013712
4.7508e-005,0.0125314
4.7512e-005,0.0138113
4.7516e-005,0.0135483
4.752e-005,0.0134789
4.7524e-005,0.013335
4.7528e-005,0.0135682
4.7532e-005,0.0133797
4.7536e-005,0.0137666
4.754e-005,0.0140444
4.7544e-005,0.0135285
4.7548e-005,0.0142924
4.7552e-005,0.0137418
4.7556e-005,0.0137914
4.756e-005,0.0127795
4.7564e-005,0.0133549
4.7568e-005,0.0133747
4.7572e-005,0.0142329
4.7576e-005,0.0130324
4.758e-005,0.0137616
4.7584e-005,0.0137567
4.7588e-005,0.0136872
4.7592e-005,0.014719
4.7596e-005,0.0142031
4.76e-005,0.0128489
4.7604e-005,0.0135235
4.7608e-005,0.014094
4.7612e-005,0.0137815
4.7616e-005,0.013841
4.762e-005,0.0134045
4.7624e-005,0.0133797
4.7628e-005,0.0137319
4.7632e-005,0.0127398
4.7636e-005,0.0130721
4.764e-005,0.0134888
4.7644e-005,0.0137418
4.7648e-005,0.0135583
4.7652e-005,0.0128737
4.7656e-005,0.0131515
4.766e-005,0.0127298
4.7664e-005,0.0129332
4.7668e-005,0.0133797
4.7672e-005,0.0136277
4.7676e-005,0.0136327
4.768e-005,0.0130275
4.7684e-005,0.0135235
4.7688e-005,0.0135186
4.7692e-005,0.013975
4.7696e-005,0.0132061
4.77e-005,0.0132904
4.7704e-005,0.0134491
4.7708e-005,0.0131713
4.7712e-005,0.0130969
4.7716e-005,0.0139154
4.772e-005,0.0140841
4.7724e-005,0.0133251
4.7728e-005,0.0137765
4.7732e-005,0.0133202
4.7736e-005,0.0135583
4.774e-005,0.0134491
4.7744e-005,0.0135087
4.7748e-005,0.0127298
4.7752e-005,0.0139353
4.7756e-005,0.013216
4.776e-005,0.0140246
4.7764e-005,0.0132557
4.7768e-005,0.0138361
4.7772e-005,0.0139204
4.7776e-005,0.0137716
4.778e-005,0.0132805
4.7784e-005,0.0135632
4.7788e-005,0.0136972
4.7792e-005,0.013712
4.7796e-005,0.0141287
4.78e-005,0.0134839
4.7804e-005,0.0131168
4.7808e-005,0.0132954
4.7812e-005,0.0145702
4.7816e-005,0.0139452
4.782e-005,0.012968
4.7824e-005,0.013335
4.7828e-005,0.0132954
4.7832e-005,0.0133698
4.7836e-005,0.013712
4.784e-005,0.0135434
4.7844e-005,0.0135136
4.7848e-005,0.013335
4.7852e-005,0.0138212
4.7856e-005,0.013345
4.786e-005,0.0138857
4.7864e-005,0.0132656
4.7868e-005,0.0128291
4.7872e-005,0.0135682
4.7876e-005,0.0131118
4.788e-005,0.0133598
4.7884e-005,0.0133946
4.7888e-005,0.0136029
4.7892e-005,0.0136079
4.7896e-005,0.0136823
4.79e-005,0.0135384
4.7904e-005,0.0129332
4.7908e-005,0.0130176
4.7912e-005,0.0129878
4.7916e-005,0.0126108
4.792e-005,0.013092
4.7924e-005,0.0136922
4.7928e-005,0.0129382
4.7932e-005,0.014094
4.7936e-005,0.0133251
4.794e-005,0.0133102
4.7944e-005,0.0124124
4.7948e-005,0.0131168
4.7952e-005,0.0132358
4.7956e-005,0.0133797
4.796e-005,0.0128191
4.7964e-005,0.0134293
4.7968e-005,0.0137616
4.7972e-005,0.0133499
4.7976e-005,0.0135533
4.798e-005,0.0130721
4.7984e-005,0.0129729
4.7988e-005,0.012581
4.7992e-005,0.0138609
4.7996e-005,0.0128687
4.8e-005,0.0132507
4.8004e-005,0.0135037
4.8008e-005,0.0123181
4.8012e-005,0.0145752
4.8016e-005,0.0155971
4.802e-005,0.0151754
4.8024e-005,0.0156764
4.8028e-005,0.0161576
4.8032e-005,0.0155375
4.8036e-005,0.0153788
4.804e-005,0.0176954
4.8044e-005,0.0186776
4.8048e-005,0.0187669
4.8052e-005,0.0171398
4.8056e-005,0.0181121
4.806e-005,0.0120453
4.8064e-005,0.00218858
4.8068e-005,0.000799618
4.8072e-005,-0.000678639
4.8076e-005,-0.000296674
4.808e-005,-0.000222265
4.8084e-005,-0.000579427
4.8088e-005,-0.000480216
4.8092e-005,-1.39197e-005
4.8096e-005,-0.00100108
4.81e-005,0.00384046
4.8104e-005,0.0151407
4.8108e-005,0.0169215
4.8112e-005,0.0179534
4.8116e-005,0.018752
4.812e-005,0.0196747
4.8124e-005,0.0188909
4.8128e-005,0.0190744
4.8132e-005,0.0191439
4.8136e-005,0.019759
4.814e-005,0.0188165
4.8144e-005,0.0195804
4.8148e-005,0.0196499
4.8152e-005,0.0194763
4.8156e-005,0.020265
4.816e-005,0.0201162
4.8164e-005,0.0194614
4.8168e-005,0.0197044
4.8172e-005,0.0198235
4.8176e-005,0.0204485
4.818e-005,0.0204932
4.8184e-005,0.0201559
4.8188e-005,0.0201062
4.8192e-005,0.019635
4.8196e-005,0.0203146
4.82e-005,0.0202104
4.8204e-005,0.0203493
4.8208e-005,0.0198235
4.8212e-005,0.0199177
4.8216e-005,0.0198731
4.822e-005,0.019883
4.8224e-005,0.0200864
4.8228e-005,0.0196796
4.8232e-005,0.0199326
4.8236e-005,0.0201608
4.824e-005,0.0200318
4.8244e-005,0.0197937
4.8248e-005,0.0198979
4.8252e-005,0.0197441
4.8256e-005,0.0198632
4.826e-005,0.0202303
4.8264e-005,0.0199078
4.8268e-005,0.0202303
4.8272e-005,0.020007
4.8276e-005,0.0197044
4.828e-005,0.0203146
4.8284e-005,0.0204287
4.8288e-005,0.020394
4.8292e-005,0.01963
4.8296e-005,0.0199376
4.83e-005,0.0196052
4.8304e-005,0.020017
4.8308e-005,0.0199574
4.8312e-005,0.0198681
4.8316e-005,0.0196945
4.832e-005,0.0197342
4.8324e-005,0.020518
4.8328e-005,0.0198384
4.8332e-005,0.0203245
4.8336e-005,0.020265
4.834e-005,0.0204684
4.8344e-005,0.0200715
4.8348e-005,0.0199525
4.8352e-005,0.0203096
4.8356e-005,0.0205329
4.836e-005,0.0203245
4.8364e-005,0.0201013
4.8368e-005,0.0205973
4.8372e-005,0.0207313
4.8376e-005,0.0203543
4.838e-005,0.0203196
4.8384e-005,0.0201311
4.8388e-005,0.020518
4.8392e-005,0.0195655
4.8396e-005,0.0202253
4.84e-005,0.0198334
4.8404e-005,0.0204336
4.8408e-005,0.0198185
4.8412e-005,0.0198037
4.8416e-005,0.0202154
4.842e-005,0.0200467
4.8424e-005,0.0201707
4.8428e-005,0.0208652
4.8432e-005,0.0204039
4.8436e-005,0.0207263
4.844e-005,0.0205378
4.8444e-005,0.0204833
4.8448e-005,0.0199773
4.8452e-005,0.0203295
4.8456e-005,0.0199723
4.846e-005,0.0201559
4.8464e-005,0.0209694
4.8468e-005,0.0206718
4.8472e-005,0.0200666
4.8476e-005,0.0205279
4.848e-005,0.0199277
4.8484e-005,0.019754
4.8488e-005,0.0203741
4.8492e-005,0.0197689
4.8496e-005,0.0202402
4.85e-005,0.0199029
4.8504e-005,0.0202005
4.8508e-005,0.0202699
4.8512e-005,0.0199277
4.8516e-005,0.020007
4.852e-005,0.0203196
4.8524e-005,0.0205081
4.8528e-005,0.020141
4.8532e-005,0.0200368
4.8536e-005,0.0200666
4.854e-005,0.0197441
4.8544e-005,0.0198731
4.8548e-005,0.0199277
4.8552e-005,0.019888
4.8556e-005,0.0197491
4.856e-005,0.0198185
4.8564e-005,0.019888
4.8568e-005,0.0199922
4.8572e-005,0.0197491
4.8576e-005,0.0205081
4.858e-005,0.0200368
4.8584e-005,0.020017
4.8588e-005,0.0208652
4.8592e-005,0.0200269
4.8596e-005,0.0204485
4.86e-005,0.0204336
4.8604e-005,0.0203196
4.8608e-005,0.0203394
4.8612e-005,0.0195953
4.8616e-005,0.0196995
4.862e-005,0.0206618
4.8624e-005,0.0202303
4.8628e-005,0.0202699
4.8632e-005,0.020513
4.8636e-005,0.0200814
4.864e-005,0.0198681
4.8644e-005,0.0197094
4.8648e-005,0.0198483
4.8652e-005,0.0203642
4.8656e-005,0.0202848
4.866e-005,0.0200814
4.8664e-005,0.0203989
4.8668e-005,0.0201658
4.8672e-005,0.020518
4.8676e-005,0.0201311
4.868e-005,0.0205081
4.8684e-005,0.020384
4.8688e-005,0.0204733
4.8692e-005,0.0209496
4.8696e-005,0.0208107
4.87e-005,0.0203394
4.8704e-005,0.0205031
4.8708e-005,0.0205378
4.8712e-005,0.0202898
4.8716e-005,0.0206519
4.872e-005,0.0201757
4.8724e-005,0.0206569
4.8728e-005,0.0203543
4.8732e-005,0.0207908
4.8736e-005,0.0208454
4.874e-005,0.0204039
4.8744e-005,0.0205577
4.8748e-005,0.0205378
4.8752e-005,0.0204833
4.8756e-005,0.0201112
4.876e-005,0.0199674
4.8764e-005,0.021143
4.8768e-005,0.0206767
4.8772e-005,0.0197292
4.8776e-005,0.0200765
4.878e-005,0.0207362
4.8784e-005,0.0218077
4.8788e-005,0.0223286
4.8792e-005,0.0222393
4.8796e-005,0.02215
4.88e-005,0.022403
4.8804e-005,0.0206966
4.8808e-005,0.0190496
4.8812e-005,0.0191141
4.8816e-005,0.0183254
4.882e-005,0.0185238
4.8824e-005,0.0186032
4.8828e-005,0.0124967
4.8832e-005,0.00305173
4.8836e-005,0.00114686
4.884e-005,-0.000579427
4.8844e-005,-7.84074e-005
4.8848e-005,0.000219228
4.8852e-005,-0.000311555
4.8856e-005,-0.000629033
4.886e-005,2.08044e-005
4.8864e-005,-0.00093659
4.8868e-005,0.00437621
4.8872e-005,0.016232
4.8876e-005,0.0185337
4.888e-005,0.0195606
4.8884e-005,0.0214903
4.8888e-005,0.0238713
4.8892e-005,0.0238614
4.8896e-005,0.0252752
4.89e-005,0.0255778
4.8904e-005,0.0268279
4.8908e-005,0.0260689
4.8912e-005,0.0271553
4.8916e-005,0.0277604
4.892e-005,0.027939
4.8924e-005,0.0287526
4.8928e-005,0.0282863
4.8932e-005,0.0283359
4.8936e-005,0.0295264
4.894e-005,0.0293578
4.8944e-005,0.0288319
4.8948e-005,0.0290849
4.8952e-005,0.029199
4.8956e-005,0.0293826
4.896e-005,0.0293181
4.8964e-005,0.0295314
4.8968e-005,0.029199
4.8972e-005,0.0294222
4.8976e-005,0.0291296
4.898e-005,0.0290006
4.8984e-005,0.0288865
4.8988e-005,0.0291693
4.8992e-005,0.0289609
4.8996e-005,0.0285194
4.9e-005,0.0291147
4.9004e-005,0.0288468
4.9008e-005,0.0288071
4.9012e-005,0.0282416
4.9016e-005,0.0286534
4.902e-005,0.0284897
4.9024e-005,0.0290552
4.9028e-005,0.0294818
4.9032e-005,0.0286484
4.9036e-005,0.0290502
4.904e-005,0.0284649
4.9044e-005,0.02844
4.9048e-005,0.0282664
4.9052e-005,0.0283904
4.9056e-005,0.0281226
4.906e-005,0.0286881
4.9064e-005,0.0287327
4.9068e-005,0.0285889
4.9072e-005,0.0289708
4.9076e-005,0.0290651
4.908e-005,0.0288865
4.9084e-005,0.0289708
4.9088e-005,0.0285393
4.9092e-005,0.0285492
4.9096e-005,0.0284152
4.91e-005,0.0285541
4.9104e-005,0.0283458
4.9108e-005,0.0283904
4.9112e-005,0.028827
4.9116e-005,0.0282119
4.912e-005,0.0287228
4.9124e-005,0.028698
4.9128e-005,0.0286682
4.9132e-005,0.0280234
4.9136e-005,0.0282763
4.914e-005,0.0284004
4.9144e-005,0.0293379
4.9148e-005,0.0289361
4.9152e-005,0.0281226
4.9156e-005,0.0290403
4.916e-005,0.0283309
4.9164e-005,0.0286434
4.9168e-005,0.0285641
4.9172e-005,0.0283458
4.9176e-005,0.0288964
4.918e-005,0.0282912
4.9184e-005,0.0279936
4.9188e-005,0.0287823
4.9192e-005,0.0285789
4.9196e-005,0.0287476
4.92e-005,0.0286484
4.9204e-005,0.028068
4.9208e-005,0.0285988
4.9212e-005,0.028316
4.9216e-005,0.028822
4.922e-005,0.0287079
4.9224e-005,0.028693
4.9228e-005,0.0282714
4.9232e-005,0.028951
4.9236e-005,0.0288617
4.924e-005,0.0286087
4.9244e-005,0.0286236
4.9248e-005,0.0287178
4.9252e-005,0.0291891
4.9256e-005,0.0298191
4.926e-005,0.0287476
4.9264e-005,0.0284004
4.9268e-005,0.0289559
4.9272e-005,0.0292536
4.9276e-005,0.0289361
4.928e-005,0.0290353
4.9284e-005,0.028698
4.9288e-005,0.0288617
4.9292e-005,0.0287823
4.9296e-005,0.0289361
4.93e-005,0.0289659
4.9304e-005,0.0292933
4.9308e-005,0.0288518
4.9312e-005,0.0292139
4.9316e-005,0.0286087
4.932e-005,0.02908
4.9324e-005,0.0285492
4.9328e-005,0.0291445
4.9332e-005,0.0285293
4.9336e-005,0.0283359
4.934e-005,0.0286484
4.9344e-005,0.0289708
4.9348e-005,0.0283656
4.9352e-005,0.0295264
4.9356e-005,0.0292288
4.936e-005,0.0286782
4.9364e-005,0.0288567
4.9368e-005,0.0286087
4.9372e-005,0.028946
4.9376e-005,0.0292387
4.938e-005,0.0291891
4.9384e-005,0.0287476
4.9388e-005,0.0293726
4.9392e-005,0.0290552
4.9396e-005,0.0283656
4.94e-005,0.0289559
4.9404e-005,0.0292238
4.9408e-005,0.0286583
4.9412e-005,0.0293627
4.9416e-005,0.0292387
4.942e-005,0.0287724
4.9424e-005,0.0284996
4.9428e-005,0.0282515
4.9432e-005,0.0290651
4.9436e-005,0.0289113
4.944e-005,0.0287476
4.9444e-005,0.0286236
4.9448e-005,0.0296008
4.9452e-005,0.0287129
4.9456e-005,0.0291891
4.946e-005,0.0290056
4.9464e-005,0.0288419
4.9468e-005,0.0291841
4.9472e-005,0.0296157
4.9476e-005,0.0289956
4.948e-005,0.0286682
4.9484e-005,0.0291048
4.9488e-005,0.028946
4.9492e-005,0.0290105
4.9496e-005,0.0291841
4.95e-005,0.0281871
4.9504e-005,0.0283408
4.9508e-005,0.0284797
4.9512e-005,0.0289014
4.9516e-005,0.0283855
4.952e-005,0.0293181
4.9524e-005,0.028827
4.9528e-005,0.0286335
4.9532e-005,0.0293429
4.9536e-005,0.0288567
4.954e-005,0.0281771
4.9544e-005,0.0283756
4.9548e-005,0.0283359
4.9552e-005,0.0283458
4.9556e-005,0.0271056
4.956e-005,0.0277704
4.9564e-005,0.0281027
4.9568e-005,0.0282813
4.9572e-005,0.024293
4.9576e-005,0.0207809
4.958e-005,0.0197342
4.9584e-005,0.0193473
4.9588e-005,0.0190844
4.9592e-005,0.0187818
4.9596e-005,0.0131019
4.96e-005,0.00335432
4.9604e-005,0.00105757
4.9608e-005,-0.000708403
4.9612e-005,-0.000748088
4.9616e-005,-0.000366122
4.962e-005,-0.000381004
4.9624e-005,-0.000192501
4.9628e-005,-0.000381004
4.9632e-005,-0.00114494
4.9636e-005,0.00450518
4.964e-005,0.0163461
4.9644e-005,0.0196003
4.9648e-005,0.0219218
4.9652e-005,0.0245757
4.9656e-005,0.0267435
4.966e-005,0.0281474
4.9664e-005,0.0300126
4.9668e-005,0.0311882
4.9672e-005,0.0317438
4.9676e-005,0.0334999
4.968e-005,0.0346854
4.9684e-005,0.0348442
4.9688e-005,0.0360893
4.9692e-005,0.0366349
4.9696e-005,0.0368631
4.97e-005,0.0374435
4.9704e-005,0.0375725
4.9708e-005,0.0377709
4.9712e-005,0.0376519
4.9716e-005,0.0378751
4.972e-005,0.0382323
4.9724e-005,0.0384208
4.9728e-005,0.0387779
4.9732e-005,0.0386986
4.9736e-005,0.0385993
4.974e-005,0.0391748
4.9744e-005,0.0389515
4.9748e-005,0.0393831
4.9752e-005,0.0391103
4.9756e-005,0.0388722
4.976e-005,0.038768
4.9764e-005,0.0392938
4.9768e-005,0.0388474
4.9772e-005,0.0388771
4.9776e-005,0.0390855
4.978e-005,0.0389119
4.9784e-005,0.0387482
4.9788e-005,0.0393137
4.9792e-005,0.0388771
4.9796e-005,0.0393236
4.98e-005,0.0385349
4.9804e-005,0.0384853
4.9808e-005,0.0386589
4.9812e-005,0.0386093
4.9816e-005,0.0387184
4.982e-005,0.0384704
4.9824e-005,0.0387283
4.9828e-005,0.038267
4.9832e-005,0.0384753
4.9836e-005,0.0389466
4.984e-005,0.0389119
4.9844e-005,0.0390607
4.9848e-005,0.039026
4.9852e-005,0.0379445
4.9856e-005,0.0387283
4.986e-005,0.0384902
4.9864e-005,0.0383513
4.9868e-005,0.0389466
4.9872e-005,0.0386787
4.9876e-005,0.038267
4.988e-005,0.0390855
4.9884e-005,0.0384704
4.9888e-005,0.0386837
4.9892e-005,0.0386192
4.9896e-005,0.0384704
4.99e-005,0.0383513
4.9904e-005,0.0383116
4.9908e-005,0.0383464
4.9912e-005,0.0381479
4.9916e-005,0.0385993
4.992e-005,0.0384406
4.9924e-005,0.0389069
4.9928e-005,0.0386886
4.9932e-005,0.0385795
4.9936e-005,0.0385993
4.994e-005,0.0384406
4.9944e-005,0.0384108
4.9948e-005,0.0382819
4.9952e-005,0.0385448
4.9956e-005,0.0386489
4.996e-005,0.0375923
4.9964e-005,0.0387829
4.9968e-005,0.0380686
4.9972e-005,0.0385547
4.9976e-005,0.0388871
4.998e-005,0.0389912
4.9984e-005,0.0387581
4.9988e-005,0.0382521
4.9992e-005,0.0384009
4.9996e-005,0.0380686
5e-005,0.0388871
5.0004e-005,0.0381827
5.0008e-005,0.0386787
5.0012e-005,0.038892
5.0016e-005,0.0378999
5.002e-005,0.0375179
5.0024e-005,0.038897
5.0028e-005,0.0381231
5.0032e-005,0.0380537
5.0036e-005,0.038897
5.004e-005,0.0391053
5.0044e-005,0.0379693
5.0048e-005,0.039016
5.0052e-005,0.038515
5.0056e-005,0.03852
5.006e-005,0.0385993
5.0064e-005,0.0387878
5.0068e-005,0.0382521
5.0072e-005,0.0386539
5.0076e-005,0.0384257
5.008e-005,0.0382422
5.0084e-005,0.0380686
5.0088e-005,0.0390756
5.0092e-005,0.0377064
5.0096e-005,0.0379247
5.01e-005,0.0374237
5.0104e-005,0.0385944
5.0108e-005,0.0382868
5.0112e-005,0.0383265
5.0116e-005,0.0387581
5.012e-005,0.03915
5.0124e-005,0.0383315
5.0128e-005,0.038143
5.0132e-005,0.0381082
5.0136e-005,0.0379197
5.014e-005,0.0385001
5.0144e-005,0.0387333
5.0148e-005,0.0384604
5.0152e-005,0.0382223
5.0156e-005,0.0380388
5.016e-005,0.0386886
5.0164e-005,0.038009
5.0168e-005,0.0382967
5.0172e-005,0.0379743
5.0176e-005,0.0388126
5.018e-005,0.0384902
5.0184e-005,0.0382819
5.0188e-005,0.0380834
5.0192e-005,0.0390458
5.0196e-005,0.0385001
5.02e-005,0.0387878
5.0204e-005,0.0384307
5.0208e-005,0.0378602
5.0212e-005,0.0392343
5.0216e-005,0.0384356
5.022e-005,0.0388573
5.0224e-005,0.0387432
5.0228e-005,0.0390061
5.0232e-005,0.039274
5.0236e-005,0.0389515
5.024e-005,0.0388424
5.0244e-005,0.0391847
5.0248e-005,0.0380735
5.0252e-005,0.0391897
5.0256e-005,0.0388771
5.026e-005,0.0386291
5.0264e-005,0.0386589
5.0268e-005,0.0383612
5.0272e-005,0.0392988
5.0276e-005,0.0390656
5.028e-005,0.0389615
5.0284e-005,0.0392641
5.0288e-005,0.0389317
5.0292e-005,0.0384059
5.0296e-005,0.0385845
5.03e-005,0.0388424
5.0304e-005,0.0390408
5.0308e-005,0.0379693
5.0312e-005,0.0380636
5.0316e-005,0.0374931
5.032e-005,0.0354295
5.0324e-005,0.0348789
5.0328e-005,0.0335544
5.0332e-005,0.0336338
5.0336e-005,0.0329889
5.034e-005,0.0291048
5.0344e-005,0.0222641
5.0348e-005,0.0205626
5.0352e-005,0.0192878
5.0356e-005,0.0189405
5.036e-005,0.0201658
5.0364e-005,0.0137517
5.0368e-005,0.00436132
5.0372e-005,0.00143953
5.0376e-005,-0.000420688
5.038e-005,0.000129938
5.0384e-005,-0.00051494
5.0388e-005,0.00065576
5.0392e-005,0.000586312
5.0396e-005,-0.000306595
5.04e-005,-0.000455413
5.0404e-005,0.00469368
5.0408e-005,0.0165346
5.0412e-005,0.0177648
5.0416e-005,0.0175069
5.042e-005,0.0170158
5.0424e-005,0.0173432
5.0428e-005,0.0158401
5.0432e-005,0.0150762
5.0436e-005,0.0152697
5.044e-005,0.0143024
5.0444e-005,0.013345
5.0448e-005,0.0146645
5.0452e-005,0.0142577
5.0456e-005,0.0135434
5.046e-005,0.0129233
5.0464e-005,0.0134194
5.0468e-005,0.0132408
5.0472e-005,0.0137815
5.0476e-005,0.013588
5.048e-005,0.01334
5.0484e-005,0.0131713
5.0488e-005,0.0142329
5.0492e-005,0.0135136
5.0496e-005,0.0134839
5.05e-005,0.0132011
5.0504e-005,0.0131267
5.0508e-005,0.0136128
5.0512e-005,0.0136525
5.0516e-005,0.01334
5.052e-005,0.0137418
5.0524e-005,0.0136079
5.0528e-005,0.0140196
5.0532e-005,0.0139799
5.0536e-005,0.0144809
5.054e-005,0.0137517
5.0544e-005,0.0130473
5.0548e-005,0.0130622
5.0552e-005,0.0139154
5.0556e-005,0.0136277
5.056e-005,0.0133202
5.0564e-005,0.0136624
5.0568e-005,0.0142379
5.0572e-005,0.0136128
5.0576e-005,0.0139502
5.058e-005,0.0143272
5.0584e-005,0.0141188
5.0588e-005,0.01334
5.0592e-005,0.0137815
5.0596e-005,0.0144264
5.06e-005,0.013712
5.0604e-005,0.0139402
5.0608e-005,0.0146198
5.0612e-005,0.0141387
5.0616e-005,0.0141238
5.062e-005,0.013965
5.0624e-005,0.0143619
5.0628e-005,0.0136376
5.0632e-005,0.0145206
5.0636e-005,0.0141783
5.064e-005,0.0143371
5.0644e-005,0.0141436
5.0648e-005,0.0142478
5.0652e-005,0.0138162
5.0656e-005,0.013841
5.066e-005,0.0143867
5.0664e-005,0.0137269
5.0668e-005,0.0140246
5.0672e-005,0.0135781
5.0676e-005,0.0137269
5.068e-005,0.0138261
5.0684e-005,0.0136277
5.0688e-005,0.0138609
5.0692e-005,0.013722
5.0696e-005,0.0134839
5.07e-005,0.0133846
5.0704e-005,0.0141337
5.0708e-005,0.013593
5.0712e-005,0.0134839
5.0716e-005,0.0138063
5.072e-005,0.0138857
5.0724e-005,0.0139898
5.0728e-005,0.0141337
5.0732e-005,0.0142031
5.0736e-005,0.0128737
5.074e-005,0.0135087
5.0744e-005,0.0142825
5.0748e-005,0.0137716
5.0752e-005,0.0140047
5.0756e-005,0.0141188
5.076e-005,0.0138311
5.0764e-005,0.0139502
5.0768e-005,0.0137666
5.0772e-005,0.0139998
5.0776e-005,0.013717
5.078e-005,0.0133202
5.0784e-005,0.0134343
5.0788e-005,0.0136872
5.0792e-005,0.0132507
5.0796e-005,0.0140494
5.08e-005,0.0140791
5.0804e-005,0.0138906
5.0808e-005,0.0136575
5.0812e-005,0.0143222
5.0816e-005,0.0134343
5.082e-005,0.0139353
5.0824e-005,0.0142329
5.0828e-005,0.0138658
5.0832e-005,0.0135781
5.0836e-005,0.0136029
5.084e-005,0.0138311
5.0844e-005,0.0141039
5.0848e-005,0.0130969
5.0852e-005,0.0137765
5.0856e-005,0.0134243
5.086e-005,0.0137964
5.0864e-005,0.0141039
5.0868e-005,0.0134739
5.0872e-005,0.0133301
5.0876e-005,0.0140047
5.088e-005,0.013846
5.0884e-005,0.0131515
5.0888e-005,0.0131465
5.0892e-005,0.0138113
5.0896e-005,0.013841
5.09e-005,0.0144363
5.0904e-005,0.0136724
5.0908e-005,0.0138857
5.0912e-005,0.0131069
5.0916e-005,0.0134343
5.092e-005,0.0134045
5.0924e-005,0.0135335
5.0928e-005,0.0139551
5.0932e-005,0.013722
5.0936e-005,0.0136624
5.094e-005,0.0133797
5.0944e-005,0.0138113
5.0948e-005,0.0134541
5.0952e-005,0.0136228
5.0956e-005,0.0146198
5.096e-005,0.014099
5.0964e-005,0.0144413
5.0968e-005,0.0140146
5.0972e-005,0.0133251
5.0976e-005,0.0147488
5.098e-005,0.0131366
5.0984e-005,0.0136277
5.0988e-005,0.0136525
5.0992e-005,0.0143172
5.0996e-005,0.0134938
5.1e-005,0.0131713
5.1004e-005,0.0130771
5.1008e-005,0.0143768
5.1012e-005,0.0142379
5.1016e-005,0.013722
5.102e-005,0.0138063
5.1024e-005,0.0136376
5.1028e-005,0.0143024
5.1032e-005,0.0137716
5.1036e-005,0.0142081
5.104e-005,0.0130374
5.1044e-005,0.0140742
5.1048e-005,0.013087
5.1052e-005,0.0130771
5.1056e-005,0.012715
5.106e-005,0.0138658
5.1064e-005,0.0142527
5.1068e-005,0.0139402
5.1072e-005,0.0143371
5.1076e-005,0.0134739
5.108e-005,0.0134491
5.1084e-005,0.0139948
5.1088e-005,0.015989
5.1092e-005,0.0158997
5.1096e-005,0.0163858
5.11e-005,0.0165842
5.1104e-005,0.0151109
5.1108e-005,0.0161328
5.1112e-005,0.0187718
5.1116e-005,0.0193076
5.112e-005,0.0187123
5.1124e-005,0.0179782
5.1128e-005,0.0183502
5.1132e-005,0.0124074
5.1136e-005,0.00289299
5.114e-005,0.00105261
5.1144e-005,-0.000381004
5.1148e-005,0.000199386
5.1152e-005,-0.000132974
5.1156e-005,0.000184504
5.116e-005,-0.000371082
5.1164e-005,-0.000564546
5.1168e-005,-0.000847299
5.1172e-005,0.00394959
5.1176e-005,0.0149522
5.118e-005,0.0173928
5.1184e-005,0.017115
5.1188e-005,0.0182411
5.1192e-005,0.0185883
5.1196e-005,0.0188512
5.12e-005,0.0184296
5.1204e-005,0.0192729
5.1208e-005,0.0194763
5.1212e-005,0.0197739
5.1216e-005,0.0196449
5.122e-005,0.0198681
5.1224e-005,0.0202005
5.1228e-005,0.0203741
5.1232e-005,0.0200616
5.1236e-005,0.0201757
5.124e-005,0.0196499
5.1244e-005,0.0204535
5.1248e-005,0.0200715
5.1252e-005,0.0195209
5.1256e-005,0.0194217
5.126e-005,0.0197838
