Time,Ampl
4.126e-005,0.0411491
4.1264e-005,0.038897
4.1268e-005,0.0361091
4.1272e-005,0.0346805
4.1276e-005,0.034864
4.128e-005,0.0336387
4.1284e-005,0.0292833
4.1288e-005,0.0220012
4.1292e-005,0.0205279
4.1296e-005,0.0197739
4.13e-005,0.0193473
4.1304e-005,0.018504
4.1308e-005,0.0152697
4.1312e-005,0.00413314
4.1316e-005,0.000437494
4.132e-005,-0.00059927
4.1324e-005,3.56862e-005
4.1328e-005,-0.000217304
4.1332e-005,-0.00035124
4.1336e-005,0.000849224
4.134e-005,-0.00026691
4.1344e-005,-0.00130367
4.1348e-005,0.00456471
4.1352e-005,0.0165495
4.1356e-005,0.0203791
4.136e-005,0.0252256
4.1364e-005,0.0282962
4.1368e-005,0.0314412
4.1372e-005,0.0332171
4.1376e-005,0.0347003
4.138e-005,0.0369872
4.1384e-005,0.0389714
4.1388e-005,0.0389466
4.1392e-005,0.0407919
4.1396e-005,0.0421908
4.14e-005,0.0422652
4.1404e-005,0.043932
4.1408e-005,0.0449638
4.1412e-005,0.044438
4.1416e-005,0.046065
4.142e-005,0.0468141
4.1424e-005,0.0459807
4.1428e-005,0.0466504
4.1432e-005,0.0475979
4.1436e-005,0.0468389
4.144e-005,0.047206
4.1444e-005,0.0488926
4.1448e-005,0.047831
4.1452e-005,0.0479501
4.1456e-005,0.0482477
4.146e-005,0.0491108
4.1464e-005,0.0486049
4.1468e-005,0.0495176
4.1472e-005,0.0481138
4.1476e-005,0.0489769
4.148e-005,0.0500286
4.1484e-005,0.0496218
4.1488e-005,0.0492448
4.1492e-005,0.0499194
4.1496e-005,0.0495325
4.15e-005,0.0490563
4.1504e-005,0.0499641
4.1508e-005,0.0494482
4.1512e-005,0.0495474
4.1516e-005,0.0502121
4.152e-005,0.0490067
4.1524e-005,0.0489323
4.1528e-005,0.0510157
4.1532e-005,0.0498946
4.1536e-005,0.049721
4.154e-005,0.0505544
4.1544e-005,0.0491704
4.1548e-005,0.0493192
4.1552e-005,0.0506536
4.1556e-005,0.0495325
4.156e-005,0.0502071
4.1564e-005,0.0505197
4.1568e-005,0.0502369
4.1572e-005,0.0499839
4.1576e-005,0.0503014
4.158e-005,0.0495623
4.1584e-005,0.0497706
4.1588e-005,0.049974
4.1592e-005,0.049716
4.1596e-005,0.049716
4.16e-005,0.0506834
4.1604e-005,0.0490315
4.1608e-005,0.0497508
4.1612e-005,0.0503907
4.1616e-005,0.049468
4.162e-005,0.0500534
4.1624e-005,0.0506288
4.1628e-005,0.0494482
4.1632e-005,0.0498549
4.1636e-005,0.0505693
4.164e-005,0.0494234
4.1644e-005,0.0498351
4.1648e-005,0.0505197
4.1652e-005,0.0499789
4.1656e-005,0.0500137
4.166e-005,0.0500087
4.1664e-005,0.0501823
4.1668e-005,0.0505544
4.1672e-005,0.0505544
4.1676e-005,0.0498698
4.168e-005,0.0502964
4.1684e-005,0.0504056
4.1688e-005,0.0497111
4.1692e-005,0.0491009
4.1696e-005,0.0505048
4.17e-005,0.0496267
4.1704e-005,0.0500732
4.1708e-005,0.0505742
4.1712e-005,0.0501377
4.1716e-005,0.0494581
4.172e-005,0.0508818
4.1724e-005,0.0494432
4.1728e-005,0.0493886
4.1732e-005,0.0511794
4.1736e-005,0.049473
4.174e-005,0.0501129
4.1744e-005,0.0504899
4.1748e-005,0.0493886
4.1752e-005,0.0496615
4.1756e-005,0.0503907
4.176e-005,0.0491753
4.1764e-005,0.0498797
4.1768e-005,0.0502071
4.1772e-005,0.0490712
4.1776e-005,0.0496218
4.178e-005,0.0506883
4.1784e-005,0.0499145
4.1788e-005,0.0496664
4.1792e-005,0.0501526
4.1796e-005,0.0495325
4.18e-005,0.0495871
4.1804e-005,0.050599
4.1808e-005,0.0497061
4.1812e-005,0.0499839
4.1816e-005,0.0508818
4.182e-005,0.0490761
4.1824e-005,0.0505197
4.1828e-005,0.0508818
4.1832e-005,0.0498004
4.1836e-005,0.0501178
4.184e-005,0.0511546
4.1844e-005,0.0509363
4.1848e-005,0.0503113
4.1852e-005,0.0508917
4.1856e-005,0.049468
4.186e-005,0.0503063
4.1864e-005,0.0509909
4.1868e-005,0.0499889
4.1872e-005,0.0500137
4.1876e-005,0.0509413
4.188e-005,0.0499492
4.1884e-005,0.0500335
4.1888e-005,0.0512538
4.1892e-005,0.0506337
4.1896e-005,0.0502915
4.19e-005,0.0507974
4.1904e-005,0.0505643
4.1908e-005,0.0500831
4.1912e-005,0.0514622
4.1916e-005,0.0502319
4.192e-005,0.0499393
4.1924e-005,0.0511199
4.1928e-005,0.0502071
4.1932e-005,0.05048
4.1936e-005,0.0511397
4.194e-005,0.0502468
4.1944e-005,0.0500186
4.1948e-005,0.0508967
4.1952e-005,0.0500286
4.1956e-005,0.0492349
4.196e-005,0.051477
4.1964e-005,0.0500831
4.1968e-005,0.049716
4.1972e-005,0.0507082
4.1976e-005,0.0498599
4.198e-005,0.0496317
4.1984e-005,0.0508818
4.1988e-005,0.0502567
4.1992e-005,0.0501724
4.1996e-005,0.050976
4.2e-005,0.0495523
4.2004e-005,0.050093
4.2008e-005,0.0512092
4.2012e-005,0.0498053
4.2016e-005,0.0503907
4.202e-005,0.0506089
4.2024e-005,0.0495027
4.2028e-005,0.0456831
4.2032e-005,0.0419527
4.2036e-005,0.038133
4.204e-005,0.0366201
4.2044e-005,0.0366796
4.2048e-005,0.0357024
4.2052e-005,0.0291246
4.2056e-005,0.0231024
4.206e-005,0.0204237
4.2064e-005,0.019387
4.2068e-005,0.0191141
4.2072e-005,0.0190199
4.2076e-005,0.0150762
4.208e-005,0.00372637
4.2084e-005,0.000923633
4.2088e-005,-0.000177619
4.2092e-005,0.000447416
4.2096e-005,-0.000470294
4.21e-005,-0.000564546
4.2104e-005,0.000774815
4.2108e-005,-0.00026691
4.2112e-005,-0.00172532
4.2116e-005,0.0044903
4.212e-005,0.0165247
4.2124e-005,0.0185635
4.2128e-005,0.0202997
4.2132e-005,0.021773
4.2136e-005,0.0237969
4.214e-005,0.0241343
4.2144e-005,0.0248734
4.2148e-005,0.0249825
4.2152e-005,0.0259647
4.2156e-005,0.0267386
4.216e-005,0.0271602
4.2164e-005,0.02719
4.2168e-005,0.0276116
4.2172e-005,0.0274727
4.2176e-005,0.0282813
4.218e-005,0.0282565
4.2184e-005,0.0284301
4.2188e-005,0.028951
4.2192e-005,0.0282218
4.2196e-005,0.0282019
4.22e-005,0.0289411
4.2204e-005,0.0286385
4.2208e-005,0.0282069
4.2212e-005,0.02845
4.2216e-005,0.0285492
4.222e-005,0.0281871
4.2224e-005,0.0292486
4.2228e-005,0.0290849
4.2232e-005,0.0277852
4.2236e-005,0.0286137
4.224e-005,0.0281672
4.2244e-005,0.0287873
4.2248e-005,0.02908
4.2252e-005,0.0290204
4.2256e-005,0.0286385
4.226e-005,0.0289659
4.2264e-005,0.0287873
4.2268e-005,0.0279886
4.2272e-005,0.0291891
4.2276e-005,0.0289411
4.228e-005,0.028326
4.2284e-005,0.0291941
4.2288e-005,0.0282912
4.2292e-005,0.0283805
4.2296e-005,0.0283309
4.23e-005,0.027944
4.2304e-005,0.0279489
4.2308e-005,0.0281424
4.2312e-005,0.0283012
4.2316e-005,0.0283359
4.232e-005,0.028574
4.2324e-005,0.0282763
4.2328e-005,0.0276116
4.2332e-005,0.0290105
4.2336e-005,0.027939
4.234e-005,0.028068
4.2344e-005,0.0288071
4.2348e-005,0.0281126
4.2352e-005,0.0288815
4.2356e-005,0.0293776
4.236e-005,0.0279341
4.2364e-005,0.0278646
4.2368e-005,0.0285145
4.2372e-005,0.0280482
4.2376e-005,0.0278349
4.238e-005,0.02844
4.2384e-005,0.0284202
4.2388e-005,0.0274033
4.2392e-005,0.0282267
4.2396e-005,0.0286087
4.24e-005,0.0283012
4.2404e-005,0.028063
4.2408e-005,0.0280482
4.2412e-005,0.0276761
4.2416e-005,0.0286186
4.242e-005,0.028326
4.2424e-005,0.0281375
4.2428e-005,0.0283904
4.2432e-005,0.0272396
4.2436e-005,0.0281771
4.244e-005,0.0286037
4.2444e-005,0.0282664
4.2448e-005,0.0280829
4.2452e-005,0.0283706
4.2456e-005,0.0284053
4.246e-005,0.0274678
4.2464e-005,0.0282763
4.2468e-005,0.027815
4.2472e-005,0.0273239
4.2476e-005,0.0282863
4.248e-005,0.0283954
4.2484e-005,0.0278398
4.2488e-005,0.0281077
4.2492e-005,0.0276265
4.2496e-005,0.0269668
4.25e-005,0.0279341
4.2504e-005,0.0278745
4.2508e-005,0.027433
4.2512e-005,0.0286037
4.2516e-005,0.028197
4.252e-005,0.0275174
4.2524e-005,0.0283805
4.2528e-005,0.0279241
4.2532e-005,0.0282714
4.2536e-005,0.0280779
4.254e-005,0.027939
4.2544e-005,0.0280482
4.2548e-005,0.0280878
4.2552e-005,0.0280581
4.2556e-005,0.0279787
4.256e-005,0.028321
4.2564e-005,0.0273239
4.2568e-005,0.0277208
4.2572e-005,0.0279986
4.2576e-005,0.0279539
4.258e-005,0.0275769
4.2584e-005,0.028703
4.2588e-005,0.0286484
4.2592e-005,0.0282069
4.2596e-005,0.0281871
4.26e-005,0.0283954
4.2604e-005,0.0274132
4.2608e-005,0.0280234
4.2612e-005,0.0275719
4.2616e-005,0.0274529
4.262e-005,0.0279936
4.2624e-005,0.0277555
4.2628e-005,0.027438
4.2632e-005,0.027314
4.2636e-005,0.0280184
4.264e-005,0.02719
4.2644e-005,0.0280878
4.2648e-005,0.0285095
4.2652e-005,0.0273239
4.2656e-005,0.0275273
4.266e-005,0.0275769
4.2664e-005,0.0271652
4.2668e-005,0.0281722
4.2672e-005,0.0269519
4.2676e-005,0.0271205
4.268e-005,0.0281821
4.2684e-005,0.0279093
4.2688e-005,0.0274231
4.2692e-005,0.0280829
4.2696e-005,0.0276414
4.27e-005,0.0274281
4.2704e-005,0.0278349
4.2708e-005,0.0272445
4.2712e-005,0.0269618
4.2716e-005,0.0280829
4.272e-005,0.0273041
4.2724e-005,0.0275769
4.2728e-005,0.0276364
4.2732e-005,0.0274529
4.2736e-005,0.027696
4.274e-005,0.0280829
4.2744e-005,0.0281027
4.2748e-005,0.0272197
4.2752e-005,0.0274777
4.2756e-005,0.0276513
4.276e-005,0.0269916
4.2764e-005,0.027567
4.2768e-005,0.0275868
4.2772e-005,0.0277952
4.2776e-005,0.0275372
4.278e-005,0.0274926
4.2784e-005,0.0273388
4.2788e-005,0.0274033
4.2792e-005,0.0266195
4.2796e-005,0.0270164
4.28e-005,0.0273934
4.2804e-005,0.0274975
4.2808e-005,0.027443
4.2812e-005,0.027562
4.2816e-005,0.0271404
4.282e-005,0.023911
4.2824e-005,0.0207114
4.2828e-005,0.0199177
4.2832e-005,0.0192282
4.2836e-005,0.018881
4.284e-005,0.0183849
4.2844e-005,0.0134839
4.2848e-005,0.00300708
4.2852e-005,0.000874027
4.2856e-005,-0.00108045
4.286e-005,-6.84862e-005
4.2864e-005,0.000199386
4.2868e-005,-0.000425649
4.2872e-005,0.000859145
4.2876e-005,-6.35257e-005
4.288e-005,-0.00118462
4.2884e-005,0.0041877
4.2888e-005,0.0161427
4.2892e-005,0.0190496
4.2896e-005,0.0217184
4.29e-005,0.0236382
4.2904e-005,0.0256075
4.2908e-005,0.0267782
4.2912e-005,0.0276612
4.2916e-005,0.028698
4.292e-005,0.0302159
4.2924e-005,0.0305582
4.2928e-005,0.0311981
4.2932e-005,0.0324234
4.2936e-005,0.0325177
4.294e-005,0.0333362
4.2944e-005,0.0337628
4.2948e-005,0.0335891
4.2952e-005,0.0344473
4.2956e-005,0.0350922
4.296e-005,0.0349434
4.2964e-005,0.0347152
4.2968e-005,0.0353948
4.2972e-005,0.0360198
4.2976e-005,0.0356279
4.298e-005,0.0366945
4.2984e-005,0.0357371
4.2988e-005,0.0357321
4.2992e-005,0.0364514
4.2996e-005,0.0358413
4.3e-005,0.0350079
4.3004e-005,0.0361687
4.3008e-005,0.0355089
4.3012e-005,0.0358512
4.3016e-005,0.036501
4.302e-005,0.0356924
4.3024e-005,0.0357867
4.3028e-005,0.0365109
4.3032e-005,0.0352559
4.3036e-005,0.0357321
4.304e-005,0.0362976
4.3044e-005,0.0362827
4.3048e-005,0.0355932
4.3052e-005,0.0363423
4.3056e-005,0.0360298
4.306e-005,0.0360694
4.3064e-005,0.0357569
4.3068e-005,0.0357172
4.3072e-005,0.036005
4.3076e-005,0.0369028
4.308e-005,0.0355684
4.3084e-005,0.035871
4.3088e-005,0.0365258
4.3092e-005,0.0361736
4.3096e-005,0.0352807
4.31e-005,0.0366002
4.3104e-005,0.0357321
4.3108e-005,0.0362431
4.3112e-005,0.0365754
4.3116e-005,0.0350624
4.312e-005,0.0352162
4.3124e-005,0.0361885
4.3128e-005,0.0356478
4.3132e-005,0.0352658
4.3136e-005,0.0355486
4.314e-005,0.0355833
4.3144e-005,0.035747
4.3148e-005,0.0362728
4.3152e-005,0.0354841
4.3156e-005,0.0353254
4.316e-005,0.0362629
4.3164e-005,0.0357371
4.3168e-005,0.0355287
4.3172e-005,0.0357073
4.3176e-005,0.0350178
4.318e-005,0.0354494
4.3184e-005,0.0355387
4.3188e-005,0.0349087
4.3192e-005,0.0355486
4.3196e-005,0.0359256
4.32e-005,0.0353254
4.3204e-005,0.0352212
4.3208e-005,0.0366895
4.3212e-005,0.0349434
4.3216e-005,0.0350079
4.322e-005,0.0359206
4.3224e-005,0.0360942
4.3228e-005,0.0355883
4.3232e-005,0.0360298
4.3236e-005,0.035494
4.324e-005,0.0352857
4.3244e-005,0.0365258
4.3248e-005,0.035618
4.3252e-005,0.0353948
4.3256e-005,0.0365655
4.326e-005,0.0363671
4.3264e-005,0.0362381
4.3268e-005,0.0367639
4.3272e-005,0.0358462
4.3276e-005,0.0347549
4.328e-005,0.0363472
4.3284e-005,0.0355883
4.3288e-005,0.0356776
4.3292e-005,0.0366895
4.3296e-005,0.035623
4.33e-005,0.0357916
4.3304e-005,0.0363274
4.3308e-005,0.0355337
4.3312e-005,0.0353303
4.3316e-005,0.0357916
4.332e-005,0.0351666
4.3324e-005,0.0355833
4.3328e-005,0.0364415
4.3332e-005,0.0356428
4.3336e-005,0.0355387
4.334e-005,0.0356676
4.3344e-005,0.0361984
4.3348e-005,0.0356279
4.3352e-005,0.0359802
4.3356e-005,0.0357768
4.336e-005,0.0358462
4.3364e-005,0.0368979
4.3368e-005,0.0361488
4.3372e-005,0.0356974
4.3376e-005,0.0358909
4.338e-005,0.0356577
4.3384e-005,0.0360248
4.3388e-005,0.0364018
4.3392e-005,0.0360099
4.3396e-005,0.035499
4.34e-005,0.0361339
4.3404e-005,0.0358859
4.3408e-005,0.0354742
4.3412e-005,0.0360248
4.3416e-005,0.0356676
4.342e-005,0.0360843
4.3424e-005,0.0363373
4.3428e-005,0.0363175
4.3432e-005,0.0358462
4.3436e-005,0.0363572
4.344e-005,0.0354742
4.3444e-005,0.0355833
4.3448e-005,0.0359851
4.3452e-005,0.0356081
4.3456e-005,0.0356528
4.346e-005,0.0365804
4.3464e-005,0.0359405
4.3468e-005,0.0359901
4.3472e-005,0.0358859
4.3476e-005,0.0362183
4.348e-005,0.0357768
4.3484e-005,0.0361438
4.3488e-005,0.0357073
4.3492e-005,0.036377
4.3496e-005,0.036501
4.35e-005,0.0359057
4.3504e-005,0.0351021
4.3508e-005,0.0367887
4.3512e-005,0.0358462
4.3516e-005,0.0358214
4.352e-005,0.0368979
4.3524e-005,0.0361042
4.3528e-005,0.0360645
4.3532e-005,0.0362331
4.3536e-005,0.036377
4.354e-005,0.0359752
4.3544e-005,0.0362133
4.3548e-005,0.0360446
4.3552e-005,0.0362232
4.3556e-005,0.0365258
4.356e-005,0.0356428
4.3564e-005,0.0336735
4.3568e-005,0.0329145
4.3572e-005,0.0323292
4.3576e-005,0.0312031
4.358e-005,0.0320365
4.3584e-005,0.0315156
4.3588e-005,0.0267733
4.3592e-005,0.0214109
4.3596e-005,0.0195407
4.36e-005,0.0190844
4.3604e-005,0.0189157
4.3608e-005,0.0181716
4.3612e-005,0.0144512
4.3616e-005,0.0035081
4.362e-005,0.000774815
4.3624e-005,-0.000782812
4.3628e-005,0.000680563
4.3632e-005,-0.00043557
4.3636e-005,-0.000509979
4.364e-005,0.000630958
4.3644e-005,-0.000336358
4.3648e-005,-0.00167572
4.3652e-005,0.00420755
4.3656e-005,0.0170356
4.366e-005,0.020642
4.3664e-005,0.0229784
4.3668e-005,0.025672
4.3672e-005,0.0278894
4.3676e-005,0.0301465
4.368e-005,0.0316049
4.3684e-005,0.0338372
4.3688e-005,0.0348789
4.3692e-005,0.0356279
4.3696e-005,0.037255
4.37e-005,0.0381727
4.3704e-005,0.0385398
4.3708e-005,0.0388077
4.3712e-005,0.0402165
4.3716e-005,0.0398742
4.372e-005,0.0405637
4.3724e-005,0.0419378
4.3728e-005,0.0409407
4.3732e-005,0.0409606
4.3736e-005,0.0424091
4.374e-005,0.0413525
4.3744e-005,0.0415906
4.3748e-005,0.0434756
4.3752e-005,0.041918
4.3756e-005,0.0426273
4.376e-005,0.0430986
4.3764e-005,0.0421511
4.3768e-005,0.0421859
4.3772e-005,0.0433615
4.3776e-005,0.0428853
4.378e-005,0.0423247
4.3784e-005,0.0436393
4.3788e-005,0.042171
4.3792e-005,0.0432375
4.3796e-005,0.0433764
4.38e-005,0.0426472
4.3804e-005,0.0429498
4.3808e-005,0.0437832
4.3812e-005,0.043044
4.3816e-005,0.042424
4.382e-005,0.0440114
4.3824e-005,0.0428158
4.3828e-005,0.0431333
4.3832e-005,0.0443884
4.3836e-005,0.0431829
4.384e-005,0.0435401
4.3844e-005,0.0436542
4.3848e-005,0.0432325
4.3852e-005,0.0433318
4.3856e-005,0.0445074
4.386e-005,0.0428754
4.3864e-005,0.0427861
4.3868e-005,0.0436988
4.3872e-005,0.0428307
4.3876e-005,0.0436542
4.388e-005,0.0440659
4.3884e-005,0.0435054
4.3888e-005,0.0434954
4.3892e-005,0.0438179
4.3896e-005,0.0425777
4.39e-005,0.0428952
4.3904e-005,0.0436939
4.3908e-005,0.0428307
4.3912e-005,0.0428754
4.3916e-005,0.044061
4.392e-005,0.0430341
4.3924e-005,0.0427563
4.3928e-005,0.0438129
4.3932e-005,0.0430192
4.3936e-005,0.0427712
4.394e-005,0.0438526
4.3944e-005,0.0426224
4.3948e-005,0.0428158
4.3952e-005,0.0441701
4.3956e-005,0.0432474
4.396e-005,0.042925
4.3964e-005,0.0435996
4.3968e-005,0.0418535
4.3972e-005,0.0430986
4.3976e-005,0.044686
4.398e-005,0.0428704
4.3984e-005,0.0437881
4.3988e-005,0.0442395
4.3992e-005,0.0427266
4.3996e-005,0.0429895
4.4e-005,0.0441552
4.4004e-005,0.0429002
4.4008e-005,0.0432226
4.4012e-005,0.0439667
4.4016e-005,0.0424587
4.402e-005,0.0424835
4.4024e-005,0.0441403
4.4028e-005,0.0420668
4.4032e-005,0.0430391
4.4036e-005,0.0441949
4.404e-005,0.0426472
4.4044e-005,0.0435203
4.4048e-005,0.0437236
4.4052e-005,0.0433962
4.4056e-005,0.0431829
4.406e-005,0.0442792
4.4064e-005,0.0429448
4.4068e-005,0.043421
4.4072e-005,0.04418
4.4076e-005,0.0422305
4.408e-005,0.0428754
4.4084e-005,0.0442247
4.4088e-005,0.0430936
4.4092e-005,0.0433169
4.4096e-005,0.0442643
4.41e-005,0.0434409
4.4104e-005,0.0426025
4.4108e-005,0.0437385
4.4112e-005,0.0428109
4.4116e-005,0.0433069
4.412e-005,0.0440659
4.4124e-005,0.0427266
4.4128e-005,0.0431085
4.4132e-005,0.0439518
4.4136e-005,0.0424984
4.414e-005,0.0430936
4.4144e-005,0.0444826
4.4148e-005,0.0431184
4.4152e-005,0.043679
4.4156e-005,0.0438973
4.416e-005,0.043421
4.4164e-005,0.0435699
4.4168e-005,0.0443487
4.4172e-005,0.0432524
4.4176e-005,0.0431829
4.418e-005,0.0444677
4.4184e-005,0.0435847
4.4188e-005,0.0433516
4.4192e-005,0.0441453
4.4196e-005,0.0426621
4.42e-005,0.0430589
4.4204e-005,0.0446017
4.4208e-005,0.0437286
4.4212e-005,0.0435401
4.4216e-005,0.044309
4.422e-005,0.0434458
4.4224e-005,0.0434855
4.4228e-005,0.044051
4.4232e-005,0.043044
4.4236e-005,0.0430192
4.424e-005,0.0440858
4.4244e-005,0.0428903
4.4248e-005,0.0427166
4.4252e-005,0.0443784
4.4256e-005,0.0429746
4.426e-005,0.0427712
4.4264e-005,0.0441006
4.4268e-005,0.0431085
4.4272e-005,0.0434409
4.4276e-005,0.0435252
4.428e-005,0.0432673
4.4284e-005,0.0430936
4.4288e-005,0.0429498
4.4292e-005,0.0421263
4.4296e-005,0.0426125
4.43e-005,0.0439865
4.4304e-005,0.0430341
4.4308e-005,0.0435203
4.4312e-005,0.0436294
4.4316e-005,0.0429349
4.432e-005,0.0436591
4.4324e-005,0.0438129
4.4328e-005,0.0425281
4.4332e-005,0.03977
4.4336e-005,0.0381975
4.434e-005,0.0363621
4.4344e-005,0.035241
4.4348e-005,0.0352311
4.4352e-005,0.0349186
4.4356e-005,0.0292833
4.436e-005,0.0220806
4.4364e-005,0.0195755
4.4368e-005,0.0191786
4.4372e-005,0.0192332
4.4376e-005,0.0181915
4.438e-005,0.0139353
4.4384e-005,0.00328984
4.4388e-005,0.000273795
4.4392e-005,-0.000886984
4.4396e-005,0.000303558
4.44e-005,-2.38409e-005
4.4404e-005,-0.00109037
4.4408e-005,0.000670642
4.4412e-005,1.58439e-005
4.4416e-005,-0.00118462
4.442e-005,0.00416786
4.4424e-005,0.0160981
4.4428e-005,0.0203791
4.4432e-005,0.0245162
4.4436e-005,0.0282466
4.444e-005,0.0310592
4.4444e-005,0.0334403
4.4448e-005,0.0349087
4.4452e-005,0.0366846
4.4456e-005,0.0384208
4.446e-005,0.0390359
4.4464e-005,0.0407671
4.4468e-005,0.0422057
4.4472e-005,0.0418337
4.4476e-005,0.0431234
4.448e-005,0.0449142
4.4484e-005,0.0444876
4.4488e-005,0.0446513
4.4492e-005,0.0466206
4.4496e-005,0.0459162
4.45e-005,0.0467099
4.4504e-005,0.0472853
4.4508e-005,0.0472159
4.4512e-005,0.0477566
4.4516e-005,0.0482874
4.452e-005,0.0478112
4.4524e-005,0.0484908
4.4528e-005,0.0497756
4.4532e-005,0.0484114
4.4536e-005,0.0480394
4.454e-005,0.0496168
4.4544e-005,0.0491059
4.4548e-005,0.0490712
4.4552e-005,0.0494234
4.4556e-005,0.0491704
4.456e-005,0.0494531
4.4564e-005,0.0498599
4.4568e-005,0.0487438
4.4572e-005,0.049592
4.4576e-005,0.0498748
4.458e-005,0.0495226
4.4584e-005,0.049845
4.4588e-005,0.0508074
4.4592e-005,0.0493986
4.4596e-005,0.0494928
4.46e-005,0.0503708
4.4604e-005,0.049721
4.4608e-005,0.0498301
4.4612e-005,0.0507826
4.4616e-005,0.049974
4.462e-005,0.0497458
4.4624e-005,0.0506784
4.4628e-005,0.0499839
4.4632e-005,0.0499938
4.4636e-005,0.05047
4.464e-005,0.0493093
4.4644e-005,0.049215
4.4648e-005,0.050857
4.4652e-005,0.0497111
4.4656e-005,0.0498549
4.466e-005,0.0504304
4.4664e-005,0.0499145
4.4668e-005,0.0501129
4.4672e-005,0.051105
4.4676e-005,0.0493837
4.468e-005,0.0497408
4.4684e-005,0.0507925
4.4688e-005,0.0501674
4.4692e-005,0.0497756
4.4696e-005,0.05111
4.47e-005,0.04985
4.4704e-005,0.0499839
4.4708e-005,0.0507627
4.4712e-005,0.0502171
4.4716e-005,0.0499343
4.472e-005,0.0510554
4.4724e-005,0.0498202
4.4728e-005,0.0501228
4.4732e-005,0.050475
4.4736e-005,0.0495027
4.474e-005,0.0499145
4.4744e-005,0.0504353
4.4748e-005,0.0498053
4.4752e-005,0.0497904
4.4756e-005,0.0501972
4.476e-005,0.0497012
4.4764e-005,0.0498897
4.4768e-005,0.0506784
4.4772e-005,0.0497061
4.4776e-005,0.0501526
4.478e-005,0.0504056
4.4784e-005,0.0495672
4.4788e-005,0.0495474
4.4792e-005,0.0509859
4.4796e-005,0.0498549
4.48e-005,0.0497954
4.4804e-005,0.0508818
4.4808e-005,0.0494382
4.4812e-005,0.0502468
4.4816e-005,0.0501823
4.482e-005,0.0499244
4.4824e-005,0.0504651
4.4828e-005,0.050857
4.4832e-005,0.0496912
4.4836e-005,0.0505593
4.484e-005,0.0506387
4.4844e-005,0.0497656
4.4848e-005,0.0506933
4.4852e-005,0.0506536
4.4856e-005,0.0500434
4.486e-005,0.0498946
4.4864e-005,0.0515564
4.4868e-005,0.04984
4.4872e-005,0.0502815
4.4876e-005,0.0512241
4.488e-005,0.0500534
4.4884e-005,0.0506139
4.4888e-005,0.0512637
4.4892e-005,0.0505345
4.4896e-005,0.0503063
4.49e-005,0.0509661
4.4904e-005,0.0496863
4.4908e-005,0.0501873
4.4912e-005,0.0512588
4.4916e-005,0.0503411
4.492e-005,0.0497855
4.4924e-005,0.0511496
4.4928e-005,0.050098
4.4932e-005,0.0498549
4.4936e-005,0.0512687
4.494e-005,0.0499194
4.4944e-005,0.0499789
4.4948e-005,0.0509959
4.4952e-005,0.0501724
4.4956e-005,0.0502915
4.496e-005,0.0506685
4.4964e-005,0.0499393
4.4968e-005,0.0505593
4.4972e-005,0.0507726
4.4976e-005,0.0503758
4.498e-005,0.0498351
4.4984e-005,0.0509165
4.4988e-005,0.0506635
4.4992e-005,0.0508322
4.4996e-005,0.0510504
4.5e-005,0.0501724
4.5004e-005,0.0501873
4.5008e-005,0.0510058
4.5012e-005,0.0499938
4.5016e-005,0.0498351
4.502e-005,0.0507826
4.5024e-005,0.0501625
4.5028e-005,0.0505246
4.5032e-005,0.0507776
4.5036e-005,0.0496267
4.504e-005,0.0496664
4.5044e-005,0.050346
4.5048e-005,0.049468
4.5052e-005,0.0500682
4.5056e-005,0.0503907
4.506e-005,0.04985
4.5064e-005,0.0501178
4.5068e-005,0.0501178
4.5072e-005,0.0501228
4.5076e-005,0.0502022
4.508e-005,0.0506139
4.5084e-005,0.0498996
4.5088e-005,0.0507131
4.5092e-005,0.0509066
4.5096e-005,0.049096
4.51e-005,0.045812
4.5104e-005,0.0419974
4.5108e-005,0.0381876
4.5112e-005,0.0368631
4.5116e-005,0.0364613
4.512e-005,0.0360099
4.5124e-005,0.0294074
4.5128e-005,0.0223236
4.5132e-005,0.020136
4.5136e-005,0.0190397
4.514e-005,0.0192431
4.5144e-005,0.0191985
4.5148e-005,0.0144958
4.5152e-005,0.00339897
4.5156e-005,0.000670642
4.516e-005,-0.000524861
4.5164e-005,0.000660721
4.5168e-005,-0.000162738
4.5172e-005,-0.000475255
4.5176e-005,0.000333322
4.518e-005,-0.000643915
4.5184e-005,-0.00141777
4.5188e-005,0.00400912
4.5192e-005,0.0168075
4.5196e-005,0.0185536
4.52e-005,0.0207313
4.5204e-005,0.0219069
4.5208e-005,0.0233703
4.5212e-005,0.0235687
4.5216e-005,0.0244666
4.522e-005,0.0248734
4.5224e-005,0.0259548
4.5228e-005,0.0258804
4.5232e-005,0.0267683
4.5236e-005,0.0273289
4.524e-005,0.0271602
4.5244e-005,0.0277009
4.5248e-005,0.0282962
4.5252e-005,0.0282317
4.5256e-005,0.0279142
4.526e-005,0.0287625
4.5264e-005,0.0283954
4.5268e-005,0.0284549
4.5272e-005,0.0292585
4.5276e-005,0.0287079
4.528e-005,0.028316
4.5284e-005,0.0294669
4.5288e-005,0.0280283
4.5292e-005,0.0281523
4.5296e-005,0.0289559
4.53e-005,0.0293429
4.5304e-005,0.0283309
4.5308e-005,0.0291147
4.5312e-005,0.0291841
4.5316e-005,0.0280581
4.532e-005,0.0286583
4.5324e-005,0.0287873
4.5328e-005,0.0286534
4.5332e-005,0.0288915
4.5336e-005,0.0290849
4.534e-005,0.028316
4.5344e-005,0.0284698
4.5348e-005,0.0284847
4.5352e-005,0.0280878
4.5356e-005,0.0288567
4.536e-005,0.0283656
4.5364e-005,0.0284351
4.5368e-005,0.0283309
4.5372e-005,0.0282813
4.5376e-005,0.0281226
4.538e-005,0.0288319
4.5384e-005,0.0283508
4.5388e-005,0.0277704
4.5392e-005,0.0284599
4.5396e-005,0.0288468
4.54e-005,0.028063
4.5404e-005,0.027944
4.5408e-005,0.0282119
4.5412e-005,0.0277009
4.5416e-005,0.0290849
4.542e-005,0.0286434
4.5424e-005,0.0282267
4.5428e-005,0.0285095
4.5432e-005,0.0281871
4.5436e-005,0.028068
4.544e-005,0.0289708
4.5444e-005,0.0287526
4.5448e-005,0.0278646
4.5452e-005,0.0285343
4.5456e-005,0.02844
4.546e-005,0.0288468
4.5464e-005,0.028693
4.5468e-005,0.0283061
4.5472e-005,0.0285393
4.5476e-005,0.0282863
4.548e-005,0.0283012
4.5484e-005,0.0283756
4.5488e-005,0.0284351
4.5492e-005,0.0276761
4.5496e-005,0.0276761
4.55e-005,0.0285889
4.5504e-005,0.0284847
4.5508e-005,0.0276464
4.5512e-005,0.0286236
4.5516e-005,0.0276612
4.552e-005,0.0282367
4.5524e-005,0.0291494
4.5528e-005,0.0280382
4.5532e-005,0.0279489
4.5536e-005,0.0288865
4.554e-005,0.0283061
4.5544e-005,0.0282664
4.5548e-005,0.0289956
4.5552e-005,0.0291593
4.5556e-005,0.0278597
4.556e-005,0.0284797
4.5564e-005,0.0284202
4.5568e-005,0.0283756
4.5572e-005,0.0284946
4.5576e-005,0.0285641
4.558e-005,0.0285442
4.5584e-005,0.0289163
4.5588e-005,0.0288915
4.5592e-005,0.0281722
4.5596e-005,0.0283706
4.56e-005,0.0287922
4.5604e-005,0.0288022
4.5608e-005,0.0284946
4.5612e-005,0.0284797
4.5616e-005,0.0284996
4.562e-005,0.0290006
4.5624e-005,0.0292238
4.5628e-005,0.0287674
4.5632e-005,0.0283359
4.5636e-005,0.0283954
4.564e-005,0.028445
4.5644e-005,0.028827
4.5648e-005,0.0287079
4.5652e-005,0.0283607
4.5656e-005,0.0286434
4.566e-005,0.0281375
4.5664e-005,0.0285988
4.5668e-005,0.0284152
4.5672e-005,0.0284946
4.5676e-005,0.0282367
4.568e-005,0.0282664
4.5684e-005,0.0287129
4.5688e-005,0.0277604
4.5692e-005,0.0287327
4.5696e-005,0.0277803
4.57e-005,0.028068
4.5704e-005,0.0280085
4.5708e-005,0.0279489
4.5712e-005,0.0277257
4.5716e-005,0.0280382
4.572e-005,0.0277108
4.5724e-005,0.0281474
4.5728e-005,0.028946
4.5732e-005,0.0282962
4.5736e-005,0.0283805
4.574e-005,0.0283706
4.5744e-005,0.0277158
4.5748e-005,0.0282515
4.5752e-005,0.0283805
4.5756e-005,0.0278646
4.576e-005,0.0284152
4.5764e-005,0.0285244
4.5768e-005,0.0279539
4.5772e-005,0.0280581
4.5776e-005,0.0282813
4.578e-005,0.0276067
4.5784e-005,0.0278299
4.5788e-005,0.0287327
4.5792e-005,0.0280878
4.5796e-005,0.0279291
4.58e-005,0.0284252
4.5804e-005,0.028068
4.5808e-005,0.0275323
4.5812e-005,0.028192
4.5816e-005,0.0277108
4.582e-005,0.027696
4.5824e-005,0.0280333
4.5828e-005,0.0277208
4.5832e-005,0.0275174
4.5836e-005,0.027815
4.584e-005,0.0283656
4.5844e-005,0.0284252
4.5848e-005,0.0278051
4.5852e-005,0.0279589
4.5856e-005,0.0287625
4.586e-005,0.0279688
4.5864e-005,0.0276811
4.5868e-005,0.0276364
4.5872e-005,0.0279241
4.5876e-005,0.0281325
4.588e-005,0.028197
4.5884e-005,0.0281375
4.5888e-005,0.0284004
4.5892e-005,0.0248535
4.5896e-005,0.0211331
4.59e-005,0.01963
4.5904e-005,0.0191489
4.5908e-005,0.0196697
4.5912e-005,0.0181815
4.5916e-005,0.0131763
4.592e-005,0.00307653
4.5924e-005,0.000864105
4.5928e-005,-0.000802654
4.5932e-005,-0.000227225
4.5936e-005,-0.000232186
4.594e-005,-0.00119454
4.5944e-005,-4.36833e-005
4.5948e-005,-0.00060423
4.5952e-005,-0.00163603
4.5956e-005,0.00389007
4.596e-005,0.0161725
4.5964e-005,0.018757
4.5968e-005,0.0217879
4.5972e-005,0.0235985
4.5976e-005,0.0253992
4.598e-005,0.0272693
4.5984e-005,0.0285442
4.5988e-005,0.0298389
4.5992e-005,0.0309451
4.5996e-005,0.0315206
4.6e-005,0.0319472
4.6004e-005,0.0335346
4.6008e-005,0.0330088
4.6012e-005,0.0334651
4.6016e-005,0.0348491
4.602e-005,0.0347995
4.6024e-005,0.0340554
4.6028e-005,0.0355635
4.6032e-005,0.0351964
4.6036e-005,0.0353303
4.604e-005,0.0362728
4.6044e-005,0.0357619
4.6048e-005,0.0358115
4.6052e-005,0.036754
4.6056e-005,0.0360347
4.606e-005,0.0362728
4.6064e-005,0.0363869
4.6068e-005,0.0356428
4.6072e-005,0.0355486
4.6076e-005,0.0364464
4.608e-005,0.0356528
4.6084e-005,0.0354642
4.6088e-005,0.0366349
4.6092e-005,0.0363869
4.6096e-005,0.0359157
4.61e-005,0.0364167
4.6104e-005,0.0363572
4.6108e-005,0.036377
4.6112e-005,0.0369673
4.6116e-005,0.036005
4.612e-005,0.0361935
4.6124e-005,0.0366548
4.6128e-005,0.0360992
4.6132e-005,0.0361786
4.6136e-005,0.0368532
4.614e-005,0.0356924
4.6144e-005,0.0352857
4.6148e-005,0.0361835
4.6152e-005,0.0355585
4.6156e-005,0.0359008
4.616e-005,0.0362034
4.6164e-005,0.0359553
4.6168e-005,0.0353105
4.6172e-005,0.0364365
4.6176e-005,0.0354196
4.618e-005,0.035752
4.6184e-005,0.0365258
4.6188e-005,0.0356528
4.6192e-005,0.0360893
4.6196e-005,0.0359256
4.62e-005,0.0355387
4.6204e-005,0.0350724
4.6208e-005,0.0367242
4.6212e-005,0.0357073
4.6216e-005,0.0363621
4.622e-005,0.0365357
4.6224e-005,0.0363572
4.6228e-005,0.0364216
4.6232e-005,0.0371012
4.6236e-005,0.0356081
4.624e-005,0.0352609
4.6244e-005,0.036005
4.6248e-005,0.0357222
4.6252e-005,0.0358313
4.6256e-005,0.0361141
4.626e-005,0.0356776
4.6264e-005,0.0356776
4.6268e-005,0.0364266
4.6272e-005,0.0354642
4.6276e-005,0.0355783
4.628e-005,0.0362232
4.6284e-005,0.0354345
4.6288e-005,0.0358313
4.6292e-005,0.0366151
4.6296e-005,0.0356577
4.63e-005,0.0358809
4.6304e-005,0.0357073
4.6308e-005,0.0359157
4.6312e-005,0.0360942
4.6316e-005,0.0365209
4.632e-005,0.0354642
4.6324e-005,0.0356279
4.6328e-005,0.0359802
4.6332e-005,0.0360595
4.6336e-005,0.0352212
4.634e-005,0.0366449
4.6344e-005,0.0354047
4.6348e-005,0.0356329
4.6352e-005,0.0360248
4.6356e-005,0.0355932
4.636e-005,0.0350476
4.6364e-005,0.0366548
4.6368e-005,0.0361091
4.6372e-005,0.0366846
4.6376e-005,0.0367738
4.638e-005,0.0358363
4.6384e-005,0.0358611
4.6388e-005,0.0359802
4.6392e-005,0.0357916
4.6396e-005,0.0361984
4.64e-005,0.0363671
4.6404e-005,0.0363125
4.6408e-005,0.0364018
4.6412e-005,0.0365407
4.6416e-005,0.0356031
4.642e-005,0.0355833
4.6424e-005,0.0363869
4.6428e-005,0.0359702
4.6432e-005,0.0361091
4.6436e-005,0.0364117
4.644e-005,0.0357024
4.6444e-005,0.0365357
4.6448e-005,0.0368681
4.6452e-005,0.0357619
4.6456e-005,0.0357916
4.646e-005,0.036248
4.6464e-005,0.0361339
4.6468e-005,0.0365159
4.6472e-005,0.0368135
4.6476e-005,0.0363968
4.648e-005,0.0363572
4.6484e-005,0.0370963
4.6488e-005,0.0362629
4.6492e-005,0.0362927
4.6496e-005,0.0368433
4.65e-005,0.036248
4.6504e-005,0.035876
4.6508e-005,0.0364911
4.6512e-005,0.0357916
4.6516e-005,0.0361091
4.652e-005,0.0363274
4.6524e-005,0.0356676
4.6528e-005,0.0357123
4.6532e-005,0.0362629
4.6536e-005,0.0362232
4.654e-005,0.0355982
4.6544e-005,0.0367937
4.6548e-005,0.0358413
4.6552e-005,0.0360397
4.6556e-005,0.0365903
4.656e-005,0.0354543
4.6564e-005,0.0358264
4.6568e-005,0.0363026
4.6572e-005,0.0356924
4.6576e-005,0.0357371
4.658e-005,0.0369028
4.6584e-005,0.0356875
4.6588e-005,0.0357966
4.6592e-005,0.0371806
4.6596e-005,0.0364266
4.66e-005,0.03663
4.6604e-005,0.0371211
4.6608e-005,0.0366598
4.6612e-005,0.0364068
4.6616e-005,0.036759
4.662e-005,0.0365903
4.6624e-005,0.0365853
4.6628e-005,0.0369276
4.6632e-005,0.0359454
4.6636e-005,0.0342291
4.664e-005,0.0332419
4.6644e-005,0.0325524
4.6648e-005,0.031977
4.6652e-005,0.0319125
4.6656e-005,0.0317091
4.666e-005,0.0278349
4.6664e-005,0.021654
4.6668e-005,0.0200914
4.6672e-005,0.0191538
4.6676e-005,0.0193423
4.668e-005,0.0188314
4.6684e-005,0.0139601
4.6688e-005,0.00372637
4.6692e-005,0.000859145
4.6696e-005,-0.000877063
4.67e-005,0.000219228
4.6704e-005,-0.000470294
4.6708e-005,-0.000554624
4.6712e-005,0.000239071
4.6716e-005,-0.000728245
4.672e-005,-0.00122927
4.6724e-005,0.00410337
4.6728e-005,0.0170952
4.6732e-005,0.019883
4.6736e-005,0.0223931
4.674e-005,0.0258109
4.6744e-005,0.0281871
4.6748e-005,0.0300076
4.6752e-005,0.0317339
4.6756e-005,0.0325772
4.676e-005,0.0354394
4.6764e-005,0.0359057
4.6768e-005,0.0367986
4.6772e-005,0.0384208
4.6776e-005,0.0384604
4.678e-005,0.0389863
4.6784e-005,0.0405439
4.6788e-005,0.039899
4.6792e-005,0.0402016
4.6796e-005,0.0417047
4.68e-005,0.0405687
4.6804e-005,0.0408415
4.6808e-005,0.0423148
4.6812e-005,0.041665
4.6816e-005,0.0418337
4.682e-005,0.043049
4.6824e-005,0.0424289
4.6828e-005,0.0422404
4.6832e-005,0.0434558
4.6836e-005,0.0419428
4.684e-005,0.0426571
4.6844e-005,0.0436294
4.6848e-005,0.0428307
4.6852e-005,0.0432325
4.6856e-005,0.0440262
4.686e-005,0.0429994
4.6864e-005,0.0429597
4.6868e-005,0.0437931
4.6872e-005,0.0425331
4.6876e-005,0.0431631
4.688e-005,0.0430341
4.6884e-005,0.0432127
4.6888e-005,0.043674
4.6892e-005,0.0443834
4.6896e-005,0.0435203
4.69e-005,0.0431631
4.6904e-005,0.0440758
4.6908e-005,0.0430044
4.6912e-005,0.0434607
4.6916e-005,0.0439617
4.692e-005,0.0431184
4.6924e-005,0.0431482
4.6928e-005,0.0441751
4.6932e-005,0.0440758
4.6936e-005,0.0435699
4.694e-005,0.0443239
4.6944e-005,0.0431978
4.6948e-005,0.0431135
4.6952e-005,0.0435699
4.6956e-005,0.0422652
4.696e-005,0.0435401
4.6964e-005,0.0443139
4.6968e-005,0.0430887
4.6972e-005,0.0430143
4.6976e-005,0.043932
4.698e-005,0.0430093
4.6984e-005,0.0434012
4.6988e-005,0.0449241
4.6992e-005,0.0433665
4.6996e-005,0.0431482
4.7e-005,0.0441701
4.7004e-005,0.0431482
4.7008e-005,0.043555
4.7012e-005,0.0442098
4.7016e-005,0.0428407
4.702e-005,0.0434161
4.7024e-005,0.0440659
4.7028e-005,0.0432425
4.7032e-005,0.0435897
4.7036e-005,0.0444181
4.704e-005,0.0429399
4.7044e-005,0.0439419
4.7048e-005,0.0444429
4.7052e-005,0.0430044
4.7056e-005,0.0434508
4.706e-005,0.0440858
4.7064e-005,0.043049
4.7068e-005,0.0433367
4.7072e-005,0.0439816
4.7076e-005,0.0434062
4.708e-005,0.0424537
4.7084e-005,0.0440461
4.7088e-005,0.0433714
4.7092e-005,0.0437236
4.7096e-005,0.0440163
4.71e-005,0.04355
4.7104e-005,0.0438377
4.7108e-005,0.044433
4.7112e-005,0.0432375
4.7116e-005,0.0432722
4.712e-005,0.0442792
4.7124e-005,0.0438576
4.7128e-005,0.0433218
4.7132e-005,0.0447703
4.7136e-005,0.0428506
4.714e-005,0.043679
4.7144e-005,0.0445074
4.7148e-005,0.0432573
4.7152e-005,0.0439419
4.7156e-005,0.0441304
4.716e-005,0.0429448
4.7164e-005,0.0440362
4.7168e-005,0.0446513
4.7172e-005,0.0436095
4.7176e-005,0.0434756
4.718e-005,0.0442891
4.7184e-005,0.043054
4.7188e-005,0.0436393
4.7192e-005,0.0440213
4.7196e-005,0.0427365
4.72e-005,0.0434954
4.7204e-005,0.0445719
4.7208e-005,0.0431284
4.7212e-005,0.0434855
4.7216e-005,0.0443636
4.722e-005,0.0430738
4.7224e-005,0.0433516
4.7228e-005,0.044309
4.7232e-005,0.043426
4.7236e-005,0.0439469
4.724e-005,0.0449142
4.7244e-005,0.0429101
4.7248e-005,0.0433714
4.7252e-005,0.0439469
4.7256e-005,0.0441006
4.726e-005,0.0435004
4.7264e-005,0.0444578
4.7268e-005,0.044056
4.7272e-005,0.043555
4.7276e-005,0.0444429
4.728e-005,0.0432226
4.7284e-005,0.0435798
4.7288e-005,0.0444876
4.7292e-005,0.0429647
4.7296e-005,0.0429845
4.73e-005,0.0439667
4.7304e-005,0.0438228
4.7308e-005,0.0436343
4.7312e-005,0.0443388
4.7316e-005,0.0439816
4.732e-005,0.0434806
4.7324e-005,0.0442693
4.7328e-005,0.0431532
4.7332e-005,0.044051
4.7336e-005,0.0445273
4.734e-005,0.0436046
4.7344e-005,0.0436591
4.7348e-005,0.0440114
4.7352e-005,0.0426174
4.7356e-005,0.0434855
4.736e-005,0.0437782
4.7364e-005,0.0433863
4.7368e-005,0.0435401
4.7372e-005,0.0449241
4.7376e-005,0.0435947
4.738e-005,0.0439915
4.7384e-005,0.044061
4.7388e-005,0.0428655
4.7392e-005,0.0437286
4.7396e-005,0.0441403
4.74e-005,0.0427464
4.7404e-005,0.0407175
4.7408e-005,0.0384406
4.7412e-005,0.0362976
4.7416e-005,0.0345515
4.742e-005,0.0346706
4.7424e-005,0.0337628
4.7428e-005,0.0286682
4.7432e-005,0.0222294
4.7436e-005,0.0201162
4.744e-005,0.0186181
4.7444e-005,0.0190695
4.7448e-005,0.0185387
4.7452e-005,0.0144164
4.7456e-005,0.00370653
4.746e-005,0.00065576
4.7464e-005,-0.000524861
4.7468e-005,-0.000222265
4.7472e-005,-8.83286e-005
4.7476e-005,-4.36833e-005
4.748e-005,0.000268834
4.7484e-005,-0.000475255
4.7488e-005,-0.00156659
4.7492e-005,0.004654
4.7496e-005,0.0159443
4.75e-005,0.0201807
4.7504e-005,0.0245212
4.7508e-005,0.0272942
4.7512e-005,0.0306723
4.7516e-005,0.0326814
4.752e-005,0.0349087
4.7524e-005,0.036878
4.7528e-005,0.0382571
4.7532e-005,0.0387779
4.7536e-005,0.0397601
4.754e-005,0.0419329
4.7544e-005,0.041154
4.7548e-005,0.0429895
4.7552e-005,0.044056
4.7556e-005,0.0448745
4.756e-005,0.0450481
4.7564e-005,0.0465809
4.7568e-005,0.0457525
4.7572e-005,0.0461841
4.7576e-005,0.0469877
4.758e-005,0.0467099
4.7584e-005,0.0476078
4.7588e-005,0.048342
4.7592e-005,0.0474788
4.7596e-005,0.0483717
4.76e-005,0.0486495
4.7604e-005,0.0479401
4.7608e-005,0.0486049
4.7612e-005,0.0491952
4.7616e-005,0.0483221
4.762e-005,0.0493192
4.7624e-005,0.0496416
4.7628e-005,0.0495623
4.7632e-005,0.0490017
4.7636e-005,0.0498797
4.764e-005,0.0485453
4.7644e-005,0.0495523
4.7648e-005,0.0495722
4.7652e-005,0.0495077
4.7656e-005,0.049473
4.766e-005,0.0506834
4.7664e-005,0.0499194
4.7668e-005,0.0494878
4.7672e-005,0.0503014
4.7676e-005,0.0494928
4.768e-005,0.0491704
4.7684e-005,0.0501674
4.7688e-005,0.0490166
4.7692e-005,0.0493043
4.7696e-005,0.0504998
4.77e-005,0.0493986
4.7704e-005,0.0493688
4.7708e-005,0.0503361
4.7712e-005,0.0495226
4.7716e-005,0.0494482
4.772e-005,0.0500484
4.7724e-005,0.049091
4.7728e-005,0.0497557
4.7732e-005,0.0507528
4.7736e-005,0.0496218
4.774e-005,0.0493738
4.7744e-005,0.0504403
4.7748e-005,0.0498996
4.7752e-005,0.0499293
4.7756e-005,0.0504651
4.776e-005,0.0499343
4.7764e-005,0.050346
4.7768e-005,0.0500087
4.7772e-005,0.0493142
4.7776e-005,0.0502419
4.778e-005,0.0504155
4.7784e-005,0.0492051
4.7788e-005,0.0492894
4.7792e-005,0.0500037
4.7796e-005,0.0493192
4.78e-005,0.0497904
4.7804e-005,0.0507379
4.7808e-005,0.0498103
4.7812e-005,0.0495722
4.7816e-005,0.0506635
4.782e-005,0.0495771
4.7824e-005,0.0497656
4.7828e-005,0.050475
4.7832e-005,0.0490612
4.7836e-005,0.0493341
4.784e-005,0.0505841
4.7844e-005,0.0495573
4.7848e-005,0.0496317
4.7852e-005,0.0502716
4.7856e-005,0.0495871
4.786e-005,0.0496317
4.7864e-005,0.0501426
4.7868e-005,0.0492101
4.7872e-005,0.0493539
4.7876e-005,0.0507528
4.788e-005,0.0489571
4.7884e-005,0.0495821
4.7888e-005,0.0505544
4.7892e-005,0.0496168
4.7896e-005,0.0489967
4.79e-005,0.0499938
4.7904e-005,0.0491704
4.7908e-005,0.0494779
4.7912e-005,0.0501228
4.7916e-005,0.0494234
4.792e-005,0.0490662
4.7924e-005,0.0504155
4.7928e-005,0.0492448
4.7932e-005,0.0499343
4.7936e-005,0.0507181
4.794e-005,0.0500534
4.7944e-005,0.0499492
4.7948e-005,0.0506288
4.7952e-005,0.0496763
4.7956e-005,0.0500137
4.796e-005,0.0504601
4.7964e-005,0.049726
4.7968e-005,0.0499541
4.7972e-005,0.0508818
4.7976e-005,0.0496069
4.798e-005,0.0501674
4.7984e-005,0.0496962
4.7988e-005,0.0493093
4.7992e-005,0.049969
4.7996e-005,0.0506486
4.8e-005,0.0496317
4.8004e-005,0.0496019
4.8008e-005,0.051353
4.8012e-005,0.049721
4.8016e-005,0.0498549
4.802e-005,0.0505345
4.8024e-005,0.0501228
4.8028e-005,0.0500881
4.8032e-005,0.0502071
4.8036e-005,0.0494333
4.804e-005,0.0495275
4.8044e-005,0.0509909
4.8048e-005,0.049592
4.8052e-005,0.0498351
4.8056e-005,0.0504155
4.806e-005,0.0497607
4.8064e-005,0.0501079
4.8068e-005,0.0504948
4.8072e-005,0.0499194
4.8076e-005,0.0498996
4.808e-005,0.0506685
4.8084e-005,0.0494085
4.8088e-005,0.0492249
4.8092e-005,0.0503411
4.8096e-005,0.0495226
4.81e-005,0.0496813
4.8104e-005,0.0507379
4.8108e-005,0.0495176
4.8112e-005,0.0494581
4.8116e-005,0.050346
4.812e-005,0.0491158
4.8124e-005,0.0492249
4.8128e-005,0.0504056
4.8132e-005,0.0492497
4.8136e-005,0.0501476
4.814e-005,0.0509463
4.8144e-005,0.0496515
4.8148e-005,0.0500682
4.8152e-005,0.0513878
4.8156e-005,0.0495275
4.816e-005,0.0507131
4.8164e-005,0.0509959
4.8168e-005,0.0499145
4.8172e-005,0.0455938
4.8176e-005,0.0417791
4.818e-005,0.0377015
4.8184e-005,0.0363274
4.8188e-005,0.0365357
4.8192e-005,0.0355734
4.8196e-005,0.0291792
4.82e-005,0.0221401
4.8204e-005,0.0202402
4.8208e-005,0.0196896
4.8212e-005,0.0193126
4.8216e-005,0.0188165
4.822e-005,0.0152349
4.8224e-005,0.00431668
4.8228e-005,0.000313479
4.8232e-005,-0.00121438
4.8236e-005,0.00039781
4.824e-005,0.000308519
4.8244e-005,-9.32892e-005
4.8248e-005,0.00109229
4.8252e-005,-0.0005199
4.8256e-005,-0.000703442
4.826e-005,0.00417778
4.8264e-005,0.0167479
4.8268e-005,0.0183849
4.8272e-005,0.0207809
4.8276e-005,0.0218772
4.828e-005,0.0224873
4.8284e-005,0.0237225
4.8288e-005,0.025419
4.8292e-005,0.024541
4.8296e-005,0.0258457
4.83e-005,0.0264955
4.8304e-005,0.0271156
4.8308e-005,0.0279341
4.8312e-005,0.028073
4.8316e-005,0.0280432
4.832e-005,0.0289113
4.8324e-005,0.0286583
4.8328e-005,0.0287823
4.8332e-005,0.0291593
4.8336e-005,0.0289262
4.834e-005,0.02907
4.8344e-005,0.0293925
4.8348e-005,0.0290552
4.8352e-005,0.0284599
4.8356e-005,0.0295215
4.836e-005,0.0282664
4.8364e-005,0.0278547
4.8368e-005,0.0290254
4.8372e-005,0.0290601
4.8376e-005,0.0283805
4.838e-005,0.0294024
4.8384e-005,0.0285641
4.8388e-005,0.0288171
4.8392e-005,0.0289708
4.8396e-005,0.028703
4.84e-005,0.0277704
4.8404e-005,0.028073
4.8408e-005,0.0285541
4.8412e-005,0.0286335
4.8416e-005,0.0287774
4.842e-005,0.0287922
4.8424e-005,0.0283012
4.8428e-005,0.0289708
4.8432e-005,0.0283855
4.8436e-005,0.0281027
4.844e-005,0.0287476
4.8444e-005,0.0284252
4.8448e-005,0.0278299
4.8452e-005,0.0286583
4.8456e-005,0.0284748
4.846e-005,0.0280432
4.8464e-005,0.0285641
4.8468e-005,0.0282367
4.8472e-005,0.0280779
4.8476e-005,0.0288865
4.848e-005,0.0278249
4.8484e-005,0.0282714
4.8488e-005,0.0287327
4.8492e-005,0.0274231
4.8496e-005,0.0280779
4.85e-005,0.0280581
4.8504e-005,0.0284351
4.8508e-005,0.0276414
4.8512e-005,0.0280531
4.8516e-005,0.0279241
4.852e-005,0.0280184
4.8524e-005,0.0281325
4.8528e-005,0.0281325
4.8532e-005,0.0279093
4.8536e-005,0.0283805
4.854e-005,0.02782
4.8544e-005,0.0272049
4.8548e-005,0.0280035
4.8552e-005,0.0277753
4.8556e-005,0.0274827
4.856e-005,0.0282763
4.8564e-005,0.0286335
4.8568e-005,0.0278497
4.8572e-005,0.0276712
4.8576e-005,0.0274975
4.858e-005,0.0276414
4.8584e-005,0.0280878
4.8588e-005,0.0281871
4.8592e-005,0.0279638
4.8596e-005,0.0277257
4.86e-005,0.0276513
4.8604e-005,0.0274975
4.8608e-005,0.027944
4.8612e-005,0.0273041
4.8616e-005,0.0271503
4.862e-005,0.0278101
4.8624e-005,0.0276464
4.8628e-005,0.0279142
4.8632e-005,0.028192
4.8636e-005,0.0277356
4.864e-005,0.0275719
4.8644e-005,0.027567
4.8648e-005,0.0281623
4.8652e-005,0.027433
4.8656e-005,0.0276612
4.866e-005,0.027433
4.8664e-005,0.0281077
4.8668e-005,0.0279489
4.8672e-005,0.027562
4.8676e-005,0.0278597
4.868e-005,0.027567
4.8684e-005,0.0277505
4.8688e-005,0.0271949
4.8692e-005,0.0283656
4.8696e-005,0.028068
4.87e-005,0.0281871
4.8704e-005,0.0278795
4.8708e-005,0.0280878
4.8712e-005,0.0273586
4.8716e-005,0.0280432
4.872e-005,0.0280978
4.8724e-005,0.0275075
4.8728e-005,0.0282466
4.8732e-005,0.0279738
4.8736e-005,0.027696
4.874e-005,0.027567
4.8744e-005,0.0273289
4.8748e-005,0.0277456
4.8752e-005,0.0275769
4.8756e-005,0.0275967
4.876e-005,0.0272545
4.8764e-005,0.0280035
4.8768e-005,0.0278101
4.8772e-005,0.0277406
4.8776e-005,0.0282714
4.878e-005,0.0282615
4.8784e-005,0.0275223
4.8788e-005,0.0276166
4.8792e-005,0.0278299
4.8796e-005,0.0281176
4.88e-005,0.0279341
4.8804e-005,0.0276215
4.8808e-005,0.0274281
4.8812e-005,0.0283508
4.8816e-005,0.0274033
4.882e-005,0.0277356
4.8824e-005,0.0278349
4.8828e-005,0.0279192
4.8832e-005,0.0275918
4.8836e-005,0.0285938
4.884e-005,0.0278051
4.8844e-005,0.0278597
4.8848e-005,0.0284103
4.8852e-005,0.0279539
4.8856e-005,0.028197
4.886e-005,0.028316
4.8864e-005,0.0280878
4.8868e-005,0.028073
4.8872e-005,0.0283954
4.8876e-005,0.027696
4.888e-005,0.0283756
4.8884e-005,0.0279539
4.8888e-005,0.0282069
4.8892e-005,0.0276811
4.8896e-005,0.0283557
4.89e-005,0.0275819
4.8904e-005,0.0277952
4.8908e-005,0.0278299
4.8912e-005,0.0273388
4.8916e-005,0.0277604
4.892e-005,0.0281821
4.8924e-005,0.0282515
4.8928e-005,0.0282367
4.8932e-005,0.0276513
4.8936e-005,0.0269171
4.894e-005,0.0280829
4.8944e-005,0.0271553
4.8948e-005,0.0274479
4.8952e-005,0.0274628
4.8956e-005,0.027939
4.896e-005,0.0277505
4.8964e-005,0.0250123
4.8968e-005,0.0207561
4.8972e-005,0.0194167
4.8976e-005,0.0179484
4.898e-005,0.0186131
4.8984e-005,0.0185883
4.8988e-005,0.0143123
4.8992e-005,0.00293267
4.8996e-005,0.000581352
4.9e-005,-0.00126399
4.9004e-005,0.000492061
4.9008e-005,-0.000316516
4.9012e-005,-0.000445491
4.9016e-005,1.58439e-005
4.902e-005,-0.000638955
4.9024e-005,-0.00126895
4.9028e-005,0.00421747
4.9032e-005,0.0169712
4.9036e-005,0.0189752
4.904e-005,0.0208751
4.9044e-005,0.0234795
4.9048e-005,0.0259349
4.9052e-005,0.0269221
4.9056e-005,0.0283111
4.906e-005,0.029953
4.9064e-005,0.0309055
4.9068e-005,0.0312329
4.9072e-005,0.032468
4.9076e-005,0.0326814
4.908e-005,0.0337181
4.9084e-005,0.0332022
4.9088e-005,0.0346061
4.9092e-005,0.0344672
4.9096e-005,0.0338521
4.91e-005,0.0351418
4.9104e-005,0.0347648
4.9108e-005,0.0357073
4.9112e-005,0.036382
4.9116e-005,0.0357768
4.912e-005,0.0359851
4.9124e-005,0.0361488
4.9128e-005,0.0360198
4.9132e-005,0.0364762
4.9136e-005,0.0367887
4.914e-005,0.0365457
4.9144e-005,0.0354593
4.9148e-005,0.0368433
4.9152e-005,0.0359107
4.9156e-005,0.0355337
4.916e-005,0.0363423
4.9164e-005,0.0357569
4.9168e-005,0.0357272
4.9172e-005,0.0361389
4.9176e-005,0.0356081
4.918e-005,0.0356875
4.9184e-005,0.0359008
4.9188e-005,0.035494
4.9192e-005,0.0355436
4.9196e-005,0.0360496
4.92e-005,0.0359752
4.9204e-005,0.0355833
4.9208e-005,0.0356726
4.9212e-005,0.0356031
4.9216e-005,0.0366498
4.922e-005,0.036759
4.9224e-005,0.0358065
4.9228e-005,0.0354543
4.9232e-005,0.035747
4.9236e-005,0.0361389
4.924e-005,0.0359901
4.9244e-005,0.0368383
4.9248e-005,0.0359107
4.9252e-005,0.0359157
4.9256e-005,0.0359653
4.926e-005,0.0359752
4.9264e-005,0.0359157
4.9268e-005,0.0363968
4.9272e-005,0.0360496
4.9276e-005,0.0358611
4.928e-005,0.0369524
4.9284e-005,0.0360248
4.9288e-005,0.0358115
4.9292e-005,0.0365853
4.9296e-005,0.036129
4.93e-005,0.0355039
4.9304e-005,0.036377
4.9308e-005,0.0362133
4.9312e-005,0.0362877
4.9316e-005,0.0362927
4.932e-005,0.0362728
4.9324e-005,0.036005
4.9328e-005,0.0365457
4.9332e-005,0.0358958
4.9336e-005,0.0353105
4.934e-005,0.0365903
4.9344e-005,0.0358214
4.9348e-005,0.0356279
4.9352e-005,0.0358611
4.9356e-005,0.035995
4.936e-005,0.0361042
4.9364e-005,0.0360843
4.9368e-005,0.0356875
4.9372e-005,0.0355783
4.9376e-005,0.0361042
4.938e-005,0.0355635
4.9384e-005,0.0352956
4.9388e-005,0.03663
4.9392e-005,0.0362232
4.9396e-005,0.0355039
4.94e-005,0.0366697
4.9404e-005,0.0355635
4.9408e-005,0.0357817
4.9412e-005,0.0371112
4.9416e-005,0.0359504
4.942e-005,0.0357371
4.9424e-005,0.0360446
4.9428e-005,0.0358413
4.9432e-005,0.0355635
4.9436e-005,0.0363621
4.944e-005,0.0360298
4.9444e-005,0.0356974
4.9448e-005,0.0366895
4.9452e-005,0.0354642
4.9456e-005,0.0349483
4.946e-005,0.0359206
4.9464e-005,0.0357619
4.9468e-005,0.0351071
4.9472e-005,0.0362629
4.9476e-005,0.0351964
4.948e-005,0.0354047
4.9484e-005,0.0363671
4.9488e-005,0.0352113
4.9492e-005,0.0355585
4.9496e-005,0.0364266
4.95e-005,0.0360248
4.9504e-005,0.0355287
4.9508e-005,0.0364415
4.9512e-005,0.0358611
4.9516e-005,0.0351765
4.952e-005,0.0360595
4.9524e-005,0.0356924
4.9528e-005,0.0351964
4.9532e-005,0.0362629
4.9536e-005,0.0357073
4.954e-005,0.0363125
4.9544e-005,0.0363572
4.9548e-005,0.0359206
4.9552e-005,0.0356726
4.9556e-005,0.0364365
4.956e-005,0.0358363
4.9564e-005,0.0357073
4.9568e-005,0.0361687
4.9572e-005,0.0349483
4.9576e-005,0.035241
4.958e-005,0.0353502
4.9584e-005,0.0359901
4.9588e-005,0.0351071
4.9592e-005,0.0355486
4.9596e-005,0.0352509
4.96e-005,0.035499
4.9604e-005,0.0363125
4.9608e-005,0.0355932
4.9612e-005,0.0354791
4.9616e-005,0.0361786
4.962e-005,0.036124
4.9624e-005,0.0353551
4.9628e-005,0.0363026
4.9632e-005,0.0346458
4.9636e-005,0.0358561
4.964e-005,0.0365258
4.9644e-005,0.0356279
4.9648e-005,0.0355635
4.9652e-005,0.0366895
4.9656e-005,0.0349136
4.966e-005,0.0354593
4.9664e-005,0.0365705
4.9668e-005,0.0353402
4.9672e-005,0.0356081
4.9676e-005,0.0362976
4.968e-005,0.0361141
4.9684e-005,0.035112
4.9688e-005,0.0363324
4.9692e-005,0.0353303
4.9696e-005,0.0359305
4.97e-005,0.036124
4.9704e-005,0.0352113
4.9708e-005,0.03411
4.9712e-005,0.0328699
4.9716e-005,0.0318281
4.972e-005,0.0307963
4.9724e-005,0.0315553
4.9728e-005,0.0317388
4.9732e-005,0.0270808
4.9736e-005,0.0213166
4.974e-005,0.0196945
4.9744e-005,0.019382
4.9748e-005,0.0190496
4.9752e-005,0.0189752
4.9756e-005,0.0144859
4.976e-005,0.00348826
4.9764e-005,0.000943475
4.9768e-005,-0.000658797
4.9772e-005,0.000209307
4.9776e-005,7.5371e-005
4.978e-005,-0.000113132
4.9784e-005,0.000189465
4.9788e-005,-0.000633994
4.9792e-005,-0.00130863
4.9796e-005,0.00342873
4.98e-005,0.0161328
4.9804e-005,0.0201807
4.9808e-005,0.023162
4.9812e-005,0.025801
4.9816e-005,0.0285293
4.982e-005,0.029829
4.9824e-005,0.0317339
4.9828e-005,0.0337528
4.9832e-005,0.0353948
4.9836e-005,0.0356875
4.984e-005,0.0366994
4.9844e-005,0.0386043
4.9848e-005,0.0384654
4.9852e-005,0.0388474
4.9856e-005,0.0403901
4.986e-005,0.0394575
4.9864e-005,0.0405141
4.9868e-005,0.0419527
4.9872e-005,0.0405985
4.9876e-005,0.0411243
4.988e-005,0.0437038
4.9884e-005,0.0424884
4.9888e-005,0.0425133
4.9892e-005,0.043932
4.9896e-005,0.0429845
4.99e-005,0.0428258
4.9904e-005,0.0440659
4.9908e-005,0.0424636
4.9912e-005,0.0433516
4.9916e-005,0.0444181
4.992e-005,0.0424537
4.9924e-005,0.0425083
4.9928e-005,0.0447356
4.9932e-005,0.0434954
4.9936e-005,0.042677
4.994e-005,0.0442941
4.9944e-005,0.0431978
4.9948e-005,0.0433169
4.9952e-005,0.0433714
4.9956e-005,0.0432623
4.996e-005,0.0435451
4.9964e-005,0.0438526
4.9968e-005,0.0420519
4.9972e-005,0.0433516
4.9976e-005,0.0444578
4.998e-005,0.0432772
4.9984e-005,0.0429845
4.9988e-005,0.0439717
4.9992e-005,0.0423297
4.9996e-005,0.0431284
5e-005,0.0438526
5.0004e-005,0.0432524
5.0008e-005,0.0434657
5.0012e-005,0.0447406
5.0016e-005,0.0426571
5.002e-005,0.0425182
5.0024e-005,0.0437484
5.0028e-005,0.0435699
5.0032e-005,0.0438526
5.0036e-005,0.0435699
5.004e-005,0.0432226
5.0044e-005,0.0438179
5.0048e-005,0.0441205
5.0052e-005,0.0431681
5.0056e-005,0.0430688
5.006e-005,0.0439568
5.0064e-005,0.0429547
5.0068e-005,0.0428555
5.0072e-005,0.0439072
5.0076e-005,0.0433119
5.008e-005,0.0426224
5.0084e-005,0.0440014
5.0088e-005,0.0428357
5.0092e-005,0.0428456
5.0096e-005,0.0440064
5.01e-005,0.0426373
5.0104e-005,0.0435599
5.0108e-005,0.0444082
5.0112e-005,0.0427811
5.0116e-005,0.0427563
5.012e-005,0.0438427
5.0124e-005,0.0434607
5.0128e-005,0.0430391
5.0132e-005,0.0438377
5.0136e-005,0.0427613
5.014e-005,0.0431036
5.0144e-005,0.0444181
5.0148e-005,0.0431234
5.0152e-005,0.0434359
5.0156e-005,0.0440808
5.016e-005,0.0426521
5.0164e-005,0.0430589
5.0168e-005,0.0443487
5.0172e-005,0.0434558
5.0176e-005,0.0433318
5.018e-005,0.0445025
5.0184e-005,0.0430192
5.0188e-005,0.0437088
5.0192e-005,0.0448993
5.0196e-005,0.043049
5.02e-005,0.0436641
5.0204e-005,0.043803
5.0208e-005,0.0434458
5.0212e-005,0.0433615
5.0216e-005,0.0436343
5.022e-005,0.043297
5.0224e-005,0.0431333
5.0228e-005,0.0440262
5.0232e-005,0.0430391
5.0236e-005,0.0430391
5.024e-005,0.0436393
5.0244e-005,0.0431135
5.0248e-005,0.0434409
5.0252e-005,0.0446711
5.0256e-005,0.0432474
5.026e-005,0.0432871
5.0264e-005,0.0442792
5.0268e-005,0.0434161
5.0272e-005,0.0433962
5.0276e-005,0.0447703
5.028e-005,0.0438576
5.0284e-005,0.0440808
5.0288e-005,0.0455839
5.0292e-005,0.0440659
5.0296e-005,0.0440362
5.03e-005,0.0451076
5.0304e-005,0.0434508
5.0308e-005,0.043684
5.0312e-005,0.0450283
5.0316e-005,0.0437534
5.032e-005,0.0438377
5.0324e-005,0.0446364
5.0328e-005,0.0436393
5.0332e-005,0.0436691
5.0336e-005,0.0447902
5.034e-005,0.0433962
5.0344e-005,0.0437881
5.0348e-005,0.0442991
5.0352e-005,0.0431432
5.0356e-005,0.0436294
5.036e-005,0.0452019
5.0364e-005,0.0433665
5.0368e-005,0.0435004
5.0372e-005,0.0434161
5.0376e-005,0.0436145
5.038e-005,0.0440808
5.0384e-005,0.0445074
5.0388e-005,0.044309
5.0392e-005,0.0439816
5.0396e-005,0.0447505
5.04e-005,0.042925
5.0404e-005,0.0440213
5.0408e-005,0.0446959
5.0412e-005,0.0429845
5.0416e-005,0.0439915
5.042e-005,0.0442941
5.0424e-005,0.0431532
5.0428e-005,0.0437782
5.0432e-005,0.0446116
5.0436e-005,0.0437088
5.044e-005,0.0435599
5.0444e-005,0.0444727
5.0448e-005,0.0432127
5.0452e-005,0.043674
5.0456e-005,0.0447058
5.046e-005,0.0439121
5.0464e-005,0.0442643
5.0468e-005,0.0443239
5.0472e-005,0.0426918
5.0476e-005,0.0401867
5.048e-005,0.038515
5.0484e-005,0.035499
5.0488e-005,0.0349037
5.0492e-005,0.0346507
5.0496e-005,0.0345317
5.05e-005,0.0290452
5.0504e-005,0.0218673
5.0508e-005,0.0202451
5.0512e-005,0.0192233
5.0516e-005,0.0201608
5.052e-005,0.0185585
5.0524e-005,0.0146942
5.0528e-005,0.00370653
5.0532e-005,0.00098812
5.0536e-005,-0.000390925
5.054e-005,-0.000237146
5.0544e-005,-0.000718324
5.0548e-005,-0.000658797
5.0552e-005,0.000968278
5.0556e-005,-0.000663758
5.056e-005,-0.00148722
5.0564e-005,0.00412322
5.0568e-005,0.0171001
5.0572e-005,0.0202799
5.0576e-005,0.0244468
5.058e-005,0.0277208
5.0584e-005,0.0307963
5.0588e-005,0.0330732
5.0592e-005,0.0355783
5.0596e-005,0.0367143
5.06e-005,0.0388871
5.0604e-005,0.0395815
5.0608e-005,0.0406233
5.0612e-005,0.0426571
5.0616e-005,0.0423396
5.062e-005,0.0427712
5.0624e-005,0.0448993
5.0628e-005,0.044309
5.0632e-005,0.0452118
5.0636e-005,0.0463924
5.064e-005,0.045946
5.0644e-005,0.0460254
5.0648e-005,0.0477318
5.0652e-005,0.047077
5.0656e-005,0.0477516
5.066e-005,0.0480443
5.0664e-005,0.0480443
5.0668e-005,0.0476772
5.0672e-005,0.0490712
5.0676e-005,0.0484412
5.068e-005,0.0483271
5.0684e-005,0.0492497
5.0688e-005,0.0482626
5.0692e-005,0.0491257
5.0696e-005,0.048833
5.07e-005,0.0483519
5.0704e-005,0.0493241
5.0708e-005,0.0504998
5.0712e-005,0.049463
5.0716e-005,0.0491853
5.072e-005,0.0502468
5.0724e-005,0.0492249
5.0728e-005,0.0486049
5.0732e-005,0.0496119
5.0736e-005,0.0485056
5.074e-005,0.049463
5.0744e-005,0.0495573
5.0748e-005,0.0489075
5.0752e-005,0.049597
5.0756e-005,0.0495375
5.076e-005,0.0494432
5.0764e-005,0.0490563
5.0768e-005,0.049721
5.0772e-005,0.0490265
5.0776e-005,0.0493241
5.078e-005,0.0502419
5.0784e-005,0.0491704
5.0788e-005,0.0491108
5.0792e-005,0.0502815
5.0796e-005,0.0501972
5.08e-005,0.0502369
5.0804e-005,0.0505246
5.0808e-005,0.0496317
5.0812e-005,0.0499591
5.0816e-005,0.0503361
5.082e-005,0.0499293
5.0824e-005,0.0498549
5.0828e-005,0.0505643
5.0832e-005,0.0500732
5.0836e-005,0.0497656
5.084e-005,0.0509115
5.0844e-005,0.0497904
5.0848e-005,0.0492547
5.0852e-005,0.0506189
5.0856e-005,0.0495127
5.086e-005,0.0499492
5.0864e-005,0.0499541
5.0868e-005,0.0498252
5.0872e-005,0.0504998
5.0876e-005,0.0508173
5.088e-005,0.0496664
5.0884e-005,0.0500137
5.0888e-005,0.0511149
5.0892e-005,0.0490712
5.0896e-005,0.049716
5.09e-005,0.0504948
5.0904e-005,0.0494382
5.0908e-005,0.0499442
5.0912e-005,0.0504849
5.0916e-005,0.0499045
5.092e-005,0.049726
5.0924e-005,0.0503262
5.0928e-005,0.0498996
5.0932e-005,0.0491654
5.0936e-005,0.0506486
5.094e-005,0.0492646
5.0944e-005,0.0505197
5.0948e-005,0.0500335
5.0952e-005,0.0499194
5.0956e-005,0.0493093
5.096e-005,0.0505097
5.0964e-005,0.0491505
5.0968e-005,0.0501526
5.0972e-005,0.0507578
5.0976e-005,0.0502121
5.098e-005,0.0499591
5.0984e-005,0.0507627
5.0988e-005,0.049726
5.0992e-005,0.0498996
5.0996e-005,0.0504403
5.1e-005,0.0494085
5.1004e-005,0.0491902
5.1008e-005,0.0504254
5.1012e-005,0.0497607
5.1016e-005,0.0488777
5.102e-005,0.0507677
5.1024e-005,0.049463
5.1028e-005,0.0498301
5.1032e-005,0.0502964
5.1036e-005,0.0493837
5.104e-005,0.0500137
5.1044e-005,0.0502915
5.1048e-005,0.0496317
5.1052e-005,0.0503907
5.1056e-005,0.050723
5.106e-005,0.0491853
5.1064e-005,0.0499442
5.1068e-005,0.0508471
5.1072e-005,0.050093
5.1076e-005,0.0497557
5.108e-005,0.049974
5.1084e-005,0.0493638
5.1088e-005,0.0494531
5.1092e-005,0.0507578
5.1096e-005,0.0499343
5.11e-005,0.0497557
5.1104e-005,0.0506238
5.1108e-005,0.049344
5.1112e-005,0.0496962
5.1116e-005,0.0508123
5.112e-005,0.0494234
5.1124e-005,0.0499095
5.1128e-005,0.0504304
5.1132e-005,0.0499541
5.1136e-005,0.0497408
5.114e-005,0.0508619
5.1144e-005,0.0500782
5.1148e-005,0.0502468
5.1152e-005,0.050227
5.1156e-005,0.0495523
5.116e-005,0.0496069
5.1164e-005,0.050222
5.1168e-005,0.0494829
5.1172e-005,0.0497706
5.1176e-005,0.0506089
5.118e-005,0.0495474
5.1184e-005,0.049344
5.1188e-005,0.0504849
5.1192e-005,0.0496912
5.1196e-005,0.049086
5.12e-005,0.0503163
5.1204e-005,0.0499095
5.1208e-005,0.0498301
5.1212e-005,0.0506337
5.1216e-005,0.0496317
5.122e-005,0.0492497
5.1224e-005,0.0504403
5.1228e-005,0.0495325
5.1232e-005,0.0496019
5.1236e-005,0.0508867
5.124e-005,0.0491952
5.1244e-005,0.0448646
5.1248e-005,0.0415013
5.1252e-005,0.0380785
5.1256e-005,0.0368135
5.126e-005,0.0361687
