Time,Ampl
4.126e-005,0.0489868
4.1264e-005,0.0487537
4.1268e-005,0.0482328
4.1272e-005,0.0486197
4.1276e-005,0.0487636
4.128e-005,0.0488727
4.1284e-005,0.0487735
4.1288e-005,0.0482725
4.1292e-005,0.0486197
4.1296e-005,0.0486247
4.13e-005,0.0489273
4.1304e-005,0.0485503
4.1308e-005,0.048079
4.1312e-005,0.0485801
4.1316e-005,0.0489422
4.132e-005,0.0485999
4.1324e-005,0.0482923
4.1328e-005,0.0485056
4.1332e-005,0.0488132
4.1336e-005,0.049091
4.134e-005,0.0481187
4.1344e-005,0.0481683
4.1348e-005,0.0485999
4.1352e-005,0.0486793
4.1356e-005,0.0483767
4.136e-005,0.0484064
4.1364e-005,0.0492051
4.1368e-005,0.0483965
4.1372e-005,0.0486346
4.1376e-005,0.0490662
4.138e-005,0.0494333
4.1384e-005,0.0492745
4.1388e-005,0.0487586
4.1392e-005,0.0485602
4.1396e-005,0.0483568
4.14e-005,0.0486942
4.1404e-005,0.0487884
4.1408e-005,0.0488926
4.1412e-005,0.0488132
4.1416e-005,0.0490265
4.142e-005,0.0483965
4.1424e-005,0.0479699
4.1428e-005,0.0481088
4.1432e-005,0.0481783
4.1436e-005,0.0484759
4.144e-005,0.0484114
4.1444e-005,0.0482824
4.1448e-005,0.0486743
4.1452e-005,0.0484213
4.1456e-005,0.0484213
4.146e-005,0.0482775
4.1464e-005,0.048337
4.1468e-005,0.0482328
4.1472e-005,0.0485949
4.1476e-005,0.0488827
4.148e-005,0.0491952
4.1484e-005,0.0487636
4.1488e-005,0.0486396
4.1492e-005,0.0482874
4.1496e-005,0.0483023
4.15e-005,0.0484461
4.1504e-005,0.0487338
4.1508e-005,0.049592
4.1512e-005,0.048342
4.1516e-005,0.0486892
4.152e-005,0.0487884
4.1524e-005,0.0486693
4.1528e-005,0.0483816
4.1532e-005,0.0488231
4.1536e-005,0.049215
4.154e-005,0.0485602
4.1544e-005,0.0492597
4.1548e-005,0.0483469
4.1552e-005,0.0488628
4.1556e-005,0.048962
4.156e-005,0.0487338
4.1564e-005,0.0490017
4.1568e-005,0.0487884
4.1572e-005,0.0482626
4.1576e-005,0.0488628
4.158e-005,0.0486991
4.1584e-005,0.048208
4.1588e-005,0.0490612
4.1592e-005,0.0484759
4.1596e-005,0.0489471
4.16e-005,0.0485602
4.1604e-005,0.0483717
4.1608e-005,0.0488132
4.1612e-005,0.0491307
4.1616e-005,0.0488727
4.162e-005,0.0484164
4.1624e-005,0.0485801
4.1628e-005,0.0489075
4.1632e-005,0.0489025
4.1636e-005,0.0488579
4.164e-005,0.0486297
4.1644e-005,0.0488628
4.1648e-005,0.0485652
4.1652e-005,0.048714
4.1656e-005,0.0491257
4.166e-005,0.0483122
4.1664e-005,0.0488033
4.1668e-005,0.0480691
4.1672e-005,0.0476276
4.1676e-005,0.0438328
4.168e-005,0.0399288
4.1684e-005,0.0379495
4.1688e-005,0.0363274
4.1692e-005,0.0353898
4.1696e-005,0.0357073
4.17e-005,0.0272693
4.1704e-005,0.0221798
4.1708e-005,0.0201608
4.1712e-005,0.0190695
4.1716e-005,0.0181171
4.172e-005,0.0189504
4.1724e-005,0.0109837
4.1728e-005,0.00253583
4.1732e-005,0.00146434
4.1736e-005,-0.000509979
4.174e-005,-0.000361161
4.1744e-005,-0.000574467
4.1748e-005,-0.000197462
4.1752e-005,0.000387888
4.1756e-005,7.5371e-005
4.176e-005,-0.00115486
4.1764e-005,0.00676721
4.1768e-005,0.01649
4.1772e-005,0.0181369
4.1776e-005,0.0188611
4.178e-005,0.0203394
4.1784e-005,0.0208305
4.1788e-005,0.0209595
4.1792e-005,0.0214605
4.1796e-005,0.0219367
4.18e-005,0.022532
4.1804e-005,0.0231372
4.1808e-005,0.0224675
4.1812e-005,0.0235142
4.1816e-005,0.0226659
4.182e-005,0.0231917
4.1824e-005,0.0236828
4.1828e-005,0.0229338
4.1832e-005,0.0231471
4.1836e-005,0.0232116
4.184e-005,0.0231868
4.1844e-005,0.0236283
4.1848e-005,0.0239805
4.1852e-005,0.0234497
4.1856e-005,0.0229983
4.186e-005,0.0239209
4.1864e-005,0.0229685
4.1868e-005,0.0238465
4.1872e-005,0.0233505
4.1876e-005,0.0227701
4.188e-005,0.0229387
4.1884e-005,0.0236828
4.1888e-005,0.0239309
4.1892e-005,0.0229437
4.1896e-005,0.0232661
4.19e-005,0.023286
4.1904e-005,0.0228495
4.1908e-005,0.0226808
4.1912e-005,0.0229387
4.1916e-005,0.0232959
4.192e-005,0.0231273
4.1924e-005,0.0235142
4.1928e-005,0.0233455
4.1932e-005,0.0230876
4.1936e-005,0.0228247
4.194e-005,0.0225766
4.1944e-005,0.0231719
4.1948e-005,0.0235291
4.1952e-005,0.0232066
4.1956e-005,0.0233158
4.196e-005,0.0234993
4.1964e-005,0.0229189
4.1968e-005,0.0233554
4.1972e-005,0.0226362
4.1976e-005,0.023792
4.198e-005,0.0229784
4.1984e-005,0.0233058
4.1988e-005,0.0237275
4.1992e-005,0.0231124
4.1996e-005,0.0232711
4.2e-005,0.0237374
4.2004e-005,0.0230925
4.2008e-005,0.0231719
4.2012e-005,0.0234298
4.2016e-005,0.0224328
4.202e-005,0.0231322
4.2024e-005,0.0230727
4.2028e-005,0.0231967
4.2032e-005,0.0228941
4.2036e-005,0.0223286
4.204e-005,0.0229536
4.2044e-005,0.0226808
4.2048e-005,0.023157
4.2052e-005,0.0223236
4.2056e-005,0.0224328
4.206e-005,0.02278
4.2064e-005,0.0229784
4.2068e-005,0.0225915
4.2072e-005,0.0224923
4.2076e-005,0.0225121
4.208e-005,0.0233108
4.2084e-005,0.0224576
4.2088e-005,0.022904
4.2092e-005,0.0232314
4.2096e-005,0.0229636
4.21e-005,0.0232413
4.2104e-005,0.022904
4.2108e-005,0.022909
4.2112e-005,0.0226163
4.2116e-005,0.0233455
4.212e-005,0.0232116
4.2124e-005,0.0230528
4.2128e-005,0.0227651
4.2132e-005,0.0224973
4.2136e-005,0.0231421
4.214e-005,0.0227205
4.2144e-005,0.0222591
4.2148e-005,0.0222294
4.2152e-005,0.0228346
4.2156e-005,0.0220706
4.216e-005,0.0227254
4.2164e-005,0.0227056
4.2168e-005,0.0224427
4.2172e-005,0.02278
4.2176e-005,0.0228544
4.218e-005,0.0225469
4.2184e-005,0.0225072
4.2188e-005,0.0227999
4.2192e-005,0.02278
4.2196e-005,0.0230578
4.22e-005,0.0233654
4.2204e-005,0.0224973
4.2208e-005,0.0232116
4.2212e-005,0.0233554
4.2216e-005,0.0228048
4.222e-005,0.0228346
4.2224e-005,0.0226709
4.2228e-005,0.0222939
4.2232e-005,0.0224625
4.2236e-005,0.0227254
4.224e-005,0.0226113
4.2244e-005,0.0229338
4.2248e-005,0.0224675
4.2252e-005,0.022651
4.2256e-005,0.0228048
4.226e-005,0.0227155
4.2264e-005,0.0224328
4.2268e-005,0.0224179
4.2272e-005,0.0230181
4.2276e-005,0.0228395
4.228e-005,0.0223732
4.2284e-005,0.0229586
4.2288e-005,0.0223088
4.2292e-005,0.022532
4.2296e-005,0.0228346
4.23e-005,0.0230826
4.2304e-005,0.0227701
4.2308e-005,0.0233703
4.2312e-005,0.0230628
4.2316e-005,0.022408
4.232e-005,0.0229784
4.2324e-005,0.0224179
4.2328e-005,0.0225469
4.2332e-005,0.0230776
4.2336e-005,0.0225469
4.234e-005,0.0225469
4.2344e-005,0.0228048
4.2348e-005,0.0228693
4.2352e-005,0.0231818
4.2356e-005,0.0229288
4.236e-005,0.023291
4.2364e-005,0.0224973
4.2368e-005,0.023658
4.2372e-005,0.0231471
4.2376e-005,0.0229189
4.238e-005,0.0227949
4.2384e-005,0.0228495
4.2388e-005,0.0229437
4.2392e-005,0.0227502
4.2396e-005,0.0226163
4.24e-005,0.0228495
4.2404e-005,0.0225568
4.2408e-005,0.0218921
4.2412e-005,0.0227304
4.2416e-005,0.0229735
4.242e-005,0.0229983
4.2424e-005,0.0229239
4.2428e-005,0.0229884
4.2432e-005,0.0235439
4.2436e-005,0.0230132
4.244e-005,0.0225865
4.2444e-005,0.0232463
4.2448e-005,0.023162
4.2452e-005,0.0241094
4.2456e-005,0.0241789
4.246e-005,0.0241739
4.2464e-005,0.0248982
4.2468e-005,0.0216837
4.2472e-005,0.0200517
4.2476e-005,0.01901
4.248e-005,0.0188314
4.2484e-005,0.0179583
4.2488e-005,0.0190893
4.2492e-005,0.0100065
4.2496e-005,0.00196536
4.25e-005,0.000769854
4.2504e-005,0.000124977
4.2508e-005,-0.00093163
4.2512e-005,-0.000286752
4.2516e-005,7.5371e-005
4.252e-005,-9.82498e-005
4.2524e-005,-0.000708403
4.2528e-005,-0.00117966
4.2532e-005,0.00643981
4.2536e-005,0.0166438
4.254e-005,0.0195705
4.2544e-005,0.0210041
4.2548e-005,0.0232017
4.2552e-005,0.0241094
4.2556e-005,0.0247692
4.256e-005,0.0260788
4.2564e-005,0.0275223
4.2568e-005,0.0282218
4.2572e-005,0.0284698
4.2576e-005,0.0293181
4.258e-005,0.029328
4.2584e-005,0.0303102
4.2588e-005,0.0301266
4.2592e-005,0.0302507
4.2596e-005,0.030077
4.26e-005,0.0312378
4.2604e-005,0.0310295
4.2608e-005,0.0315156
4.2612e-005,0.0315355
4.2616e-005,0.0321258
4.262e-005,0.0314809
4.2624e-005,0.0316198
4.2628e-005,0.0323986
4.2632e-005,0.0320762
4.2636e-005,0.0320216
4.264e-005,0.0319521
4.2644e-005,0.0320166
4.2648e-005,0.0313023
4.2652e-005,0.0324929
4.2656e-005,0.031714
4.266e-005,0.0317835
4.2664e-005,0.0318331
4.2668e-005,0.031714
4.2672e-005,0.0318877
4.2676e-005,0.0319918
4.268e-005,0.0321754
4.2684e-005,0.0316595
4.2688e-005,0.0316297
4.2692e-005,0.0309303
4.2696e-005,0.0311634
4.27e-005,0.0317041
4.2704e-005,0.0315503
4.2708e-005,0.0311336
4.2712e-005,0.0318629
4.2716e-005,0.0318777
4.272e-005,0.0319224
4.2724e-005,0.0315999
4.2728e-005,0.0312527
4.2732e-005,0.0311237
4.2736e-005,0.0313271
4.274e-005,0.0315404
4.2744e-005,0.0316843
4.2748e-005,0.0316099
4.2752e-005,0.0314908
4.2756e-005,0.0320712
4.276e-005,0.0321407
4.2764e-005,0.0317984
4.2768e-005,0.0310791
4.2772e-005,0.0319174
4.2776e-005,0.0310295
4.278e-005,0.0314809
4.2784e-005,0.0318926
4.2788e-005,0.0315603
4.2792e-005,0.0317488
4.2796e-005,0.0315057
4.28e-005,0.0312329
4.2804e-005,0.0313222
4.2808e-005,0.0309352
4.2812e-005,0.0309551
4.2816e-005,0.030836
4.282e-005,0.0318133
4.2824e-005,0.0311237
4.2828e-005,0.0308261
4.2832e-005,0.0317339
4.2836e-005,0.0317091
4.284e-005,0.0317488
4.2844e-005,0.0314214
4.2848e-005,0.0315007
4.2852e-005,0.0314511
4.2856e-005,0.0314958
4.286e-005,0.031084
4.2864e-005,0.0315652
4.2868e-005,0.031094
4.2872e-005,0.0313271
4.2876e-005,0.03159
4.288e-005,0.0316099
4.2884e-005,0.0308459
4.2888e-005,0.0312527
4.2892e-005,0.0315404
4.2896e-005,0.0311237
4.29e-005,0.0310047
4.2904e-005,0.0321307
4.2908e-005,0.0316793
4.2912e-005,0.0311188
4.2916e-005,0.0315057
4.292e-005,0.0312428
4.2924e-005,0.0316446
4.2928e-005,0.0304491
4.2932e-005,0.0313271
4.2936e-005,0.0313172
4.294e-005,0.0306872
4.2944e-005,0.0311287
4.2948e-005,0.030965
4.2952e-005,0.0312626
4.2956e-005,0.0309154
4.296e-005,0.0311287
4.2964e-005,0.03159
4.2968e-005,0.0303052
4.2972e-005,0.0310394
4.2976e-005,0.0309104
4.298e-005,0.0312874
4.2984e-005,0.0311932
4.2988e-005,0.031084
4.2992e-005,0.0313569
4.2996e-005,0.031461
4.3e-005,0.031714
4.3004e-005,0.0313866
4.3008e-005,0.0307963
4.3012e-005,0.0312378
4.3016e-005,0.0310245
4.302e-005,0.0309005
4.3024e-005,0.0306872
4.3028e-005,0.0312924
4.3032e-005,0.0309055
4.3036e-005,0.031595
4.304e-005,0.0307616
4.3044e-005,0.03096
4.3048e-005,0.0311436
4.3052e-005,0.0313023
4.3056e-005,0.0308311
4.306e-005,0.0311932
4.3064e-005,0.0306822
4.3068e-005,0.0310642
4.3072e-005,0.0308211
4.3076e-005,0.0311138
4.308e-005,0.0310741
4.3084e-005,0.0314462
4.3088e-005,0.0306326
4.3092e-005,0.0309253
4.3096e-005,0.0311287
4.31e-005,0.0311833
4.3104e-005,0.0307616
4.3108e-005,0.0312874
4.3112e-005,0.0311188
4.3116e-005,0.03096
4.312e-005,0.0308856
4.3124e-005,0.0317339
4.3128e-005,0.0308807
4.3132e-005,0.0310047
4.3136e-005,0.0302755
4.314e-005,0.030841
4.3144e-005,0.0313172
4.3148e-005,0.0305086
4.3152e-005,0.0310444
4.3156e-005,0.0311237
4.316e-005,0.0308211
4.3164e-005,0.0315603
4.3168e-005,0.0317537
4.3172e-005,0.0311783
4.3176e-005,0.0308608
4.318e-005,0.0309055
4.3184e-005,0.0311684
4.3188e-005,0.0309997
4.3192e-005,0.0308608
4.3196e-005,0.0307219
4.32e-005,0.032096
4.3204e-005,0.0308459
4.3208e-005,0.0308509
4.3212e-005,0.0300175
4.3216e-005,0.0291941
4.322e-005,0.0285095
4.3224e-005,0.0287823
4.3228e-005,0.028569
4.3232e-005,0.0287724
4.3236e-005,0.023911
4.324e-005,0.0199277
4.3244e-005,0.0196152
4.3248e-005,0.0191885
4.3252e-005,0.0180426
4.3256e-005,0.017492
4.326e-005,0.0104232
4.3264e-005,0.00211914
4.3268e-005,0.000219228
4.3272e-005,-0.000271871
4.3276e-005,-0.000842339
4.328e-005,6.54498e-005
4.3284e-005,-0.000192501
4.3288e-005,-0.000445491
4.3292e-005,-0.000802654
4.3296e-005,-0.00160131
4.33e-005,0.0073476
4.3304e-005,0.0169464
4.3308e-005,0.0203741
4.3312e-005,0.0226461
4.3316e-005,0.0257911
4.332e-005,0.0270362
4.3324e-005,0.0290353
4.3328e-005,0.0306177
4.3332e-005,0.0321952
4.3336e-005,0.0328203
4.334e-005,0.0345961
4.3344e-005,0.0351765
4.3348e-005,0.0361339
4.3352e-005,0.0366101
4.3356e-005,0.0372054
4.336e-005,0.0378503
4.3364e-005,0.0377709
4.3368e-005,0.0385101
4.3372e-005,0.0392789
4.3376e-005,0.0387283
4.338e-005,0.0391946
4.3384e-005,0.0395915
4.3388e-005,0.039899
4.3392e-005,0.0396014
4.3396e-005,0.0404496
4.34e-005,0.0410945
4.3404e-005,0.0397452
4.3408e-005,0.0400181
4.3412e-005,0.040534
4.3416e-005,0.0399536
4.342e-005,0.0405439
4.3424e-005,0.0405141
4.3428e-005,0.0409358
4.3432e-005,0.0402264
4.3436e-005,0.0406927
4.344e-005,0.0403256
4.3444e-005,0.0406481
4.3448e-005,0.0404943
4.3452e-005,0.0404993
4.3456e-005,0.0408911
4.346e-005,0.0402016
4.3464e-005,0.0411739
4.3468e-005,0.0407423
4.3472e-005,0.0406828
4.3476e-005,0.0409804
4.348e-005,0.0405935
4.3484e-005,0.040906
4.3488e-005,0.040276
4.3492e-005,0.0408911
4.3496e-005,0.0402562
4.35e-005,0.0400726
4.3504e-005,0.0408713
4.3508e-005,0.0405439
4.3512e-005,0.0408763
4.3516e-005,0.041283
4.352e-005,0.0399089
4.3524e-005,0.0406679
4.3528e-005,0.0406778
4.3532e-005,0.0400875
4.3536e-005,0.0406034
4.354e-005,0.0406233
4.3544e-005,0.0396857
4.3548e-005,0.0402711
4.3552e-005,0.0406679
4.3556e-005,0.0403356
4.356e-005,0.0406729
4.3564e-005,0.0405836
4.3568e-005,0.0400974
4.3572e-005,0.0402413
4.3576e-005,0.0397254
4.358e-005,0.0401917
4.3584e-005,0.0402413
4.3588e-005,0.0399784
4.3592e-005,0.0402215
4.3596e-005,0.040653
4.36e-005,0.0409953
4.3604e-005,0.0407721
4.3608e-005,0.0404298
4.3612e-005,0.0403356
4.3616e-005,0.040033
4.362e-005,0.0405439
4.3624e-005,0.0402711
4.3628e-005,0.0400131
4.3632e-005,0.0403504
4.3636e-005,0.0404199
4.364e-005,0.0401867
4.3644e-005,0.0411739
4.3648e-005,0.0404348
4.3652e-005,0.0407076
4.3656e-005,0.0400082
4.366e-005,0.0402512
4.3664e-005,0.0405042
4.3668e-005,0.0408415
4.3672e-005,0.040276
4.3676e-005,0.0399933
4.368e-005,0.0398941
4.3684e-005,0.0403058
4.3688e-005,0.039646
4.3692e-005,0.040281
4.3696e-005,0.0401967
4.37e-005,0.0408812
4.3704e-005,0.0406332
4.3708e-005,0.0406431
4.3712e-005,0.0409407
4.3716e-005,0.0410251
4.372e-005,0.0406878
4.3724e-005,0.0399982
4.3728e-005,0.0408118
4.3732e-005,0.0409308
4.3736e-005,0.0405141
4.374e-005,0.0408316
4.3744e-005,0.0415013
4.3748e-005,0.0407919
4.3752e-005,0.0410152
4.3756e-005,0.0411739
4.376e-005,0.0404844
4.3764e-005,0.0402215
4.3768e-005,0.0408961
4.3772e-005,0.0405786
4.3776e-005,0.0406332
4.378e-005,0.0410747
4.3784e-005,0.0404348
4.3788e-005,0.0408068
4.3792e-005,0.0401272
4.3796e-005,0.0404248
4.38e-005,0.0402611
4.3804e-005,0.0405687
4.3808e-005,0.040281
4.3812e-005,0.0408564
4.3816e-005,0.040534
4.382e-005,0.0399486
4.3824e-005,0.0403455
4.3828e-005,0.0407473
4.3832e-005,0.0406431
4.3836e-005,0.0403852
4.384e-005,0.0401818
4.3844e-005,0.0401074
4.3848e-005,0.0405141
4.3852e-005,0.0406778
4.3856e-005,0.040281
4.386e-005,0.0402959
4.3864e-005,0.0405588
4.3868e-005,0.0403107
4.3872e-005,0.0404794
4.3876e-005,0.0411491
4.388e-005,0.0403802
4.3884e-005,0.0404
4.3888e-005,0.0406183
4.3892e-005,0.0404248
4.3896e-005,0.0404744
4.39e-005,0.0403058
4.3904e-005,0.0402661
4.3908e-005,0.040663
4.3912e-005,0.0405191
4.3916e-005,0.0406133
4.392e-005,0.0404744
4.3924e-005,0.0402066
4.3928e-005,0.0399585
4.3932e-005,0.0400032
4.3936e-005,0.0399585
4.394e-005,0.0403901
4.3944e-005,0.0404546
4.3948e-005,0.0406034
4.3952e-005,0.0403604
4.3956e-005,0.0403107
4.396e-005,0.0407671
4.3964e-005,0.0408068
4.3968e-005,0.0408961
4.3972e-005,0.0403604
4.3976e-005,0.0402115
4.398e-005,0.0379545
4.3984e-005,0.036501
4.3988e-005,0.0347301
4.3992e-005,0.0339413
4.3996e-005,0.0339513
4.4e-005,0.0337528
4.4004e-005,0.0265649
4.4008e-005,0.0210537
4.4012e-005,0.0198781
4.4016e-005,0.0189752
4.402e-005,0.0188909
4.4024e-005,0.0188413
4.4028e-005,0.0116088
4.4032e-005,0.00256063
4.4036e-005,0.000625997
4.404e-005,-0.000142895
4.4044e-005,-0.00034628
4.4048e-005,-0.000132974
4.4052e-005,-0.000475255
4.4056e-005,-0.000237146
4.406e-005,-0.000152816
4.4064e-005,-0.000966354
4.4068e-005,0.00618682
4.4072e-005,0.01712
4.4076e-005,0.0199922
4.408e-005,0.025042
4.4084e-005,0.0282267
4.4088e-005,0.0302507
4.4092e-005,0.0313271
4.4096e-005,0.0347301
4.41e-005,0.0362778
4.4104e-005,0.0379445
4.4108e-005,0.0389615
4.4112e-005,0.0400478
4.4116e-005,0.0403653
4.412e-005,0.0414765
4.4124e-005,0.042037
4.4128e-005,0.043426
4.4132e-005,0.043674
4.4136e-005,0.0437534
4.414e-005,0.0450233
4.4144e-005,0.0456632
4.4148e-005,0.0455293
4.4152e-005,0.0466107
4.4156e-005,0.0460353
4.416e-005,0.0464272
4.4164e-005,0.0475383
4.4168e-005,0.0470125
4.4172e-005,0.0476227
4.4176e-005,0.0473052
4.418e-005,0.0479153
4.4184e-005,0.0476078
4.4188e-005,0.048342
4.4192e-005,0.0476375
4.4196e-005,0.0484114
4.42e-005,0.0482725
4.4204e-005,0.0476425
4.4208e-005,0.0482527
4.4212e-005,0.0481237
4.4216e-005,0.0477715
4.422e-005,0.0480294
4.4224e-005,0.0486049
4.4228e-005,0.0479203
4.4232e-005,0.0481634
4.4236e-005,0.0484759
4.424e-005,0.0484263
4.4244e-005,0.0489422
4.4248e-005,0.0487983
4.4252e-005,0.0494531
4.4256e-005,0.0485801
4.426e-005,0.0488926
4.4264e-005,0.0491257
4.4268e-005,0.0487537
4.4272e-005,0.0485156
4.4276e-005,0.048456
4.428e-005,0.0487388
4.4284e-005,0.0482725
4.4288e-005,0.0483122
4.4292e-005,0.0486148
4.4296e-005,0.048962
4.43e-005,0.0483122
4.4304e-005,0.0476921
4.4308e-005,0.0483767
4.4312e-005,0.0485404
4.4316e-005,0.0485652
4.432e-005,0.048332
4.4324e-005,0.0485453
4.4328e-005,0.0484362
4.4332e-005,0.0485652
4.4336e-005,0.0490265
4.434e-005,0.0483816
4.4344e-005,0.0483023
4.4348e-005,0.0483816
4.4352e-005,0.0489273
4.4356e-005,0.0486693
4.436e-005,0.048709
4.4364e-005,0.0480096
4.4368e-005,0.0487983
4.4372e-005,0.0484908
4.4376e-005,0.0486693
4.438e-005,0.0482973
4.4384e-005,0.0487438
4.4388e-005,0.0486445
4.4392e-005,0.0485503
4.4396e-005,0.0477764
4.44e-005,0.0484957
4.4404e-005,0.048843
4.4408e-005,0.0479302
4.4412e-005,0.0478409
4.4416e-005,0.0482378
4.442e-005,0.048833
4.4424e-005,0.0483767
4.4428e-005,0.0484114
4.4432e-005,0.0486346
4.4436e-005,0.0485354
4.444e-005,0.0484908
4.4444e-005,0.0486644
4.4448e-005,0.0484312
4.4452e-005,0.0486148
4.4456e-005,0.0484064
4.446e-005,0.0487636
4.4464e-005,0.0484808
4.4468e-005,0.0484808
4.4472e-005,0.0482279
4.4476e-005,0.0479401
4.448e-005,0.0483271
4.4484e-005,0.0484461
4.4488e-005,0.0484808
4.4492e-005,0.0487338
4.4496e-005,0.0481882
4.45e-005,0.0483767
4.4504e-005,0.0483866
4.4508e-005,0.0489025
4.4512e-005,0.0484759
4.4516e-005,0.0480096
4.452e-005,0.0481733
4.4524e-005,0.0480443
4.4528e-005,0.0480294
4.4532e-005,0.0481882
4.4536e-005,0.0482179
4.454e-005,0.0482527
4.4544e-005,0.0483469
4.4548e-005,0.0486942
4.4552e-005,0.0486892
4.4556e-005,0.0485156
4.456e-005,0.0487487
4.4564e-005,0.0476177
4.4568e-005,0.0485701
4.4572e-005,0.048208
4.4576e-005,0.0484064
4.458e-005,0.0490612
4.4584e-005,0.0482626
4.4588e-005,0.048332
4.4592e-005,0.0486594
4.4596e-005,0.0481882
4.46e-005,0.0478062
4.4604e-005,0.0485354
4.4608e-005,0.049339
4.4612e-005,0.0486842
4.4616e-005,0.048585
4.462e-005,0.0487834
4.4624e-005,0.048208
4.4628e-005,0.0488975
4.4632e-005,0.0482328
4.4636e-005,0.0483122
4.464e-005,0.0486396
4.4644e-005,0.048585
4.4648e-005,0.0489273
4.4652e-005,0.0486991
4.4656e-005,0.0484114
4.466e-005,0.0485404
4.4664e-005,0.0490364
4.4668e-005,0.0485255
4.4672e-005,0.0485404
4.4676e-005,0.0486743
4.468e-005,0.0489868
4.4684e-005,0.0485404
4.4688e-005,0.0481286
4.4692e-005,0.0485503
4.4696e-005,0.0484759
4.47e-005,0.0486545
4.4704e-005,0.0489075
4.4708e-005,0.0480642
4.4712e-005,0.0488678
4.4716e-005,0.0485007
4.472e-005,0.0488678
4.4724e-005,0.0482328
4.4728e-005,0.0492398
4.4732e-005,0.0483122
4.4736e-005,0.0491009
4.474e-005,0.0480096
4.4744e-005,0.0479104
4.4748e-005,0.0431284
4.4752e-005,0.0397155
4.4756e-005,0.0367342
4.476e-005,0.0361786
4.4764e-005,0.0351418
4.4768e-005,0.0341547
4.4772e-005,0.0266542
4.4776e-005,0.0207759
4.478e-005,0.020017
4.4784e-005,0.0189752
4.4788e-005,0.0189107
4.4792e-005,0.0186082
4.4796e-005,0.0125215
4.48e-005,0.00263008
4.4804e-005,0.00111214
4.4808e-005,-0.000212343
4.4812e-005,-0.00059927
4.4816e-005,-8.83286e-005
4.482e-005,-0.000261949
4.4824e-005,0.00039781
4.4828e-005,0.000174583
4.4832e-005,-0.00154178
4.4836e-005,0.00677217
4.484e-005,0.016366
4.4844e-005,0.0180674
4.4848e-005,0.0194266
4.4852e-005,0.0203245
4.4856e-005,0.0213117
4.486e-005,0.020771
4.4864e-005,0.0219962
4.4868e-005,0.0226907
4.4872e-005,0.0225171
4.4876e-005,0.0224774
4.488e-005,0.0227899
4.4884e-005,0.0228991
4.4888e-005,0.0231818
4.4892e-005,0.0234646
4.4896e-005,0.0233158
4.49e-005,0.0235489
4.4904e-005,0.0231024
4.4908e-005,0.0237771
4.4912e-005,0.0240698
4.4916e-005,0.0232165
4.492e-005,0.0234993
4.4924e-005,0.0233802
4.4928e-005,0.0237771
4.4932e-005,0.023792
4.4936e-005,0.0240896
4.494e-005,0.0243277
4.4944e-005,0.0244269
4.4948e-005,0.0236283
4.4952e-005,0.0235241
4.4956e-005,0.0235142
4.496e-005,0.023281
4.4964e-005,0.0236233
4.4968e-005,0.0237672
4.4972e-005,0.023539
4.4976e-005,0.0230628
4.498e-005,0.023534
4.4984e-005,0.0238366
4.4988e-005,0.0232413
4.4992e-005,0.0232959
4.4996e-005,0.0230677
4.5e-005,0.0236035
4.5004e-005,0.0226709
4.5008e-005,0.0227205
4.5012e-005,0.0225369
4.5016e-005,0.0224476
4.502e-005,0.0235638
4.5024e-005,0.0234249
4.5028e-005,0.0237424
4.5032e-005,0.023033
4.5036e-005,0.0231471
4.504e-005,0.0234249
4.5044e-005,0.0233058
4.5048e-005,0.0233604
4.5052e-005,0.0241888
4.5056e-005,0.0234695
4.506e-005,0.0233207
4.5064e-005,0.0231769
4.5068e-005,0.0231322
4.5072e-005,0.0229983
4.5076e-005,0.0227403
4.508e-005,0.0235985
4.5084e-005,0.0234745
4.5088e-005,0.023405
4.5092e-005,0.0227453
4.5096e-005,0.0238763
4.51e-005,0.0237473
4.5104e-005,0.0240003
4.5108e-005,0.0231868
4.5112e-005,0.0235241
4.5116e-005,0.0232959
4.512e-005,0.0236283
4.5124e-005,0.023539
4.5128e-005,0.0233753
4.5132e-005,0.0237225
4.5136e-005,0.0243823
4.514e-005,0.0241243
4.5144e-005,0.0238763
4.5148e-005,0.0235439
4.5152e-005,0.0231917
4.5156e-005,0.0238813
4.516e-005,0.0231917
4.5164e-005,0.0228346
4.5168e-005,0.0232761
4.5172e-005,0.0232364
4.5176e-005,0.0233257
4.518e-005,0.0234646
4.5184e-005,0.0233158
4.5188e-005,0.0230776
4.5192e-005,0.0235439
4.5196e-005,0.02341
4.52e-005,0.0233058
4.5204e-005,0.0233058
4.5208e-005,0.0229685
4.5212e-005,0.0230032
4.5216e-005,0.0230429
4.522e-005,0.0234199
4.5224e-005,0.0231669
4.5228e-005,0.0234646
4.5232e-005,0.0238069
4.5236e-005,0.0234398
4.524e-005,0.0240053
4.5244e-005,0.023539
4.5248e-005,0.0231074
4.5252e-005,0.0233207
4.5256e-005,0.0233852
4.526e-005,0.0234943
4.5264e-005,0.0235489
4.5268e-005,0.0238862
4.5272e-005,0.0234745
4.5276e-005,0.0234348
4.528e-005,0.0230776
4.5284e-005,0.0233257
4.5288e-005,0.0228693
4.5292e-005,0.0234844
4.5296e-005,0.023534
4.53e-005,0.023028
4.5304e-005,0.0234199
4.5308e-005,0.0232215
4.5312e-005,0.0234249
4.5316e-005,0.0233852
4.532e-005,0.0231917
4.5324e-005,0.0230429
4.5328e-005,0.0230876
4.5332e-005,0.0235539
4.5336e-005,0.0233406
4.534e-005,0.0235241
4.5344e-005,0.0233406
4.5348e-005,0.0234596
4.5352e-005,0.0233455
4.5356e-005,0.0238317
4.536e-005,0.0230925
4.5364e-005,0.0234745
4.5368e-005,0.0236134
4.5372e-005,0.0239656
4.5376e-005,0.0239805
4.538e-005,0.0234646
4.5384e-005,0.0240797
4.5388e-005,0.0242781
4.5392e-005,0.0238961
4.5396e-005,0.023658
4.54e-005,0.0234298
4.5404e-005,0.0236779
4.5408e-005,0.0234646
4.5412e-005,0.023405
4.5416e-005,0.0235886
4.542e-005,0.0229834
4.5424e-005,0.0237126
4.5428e-005,0.0230479
4.5432e-005,0.0231868
4.5436e-005,0.0237424
4.544e-005,0.0236779
4.5444e-005,0.0232066
4.5448e-005,0.0237176
4.5452e-005,0.0232413
4.5456e-005,0.0229685
4.546e-005,0.023405
4.5464e-005,0.0228544
4.5468e-005,0.0231818
4.5472e-005,0.0228792
4.5476e-005,0.0235737
4.548e-005,0.0235439
4.5484e-005,0.0233703
4.5488e-005,0.0224179
4.5492e-005,0.0233406
4.5496e-005,0.0235687
4.55e-005,0.0228991
4.5504e-005,0.0238366
4.5508e-005,0.0229784
4.5512e-005,0.0228842
4.5516e-005,0.0238168
4.552e-005,0.0242483
4.5524e-005,0.0243178
4.5528e-005,0.0239904
4.5532e-005,0.0248387
4.5536e-005,0.0250024
4.554e-005,0.0220012
4.5544e-005,0.0200467
4.5548e-005,0.019506
4.5552e-005,0.0185784
4.5556e-005,0.0184048
4.556e-005,0.0182857
4.5564e-005,0.0107655
4.5568e-005,0.0016578
4.5572e-005,0.000705366
4.5576e-005,-0.000445491
4.558e-005,-0.000187541
4.5584e-005,-0.000465334
4.5588e-005,-0.000187541
4.5592e-005,0.000412691
4.5596e-005,-0.000177619
4.56e-005,-0.00157155
4.5604e-005,0.00742697
4.5608e-005,0.0168918
4.5612e-005,0.0189752
4.5616e-005,0.0202104
4.562e-005,0.022785
4.5624e-005,0.0234497
4.5628e-005,0.0241541
4.5632e-005,0.025672
4.5636e-005,0.0271949
4.564e-005,0.0270858
4.5644e-005,0.027443
4.5648e-005,0.0286236
4.5652e-005,0.0289659
4.5656e-005,0.0288815
4.566e-005,0.0299431
4.5664e-005,0.0299629
4.5668e-005,0.0301663
4.5672e-005,0.03096
4.5676e-005,0.0307814
4.568e-005,0.0313122
4.5684e-005,0.0309948
4.5688e-005,0.0307963
4.5692e-005,0.0314908
4.5696e-005,0.0316843
4.57e-005,0.0311783
4.5704e-005,0.0320613
4.5708e-005,0.0311882
4.5712e-005,0.0316347
4.5716e-005,0.0317339
4.572e-005,0.0313519
4.5724e-005,0.0316198
4.5728e-005,0.0315454
4.5732e-005,0.0318133
4.5736e-005,0.0317884
4.574e-005,0.0321357
4.5744e-005,0.0313767
4.5748e-005,0.0311981
4.5752e-005,0.0312924
4.5756e-005,0.0310493
4.576e-005,0.0313321
4.5764e-005,0.0312725
4.5768e-005,0.031466
4.5772e-005,0.0307864
4.5776e-005,0.0316446
4.578e-005,0.0311833
4.5784e-005,0.0317388
4.5788e-005,0.0307021
4.5792e-005,0.0313668
4.5796e-005,0.0311287
4.58e-005,0.0312577
4.5804e-005,0.0311088
4.5808e-005,0.031342
4.5812e-005,0.030965
4.5816e-005,0.0311932
4.582e-005,0.0313569
4.5824e-005,0.0315007
4.5828e-005,0.0306326
4.5832e-005,0.0313122
4.5836e-005,0.0310196
4.584e-005,0.0313172
4.5844e-005,0.0310543
4.5848e-005,0.0316942
4.5852e-005,0.0314561
4.5856e-005,0.0318926
4.586e-005,0.031461
4.5864e-005,0.0309997
4.5868e-005,0.0313023
4.5872e-005,0.0317488
4.5876e-005,0.0315751
4.588e-005,0.0321506
4.5884e-005,0.0316992
4.5888e-005,0.0308608
4.5892e-005,0.0310791
4.5896e-005,0.0318827
4.59e-005,0.031094
4.5904e-005,0.0314114
4.5908e-005,0.031719
4.5912e-005,0.031218
4.5916e-005,0.0317488
4.592e-005,0.0319373
4.5924e-005,0.0318529
4.5928e-005,0.0315305
4.5932e-005,0.0318232
4.5936e-005,0.0313618
4.594e-005,0.0317785
4.5944e-005,0.0316099
4.5948e-005,0.0316496
4.5952e-005,0.0313519
4.5956e-005,0.0317388
4.596e-005,0.0321456
4.5964e-005,0.0319373
4.5968e-005,0.032101
4.5972e-005,0.0316347
4.5976e-005,0.0314859
4.598e-005,0.0313073
4.5984e-005,0.0315751
4.5988e-005,0.0312577
4.5992e-005,0.0309948
4.5996e-005,0.0320067
4.6e-005,0.0316694
4.6004e-005,0.0314214
4.6008e-005,0.0313122
4.6012e-005,0.0314462
4.6016e-005,0.0308906
4.602e-005,0.0314164
4.6024e-005,0.031724
4.6028e-005,0.0320563
4.6032e-005,0.0321555
4.6036e-005,0.0311436
4.604e-005,0.0318926
4.6044e-005,0.031461
4.6048e-005,0.0312577
4.6052e-005,0.0317289
4.6056e-005,0.0312477
4.606e-005,0.0315107
4.6064e-005,0.031089
4.6068e-005,0.031342
4.6072e-005,0.0312577
4.6076e-005,0.0316793
4.608e-005,0.0314313
4.6084e-005,0.0313767
4.6088e-005,0.0314214
4.6092e-005,0.0313569
4.6096e-005,0.0313271
4.61e-005,0.0313023
4.6104e-005,0.0316198
4.6108e-005,0.0316595
4.6112e-005,0.0315553
4.6116e-005,0.0320811
4.612e-005,0.031972
4.6124e-005,0.0313966
4.6128e-005,0.0318232
4.6132e-005,0.0320266
4.6136e-005,0.0322051
4.614e-005,0.0313916
4.6144e-005,0.0320464
4.6148e-005,0.0323192
4.6152e-005,0.0319918
4.6156e-005,0.0316595
4.616e-005,0.031972
4.6164e-005,0.0314462
4.6168e-005,0.0318728
4.6172e-005,0.0322498
4.6176e-005,0.0312775
4.618e-005,0.0317835
4.6184e-005,0.031719
4.6188e-005,0.0320067
4.6192e-005,0.031342
4.6196e-005,0.0312081
4.62e-005,0.0315652
4.6204e-005,0.0325325
4.6208e-005,0.0313618
4.6212e-005,0.0318281
4.6216e-005,0.0317388
4.622e-005,0.0309352
4.6224e-005,0.031977
4.6228e-005,0.031218
4.6232e-005,0.0308906
4.6236e-005,0.0313817
4.624e-005,0.0314561
4.6244e-005,0.0314809
4.6248e-005,0.0317537
4.6252e-005,0.031471
4.6256e-005,0.0311981
4.626e-005,0.0309303
4.6264e-005,0.0311535
4.6268e-005,0.031724
4.6272e-005,0.0319373
4.6276e-005,0.03096
4.628e-005,0.0315603
4.6284e-005,0.0303995
4.6288e-005,0.0297447
4.6292e-005,0.0290304
4.6296e-005,0.0296356
4.63e-005,0.0296504
4.6304e-005,0.0290452
4.6308e-005,0.0234249
4.6312e-005,0.0201658
4.6316e-005,0.0195903
4.632e-005,0.0193721
4.6324e-005,0.0184147
4.6328e-005,0.0182758
4.6332e-005,0.0112913
4.6336e-005,0.00191575
4.634e-005,0.00125103
4.6344e-005,0.000100174
4.6348e-005,-0.000624073
4.6352e-005,0.000258913
4.6356e-005,-0.000336358
4.636e-005,-5.85651e-005
4.6364e-005,-0.000118092
4.6368e-005,-0.00121934
4.6372e-005,0.00707477
4.6376e-005,0.0176805
4.638e-005,0.0200566
4.6384e-005,0.0228495
4.6388e-005,0.0252206
4.6392e-005,0.0272644
4.6396e-005,0.0289808
4.64e-005,0.0303548
4.6404e-005,0.0320613
4.6408e-005,0.03285
4.6412e-005,0.0341993
4.6416e-005,0.0345961
4.642e-005,0.035752
4.6424e-005,0.0363274
4.6428e-005,0.0370715
4.6432e-005,0.037756
4.6436e-005,0.0378553
4.644e-005,0.0381579
4.6444e-005,0.0383513
4.6448e-005,0.0397502
4.6452e-005,0.038897
4.6456e-005,0.0396063
4.646e-005,0.0398841
4.6464e-005,0.0396411
4.6468e-005,0.0396411
4.6472e-005,0.0396708
4.6476e-005,0.0397899
4.648e-005,0.0404744
4.6484e-005,0.0401074
4.6488e-005,0.0396857
4.6492e-005,0.0401867
4.6496e-005,0.0402016
4.65e-005,0.0398445
4.6504e-005,0.0403107
4.6508e-005,0.0400429
4.6512e-005,0.0398494
4.6516e-005,0.0403703
4.652e-005,0.0402909
4.6524e-005,0.0402463
4.6528e-005,0.04041
4.6532e-005,0.0405885
4.6536e-005,0.0407969
4.654e-005,0.0404298
4.6544e-005,0.0407324
4.6548e-005,0.0406332
4.6552e-005,0.0401024
4.6556e-005,0.0400875
4.656e-005,0.0408564
4.6564e-005,0.0402314
4.6568e-005,0.0410697
4.6572e-005,0.0404546
4.6576e-005,0.0399933
4.658e-005,0.0402264
4.6584e-005,0.0402215
4.6588e-005,0.0402016
4.6592e-005,0.0406878
4.6596e-005,0.0408515
4.66e-005,0.0409159
4.6604e-005,0.0411937
4.6608e-005,0.0400875
4.6612e-005,0.0409457
4.6616e-005,0.0404199
4.662e-005,0.0405935
4.6624e-005,0.0400925
4.6628e-005,0.0405042
4.6632e-005,0.0407572
4.6636e-005,0.041154
4.664e-005,0.0401867
4.6644e-005,0.0405489
4.6648e-005,0.0406332
4.6652e-005,0.0397502
4.6656e-005,0.0404298
4.666e-005,0.0406381
4.6664e-005,0.0405141
4.6668e-005,0.0410499
4.6672e-005,0.0406034
4.6676e-005,0.040663
4.668e-005,0.0404496
4.6684e-005,0.0405241
4.6688e-005,0.0402711
4.6692e-005,0.0402711
4.6696e-005,0.0403504
4.67e-005,0.0408911
4.6704e-005,0.0400677
4.6708e-005,0.0403306
4.6712e-005,0.0400181
4.6716e-005,0.0398445
4.672e-005,0.0403107
4.6724e-005,0.0407126
4.6728e-005,0.0402512
4.6732e-005,0.0404348
4.6736e-005,0.0401867
4.674e-005,0.0405389
4.6744e-005,0.0402611
4.6748e-005,0.0401818
4.6752e-005,0.0399734
4.6756e-005,0.0405885
4.676e-005,0.0399585
4.6764e-005,0.0403058
4.6768e-005,0.0408068
4.6772e-005,0.0398693
4.6776e-005,0.0401669
4.678e-005,0.0402859
4.6784e-005,0.0401867
4.6788e-005,0.0399982
4.6792e-005,0.0406481
4.6796e-005,0.0406729
4.68e-005,0.0402512
4.6804e-005,0.0402413
4.6808e-005,0.039899
4.6812e-005,0.0403107
4.6816e-005,0.0405637
4.682e-005,0.0409457
4.6824e-005,0.0404
4.6828e-005,0.0410499
4.6832e-005,0.0408018
4.6836e-005,0.0404596
4.684e-005,0.0403703
4.6844e-005,0.0402959
4.6848e-005,0.0406481
4.6852e-005,0.0400875
4.6856e-005,0.0400131
4.686e-005,0.0401074
4.6864e-005,0.0405786
4.6868e-005,0.0404596
4.6872e-005,0.0405439
4.6876e-005,0.0403207
4.688e-005,0.0406332
4.6884e-005,0.0409011
4.6888e-005,0.0404149
4.6892e-005,0.0400826
4.6896e-005,0.0400578
4.69e-005,0.0400677
4.6904e-005,0.0403852
4.6908e-005,0.0407374
4.6912e-005,0.0405836
4.6916e-005,0.0404447
4.692e-005,0.0412483
4.6924e-005,0.0408614
4.6928e-005,0.0402909
4.6932e-005,0.0405141
4.6936e-005,0.0405389
4.694e-005,0.0402413
4.6944e-005,0.0407969
4.6948e-005,0.0407969
4.6952e-005,0.0406034
4.6956e-005,0.0406778
4.696e-005,0.0403107
4.6964e-005,0.0401421
4.6968e-005,0.0404447
4.6972e-005,0.0403207
4.6976e-005,0.0396808
4.698e-005,0.0404149
4.6984e-005,0.0405885
4.6988e-005,0.0402512
4.6992e-005,0.0408018
4.6996e-005,0.0410003
4.7e-005,0.0406481
4.7004e-005,0.0408663
4.7008e-005,0.0409755
4.7012e-005,0.0409507
4.7016e-005,0.0410052
4.702e-005,0.0407274
4.7024e-005,0.04041
4.7028e-005,0.0410747
4.7032e-005,0.0408663
4.7036e-005,0.04103
4.704e-005,0.0410598
4.7044e-005,0.0405637
4.7048e-005,0.0403554
4.7052e-005,0.0384753
4.7056e-005,0.0360149
4.706e-005,0.0341993
4.7064e-005,0.0334056
4.7068e-005,0.0337082
4.7072e-005,0.0331625
4.7076e-005,0.0265451
4.708e-005,0.0208603
4.7084e-005,0.0201559
4.7088e-005,0.0194515
4.7092e-005,0.0183899
4.7096e-005,0.0181518
4.71e-005,0.011961
4.7104e-005,0.00190583
4.7108e-005,0.00106749
4.7112e-005,-0.000291713
4.7116e-005,-0.000281792
4.712e-005,-5.85651e-005
4.7124e-005,0.000303558
4.7128e-005,0.000705366
4.7132e-005,-0.000192501
4.7136e-005,-0.000991157
4.714e-005,0.00704501
4.7144e-005,0.0173928
4.7148e-005,0.0208652
4.7152e-005,0.0244319
4.7156e-005,0.0287823
4.716e-005,0.030717
4.7164e-005,0.032101
4.7168e-005,0.0339661
4.7172e-005,0.0365258
4.7176e-005,0.0380735
4.718e-005,0.0387581
4.7184e-005,0.0400478
4.7188e-005,0.0408465
4.7192e-005,0.0417096
4.7196e-005,0.0428109
4.72e-005,0.0432375
4.7204e-005,0.0436443
4.7208e-005,0.0442495
4.7212e-005,0.0450184
4.7216e-005,0.0451572
4.722e-005,0.0453061
4.7224e-005,0.0463875
4.7228e-005,0.0457972
4.7232e-005,0.0463676
4.7236e-005,0.0471167
4.724e-005,0.0469579
4.7244e-005,0.0474391
4.7248e-005,0.0486693
4.7252e-005,0.0468786
4.7256e-005,0.0472308
4.726e-005,0.0476574
4.7264e-005,0.048089
4.7268e-005,0.0482923
4.7272e-005,0.0480642
4.7276e-005,0.0481237
4.728e-005,0.0485553
4.7284e-005,0.0485751
4.7288e-005,0.0482626
4.7292e-005,0.0483221
4.7296e-005,0.0486693
4.73e-005,0.0482477
4.7304e-005,0.0483122
4.7308e-005,0.0486197
4.7312e-005,0.0484015
4.7316e-005,0.0484412
4.732e-005,0.0488628
4.7324e-005,0.0487586
4.7328e-005,0.0481733
4.7332e-005,0.0477913
4.7336e-005,0.0481981
4.734e-005,0.0485205
4.7344e-005,0.0489223
4.7348e-005,0.0488678
4.7352e-005,0.0484709
4.7356e-005,0.0490017
4.736e-005,0.0477516
4.7364e-005,0.048337
4.7368e-005,0.0486445
4.7372e-005,0.049086
4.7376e-005,0.0488678
4.738e-005,0.0492646
4.7384e-005,0.0483271
4.7388e-005,0.0489372
4.7392e-005,0.0486842
4.7396e-005,0.0483767
4.74e-005,0.0485602
4.7404e-005,0.0485801
4.7408e-005,0.0485751
4.7412e-005,0.0481683
4.7416e-005,0.0481584
4.742e-005,0.0489273
4.7424e-005,0.0483023
4.7428e-005,0.0486545
4.7432e-005,0.0489223
4.7436e-005,0.0491704
4.744e-005,0.048456
4.7444e-005,0.0487785
4.7448e-005,0.0487041
4.7452e-005,0.049339
4.7456e-005,0.0487239
4.746e-005,0.0491208
4.7464e-005,0.0490216
4.7468e-005,0.0487239
4.7472e-005,0.0490166
4.7476e-005,0.0491704
4.748e-005,0.0486545
4.7484e-005,0.0489323
4.7488e-005,0.0485999
4.7492e-005,0.0486594
4.7496e-005,0.0486545
4.75e-005,0.0485156
4.7504e-005,0.0488132
4.7508e-005,0.0479897
4.7512e-005,0.0490712
4.7516e-005,0.0484461
4.752e-005,0.0488082
4.7524e-005,0.0490315
4.7528e-005,0.0486842
4.7532e-005,0.0492547
4.7536e-005,0.0484263
4.754e-005,0.0484412
4.7544e-005,0.0490116
4.7548e-005,0.0490761
4.7552e-005,0.048838
4.7556e-005,0.048843
4.756e-005,0.0487636
4.7564e-005,0.0487636
4.7568e-005,0.0492696
4.7572e-005,0.0491555
4.7576e-005,0.048714
4.758e-005,0.0486842
4.7584e-005,0.048585
4.7588e-005,0.0493886
4.7592e-005,0.0488876
4.7596e-005,0.0485007
4.76e-005,0.0486892
4.7604e-005,0.0491555
4.7608e-005,0.0490315
4.7612e-005,0.0486545
4.7616e-005,0.0489719
4.762e-005,0.0490612
4.7624e-005,0.0485056
4.7628e-005,0.0488231
4.7632e-005,0.0492696
4.7636e-005,0.0486247
4.764e-005,0.0484858
4.7644e-005,0.0493787
4.7648e-005,0.0485255
4.7652e-005,0.0481237
4.7656e-005,0.0485056
4.766e-005,0.0483519
4.7664e-005,0.0491108
4.7668e-005,0.0486594
4.7672e-005,0.0492597
4.7676e-005,0.0484709
4.768e-005,0.0489868
4.7684e-005,0.0491902
4.7688e-005,0.0490067
4.7692e-005,0.0488975
4.7696e-005,0.0487487
4.77e-005,0.0488727
4.7704e-005,0.0486495
4.7708e-005,0.0488529
4.7712e-005,0.048332
4.7716e-005,0.0488033
4.772e-005,0.0486743
4.7724e-005,0.0484164
4.7728e-005,0.0489769
4.7732e-005,0.048461
4.7736e-005,0.0485106
4.774e-005,0.0485751
4.7744e-005,0.0484412
4.7748e-005,0.0484511
4.7752e-005,0.0480493
4.7756e-005,0.0482229
4.776e-005,0.0494878
4.7764e-005,0.0486793
4.7768e-005,0.0486991
4.7772e-005,0.0495375
4.7776e-005,0.0485106
4.778e-005,0.0488231
4.7784e-005,0.0489422
4.7788e-005,0.0485056
4.7792e-005,0.0491059
4.7796e-005,0.0492051
4.78e-005,0.0486991
4.7804e-005,0.0490464
4.7808e-005,0.0495077
4.7812e-005,0.0489025
4.7816e-005,0.0474143
4.782e-005,0.0434409
4.7824e-005,0.0403207
4.7828e-005,0.038019
4.7832e-005,0.0369425
4.7836e-005,0.0359355
4.784e-005,0.0351319
4.7844e-005,0.027815
4.7848e-005,0.0218375
4.7852e-005,0.0202501
4.7856e-005,0.0196102
4.786e-005,0.017998
4.7864e-005,0.0180129
4.7868e-005,0.0119113
4.7872e-005,0.00289299
4.7876e-005,0.00098316
4.788e-005,-0.00043557
4.7884e-005,-0.000247068
4.7888e-005,0.000298598
4.7892e-005,3.07256e-005
4.7896e-005,0.000511903
4.79e-005,-0.000539743
4.7904e-005,-0.000733206
4.7908e-005,0.00698548
4.7912e-005,0.0174821
4.7916e-005,0.0191588
4.792e-005,0.0199277
4.7924e-005,0.0210736
4.7928e-005,0.021024
4.7932e-005,0.0209148
4.7936e-005,0.021902
4.794e-005,0.0226907
4.7944e-005,0.022279
4.7948e-005,0.0227354
4.7952e-005,0.0234249
4.7956e-005,0.0234795
4.796e-005,0.0228197
4.7964e-005,0.022656
4.7968e-005,0.0238069
4.7972e-005,0.0231273
4.7976e-005,0.0234844
4.798e-005,0.0232959
4.7984e-005,0.0237721
4.7988e-005,0.023415
4.7992e-005,0.0236332
4.7996e-005,0.0238664
4.8e-005,0.0230181
4.8004e-005,0.0234497
4.8008e-005,0.0238912
4.8012e-005,0.0230429
4.8016e-005,0.0238069
4.802e-005,0.0231173
4.8024e-005,0.0228891
4.8028e-005,0.0232562
4.8032e-005,0.0233158
4.8036e-005,0.0232017
4.804e-005,0.0229784
4.8044e-005,0.0235886
4.8048e-005,0.0232711
4.8052e-005,0.0232959
4.8056e-005,0.022904
4.806e-005,0.0230429
4.8064e-005,0.0229636
4.8068e-005,0.0225518
4.8072e-005,0.0230727
4.8076e-005,0.0231917
4.808e-005,0.0232661
4.8084e-005,0.0226014
4.8088e-005,0.0227354
4.8092e-005,0.0241541
4.8096e-005,0.0226213
4.81e-005,0.0230429
4.8104e-005,0.0231769
4.8108e-005,0.023405
4.8112e-005,0.0231868
4.8116e-005,0.0233009
4.812e-005,0.0235935
4.8124e-005,0.0237225
4.8128e-005,0.0233058
4.8132e-005,0.0232017
4.8136e-005,0.0231917
4.814e-005,0.0233604
4.8144e-005,0.023286
4.8148e-005,0.0236481
4.8152e-005,0.0239259
4.8156e-005,0.0234844
4.816e-005,0.023534
4.8164e-005,0.0234249
4.8168e-005,0.022775
4.8172e-005,0.023286
4.8176e-005,0.022909
4.818e-005,0.0233802
4.8184e-005,0.0227056
4.8188e-005,0.0229139
4.8192e-005,0.0228792
4.8196e-005,0.0232116
4.82e-005,0.0232017
4.8204e-005,0.0234249
4.8208e-005,0.0228891
4.8212e-005,0.0228891
4.8216e-005,0.0227899
4.822e-005,0.0227899
4.8224e-005,0.0228991
4.8228e-005,0.0228792
4.8232e-005,0.0230826
4.8236e-005,0.0228247
4.824e-005,0.0226411
4.8244e-005,0.0227502
4.8248e-005,0.0224476
4.8252e-005,0.0221897
4.8256e-005,0.0228247
4.826e-005,0.0228891
4.8264e-005,0.0224923
4.8268e-005,0.0231967
4.8272e-005,0.0224179
4.8276e-005,0.023157
4.828e-005,0.0226362
4.8284e-005,0.022785
4.8288e-005,0.0226659
4.8292e-005,0.0233257
4.8296e-005,0.0233902
4.83e-005,0.0232314
4.8304e-005,0.023028
4.8308e-005,0.0234348
4.8312e-005,0.0232562
4.8316e-005,0.0230429
4.832e-005,0.0231917
4.8324e-005,0.0231421
4.8328e-005,0.0232413
4.8332e-005,0.0228395
4.8336e-005,0.0228842
4.834e-005,0.0230776
4.8344e-005,0.0232165
4.8348e-005,0.0230826
4.8352e-005,0.0227006
4.8356e-005,0.0230826
4.836e-005,0.022651
4.8364e-005,0.0226907
4.8368e-005,0.0231719
4.8372e-005,0.023668
4.8376e-005,0.0228098
4.838e-005,0.0225915
4.8384e-005,0.022661
4.8388e-005,0.0227453
4.8392e-005,0.0225915
4.8396e-005,0.0229784
4.84e-005,0.0226262
4.8404e-005,0.0226858
4.8408e-005,0.0227006
4.8412e-005,0.0223732
4.8416e-005,0.0225865
4.842e-005,0.0226113
4.8424e-005,0.0227502
4.8428e-005,0.0223088
4.8432e-005,0.0233009
4.8436e-005,0.02278
4.844e-005,0.0232165
4.8444e-005,0.0231322
4.8448e-005,0.0232761
4.8452e-005,0.0232513
4.8456e-005,0.0231917
4.846e-005,0.0232314
4.8464e-005,0.0233356
4.8468e-005,0.0235142
4.8472e-005,0.0228346
4.8476e-005,0.0228594
4.848e-005,0.0231173
4.8484e-005,0.0225221
4.8488e-005,0.0229338
4.8492e-005,0.0228147
4.8496e-005,0.0228197
4.85e-005,0.0225915
4.8504e-005,0.0224427
4.8508e-005,0.0230677
4.8512e-005,0.0227006
4.8516e-005,0.0231372
4.852e-005,0.0229288
4.8524e-005,0.0222939
4.8528e-005,0.0222492
4.8532e-005,0.0224923
4.8536e-005,0.0229239
4.854e-005,0.0223534
4.8544e-005,0.0227304
4.8548e-005,0.0234894
4.8552e-005,0.0221401
4.8556e-005,0.0230479
4.856e-005,0.0227254
4.8564e-005,0.0228247
4.8568e-005,0.0225865
4.8572e-005,0.0232165
4.8576e-005,0.0227602
4.858e-005,0.0225369
4.8584e-005,0.0222889
4.8588e-005,0.0233406
4.8592e-005,0.0243773
4.8596e-005,0.0234894
4.86e-005,0.0240549
4.8604e-005,0.0241144
4.8608e-005,0.0244617
4.8612e-005,0.0213712
4.8616e-005,0.0197739
4.862e-005,0.0193969
4.8624e-005,0.0183056
4.8628e-005,0.017993
4.8632e-005,0.0186032
4.8636e-005,0.0105422
4.864e-005,0.00185126
4.8644e-005,0.000740091
4.8648e-005,-3.37621e-005
4.8652e-005,-0.00059927
4.8656e-005,-7.84074e-005
4.866e-005,-0.000356201
4.8664e-005,0.000621036
4.8668e-005,-0.00026691
4.8672e-005,-0.00139296
4.8676e-005,0.0068069
4.868e-005,0.0161179
4.8684e-005,0.0194812
4.8688e-005,0.0204336
4.8692e-005,0.0228941
4.8696e-005,0.0239706
4.87e-005,0.025176
4.8704e-005,0.0262723
4.8708e-005,0.0271354
4.8712e-005,0.0275273
4.8716e-005,0.0284748
4.872e-005,0.0293379
4.8724e-005,0.0294173
4.8728e-005,0.0300274
4.8732e-005,0.0306029
4.8736e-005,0.0305185
4.874e-005,0.0306326
4.8744e-005,0.0313966
4.8748e-005,0.0306922
4.8752e-005,0.0309253
4.8756e-005,0.0310692
4.876e-005,0.03034
4.8764e-005,0.0311237
4.8768e-005,0.0309848
4.8772e-005,0.0311634
4.8776e-005,0.0315851
4.878e-005,0.0311585
4.8784e-005,0.0313866
4.8788e-005,0.0311237
4.8792e-005,0.0317686
4.8796e-005,0.0317339
4.88e-005,0.0310543
4.8804e-005,0.0309253
4.8808e-005,0.0314908
4.8812e-005,0.0309154
4.8816e-005,0.0308112
4.882e-005,0.0313569
4.8824e-005,0.0309402
4.8828e-005,0.0312825
4.8832e-005,0.0315702
4.8836e-005,0.0308559
4.884e-005,0.0315999
4.8844e-005,0.0309948
4.8848e-005,0.031466
4.8852e-005,0.0313023
4.8856e-005,0.0314809
4.886e-005,0.0311535
4.8864e-005,0.0317041
4.8868e-005,0.031972
4.8872e-005,0.0312874
4.8876e-005,0.0309451
4.888e-005,0.0313718
4.8884e-005,0.0307021
4.8888e-005,0.0306773
4.8892e-005,0.0311684
4.8896e-005,0.0316843
4.89e-005,0.0313073
4.8904e-005,0.0310047
4.8908e-005,0.0309749
4.8912e-005,0.0312577
4.8916e-005,0.0317289
4.892e-005,0.0310642
4.8924e-005,0.0306376
4.8928e-005,0.0309997
4.8932e-005,0.0313668
4.8936e-005,0.0313023
4.894e-005,0.0307566
4.8944e-005,0.0307666
4.8948e-005,0.0307616
4.8952e-005,0.0311237
4.8956e-005,0.0313122
4.896e-005,0.0313569
4.8964e-005,0.031084
4.8968e-005,0.0312229
4.8972e-005,0.0307914
4.8976e-005,0.0310344
4.898e-005,0.0308658
4.8984e-005,0.0304739
4.8988e-005,0.0311436
4.8992e-005,0.0301118
4.8996e-005,0.031084
4.9e-005,0.0312825
4.9004e-005,0.030211
4.9008e-005,0.0310394
4.9012e-005,0.0307616
4.9016e-005,0.0308063
4.902e-005,0.0307715
4.9024e-005,0.03096
4.9028e-005,0.0304888
4.9032e-005,0.0308509
4.9036e-005,0.0301217
4.904e-005,0.0312577
4.9044e-005,0.0308856
4.9048e-005,0.0310096
4.9052e-005,0.0314263
4.9056e-005,0.0309501
4.906e-005,0.0308658
4.9064e-005,0.0308459
4.9068e-005,0.0309253
4.9072e-005,0.0309501
4.9076e-005,0.030707
4.908e-005,0.0310344
4.9084e-005,0.0306078
4.9088e-005,0.0311833
4.9092e-005,0.0310989
4.9096e-005,0.0308658
4.91e-005,0.0306624
4.9104e-005,0.03096
4.9108e-005,0.0309203
4.9112e-005,0.0306277
4.9116e-005,0.0308311
4.912e-005,0.030712
4.9124e-005,0.0306177
4.9128e-005,0.0312626
4.9132e-005,0.0313866
4.9136e-005,0.0307418
4.914e-005,0.0310741
4.9144e-005,0.0316793
4.9148e-005,0.0313222
4.9152e-005,0.0311436
4.9156e-005,0.03097
4.916e-005,0.0312775
4.9164e-005,0.0316446
4.9168e-005,0.0319422
4.9172e-005,0.0310642
4.9176e-005,0.031471
4.918e-005,0.0314412
4.9184e-005,0.0311783
4.9188e-005,0.0317388
4.9192e-005,0.031089
4.9196e-005,0.0313222
4.92e-005,0.0312825
4.9204e-005,0.0314263
4.9208e-005,0.0308559
4.9212e-005,0.0314015
4.9216e-005,0.0311882
4.922e-005,0.0310592
4.9224e-005,0.0306723
4.9228e-005,0.0309948
4.9232e-005,0.030459
4.9236e-005,0.030841
4.924e-005,0.0309799
4.9244e-005,0.0312973
4.9248e-005,0.0314164
4.9252e-005,0.0312031
4.9256e-005,0.0309948
4.926e-005,0.0311833
4.9264e-005,0.0310543
4.9268e-005,0.0304789
4.9272e-005,0.0313569
4.9276e-005,0.0312279
4.928e-005,0.0310493
4.9284e-005,0.0309104
4.9288e-005,0.0308856
4.9292e-005,0.031471
4.9296e-005,0.031719
4.93e-005,0.0314114
4.9304e-005,0.0315206
4.9308e-005,0.0309848
4.9312e-005,0.030836
4.9316e-005,0.0310741
4.932e-005,0.030841
4.9324e-005,0.0312229
4.9328e-005,0.0313866
4.9332e-005,0.0309848
4.9336e-005,0.0312031
4.934e-005,0.031094
4.9344e-005,0.0314759
4.9348e-005,0.0312081
4.9352e-005,0.030454
4.9356e-005,0.0298141
4.936e-005,0.0292139
4.9364e-005,0.0289559
4.9368e-005,0.0291296
4.9372e-005,0.0290056
4.9376e-005,0.0289559
4.938e-005,0.0242335
4.9384e-005,0.0200566
4.9388e-005,0.0195804
4.9392e-005,0.019764
4.9396e-005,0.0188066
4.94e-005,0.0194018
4.9404e-005,0.0111921
4.9408e-005,0.00291779
4.9412e-005,0.000645839
4.9416e-005,-0.000584388
4.942e-005,-0.00104076
4.9424e-005,0.000392849
4.9428e-005,-0.000271871
4.9432e-005,-0.000336358
4.9436e-005,-0.000306595
4.944e-005,-0.00134336
4.9444e-005,0.00766012
4.9448e-005,0.0172142
4.9452e-005,0.0201906
4.9456e-005,0.0225022
4.946e-005,0.0251958
4.9464e-005,0.0275769
4.9468e-005,0.0286583
4.9472e-005,0.0299332
4.9476e-005,0.0321456
4.948e-005,0.0328699
4.9484e-005,0.0345912
4.9488e-005,0.034993
4.9492e-005,0.0360347
4.9496e-005,0.0360198
4.95e-005,0.0369425
4.9504e-005,0.0377808
4.9508e-005,0.0372997
4.9512e-005,0.0392393
4.9516e-005,0.0388027
4.952e-005,0.03915
4.9524e-005,0.0396659
4.9528e-005,0.0397998
4.9532e-005,0.0396609
4.9536e-005,0.0394129
4.954e-005,0.0398693
4.9544e-005,0.0399288
4.9548e-005,0.0401322
4.9552e-005,0.0406729
4.9556e-005,0.0404794
4.956e-005,0.040777
4.9564e-005,0.041164
4.9568e-005,0.0406332
4.9572e-005,0.0402909
4.9576e-005,0.0404893
4.958e-005,0.0404943
4.9584e-005,0.0399883
4.9588e-005,0.0408614
4.9592e-005,0.040276
4.9596e-005,0.0399288
4.96e-005,0.0410896
4.9604e-005,0.0405836
4.9608e-005,0.0405687
4.9612e-005,0.0403653
4.9616e-005,0.0402165
4.962e-005,0.0408713
4.9624e-005,0.0407026
4.9628e-005,0.0405439
4.9632e-005,0.0403306
4.9636e-005,0.0412582
4.964e-005,0.0406481
4.9644e-005,0.0404893
4.9648e-005,0.040653
4.9652e-005,0.0403455
4.9656e-005,0.040023
4.966e-005,0.0405439
4.9664e-005,0.0404348
4.9668e-005,0.0403306
4.9672e-005,0.0406034
4.9676e-005,0.0406778
4.968e-005,0.0410648
4.9684e-005,0.0408614
4.9688e-005,0.0409903
4.9692e-005,0.0408862
4.9696e-005,0.0407374
4.97e-005,0.0406977
4.9704e-005,0.040534
4.9708e-005,0.0403653
4.9712e-005,0.040281
4.9716e-005,0.0404695
4.972e-005,0.0406679
4.9724e-005,0.0409705
4.9728e-005,0.0409606
4.9732e-005,0.0409606
4.9736e-005,0.0406679
4.974e-005,0.0403008
4.9744e-005,0.0406977
4.9748e-005,0.0405241
4.9752e-005,0.0410449
4.9756e-005,0.0403356
4.976e-005,0.0404893
4.9764e-005,0.0401818
4.9768e-005,0.0407274
4.9772e-005,0.0403901
4.9776e-005,0.0404496
4.978e-005,0.0408267
4.9784e-005,0.0403604
4.9788e-005,0.0406729
4.9792e-005,0.0406481
4.9796e-005,0.0406729
4.98e-005,0.040658
4.9804e-005,0.0407671
4.9808e-005,0.0402165
4.9812e-005,0.040405
4.9816e-005,0.0407374
4.982e-005,0.0404298
4.9824e-005,0.0407671
4.9828e-005,0.0407522
4.9832e-005,0.0404149
4.9836e-005,0.0403455
4.984e-005,0.0406977
4.9844e-005,0.0402512
4.9848e-005,0.0409705
4.9852e-005,0.0407622
4.9856e-005,0.0411491
4.986e-005,0.0405042
4.9864e-005,0.0406282
4.9868e-005,0.0402959
4.9872e-005,0.0402165
4.9876e-005,0.0403901
4.988e-005,0.0402711
4.9884e-005,0.0402711
4.9888e-005,0.0406282
4.9892e-005,0.0397651
4.9896e-005,0.0397601
4.99e-005,0.0400181
4.9904e-005,0.0404645
4.9908e-005,0.0395617
4.9912e-005,0.0402016
4.9916e-005,0.0405042
4.992e-005,0.0395319
4.9924e-005,0.0400082
4.9928e-005,0.0401818
4.9932e-005,0.0401619
4.9936e-005,0.0402215
4.994e-005,0.0398544
4.9944e-005,0.0402512
4.9948e-005,0.0401967
4.9952e-005,0.0400726
4.9956e-005,0.0402661
4.996e-005,0.0403901
4.9964e-005,0.0400875
4.9968e-005,0.0401272
4.9972e-005,0.0401123
4.9976e-005,0.0398196
4.998e-005,0.0401619
4.9984e-005,0.0407374
4.9988e-005,0.0401719
4.9992e-005,0.0402363
4.9996e-005,0.0404199
5e-005,0.0400925
5.0004e-005,0.0406332
5.0008e-005,0.0397948
5.0012e-005,0.0406282
5.0016e-005,0.0398345
5.002e-005,0.0406332
5.0024e-005,0.040276
5.0028e-005,0.040023
5.0032e-005,0.0406084
5.0036e-005,0.0397204
5.004e-005,0.0406332
5.0044e-005,0.0397204
5.0048e-005,0.0404248
5.0052e-005,0.0401173
5.0056e-005,0.0396262
5.006e-005,0.0402959
5.0064e-005,0.040658
5.0068e-005,0.0400578
5.0072e-005,0.0402165
5.0076e-005,0.0406034
5.008e-005,0.0406828
5.0084e-005,0.0408961
5.0088e-005,0.0402909
5.0092e-005,0.0401768
5.0096e-005,0.0402115
5.01e-005,0.0406332
5.0104e-005,0.0404496
5.0108e-005,0.0407969
5.0112e-005,0.0415608
5.0116e-005,0.0403455
5.012e-005,0.0398544
5.0124e-005,0.0380735
5.0128e-005,0.0364712
5.0132e-005,0.0347102
5.0136e-005,0.0341001
5.014e-005,0.0330832
5.0144e-005,0.0329939
5.0148e-005,0.025925
5.0152e-005,0.0209396
5.0156e-005,0.019888
5.016e-005,0.0189554
5.0164e-005,0.0179285
5.0168e-005,0.0193622
5.0172e-005,0.0104381
5.0176e-005,0.00266976
5.018e-005,0.000695445
5.0184e-005,-0.00110029
5.0188e-005,-0.000509979
5.0192e-005,-0.000252028
5.0196e-005,-0.000385964
5.02e-005,-0.000395885
5.0204e-005,-2.88015e-005
5.0208e-005,-0.000886984
5.0212e-005,0.00626619
5.0216e-005,0.0177797
5.022e-005,0.0215151
5.0224e-005,0.0245559
5.0228e-005,0.0288468
5.0232e-005,0.0307666
5.0236e-005,0.0326665
5.024e-005,0.0340902
5.0244e-005,0.0370764
5.0248e-005,0.0382868
5.0252e-005,0.0388722
5.0256e-005,0.0403901
5.026e-005,0.0419676
5.0264e-005,0.042166
5.0268e-005,0.0430292
5.0272e-005,0.0434558
5.0276e-005,0.0441056
5.028e-005,0.0450481
5.0284e-005,0.0445967
5.0288e-005,0.0455194
5.0292e-005,0.0459113
5.0296e-005,0.0473002
5.03e-005,0.0463131
5.0304e-005,0.0463379
5.0308e-005,0.0470224
5.0312e-005,0.0472705
5.0316e-005,0.047459
5.032e-005,0.0480046
5.0324e-005,0.048079
5.0328e-005,0.0482378
5.0332e-005,0.048208
5.0336e-005,0.0476326
5.034e-005,0.0479997
5.0344e-005,0.0478112
5.0348e-005,0.0477268
5.0352e-005,0.0485701
5.0356e-005,0.0488182
5.036e-005,0.0482031
5.0364e-005,0.0482973
5.0368e-005,0.0486098
5.0372e-005,0.0477417
5.0376e-005,0.0480344
5.038e-005,0.0483618
5.0384e-005,0.0482279
5.0388e-005,0.0484808
5.0392e-005,0.0484015
5.0396e-005,0.0485205
5.04e-005,0.0483519
5.0404e-005,0.0479153
5.0408e-005,0.0484312
5.0412e-005,0.0483767
5.0416e-005,0.0490265
5.042e-005,0.048719
5.0424e-005,0.0486942
5.0428e-005,0.0482179
5.0432e-005,0.0485652
5.0436e-005,0.048585
5.044e-005,0.0489571
5.0444e-005,0.0482179
5.0448e-005,0.0486693
5.0452e-005,0.0486495
5.0456e-005,0.0484263
5.046e-005,0.0488529
5.0464e-005,0.0488628
5.0468e-005,0.0485354
5.0472e-005,0.0489124
5.0476e-005,0.049086
5.048e-005,0.0491555
5.0484e-005,0.0490216
5.0488e-005,0.048719
5.0492e-005,0.0488926
5.0496e-005,0.0483271
5.05e-005,0.0487438
5.0504e-005,0.0488727
5.0508e-005,0.0489075
5.0512e-005,0.0486495
5.0516e-005,0.0484858
5.052e-005,0.0492249
5.0524e-005,0.0488182
5.0528e-005,0.048585
5.0532e-005,0.0494531
5.0536e-005,0.0491158
5.054e-005,0.0493291
5.0544e-005,0.049096
5.0548e-005,0.0481584
5.0552e-005,0.0486098
5.0556e-005,0.0484114
5.056e-005,0.0487289
5.0564e-005,0.0487735
5.0568e-005,0.0483717
5.0572e-005,0.0484312
5.0576e-005,0.0488727
5.058e-005,0.0493787
5.0584e-005,0.0484461
5.0588e-005,0.0486346
5.0592e-005,0.0485801
5.0596e-005,0.0494134
5.06e-005,0.0486991
5.0604e-005,0.0483668
5.0608e-005,0.0485404
5.0612e-005,0.0486445
5.0616e-005,0.0492001
5.062e-005,0.0492745
5.0624e-005,0.0492845
5.0628e-005,0.0490761
5.0632e-005,0.04922
5.0636e-005,0.0482378
5.064e-005,0.047831
5.0644e-005,0.0489124
5.0648e-005,0.0492646
5.0652e-005,0.0491208
5.0656e-005,0.0483717
5.066e-005,0.0487438
5.0664e-005,0.0479749
5.0668e-005,0.0491753
5.0672e-005,0.0485007
5.0676e-005,0.0481832
5.068e-005,0.0487041
5.0684e-005,0.048084
5.0688e-005,0.0480939
5.0692e-005,0.0487983
5.0696e-005,0.0485751
5.07e-005,0.0488082
5.0704e-005,0.0488727
5.0708e-005,0.048962
5.0712e-005,0.0484957
5.0716e-005,0.0484957
5.072e-005,0.0484461
5.0724e-005,0.0484064
5.0728e-005,0.0487338
5.0732e-005,0.0482775
5.0736e-005,0.0484461
5.074e-005,0.0486892
5.0744e-005,0.0486991
5.0748e-005,0.0481386
5.0752e-005,0.0487289
5.0756e-005,0.0483668
5.076e-005,0.0483469
5.0764e-005,0.0488678
5.0768e-005,0.0488975
5.0772e-005,0.0487239
5.0776e-005,0.0481038
5.078e-005,0.0485404
5.0784e-005,0.0485007
5.0788e-005,0.0487834
5.0792e-005,0.0487884
5.0796e-005,0.0481981
5.08e-005,0.0485156
5.0804e-005,0.0483519
5.0808e-005,0.0484312
5.0812e-005,0.0491356
5.0816e-005,0.0485602
5.082e-005,0.0488082
5.0824e-005,0.0489025
5.0828e-005,0.0482973
5.0832e-005,0.0485751
5.0836e-005,0.0486743
5.084e-005,0.0485106
5.0844e-005,0.0485999
5.0848e-005,0.049091
5.0852e-005,0.0480046
5.0856e-005,0.0488777
5.086e-005,0.0485305
5.0864e-005,0.0495871
5.0868e-005,0.0485404
5.0872e-005,0.048337
5.0876e-005,0.0486545
5.088e-005,0.0490612
5.0884e-005,0.047831
5.0888e-005,0.0480394
5.0892e-005,0.0431135
5.0896e-005,0.0394823
5.09e-005,0.0374286
5.0904e-005,0.0363472
5.0908e-005,0.0357619
5.0912e-005,0.0355585
5.0916e-005,0.0279886
5.092e-005,0.021778
5.0924e-005,0.0200467
5.0928e-005,0.0190348
5.0932e-005,0.0186578
5.0936e-005,0.0189852
5.094e-005,0.0112268
5.0944e-005,0.00221835
5.0948e-005,0.00073513
5.0952e-005,-0.000475255
5.0956e-005,0.00015474
5.096e-005,-5.36045e-005
5.0964e-005,2.5765e-005
5.0968e-005,-0.000137935
5.0972e-005,-0.000678639
5.0976e-005,-0.00124415
5.098e-005,0.00753114
5.0984e-005,0.0174573
5.0988e-005,0.0187917
5.0992e-005,0.0188661
5.0996e-005,0.0210041
5.1e-005,0.0210289
5.1004e-005,0.0206519
5.1008e-005,0.0216986
5.1012e-005,0.022284
5.1016e-005,0.0225171
5.102e-005,0.0228743
5.1024e-005,0.0228594
5.1028e-005,0.0238813
5.1032e-005,0.0232364
5.1036e-005,0.0234298
5.104e-005,0.023405
5.1044e-005,0.0234844
5.1048e-005,0.0236878
5.1052e-005,0.0234795
5.1056e-005,0.0232066
5.106e-005,0.0235687
5.1064e-005,0.0246353
5.1068e-005,0.0235638
5.1072e-005,0.0236084
5.1076e-005,0.0238366
5.108e-005,0.0228941
5.1084e-005,0.0230082
5.1088e-005,0.0231967
5.1092e-005,0.0231769
5.1096e-005,0.0227254
5.11e-005,0.0234646
5.1104e-005,0.0233902
5.1108e-005,0.0236531
5.1112e-005,0.0233951
5.1116e-005,0.0234695
5.112e-005,0.0239011
5.1124e-005,0.0232562
5.1128e-005,0.0233306
5.1132e-005,0.0230677
5.1136e-005,0.0234894
5.114e-005,0.0228891
5.1144e-005,0.0237771
5.1148e-005,0.0230776
5.1152e-005,0.0231421
5.1156e-005,0.0229884
5.116e-005,0.0233108
5.1164e-005,0.0229288
5.1168e-005,0.0223732
5.1172e-005,0.0227304
5.1176e-005,0.0230231
5.118e-005,0.0228346
5.1184e-005,0.0228842
5.1188e-005,0.0226808
5.1192e-005,0.0227552
5.1196e-005,0.0225965
5.12e-005,0.0228743
5.1204e-005,0.0225121
5.1208e-005,0.0227254
5.1212e-005,0.0231372
5.1216e-005,0.0230727
5.122e-005,0.023028
5.1224e-005,0.023033
5.1228e-005,0.0232711
5.1232e-005,0.0231223
5.1236e-005,0.0233554
5.124e-005,0.0228544
5.1244e-005,0.022021
5.1248e-005,0.0228445
5.1252e-005,0.0225717
5.1256e-005,0.0226659
5.126e-005,0.0230429
