Time,Ampl
4.126e-005,0.0446017
4.1264e-005,0.0448348
4.1268e-005,0.044428
4.1272e-005,0.044815
4.1276e-005,0.0449985
4.128e-005,0.0450878
4.1284e-005,0.0444677
4.1288e-005,0.0449886
4.1292e-005,0.0443487
4.1296e-005,0.0434954
4.13e-005,0.0448199
4.1304e-005,0.0448844
4.1308e-005,0.0442743
4.1312e-005,0.04481
4.1316e-005,0.0450233
4.132e-005,0.0439369
4.1324e-005,0.0452118
4.1328e-005,0.0441701
4.1332e-005,0.0438129
4.1336e-005,0.0445818
4.134e-005,0.0449985
4.1344e-005,0.0443487
4.1348e-005,0.0445025
4.1352e-005,0.0441006
4.1356e-005,0.0443288
4.136e-005,0.0444231
4.1364e-005,0.0444826
4.1368e-005,0.0441403
4.1372e-005,0.0443189
4.1376e-005,0.0440064
4.138e-005,0.0443636
4.1384e-005,0.0441403
4.1388e-005,0.0438923
4.1392e-005,0.044309
4.1396e-005,0.0444528
4.14e-005,0.0452019
4.1404e-005,0.0440709
4.1408e-005,0.044304
4.1412e-005,0.0439915
4.1416e-005,0.0441751
4.142e-005,0.045058
4.1424e-005,0.0446612
4.1428e-005,0.0438625
4.1432e-005,0.0448298
4.1436e-005,0.0448398
4.144e-005,0.0448001
4.1444e-005,0.0454053
4.1448e-005,0.0446562
4.1452e-005,0.044557
4.1456e-005,0.0451622
4.146e-005,0.0451622
4.1464e-005,0.0445917
4.1468e-005,0.0452317
4.1472e-005,0.0452317
4.1476e-005,0.0445868
4.148e-005,0.0453061
4.1484e-005,0.0450283
4.1488e-005,0.0445818
4.1492e-005,0.0443239
4.1496e-005,0.0448001
4.15e-005,0.0440461
4.1504e-005,0.0450283
4.1508e-005,0.045068
4.1512e-005,0.044428
4.1516e-005,0.0421511
4.152e-005,0.0385497
4.1524e-005,0.0367689
4.1528e-005,0.0349335
4.1532e-005,0.0348144
4.1536e-005,0.0338917
4.154e-005,0.0289659
4.1544e-005,0.0219814
4.1548e-005,0.0193969
4.1552e-005,0.019258
4.1556e-005,0.0187421
4.156e-005,0.0181022
4.1564e-005,0.0150365
4.1568e-005,0.00323527
4.1572e-005,0.00156851
4.1576e-005,-0.000237146
4.158e-005,-0.000187541
4.1584e-005,5.92266e-006
4.1588e-005,0.000412691
4.1592e-005,0.000283716
4.1596e-005,-0.000495097
4.16e-005,-0.00144257
4.1604e-005,0.00293763
4.1608e-005,0.0150266
4.1612e-005,0.0193225
4.1616e-005,0.0242483
4.162e-005,0.0272743
4.1624e-005,0.0303152
4.1628e-005,0.0328947
4.1632e-005,0.0347896
4.1636e-005,0.0371856
4.164e-005,0.0382223
4.1644e-005,0.0389863
4.1648e-005,0.0409011
4.1652e-005,0.0413872
4.1656e-005,0.0422503
4.166e-005,0.043932
4.1664e-005,0.0445124
4.1668e-005,0.0441602
4.1672e-005,0.0450878
4.1676e-005,0.0454648
4.168e-005,0.0459311
4.1684e-005,0.0463627
4.1688e-005,0.0473498
4.1692e-005,0.0475383
4.1696e-005,0.0483767
4.17e-005,0.047955
4.1704e-005,0.0478012
4.1708e-005,0.0487239
4.1712e-005,0.0491604
4.1716e-005,0.0492101
4.172e-005,0.0491356
4.1724e-005,0.0495424
4.1728e-005,0.0485701
4.1732e-005,0.0490166
4.1736e-005,0.049726
4.174e-005,0.048714
4.1744e-005,0.0490464
4.1748e-005,0.0493341
4.1752e-005,0.0494333
4.1756e-005,0.049096
4.176e-005,0.0491009
4.1764e-005,0.0489174
4.1768e-005,0.0492795
4.1772e-005,0.0497855
4.1776e-005,0.0500831
4.178e-005,0.050093
4.1784e-005,0.0500385
4.1788e-005,0.048714
4.1792e-005,0.0491356
4.1796e-005,0.0498698
4.18e-005,0.0496813
4.1804e-005,0.0500534
4.1808e-005,0.0500434
4.1812e-005,0.0491257
4.1816e-005,0.0502865
4.182e-005,0.0500484
4.1824e-005,0.0502567
4.1828e-005,0.0497706
4.1832e-005,0.0503956
4.1836e-005,0.0498946
4.184e-005,0.0498797
4.1844e-005,0.0500831
4.1848e-005,0.0507082
4.1852e-005,0.0500186
4.1856e-005,0.0499641
4.186e-005,0.0499145
4.1864e-005,0.0503411
4.1868e-005,0.0503262
4.1872e-005,0.0504403
4.1876e-005,0.0502964
4.188e-005,0.0498847
4.1884e-005,0.0504353
4.1888e-005,0.0501476
4.1892e-005,0.0506486
4.1896e-005,0.0496267
4.19e-005,0.0502766
4.1904e-005,0.050604
4.1908e-005,0.049721
4.1912e-005,0.0504006
4.1916e-005,0.0507578
4.192e-005,0.0500037
4.1924e-005,0.0504502
4.1928e-005,0.0500335
4.1932e-005,0.0499541
4.1936e-005,0.0508917
4.194e-005,0.0507826
4.1944e-005,0.0499889
4.1948e-005,0.0507677
4.1952e-005,0.0502915
4.1956e-005,0.0503758
4.196e-005,0.05048
4.1964e-005,0.0502518
4.1968e-005,0.0496267
4.1972e-005,0.0503808
4.1976e-005,0.0500881
4.198e-005,0.0496119
4.1984e-005,0.0500583
4.1988e-005,0.050351
4.1992e-005,0.05047
4.1996e-005,0.0506337
4.2e-005,0.050981
4.2004e-005,0.0497458
4.2008e-005,0.0499591
4.2012e-005,0.05048
4.2016e-005,0.0504899
4.202e-005,0.0502865
4.2024e-005,0.0508123
4.2028e-005,0.0505693
4.2032e-005,0.0501674
4.2036e-005,0.0503014
4.204e-005,0.0499145
4.2044e-005,0.0508024
4.2048e-005,0.0502617
4.2052e-005,0.0501426
4.2056e-005,0.0504899
4.206e-005,0.0503063
4.2064e-005,0.0500534
4.2068e-005,0.0503262
4.2072e-005,0.0502716
4.2076e-005,0.0495573
4.208e-005,0.050475
4.2084e-005,0.0506288
4.2088e-005,0.0502468
4.2092e-005,0.0506834
4.2096e-005,0.0510752
4.21e-005,0.0503311
4.2104e-005,0.0502022
4.2108e-005,0.0504105
4.2112e-005,0.0501923
4.2116e-005,0.0505246
4.212e-005,0.051358
4.2124e-005,0.0505792
4.2128e-005,0.050733
4.2132e-005,0.0501476
4.2136e-005,0.0501674
4.214e-005,0.0510455
4.2144e-005,0.0509413
4.2148e-005,0.0501079
4.2152e-005,0.0504204
4.2156e-005,0.0510752
4.216e-005,0.0501526
4.2164e-005,0.0503808
4.2168e-005,0.050356
4.2172e-005,0.0499045
4.2176e-005,0.0498748
4.218e-005,0.0504056
4.2184e-005,0.0500186
4.2188e-005,0.050103
4.2192e-005,0.05047
4.2196e-005,0.049726
4.22e-005,0.0503063
4.2204e-005,0.0512538
4.2208e-005,0.0503956
4.2212e-005,0.0506784
4.2216e-005,0.0505792
4.222e-005,0.0500682
4.2224e-005,0.0498549
4.2228e-005,0.0503758
4.2232e-005,0.0501526
4.2236e-005,0.0503063
4.224e-005,0.0511248
4.2244e-005,0.0496218
4.2248e-005,0.0511199
4.2252e-005,0.0500782
4.2256e-005,0.0498202
4.226e-005,0.0502319
4.2264e-005,0.0501476
4.2268e-005,0.0506089
4.2272e-005,0.0508371
4.2276e-005,0.0504651
4.228e-005,0.0495523
4.2284e-005,0.0465115
4.2288e-005,0.0418287
4.2292e-005,0.0383265
4.2296e-005,0.037012
4.23e-005,0.0361835
4.2304e-005,0.0351319
4.2308e-005,0.0303449
4.2312e-005,0.0224675
4.2316e-005,0.0202303
4.232e-005,0.0188711
4.2324e-005,0.0186627
4.2328e-005,0.018628
4.2332e-005,0.0157062
4.2336e-005,0.00317078
4.234e-005,0.00137009
4.2344e-005,-0.000108171
4.2348e-005,4.06468e-005
4.2352e-005,-0.000306595
4.2356e-005,-0.000177619
4.236e-005,-0.000261949
4.2364e-005,-0.00026691
4.2368e-005,-0.000986196
4.2372e-005,0.00299716
4.2376e-005,0.015736
4.238e-005,0.0188959
4.2384e-005,0.0201509
4.2388e-005,0.0220359
4.2392e-005,0.0238217
4.2396e-005,0.0245509
4.24e-005,0.0257464
4.2404e-005,0.0269866
4.2408e-005,0.0278993
4.2412e-005,0.0279936
4.2416e-005,0.0287922
4.242e-005,0.0295463
4.2424e-005,0.0297645
4.2428e-005,0.0304441
4.2432e-005,0.0308757
4.2436e-005,0.0303449
4.244e-005,0.0311932
4.2444e-005,0.0312279
4.2448e-005,0.0304292
4.2452e-005,0.031466
4.2456e-005,0.0315553
4.246e-005,0.0312031
4.2464e-005,0.0310642
4.2468e-005,0.0313569
4.2472e-005,0.0310592
4.2476e-005,0.0312229
4.248e-005,0.0312428
4.2484e-005,0.0309303
4.2488e-005,0.0307318
4.2492e-005,0.031347
4.2496e-005,0.0310096
4.25e-005,0.030707
4.2504e-005,0.031337
4.2508e-005,0.0311188
4.2512e-005,0.0306128
4.2516e-005,0.0311386
4.252e-005,0.0307666
4.2524e-005,0.0308559
4.2528e-005,0.0310295
4.2532e-005,0.0305781
4.2536e-005,0.0309154
4.254e-005,0.0310692
4.2544e-005,0.0311981
4.2548e-005,0.0304739
4.2552e-005,0.0310444
4.2556e-005,0.0307467
4.256e-005,0.031342
4.2564e-005,0.031461
4.2568e-005,0.0307914
4.2572e-005,0.0309799
4.2576e-005,0.0307715
4.258e-005,0.0309203
4.2584e-005,0.0310493
4.2588e-005,0.0316496
4.2592e-005,0.0305582
4.2596e-005,0.0305285
4.26e-005,0.0303052
4.2604e-005,0.0306723
4.2608e-005,0.0308162
4.2612e-005,0.0312626
4.2616e-005,0.0304392
4.262e-005,0.03033
4.2624e-005,0.0306674
4.2628e-005,0.0304739
4.2632e-005,0.0303896
4.2636e-005,0.030082
4.264e-005,0.0302556
4.2644e-005,0.0300324
4.2648e-005,0.030335
4.2652e-005,0.0304441
4.2656e-005,0.030712
4.266e-005,0.030206
4.2664e-005,0.029576
4.2668e-005,0.0297844
4.2672e-005,0.0305433
4.2676e-005,0.0296256
4.268e-005,0.0296256
4.2684e-005,0.0303896
4.2688e-005,0.0300126
4.2692e-005,0.0303003
4.2696e-005,0.0307418
4.27e-005,0.0302159
4.2704e-005,0.03033
4.2708e-005,0.0312229
4.2712e-005,0.0305334
4.2716e-005,0.0305086
4.272e-005,0.0306029
4.2724e-005,0.0306277
4.2728e-005,0.0300374
4.2732e-005,0.0305086
4.2736e-005,0.0308459
4.274e-005,0.0302457
4.2744e-005,0.0308063
4.2748e-005,0.0300274
4.2752e-005,0.0304441
4.2756e-005,0.0308013
4.276e-005,0.0305136
4.2764e-005,0.0300572
4.2768e-005,0.0302259
4.2772e-005,0.0305632
4.2776e-005,0.0308261
4.278e-005,0.0309352
4.2784e-005,0.0304094
4.2788e-005,0.030082
4.2792e-005,0.0306723
4.2796e-005,0.0302606
4.28e-005,0.0304739
4.2804e-005,0.0306624
4.2808e-005,0.0304838
4.2812e-005,0.0304491
4.2816e-005,0.0310592
4.282e-005,0.0309154
4.2824e-005,0.0308459
4.2828e-005,0.031084
4.2832e-005,0.0306872
4.2836e-005,0.0302755
4.284e-005,0.0311287
4.2844e-005,0.0308112
4.2848e-005,0.0305582
4.2852e-005,0.0309253
4.2856e-005,0.0301663
4.286e-005,0.0298935
4.2864e-005,0.0301763
4.2868e-005,0.0301068
4.2872e-005,0.0300919
4.2876e-005,0.0303052
4.288e-005,0.0309551
4.2884e-005,0.0301167
4.2888e-005,0.0306674
4.2892e-005,0.0299927
4.2896e-005,0.03097
4.29e-005,0.0306277
4.2904e-005,0.0307963
4.2908e-005,0.0301415
4.2912e-005,0.0303747
4.2916e-005,0.0297397
4.292e-005,0.0304342
4.2924e-005,0.0306029
4.2928e-005,0.0301167
4.2932e-005,0.0304441
4.2936e-005,0.0304342
4.294e-005,0.0296604
4.2944e-005,0.0300374
4.2948e-005,0.03034
4.2952e-005,0.0304044
4.2956e-005,0.0306624
4.296e-005,0.0303995
4.2964e-005,0.0301018
4.2968e-005,0.0297397
4.2972e-005,0.0304044
4.2976e-005,0.0302705
4.298e-005,0.0294371
4.2984e-005,0.030707
4.2988e-005,0.030077
4.2992e-005,0.0298687
4.2996e-005,0.0306177
4.3e-005,0.0302903
4.3004e-005,0.0298191
4.3008e-005,0.0302606
4.3012e-005,0.0302308
4.3016e-005,0.0307368
4.302e-005,0.0308807
4.3024e-005,0.0297893
4.3028e-005,0.0298637
4.3032e-005,0.0305632
4.3036e-005,0.0295661
4.304e-005,0.0302159
4.3044e-005,0.0296256
4.3048e-005,0.029452
4.3052e-005,0.0293875
4.3056e-005,0.0291345
4.306e-005,0.0284946
4.3064e-005,0.0296455
4.3068e-005,0.0296306
4.3072e-005,0.0293627
4.3076e-005,0.0257514
4.308e-005,0.0211281
4.3084e-005,0.0190596
4.3088e-005,0.0193522
4.3092e-005,0.0187322
4.3096e-005,0.0179335
4.31e-005,0.0141287
4.3104e-005,0.0034585
4.3108e-005,0.00056647
4.3112e-005,-0.000311555
4.3116e-005,-0.000539743
4.312e-005,-0.000559585
4.3124e-005,-0.000326437
4.3128e-005,-2.88015e-005
4.3132e-005,-0.000832418
4.3136e-005,-0.00122927
4.314e-005,0.00307157
4.3144e-005,0.0166586
4.3148e-005,0.0195407
4.3152e-005,0.0218573
4.3156e-005,0.0238664
4.316e-005,0.0270808
4.3164e-005,0.0275769
4.3168e-005,0.028693
4.3172e-005,0.0304491
4.3176e-005,0.0316496
4.318e-005,0.0312378
4.3184e-005,0.0326417
4.3188e-005,0.033857
4.3192e-005,0.0342935
4.3196e-005,0.0348839
4.32e-005,0.0361042
4.3204e-005,0.0358115
4.3208e-005,0.0369028
4.3212e-005,0.0368532
4.3216e-005,0.0366399
4.322e-005,0.0373642
4.3224e-005,0.0376122
4.3228e-005,0.0377015
4.3232e-005,0.0374286
4.3236e-005,0.0377164
4.324e-005,0.0372401
4.3244e-005,0.0374931
4.3248e-005,0.0380884
4.3252e-005,0.0374038
4.3256e-005,0.0376717
4.326e-005,0.0376767
4.3264e-005,0.0376568
4.3268e-005,0.0375775
4.3272e-005,0.0374435
4.3276e-005,0.0374038
4.328e-005,0.038009
4.3284e-005,0.0374584
4.3288e-005,0.0372848
4.3292e-005,0.0374138
4.3296e-005,0.0380983
4.33e-005,0.0374237
4.3304e-005,0.0376717
4.3308e-005,0.0375427
4.3312e-005,0.0371608
4.3316e-005,0.0377362
4.332e-005,0.0379892
4.3324e-005,0.0371657
4.3328e-005,0.0376171
4.3332e-005,0.0368036
4.3336e-005,0.0372947
4.334e-005,0.0379049
4.3344e-005,0.0377858
4.3348e-005,0.0378056
4.3352e-005,0.0372947
4.3356e-005,0.0375824
4.336e-005,0.0372203
4.3364e-005,0.0376816
4.3368e-005,0.0377412
4.3372e-005,0.0374882
4.3376e-005,0.0373294
4.338e-005,0.0377312
4.3384e-005,0.0373344
4.3388e-005,0.0374733
4.3392e-005,0.0367986
4.3396e-005,0.0366151
4.34e-005,0.0371806
4.3404e-005,0.0378503
4.3408e-005,0.0371012
4.3412e-005,0.0372054
4.3416e-005,0.0379495
4.342e-005,0.0378602
4.3424e-005,0.0370665
4.3428e-005,0.0374584
4.3432e-005,0.0373443
4.3436e-005,0.0371905
4.344e-005,0.037632
4.3444e-005,0.0371856
4.3448e-005,0.0372749
4.3452e-005,0.0375328
4.3456e-005,0.0371112
4.346e-005,0.0367639
4.3464e-005,0.0369028
4.3468e-005,0.037389
4.3472e-005,0.0374286
4.3476e-005,0.037885
4.348e-005,0.0370913
4.3484e-005,0.0374782
4.3488e-005,0.0375031
4.3492e-005,0.0368979
4.3496e-005,0.0383166
4.35e-005,0.0371409
4.3504e-005,0.0372798
4.3508e-005,0.0373294
4.3512e-005,0.0374038
4.3516e-005,0.037002
4.352e-005,0.0376519
4.3524e-005,0.0376519
4.3528e-005,0.0373741
4.3532e-005,0.037508
4.3536e-005,0.037637
4.354e-005,0.0373394
4.3544e-005,0.0371757
4.3548e-005,0.0372997
4.3552e-005,0.0365655
4.3556e-005,0.0383216
4.356e-005,0.038396
4.3564e-005,0.0378106
4.3568e-005,0.0375527
4.3572e-005,0.0374038
4.3576e-005,0.0373592
4.358e-005,0.037756
4.3584e-005,0.0378751
4.3588e-005,0.0375874
4.3592e-005,0.0376668
4.3596e-005,0.0370368
4.36e-005,0.0372054
4.3604e-005,0.0375775
4.3608e-005,0.0374534
4.3612e-005,0.0371558
4.3616e-005,0.037756
4.362e-005,0.0377362
4.3624e-005,0.0374435
4.3628e-005,0.037379
4.3632e-005,0.0376767
4.3636e-005,0.0374485
4.364e-005,0.038019
4.3644e-005,0.0377015
4.3648e-005,0.0377709
4.3652e-005,0.0380338
4.3656e-005,0.0374931
4.366e-005,0.0371459
4.3664e-005,0.037766
4.3668e-005,0.0378354
4.3672e-005,0.0374138
4.3676e-005,0.0375675
4.368e-005,0.0381678
4.3684e-005,0.0379495
4.3688e-005,0.0378503
4.3692e-005,0.0380041
4.3696e-005,0.0375675
4.37e-005,0.0383116
4.3704e-005,0.0384009
4.3708e-005,0.0376717
4.3712e-005,0.0382174
4.3716e-005,0.0380834
4.372e-005,0.0376816
4.3724e-005,0.0380983
4.3728e-005,0.0380934
4.3732e-005,0.0373741
4.3736e-005,0.0381479
4.374e-005,0.0380586
4.3744e-005,0.037513
4.3748e-005,0.0378056
4.3752e-005,0.0378156
4.3756e-005,0.0376171
4.376e-005,0.0374733
4.3764e-005,0.0378404
4.3768e-005,0.0378602
4.3772e-005,0.0379594
4.3776e-005,0.0380636
4.378e-005,0.0372501
4.3784e-005,0.0379743
4.3788e-005,0.0380686
4.3792e-005,0.0377064
4.3796e-005,0.0380983
4.38e-005,0.0376023
4.3804e-005,0.0374882
4.3808e-005,0.0377511
4.3812e-005,0.0375229
4.3816e-005,0.0378354
4.382e-005,0.0361488
4.3824e-005,0.0344027
4.3828e-005,0.0325673
4.3832e-005,0.0320712
4.3836e-005,0.032478
4.384e-005,0.0319819
4.3844e-005,0.0277902
4.3848e-005,0.0219714
4.3852e-005,0.0193572
4.3856e-005,0.0196003
4.386e-005,0.0189355
4.3864e-005,0.0179137
4.3868e-005,0.0144264
4.3872e-005,0.00312118
4.3876e-005,0.000824421
4.388e-005,-0.000733206
4.3884e-005,-0.000321477
4.3888e-005,-0.00026691
4.3892e-005,-0.000385964
4.3896e-005,-0.000296674
4.39e-005,-0.000445491
4.3904e-005,-0.00140785
4.3908e-005,0.00271441
4.3912e-005,0.0155871
4.3916e-005,0.0188909
4.392e-005,0.0223336
4.3924e-005,0.0264508
4.3928e-005,0.0288865
4.3932e-005,0.0296356
4.3936e-005,0.0325425
4.394e-005,0.0340306
4.3944e-005,0.0350178
4.3948e-005,0.036124
4.3952e-005,0.0374336
4.3956e-005,0.0384803
4.396e-005,0.0387382
4.3964e-005,0.040157
4.3968e-005,0.040906
4.3972e-005,0.0399139
4.3976e-005,0.0413326
4.398e-005,0.042037
4.3984e-005,0.0419825
4.3988e-005,0.0424835
4.3992e-005,0.043049
4.3996e-005,0.0419825
4.4e-005,0.0432474
4.4004e-005,0.0432921
4.4008e-005,0.0427762
4.4012e-005,0.0434905
4.4016e-005,0.0439965
4.402e-005,0.0430292
4.4024e-005,0.0442495
4.4028e-005,0.0445917
4.4032e-005,0.0437881
4.4036e-005,0.0442693
4.404e-005,0.0444479
4.4044e-005,0.0439518
4.4048e-005,0.044061
4.4052e-005,0.044309
4.4056e-005,0.0434806
4.406e-005,0.0436393
4.4064e-005,0.0443735
4.4068e-005,0.0432573
4.4072e-005,0.0441254
4.4076e-005,0.0435798
4.408e-005,0.0432276
4.4084e-005,0.0442445
4.4088e-005,0.044428
4.4092e-005,0.0430837
4.4096e-005,0.0440461
4.41e-005,0.0444429
4.4104e-005,0.0434806
4.4108e-005,0.044304
4.4112e-005,0.0446314
4.4116e-005,0.0443338
4.412e-005,0.0445025
4.4124e-005,0.0446562
4.4128e-005,0.0439221
4.4132e-005,0.0442792
4.4136e-005,0.0444231
4.414e-005,0.0433318
4.4144e-005,0.0445223
4.4148e-005,0.0440808
4.4152e-005,0.0437683
4.4156e-005,0.0440114
4.416e-005,0.0439419
4.4164e-005,0.0433069
4.4168e-005,0.044185
4.4172e-005,0.0440064
4.4176e-005,0.0438973
4.418e-005,0.0444826
4.4184e-005,0.0446662
4.4188e-005,0.0443536
4.4192e-005,0.044304
4.4196e-005,0.0443388
4.42e-005,0.0442346
4.4204e-005,0.0440064
4.4208e-005,0.0445868
4.4212e-005,0.0439617
4.4216e-005,0.044428
4.422e-005,0.0446562
4.4224e-005,0.04355
4.4228e-005,0.0444231
4.4232e-005,0.0447554
4.4236e-005,0.0436988
4.424e-005,0.0442544
4.4244e-005,0.0445818
4.4248e-005,0.0438228
4.4252e-005,0.045192
4.4256e-005,0.0439121
4.426e-005,0.0441056
4.4264e-005,0.0441949
4.4268e-005,0.043932
4.4272e-005,0.0436294
4.4276e-005,0.0451424
4.428e-005,0.0442842
4.4284e-005,0.0439617
4.4288e-005,0.0435103
4.4292e-005,0.0441751
4.4296e-005,0.0443338
4.43e-005,0.0443685
4.4304e-005,0.0434756
4.4308e-005,0.0435748
4.4312e-005,0.0443536
4.4316e-005,0.0444181
4.432e-005,0.0436939
4.4324e-005,0.0442098
4.4328e-005,0.0441354
4.4332e-005,0.0438377
4.4336e-005,0.0438278
4.434e-005,0.0446463
4.4344e-005,0.0436244
4.4348e-005,0.0440659
4.4352e-005,0.0445769
4.4356e-005,0.0438973
4.436e-005,0.0448993
4.4364e-005,0.0446463
4.4368e-005,0.0434855
4.4372e-005,0.044061
4.4376e-005,0.0440659
4.438e-005,0.044056
4.4384e-005,0.0441552
4.4388e-005,0.0440163
4.4392e-005,0.0435996
4.4396e-005,0.0442643
4.44e-005,0.0441651
4.4404e-005,0.0435947
4.4408e-005,0.0447753
4.4412e-005,0.0444677
4.4416e-005,0.0437236
4.442e-005,0.0450432
4.4424e-005,0.0441552
4.4428e-005,0.0437633
4.4432e-005,0.0443487
4.4436e-005,0.0443735
4.444e-005,0.0442891
4.4444e-005,0.0443586
4.4448e-005,0.0440312
4.4452e-005,0.0437584
4.4456e-005,0.0442445
4.446e-005,0.0442891
4.4464e-005,0.0440362
4.4468e-005,0.0444132
4.4472e-005,0.0440957
4.4476e-005,0.0438129
4.448e-005,0.0438725
4.4484e-005,0.0443338
4.4488e-005,0.0436591
4.4492e-005,0.0438427
4.4496e-005,0.0440213
4.45e-005,0.0438973
4.4504e-005,0.0442743
4.4508e-005,0.0442296
4.4512e-005,0.0436939
4.4516e-005,0.0442395
4.452e-005,0.0437187
4.4524e-005,0.0436095
4.4528e-005,0.0435351
4.4532e-005,0.0438824
4.4536e-005,0.0433863
4.454e-005,0.0438179
4.4544e-005,0.0442048
4.4548e-005,0.0435153
4.4552e-005,0.0442147
4.4556e-005,0.0439816
4.456e-005,0.0439766
4.4564e-005,0.0444132
4.4568e-005,0.044815
4.4572e-005,0.0438774
4.4576e-005,0.044428
4.458e-005,0.04418
4.4584e-005,0.0435599
4.4588e-005,0.0411441
4.4592e-005,0.0386489
4.4596e-005,0.036377
4.46e-005,0.0353204
4.4604e-005,0.0345565
4.4608e-005,0.0338818
4.4612e-005,0.0288567
4.4616e-005,0.0225568
4.462e-005,0.0193274
4.4624e-005,0.0196896
4.4628e-005,0.0185139
4.4632e-005,0.0178045
4.4636e-005,0.0143073
4.464e-005,0.00374125
4.4644e-005,0.000923633
4.4648e-005,-0.000137935
4.4652e-005,-0.000475255
4.4656e-005,-0.00059927
4.466e-005,4.06468e-005
4.4664e-005,-0.000316516
4.4668e-005,-0.000708403
4.4672e-005,-0.000941551
4.4676e-005,0.00319062
4.468e-005,0.0158104
4.4684e-005,0.0200021
4.4688e-005,0.0236729
4.4692e-005,0.0273983
4.4696e-005,0.0306723
4.47e-005,0.0321952
4.4704e-005,0.034368
4.4708e-005,0.0363026
4.4712e-005,0.0383364
4.4716e-005,0.0387482
4.472e-005,0.040276
4.4724e-005,0.0418386
4.4728e-005,0.0417692
4.4732e-005,0.0425629
4.4736e-005,0.0437683
4.474e-005,0.0439419
4.4744e-005,0.0446413
4.4748e-005,0.045941
4.4752e-005,0.045817
4.4756e-005,0.0465561
4.476e-005,0.0475185
4.4764e-005,0.0465512
4.4768e-005,0.0472159
4.4772e-005,0.0473746
4.4776e-005,0.0476673
4.478e-005,0.0476524
4.4784e-005,0.0481038
4.4788e-005,0.0483122
4.4792e-005,0.0486495
4.4796e-005,0.049086
4.48e-005,0.0487586
4.4804e-005,0.0485553
4.4808e-005,0.0487487
4.4812e-005,0.048342
4.4816e-005,0.0493638
4.482e-005,0.0490811
4.4824e-005,0.0493192
4.4828e-005,0.0493589
4.4832e-005,0.0492051
4.4836e-005,0.0487388
4.484e-005,0.0492547
4.4844e-005,0.0501079
4.4848e-005,0.0494482
4.4852e-005,0.0501972
4.4856e-005,0.0503262
4.486e-005,0.0497756
4.4864e-005,0.0501079
4.4868e-005,0.0500583
4.4872e-005,0.0495077
4.4876e-005,0.0499145
4.488e-005,0.0502815
4.4884e-005,0.0499194
4.4888e-005,0.0498301
4.4892e-005,0.0500286
4.4896e-005,0.0494234
4.49e-005,0.0497706
4.4904e-005,0.0506238
4.4908e-005,0.0495722
4.4912e-005,0.0497805
4.4916e-005,0.0496119
4.492e-005,0.0492349
4.4924e-005,0.0500434
4.4928e-005,0.0498946
4.4932e-005,0.0496069
4.4936e-005,0.0496267
4.494e-005,0.0503163
4.4944e-005,0.0495623
4.4948e-005,0.0502716
4.4952e-005,0.0502567
4.4956e-005,0.0499442
4.496e-005,0.0502419
4.4964e-005,0.0500286
4.4968e-005,0.0506238
4.4972e-005,0.0502815
4.4976e-005,0.0503808
4.498e-005,0.050227
4.4984e-005,0.0500434
4.4988e-005,0.0495573
4.4992e-005,0.0496367
4.4996e-005,0.0503063
4.5e-005,0.0503609
4.5004e-005,0.0503113
4.5008e-005,0.0506189
4.5012e-005,0.050356
4.5016e-005,0.0502865
4.502e-005,0.0499839
4.5024e-005,0.0500385
4.5028e-005,0.0495474
4.5032e-005,0.0499045
4.5036e-005,0.0506585
4.504e-005,0.0496119
4.5044e-005,0.0504849
4.5048e-005,0.0503907
4.5052e-005,0.0500633
4.5056e-005,0.0500831
4.506e-005,0.0503262
4.5064e-005,0.0501178
4.5068e-005,0.0506734
4.5072e-005,0.0505494
4.5076e-005,0.0498351
4.508e-005,0.0501923
4.5084e-005,0.0498946
4.5088e-005,0.0499194
4.5092e-005,0.0510653
4.5096e-005,0.050093
4.51e-005,0.0504502
4.5104e-005,0.050346
4.5108e-005,0.050222
4.5112e-005,0.0497656
4.5116e-005,0.0504006
4.512e-005,0.0502419
4.5124e-005,0.0500831
4.5128e-005,0.0506585
4.5132e-005,0.0507032
4.5136e-005,0.0514076
4.514e-005,0.0506337
4.5144e-005,0.0504155
4.5148e-005,0.0503609
4.5152e-005,0.0499145
4.5156e-005,0.0501476
4.516e-005,0.0496664
4.5164e-005,0.0507677
4.5168e-005,0.049845
4.5172e-005,0.0497359
4.5176e-005,0.0505296
4.518e-005,0.0506834
4.5184e-005,0.0497557
4.5188e-005,0.0507379
4.5192e-005,0.0506883
4.5196e-005,0.0501278
4.52e-005,0.0503659
4.5204e-005,0.0499194
4.5208e-005,0.0502022
4.5212e-005,0.0506139
4.5216e-005,0.0503411
4.522e-005,0.0500186
4.5224e-005,0.0507677
4.5228e-005,0.05047
4.5232e-005,0.0498897
4.5236e-005,0.0498053
4.524e-005,0.0505445
4.5244e-005,0.0500137
4.5248e-005,0.049721
4.5252e-005,0.0505891
4.5256e-005,0.0504552
4.526e-005,0.0509463
4.5264e-005,0.0503262
4.5268e-005,0.0495474
4.5272e-005,0.0502171
4.5276e-005,0.0500534
4.528e-005,0.049726
4.5284e-005,0.0503857
4.5288e-005,0.0502865
4.5292e-005,0.0498797
4.5296e-005,0.0499244
4.53e-005,0.0509165
4.5304e-005,0.0501774
4.5308e-005,0.0499095
4.5312e-005,0.0506982
4.5316e-005,0.0499442
4.532e-005,0.0501724
4.5324e-005,0.0502815
4.5328e-005,0.0502319
4.5332e-005,0.0506387
4.5336e-005,0.0507974
4.534e-005,0.0498649
4.5344e-005,0.0503014
4.5348e-005,0.0507974
4.5352e-005,0.0503808
4.5356e-005,0.0459261
4.536e-005,0.0412681
4.5364e-005,0.0382124
4.5368e-005,0.0369673
4.5372e-005,0.0362381
4.5376e-005,0.0358462
4.538e-005,0.0301068
4.5384e-005,0.0226659
4.5388e-005,0.0194564
4.5392e-005,0.0189703
4.5396e-005,0.0189703
4.54e-005,0.0178889
4.5404e-005,0.0144859
4.5408e-005,0.00380574
4.5412e-005,0.00098812
4.5416e-005,-0.000202422
4.542e-005,0.000164662
4.5424e-005,-0.000137935
4.5428e-005,5.55286e-005
4.5432e-005,0.000358125
4.5436e-005,-0.000395885
4.544e-005,-0.000500058
4.5444e-005,0.00291779
4.5448e-005,0.0160237
4.5452e-005,0.0189008
4.5456e-005,0.0210587
4.546e-005,0.0224328
4.5464e-005,0.0241839
4.5468e-005,0.0244765
4.5472e-005,0.0254091
4.5476e-005,0.0269171
4.548e-005,0.02782
4.5484e-005,0.0281623
4.5488e-005,0.0289758
4.5492e-005,0.0296504
4.5496e-005,0.0291494
4.55e-005,0.0296852
4.5504e-005,0.0306426
4.5508e-005,0.030206
4.5512e-005,0.0305285
4.5516e-005,0.0313668
4.552e-005,0.031084
4.5524e-005,0.0307467
4.5528e-005,0.0319968
4.5532e-005,0.0310493
4.5536e-005,0.0312031
4.554e-005,0.0313618
4.5544e-005,0.0307418
4.5548e-005,0.031595
4.5552e-005,0.0308906
4.5556e-005,0.03096
4.556e-005,0.0309303
4.5564e-005,0.0313966
4.5568e-005,0.0310295
4.5572e-005,0.0312825
4.5576e-005,0.0313618
4.558e-005,0.0303251
4.5584e-005,0.0309154
4.5588e-005,0.0314313
4.5592e-005,0.0307963
4.5596e-005,0.0312577
4.56e-005,0.0307318
4.5604e-005,0.0309203
4.5608e-005,0.0306227
4.5612e-005,0.0310989
4.5616e-005,0.0306376
4.562e-005,0.0309848
4.5624e-005,0.0305632
4.5628e-005,0.0303796
4.5632e-005,0.0305136
4.5636e-005,0.0310642
4.564e-005,0.0304144
4.5644e-005,0.0308112
4.5648e-005,0.0310394
4.5652e-005,0.0308459
4.5656e-005,0.0307616
4.566e-005,0.0303598
4.5664e-005,0.0303201
4.5668e-005,0.0307814
4.5672e-005,0.0306773
4.5676e-005,0.0298985
4.568e-005,0.03033
4.5684e-005,0.0303003
4.5688e-005,0.0292288
4.5692e-005,0.0302755
4.5696e-005,0.0303846
4.57e-005,0.0302705
4.5704e-005,0.0302953
4.5708e-005,0.0306922
4.5712e-005,0.0304144
4.5716e-005,0.030335
4.572e-005,0.0305384
4.5724e-005,0.0308112
4.5728e-005,0.0303052
4.5732e-005,0.0303896
4.5736e-005,0.0305384
4.574e-005,0.0305185
4.5744e-005,0.0310096
4.5748e-005,0.0307963
4.5752e-005,0.0309402
4.5756e-005,0.0308013
4.576e-005,0.0302804
4.5764e-005,0.0309948
4.5768e-005,0.0307318
4.5772e-005,0.030717
4.5776e-005,0.030707
4.578e-005,0.0301663
4.5784e-005,0.0305185
4.5788e-005,0.0297546
4.5792e-005,0.0303449
4.5796e-005,0.0299878
4.58e-005,0.0301663
4.5804e-005,0.0306525
4.5808e-005,0.0305136
4.5812e-005,0.0295165
4.5816e-005,0.0306475
4.582e-005,0.0302507
4.5824e-005,0.0306624
4.5828e-005,0.0301266
4.5832e-005,0.03034
4.5836e-005,0.0304193
4.584e-005,0.0305781
4.5844e-005,0.0296604
4.5848e-005,0.0302755
4.5852e-005,0.0301911
4.5856e-005,0.0299381
4.586e-005,0.0307914
4.5864e-005,0.0305136
4.5868e-005,0.0303648
4.5872e-005,0.0305086
4.5876e-005,0.0306674
4.588e-005,0.0301266
4.5884e-005,0.0304838
4.5888e-005,0.0306574
4.5892e-005,0.0304094
4.5896e-005,0.0302804
4.59e-005,0.030717
4.5904e-005,0.0305334
4.5908e-005,0.0307219
4.5912e-005,0.0303102
4.5916e-005,0.0302556
4.592e-005,0.0308707
4.5924e-005,0.0306674
4.5928e-005,0.030717
4.5932e-005,0.0304094
4.5936e-005,0.0303747
4.594e-005,0.029705
4.5944e-005,0.030583
4.5948e-005,0.0303201
4.5952e-005,0.0300324
4.5956e-005,0.0303449
4.596e-005,0.0312924
4.5964e-005,0.0306078
4.5968e-005,0.0304044
4.5972e-005,0.0313618
4.5976e-005,0.0301862
4.598e-005,0.0304044
4.5984e-005,0.0306971
4.5988e-005,0.0306922
4.5992e-005,0.0300969
4.5996e-005,0.0303747
4.6e-005,0.0302259
4.6004e-005,0.0306525
4.6008e-005,0.0310394
4.6012e-005,0.0304392
4.6016e-005,0.0303945
4.602e-005,0.0303052
4.6024e-005,0.0303945
4.6028e-005,0.0300919
4.6032e-005,0.0306029
4.6036e-005,0.0306574
4.604e-005,0.0306277
4.6044e-005,0.030583
4.6048e-005,0.0306128
4.6052e-005,0.0309154
4.6056e-005,0.0310543
4.606e-005,0.0302358
4.6064e-005,0.0307963
4.6068e-005,0.030335
4.6072e-005,0.0306822
4.6076e-005,0.0304193
4.608e-005,0.0308063
4.6084e-005,0.0302755
4.6088e-005,0.0307666
4.6092e-005,0.0304689
4.6096e-005,0.0304392
4.61e-005,0.0306822
4.6104e-005,0.0306674
4.6108e-005,0.0301217
4.6112e-005,0.0305185
4.6116e-005,0.0301663
4.612e-005,0.0298737
4.6124e-005,0.0296157
4.6128e-005,0.0288667
4.6132e-005,0.0283607
4.6136e-005,0.0288171
4.614e-005,0.0288766
4.6144e-005,0.0289609
4.6148e-005,0.025672
4.6152e-005,0.0205428
4.6156e-005,0.0192481
4.616e-005,0.0184196
4.6164e-005,0.0185734
4.6168e-005,0.0169712
4.6172e-005,0.0142726
4.6176e-005,0.00324023
4.618e-005,0.0011667
4.6184e-005,-0.000698482
4.6188e-005,-0.000971314
4.6192e-005,-6.84862e-005
4.6196e-005,-0.00034628
4.62e-005,-4.36833e-005
4.6204e-005,-6.84862e-005
4.6208e-005,-0.00109533
4.6212e-005,0.0034585
4.6216e-005,0.0160882
4.622e-005,0.0186826
4.6224e-005,0.0210438
4.6228e-005,0.0237771
4.6232e-005,0.0259647
4.6236e-005,0.0273934
4.624e-005,0.0285839
4.6244e-005,0.0304689
4.6248e-005,0.0312477
4.6252e-005,0.031461
4.6256e-005,0.0324631
4.626e-005,0.0339612
4.6264e-005,0.0339513
4.6268e-005,0.0356081
4.6272e-005,0.035876
4.6276e-005,0.0355139
4.628e-005,0.0361637
4.6284e-005,0.0364564
4.6288e-005,0.0364812
4.6292e-005,0.0367937
4.6296e-005,0.0371062
4.63e-005,0.0371509
4.6304e-005,0.0371757
4.6308e-005,0.0375229
4.6312e-005,0.0371757
4.6316e-005,0.0373939
4.632e-005,0.0381479
4.6324e-005,0.0379346
4.6328e-005,0.038515
4.6332e-005,0.0384257
4.6336e-005,0.0378156
4.634e-005,0.0384952
4.6344e-005,0.0373989
4.6348e-005,0.0372253
4.6352e-005,0.0378503
4.6356e-005,0.0376717
4.636e-005,0.0375576
4.6364e-005,0.0379644
4.6368e-005,0.0379892
4.6372e-005,0.0372153
4.6376e-005,0.037384
4.638e-005,0.0373096
4.6384e-005,0.0374386
4.6388e-005,0.0377957
4.6392e-005,0.037637
4.6396e-005,0.0374485
4.64e-005,0.0376717
4.6404e-005,0.0376916
4.6408e-005,0.037012
4.6412e-005,0.0376767
4.6416e-005,0.037637
4.642e-005,0.0374931
4.6424e-005,0.0381628
4.6428e-005,0.0375725
4.6432e-005,0.0380041
4.6436e-005,0.0378701
4.644e-005,0.0385249
4.6444e-005,0.0378106
4.6448e-005,0.0382223
4.6452e-005,0.0377808
4.6456e-005,0.0374683
4.646e-005,0.0379495
4.6464e-005,0.0377412
4.6468e-005,0.0377114
4.6472e-005,0.0378056
4.6476e-005,0.037885
4.648e-005,0.0371211
4.6484e-005,0.0379346
4.6488e-005,0.0376916
4.6492e-005,0.0373741
4.6496e-005,0.0372104
4.65e-005,0.0379148
4.6504e-005,0.0376916
4.6508e-005,0.0384853
4.6512e-005,0.0376519
4.6516e-005,0.0375527
4.652e-005,0.0381579
4.6524e-005,0.0382819
4.6528e-005,0.0379346
4.6532e-005,0.0373344
4.6536e-005,0.0381579
4.654e-005,0.038396
4.6544e-005,0.0379148
4.6548e-005,0.0382025
4.6552e-005,0.0373195
4.6556e-005,0.0375378
4.656e-005,0.0380041
4.6564e-005,0.0374286
4.6568e-005,0.0382819
4.6572e-005,0.0376122
4.6576e-005,0.037508
4.658e-005,0.0378354
4.6584e-005,0.0380289
4.6588e-005,0.0373344
4.6592e-005,0.0377858
4.6596e-005,0.0374782
4.66e-005,0.037508
4.6604e-005,0.0378949
4.6608e-005,0.0378949
4.6612e-005,0.0376221
4.6616e-005,0.0379247
4.662e-005,0.0377957
4.6624e-005,0.0372104
4.6628e-005,0.0377015
4.6632e-005,0.0378602
4.6636e-005,0.0376767
4.664e-005,0.0379297
4.6644e-005,0.0382769
4.6648e-005,0.0381182
4.6652e-005,0.0376469
4.6656e-005,0.0386341
4.666e-005,0.0384555
4.6664e-005,0.0377709
4.6668e-005,0.0382323
4.6672e-005,0.038019
4.6676e-005,0.0377114
4.668e-005,0.0378503
4.6684e-005,0.0377164
4.6688e-005,0.0385795
4.6692e-005,0.0379892
4.6696e-005,0.0377213
4.67e-005,0.0385249
4.6704e-005,0.0379545
4.6708e-005,0.0374038
4.6712e-005,0.0379148
4.6716e-005,0.0384406
4.672e-005,0.0376668
4.6724e-005,0.0375923
4.6728e-005,0.0378801
4.6732e-005,0.0376816
4.6736e-005,0.0375576
4.674e-005,0.0376072
4.6744e-005,0.0381082
4.6748e-005,0.0382323
4.6752e-005,0.0380537
4.6756e-005,0.0378056
4.676e-005,0.038515
4.6764e-005,0.0380041
4.6768e-005,0.0376469
4.6772e-005,0.0378354
4.6776e-005,0.0384158
4.678e-005,0.0376221
4.6784e-005,0.0379049
4.6788e-005,0.038133
4.6792e-005,0.0380289
4.6796e-005,0.0380438
4.68e-005,0.0388176
4.6804e-005,0.0384406
4.6808e-005,0.0379842
4.6812e-005,0.0386738
4.6816e-005,0.0376668
4.682e-005,0.0381876
4.6824e-005,0.0389416
4.6828e-005,0.0376767
4.6832e-005,0.0383414
4.6836e-005,0.0382075
4.684e-005,0.0380983
4.6844e-005,0.0382422
4.6848e-005,0.0388424
4.6852e-005,0.0375179
4.6856e-005,0.0377312
4.686e-005,0.0381281
4.6864e-005,0.0376618
4.6868e-005,0.0378949
4.6872e-005,0.0384654
4.6876e-005,0.038019
4.688e-005,0.0383017
4.6884e-005,0.0374931
4.6888e-005,0.0373642
4.6892e-005,0.0360248
4.6896e-005,0.034492
4.69e-005,0.0332072
4.6904e-005,0.0324929
4.6908e-005,0.0329691
4.6912e-005,0.0322498
4.6916e-005,0.0285839
4.692e-005,0.0214357
4.6924e-005,0.0197888
4.6928e-005,0.0184544
4.6932e-005,0.0189008
4.6936e-005,0.0185238
4.694e-005,0.0145057
4.6944e-005,0.00389503
4.6948e-005,0.000725209
4.6952e-005,0.000229149
4.6956e-005,9.52134e-005
4.696e-005,-0.000217304
4.6964e-005,-2.88015e-005
4.6968e-005,0.000268834
4.6972e-005,-0.000733206
4.6976e-005,-0.00104076
4.698e-005,0.00291283
4.6984e-005,0.0162072
4.6988e-005,0.0196548
4.6992e-005,0.0224427
4.6996e-005,0.0259101
4.7e-005,0.0289163
4.7004e-005,0.0301862
4.7008e-005,0.0322696
4.7012e-005,0.0331576
4.7016e-005,0.0349434
4.702e-005,0.0364316
4.7024e-005,0.0371657
4.7028e-005,0.0381479
4.7032e-005,0.0388424
4.7036e-005,0.0398395
4.704e-005,0.03978
4.7044e-005,0.0397651
4.7048e-005,0.0411243
4.7052e-005,0.0418882
4.7056e-005,0.0418436
4.706e-005,0.0423644
4.7064e-005,0.0435203
4.7068e-005,0.0426174
4.7072e-005,0.043421
4.7076e-005,0.0435947
4.708e-005,0.0425877
4.7084e-005,0.0435153
4.7088e-005,0.0437633
4.7092e-005,0.043297
4.7096e-005,0.0436244
4.71e-005,0.0441304
4.7104e-005,0.0437881
4.7108e-005,0.0438873
4.7112e-005,0.0443239
4.7116e-005,0.0437137
4.712e-005,0.0439915
4.7124e-005,0.0439965
4.7128e-005,0.0441701
4.7132e-005,0.0444677
4.7136e-005,0.0442792
4.714e-005,0.043431
4.7144e-005,0.0443685
4.7148e-005,0.0444578
4.7152e-005,0.0435004
4.7156e-005,0.0441254
4.716e-005,0.0445074
4.7164e-005,0.0440362
4.7168e-005,0.0440213
4.7172e-005,0.044438
4.7176e-005,0.0438774
4.718e-005,0.0444132
4.7184e-005,0.0442544
4.7188e-005,0.0438675
4.7192e-005,0.0448646
4.7196e-005,0.0442147
4.72e-005,0.0440163
4.7204e-005,0.0448447
4.7208e-005,0.045068
4.7212e-005,0.0443288
4.7216e-005,0.0444578
4.722e-005,0.0441701
4.7224e-005,0.0442197
4.7228e-005,0.0449787
4.7232e-005,0.0435599
4.7236e-005,0.0447604
4.724e-005,0.0435054
4.7244e-005,0.0441651
4.7248e-005,0.0440114
4.7252e-005,0.0449787
4.7256e-005,0.0440213
4.726e-005,0.0441155
4.7264e-005,0.0444677
4.7268e-005,0.0436443
4.7272e-005,0.04418
4.7276e-005,0.0447009
4.728e-005,0.0442743
4.7284e-005,0.0444677
4.7288e-005,0.0447058
4.7292e-005,0.044681
4.7296e-005,0.0441751
4.73e-005,0.0448596
4.7304e-005,0.0443735
4.7308e-005,0.0438625
4.7312e-005,0.0444727
4.7316e-005,0.0447257
4.732e-005,0.044557
4.7324e-005,0.0440758
4.7328e-005,0.0449191
4.7332e-005,0.044438
4.7336e-005,0.0444925
4.734e-005,0.0448596
4.7344e-005,0.0437088
4.7348e-005,0.043927
4.7352e-005,0.043808
4.7356e-005,0.0437435
4.736e-005,0.0442098
4.7364e-005,0.044051
4.7368e-005,0.0435004
4.7372e-005,0.0434756
4.7376e-005,0.0438675
4.738e-005,0.0436641
4.7384e-005,0.0445917
4.7388e-005,0.0444727
4.7392e-005,0.0441552
4.7396e-005,0.0441602
4.74e-005,0.0444925
4.7404e-005,0.0438427
4.7408e-005,0.044309
4.7412e-005,0.0448298
4.7416e-005,0.0443983
4.742e-005,0.0448497
4.7424e-005,0.0448497
4.7428e-005,0.0438576
4.7432e-005,0.0445421
4.7436e-005,0.0444628
4.744e-005,0.044061
4.7444e-005,0.0447554
4.7448e-005,0.0444628
4.7452e-005,0.0435103
4.7456e-005,0.0446711
4.746e-005,0.0450977
4.7464e-005,0.0442693
4.7468e-005,0.0444925
4.7472e-005,0.0449935
4.7476e-005,0.0446364
4.748e-005,0.0445372
4.7484e-005,0.0449489
4.7488e-005,0.0441602
4.7492e-005,0.0449291
4.7496e-005,0.044805
4.75e-005,0.0441453
4.7504e-005,0.0449092
4.7508e-005,0.0442544
4.7512e-005,0.0438129
4.7516e-005,0.0444876
4.752e-005,0.0436244
4.7524e-005,0.0442693
4.7528e-005,0.0445273
4.7532e-005,0.0442643
4.7536e-005,0.0444231
4.754e-005,0.0440957
4.7544e-005,0.0442395
4.7548e-005,0.0437137
4.7552e-005,0.0438725
4.7556e-005,0.044304
4.756e-005,0.0440858
4.7564e-005,0.044681
4.7568e-005,0.0443487
4.7572e-005,0.0436443
4.7576e-005,0.04418
4.758e-005,0.0442445
4.7584e-005,0.0437782
4.7588e-005,0.0438576
4.7592e-005,0.0436095
4.7596e-005,0.0434508
4.76e-005,0.0438377
4.7604e-005,0.0445124
4.7608e-005,0.0439369
4.7612e-005,0.0448596
4.7616e-005,0.0447654
4.762e-005,0.044051
4.7624e-005,0.0439518
4.7628e-005,0.0442693
4.7632e-005,0.0439617
4.7636e-005,0.0442048
4.764e-005,0.0443884
4.7644e-005,0.0433714
4.7648e-005,0.0445719
4.7652e-005,0.0441205
4.7656e-005,0.0440114
4.766e-005,0.0409606
4.7664e-005,0.0382174
4.7668e-005,0.036005
4.7672e-005,0.0359305
4.7676e-005,0.0348392
4.768e-005,0.0337677
4.7684e-005,0.0292486
4.7688e-005,0.0215597
4.7692e-005,0.0199773
4.7696e-005,0.0187718
4.77e-005,0.0187768
4.7704e-005,0.018633
4.7708e-005,0.0141734
4.7712e-005,0.00356267
4.7716e-005,0.00073513
4.772e-005,-0.000281792
4.7724e-005,-0.000926669
4.7728e-005,-0.000455413
4.7732e-005,-0.000554624
4.7736e-005,-0.000207383
4.774e-005,-0.00108541
4.7744e-005,-0.000758009
4.7748e-005,0.00260527
4.7752e-005,0.0155524
4.7756e-005,0.0203295
4.776e-005,0.0237374
4.7764e-005,0.0276265
4.7768e-005,0.0307219
4.7772e-005,0.0324978
4.7776e-005,0.0347698
4.778e-005,0.0367342
4.7784e-005,0.03852
4.7788e-005,0.0390756
4.7792e-005,0.041164
4.7796e-005,0.0418981
4.78e-005,0.042042
4.7804e-005,0.0432474
4.7808e-005,0.0436939
4.7812e-005,0.0443139
4.7816e-005,0.0456831
4.782e-005,0.0462188
4.7824e-005,0.0456235
4.7828e-005,0.0461841
4.7832e-005,0.0470224
4.7836e-005,0.0473449
4.784e-005,0.047707
4.7844e-005,0.0482874
4.7848e-005,0.0482477
4.7852e-005,0.0483767
4.7856e-005,0.0489372
4.786e-005,0.0486049
4.7864e-005,0.0491406
4.7868e-005,0.0488628
4.7872e-005,0.0488827
4.7876e-005,0.0492547
4.788e-005,0.0494333
4.7884e-005,0.0493093
4.7888e-005,0.0491654
4.7892e-005,0.0493539
4.7896e-005,0.0494085
4.79e-005,0.0494432
4.7904e-005,0.0498698
4.7908e-005,0.049086
4.7912e-005,0.0496515
4.7916e-005,0.0496218
4.792e-005,0.0496565
4.7924e-005,0.0497954
4.7928e-005,0.0493986
4.7932e-005,0.0498053
4.7936e-005,0.0497805
4.794e-005,0.0504155
4.7944e-005,0.049716
4.7948e-005,0.0506089
4.7952e-005,0.0504155
4.7956e-005,0.0501625
4.796e-005,0.0506883
4.7964e-005,0.0499938
4.7968e-005,0.0498698
4.7972e-005,0.0505494
4.7976e-005,0.0508669
4.798e-005,0.0500633
4.7984e-005,0.0502071
4.7988e-005,0.0502815
4.7992e-005,0.0498549
4.7996e-005,0.0497557
4.8e-005,0.0501377
4.8004e-005,0.0500335
4.8008e-005,0.0498897
4.8012e-005,0.0506585
4.8016e-005,0.0496466
4.802e-005,0.0501923
4.8024e-005,0.0503262
4.8028e-005,0.0502766
4.8032e-005,0.0505593
4.8036e-005,0.0500534
4.804e-005,0.0497359
4.8044e-005,0.0498549
4.8048e-005,0.0495127
4.8052e-005,0.0502468
4.8056e-005,0.0498748
4.806e-005,0.0498748
4.8064e-005,0.0494283
4.8068e-005,0.0501575
4.8072e-005,0.0501724
4.8076e-005,0.0494382
4.808e-005,0.0498252
4.8084e-005,0.0498946
4.8088e-005,0.0499194
4.8092e-005,0.0503808
4.8096e-005,0.0505246
4.81e-005,0.0497111
4.8104e-005,0.0503113
4.8108e-005,0.0508222
4.8112e-005,0.0498698
4.8116e-005,0.0501575
4.812e-005,0.0501426
4.8124e-005,0.0498897
4.8128e-005,0.0505197
4.8132e-005,0.0503907
4.8136e-005,0.0501377
4.814e-005,0.0506486
4.8144e-005,0.0499938
4.8148e-005,0.0500831
4.8152e-005,0.0512042
4.8156e-005,0.0505693
4.816e-005,0.0504849
4.8164e-005,0.0506139
4.8168e-005,0.0508421
4.8172e-005,0.0502716
4.8176e-005,0.0507776
4.818e-005,0.0506834
4.8184e-005,0.0501923
4.8188e-005,0.0506238
4.8192e-005,0.0501575
4.8196e-005,0.0506089
4.82e-005,0.05048
4.8204e-005,0.0512241
4.8208e-005,0.0490662
4.8212e-005,0.0501079
4.8216e-005,0.0502766
4.822e-005,0.0496069
4.8224e-005,0.050351
4.8228e-005,0.0502071
4.8232e-005,0.0505345
4.8236e-005,0.0506337
4.824e-005,0.050475
4.8244e-005,0.0503014
4.8248e-005,0.0505693
4.8252e-005,0.0500286
4.8256e-005,0.050103
4.826e-005,0.0505742
4.8264e-005,0.0502567
4.8268e-005,0.0497656
4.8272e-005,0.050723
4.8276e-005,0.0508768
4.828e-005,0.0504502
4.8284e-005,0.0499442
4.8288e-005,0.0507627
4.8292e-005,0.0498946
4.8296e-005,0.0503659
4.83e-005,0.0508222
4.8304e-005,0.050475
4.8308e-005,0.0503808
4.8312e-005,0.0507627
4.8316e-005,0.0501724
4.832e-005,0.0506883
4.8324e-005,0.050475
4.8328e-005,0.0506734
4.8332e-005,0.0501625
4.8336e-005,0.0509314
4.834e-005,0.0502766
4.8344e-005,0.0506883
4.8348e-005,0.04984
4.8352e-005,0.0507478
4.8356e-005,0.0504155
4.836e-005,0.0503063
4.8364e-005,0.0493241
4.8368e-005,0.0509165
4.8372e-005,0.0511844
4.8376e-005,0.0500732
4.838e-005,0.050723
4.8384e-005,0.0503212
4.8388e-005,0.0501377
4.8392e-005,0.050222
4.8396e-005,0.0507776
4.84e-005,0.0506486
4.8404e-005,0.0503659
4.8408e-005,0.050604
4.8412e-005,0.0505841
4.8416e-005,0.0511248
4.842e-005,0.0504651
4.8424e-005,0.0496069
4.8428e-005,0.0461047
4.8432e-005,0.0415261
4.8436e-005,0.0380586
4.844e-005,0.0369524
4.8444e-005,0.0360645
4.8448e-005,0.0346358
4.8452e-005,0.0301515
4.8456e-005,0.0225617
4.846e-005,0.0202749
4.8464e-005,0.0191141
4.8468e-005,0.0185833
4.8472e-005,0.0182212
4.8476e-005,0.0148927
4.848e-005,0.00357259
4.8484e-005,0.00107741
4.8488e-005,-0.000167698
4.8492e-005,-0.000331398
4.8496e-005,-0.000544703
4.85e-005,0.000457337
4.8504e-005,0.000497021
4.8508e-005,-0.000559585
4.8512e-005,-0.000886984
4.8516e-005,0.00310133
4.852e-005,0.0153689
4.8524e-005,0.0185288
4.8528e-005,0.0204088
4.8532e-005,0.0222542
4.8536e-005,0.0241541
4.854e-005,0.0249428
4.8544e-005,0.025305
4.8548e-005,0.026932
4.8552e-005,0.0283458
4.8556e-005,0.0274033
4.856e-005,0.0291891
4.8564e-005,0.028946
4.8568e-005,0.0294074
4.8572e-005,0.0297298
4.8576e-005,0.0307418
4.858e-005,0.0295016
4.8584e-005,0.0303796
4.8588e-005,0.0308162
4.8592e-005,0.0305086
4.8596e-005,0.0302159
4.86e-005,0.0308955
4.8604e-005,0.0313519
4.8608e-005,0.0305086
4.8612e-005,0.0311783
4.8616e-005,0.031084
4.862e-005,0.0316198
4.8624e-005,0.0313569
4.8628e-005,0.0308211
4.8632e-005,0.0315007
4.8636e-005,0.0312081
4.864e-005,0.0306177
4.8644e-005,0.0304789
4.8648e-005,0.0316396
4.8652e-005,0.0305582
4.8656e-005,0.0308559
4.866e-005,0.0307914
4.8664e-005,0.0299282
4.8668e-005,0.0309203
4.8672e-005,0.0304789
4.8676e-005,0.0308559
4.868e-005,0.0309501
4.8684e-005,0.0306674
4.8688e-005,0.0304044
4.8692e-005,0.0307814
4.8696e-005,0.0309997
4.87e-005,0.0310989
4.8704e-005,0.0310096
4.8708e-005,0.0312725
4.8712e-005,0.0304392
4.8716e-005,0.0305582
4.872e-005,0.0309203
4.8724e-005,0.03097
4.8728e-005,0.0309799
4.8732e-005,0.0310344
4.8736e-005,0.0304441
4.874e-005,0.0301812
4.8744e-005,0.0301812
4.8748e-005,0.0303052
4.8752e-005,0.0304094
4.8756e-005,0.0301118
4.876e-005,0.030206
4.8764e-005,0.0307467
4.8768e-005,0.0306773
4.8772e-005,0.0304987
4.8776e-005,0.0302953
4.878e-005,0.0307467
4.8784e-005,0.0307368
4.8788e-005,0.0303548
4.8792e-005,0.0301515
4.8796e-005,0.0305037
4.88e-005,0.0306822
4.8804e-005,0.0298439
4.8808e-005,0.0302358
4.8812e-005,0.0300671
4.8816e-005,0.0307021
4.882e-005,0.0300175
4.8824e-005,0.0299481
4.8828e-005,0.0301862
4.8832e-005,0.0302705
4.8836e-005,0.0303152
4.884e-005,0.0310394
4.8844e-005,0.0304689
4.8848e-005,0.0299927
4.8852e-005,0.0306674
4.8856e-005,0.0301862
4.886e-005,0.0302259
4.8864e-005,0.0304144
4.8868e-005,0.0304094
4.8872e-005,0.0302804
4.8876e-005,0.030707
4.888e-005,0.0301663
4.8884e-005,0.0305781
4.8888e-005,0.0303003
4.8892e-005,0.0306872
4.8896e-005,0.0308807
4.89e-005,0.0305185
4.8904e-005,0.0303102
4.8908e-005,0.0308906
4.8912e-005,0.0312676
4.8916e-005,0.0303648
4.892e-005,0.0299679
4.8924e-005,0.0306128
4.8928e-005,0.0300423
4.8932e-005,0.0298637
4.8936e-005,0.0305929
4.894e-005,0.0303846
4.8944e-005,0.0307814
4.8948e-005,0.0300225
4.8952e-005,0.0301217
4.8956e-005,0.0300324
4.896e-005,0.0304243
4.8964e-005,0.0301763
4.8968e-005,0.0300026
4.8972e-005,0.0298538
4.8976e-005,0.029953
4.898e-005,0.0303449
4.8984e-005,0.0302358
4.8988e-005,0.0292734
4.8992e-005,0.0298092
4.8996e-005,0.0301961
4.9e-005,0.0304689
4.9004e-005,0.0300225
4.9008e-005,0.0301167
4.9012e-005,0.0300225
4.9016e-005,0.0303201
4.902e-005,0.0303896
4.9024e-005,0.0301961
4.9028e-005,0.0300969
4.9032e-005,0.0303598
4.9036e-005,0.0298191
4.904e-005,0.0305681
4.9044e-005,0.0296207
4.9048e-005,0.029829
4.9052e-005,0.0304044
4.9056e-005,0.0305235
4.906e-005,0.0295264
4.9064e-005,0.030335
4.9068e-005,0.0303201
4.9072e-005,0.0297943
4.9076e-005,0.0304441
4.908e-005,0.029834
4.9084e-005,0.0300026
4.9088e-005,0.0304441
4.9092e-005,0.0304292
4.9096e-005,0.0297943
4.91e-005,0.029953
4.9104e-005,0.029953
4.9108e-005,0.0300919
4.9112e-005,0.0301713
4.9116e-005,0.0304243
4.912e-005,0.0307219
4.9124e-005,0.0303598
4.9128e-005,0.0303846
4.9132e-005,0.0297943
4.9136e-005,0.0299977
4.914e-005,0.0300572
4.9144e-005,0.0299233
4.9148e-005,0.0299034
4.9152e-005,0.0308807
4.9156e-005,0.030087
4.916e-005,0.030717
4.9164e-005,0.0303499
4.9168e-005,0.0298836
4.9172e-005,0.0300324
4.9176e-005,0.0298588
4.918e-005,0.0304094
4.9184e-005,0.0308658
4.9188e-005,0.0302159
4.9192e-005,0.0302606
4.9196e-005,0.0297943
4.92e-005,0.0289857
4.9204e-005,0.0292933
4.9208e-005,0.0289063
4.9212e-005,0.0291693
4.9216e-005,0.0290552
4.922e-005,0.0256075
4.9224e-005,0.0208553
4.9228e-005,0.0197441
4.9232e-005,0.0192034
4.9236e-005,0.0194266
4.924e-005,0.0185387
4.9244e-005,0.0149026
4.9248e-005,0.00352298
4.9252e-005,0.0011419
4.9256e-005,-0.00059927
4.926e-005,-0.000395885
4.9264e-005,-0.000713363
4.9268e-005,-0.00035124
4.9272e-005,-0.000118092
4.9276e-005,-0.000286752
4.928e-005,-0.00117966
4.9284e-005,0.00335432
4.9288e-005,0.0160782
4.9292e-005,0.0195011
4.9296e-005,0.0217978
4.93e-005,0.0244716
4.9304e-005,0.0262871
4.9308e-005,0.0270957
4.9312e-005,0.0288468
4.9316e-005,0.0298737
4.932e-005,0.0314859
4.9324e-005,0.0320117
4.9328e-005,0.0330832
4.9332e-005,0.0344225
4.9336e-005,0.0344225
4.934e-005,0.0352162
4.9344e-005,0.0359157
4.9348e-005,0.0364068
4.9352e-005,0.0365457
4.9356e-005,0.0375775
4.936e-005,0.0373195
4.9364e-005,0.0379793
4.9368e-005,0.0382223
4.9372e-005,0.0377064
4.9376e-005,0.038391
4.938e-005,0.0380438
4.9384e-005,0.0378801
4.9388e-005,0.0383464
4.9392e-005,0.0382124
4.9396e-005,0.037766
4.94e-005,0.0382025
4.9404e-005,0.0383563
4.9408e-005,0.0382075
4.9412e-005,0.0386291
4.9416e-005,0.0384555
4.942e-005,0.0379892
4.9424e-005,0.0382819
4.9428e-005,0.0381628
4.9432e-005,0.0384307
4.9436e-005,0.0388176
4.944e-005,0.0389912
4.9444e-005,0.0383811
4.9448e-005,0.0388325
4.9452e-005,0.0384009
4.9456e-005,0.0381678
4.946e-005,0.0385993
4.9464e-005,0.0386043
4.9468e-005,0.038515
4.9472e-005,0.0386093
4.9476e-005,0.038133
4.948e-005,0.0381926
4.9484e-005,0.0388623
4.9488e-005,0.03852
4.9492e-005,0.0378701
4.9496e-005,0.0382422
4.95e-005,0.0384108
4.9504e-005,0.037766
4.9508e-005,0.0378255
4.9512e-005,0.0377858
4.9516e-005,0.0380934
4.952e-005,0.0380438
4.9524e-005,0.0381926
4.9528e-005,0.0378453
4.9532e-005,0.0378701
4.9536e-005,0.0385448
4.954e-005,0.0374435
4.9544e-005,0.0375824
4.9548e-005,0.0379693
4.9552e-005,0.0378801
4.9556e-005,0.0373741
4.956e-005,0.038143
4.9564e-005,0.0377064
4.9568e-005,0.0380438
4.9572e-005,0.0380686
4.9576e-005,0.0381777
4.958e-005,0.0376568
4.9584e-005,0.0384108
4.9588e-005,0.0376866
4.9592e-005,0.0375725
4.9596e-005,0.0379644
4.96e-005,0.0378106
4.9604e-005,0.0377759
4.9608e-005,0.0382124
4.9612e-005,0.0369772
4.9616e-005,0.0380289
4.962e-005,0.0382075
4.9624e-005,0.0379098
4.9628e-005,0.03789
4.9632e-005,0.0377858
4.9636e-005,0.0374683
4.964e-005,0.0374237
4.9644e-005,0.0380884
4.9648e-005,0.0376271
4.9652e-005,0.0377759
4.9656e-005,0.0382422
4.966e-005,0.0374733
4.9664e-005,0.0378503
4.9668e-005,0.0377362
4.9672e-005,0.0373493
4.9676e-005,0.0382075
4.968e-005,0.0372203
4.9684e-005,0.0374386
4.9688e-005,0.0374336
4.9692e-005,0.0376023
4.9696e-005,0.0378801
4.97e-005,0.0374138
4.9704e-005,0.0379297
4.9708e-005,0.0380338
4.9712e-005,0.0380834
4.9716e-005,0.0378156
4.972e-005,0.0374386
4.9724e-005,0.0379743
4.9728e-005,0.0380041
4.9732e-005,0.0374485
4.9736e-005,0.0373394
4.974e-005,0.0381975
4.9744e-005,0.0375675
4.9748e-005,0.0382819
4.9752e-005,0.0377908
4.9756e-005,0.0372203
4.976e-005,0.0376717
4.9764e-005,0.0378751
4.9768e-005,0.037766
4.9772e-005,0.0372897
4.9776e-005,0.0383116
4.978e-005,0.0374832
4.9784e-005,0.0374782
4.9788e-005,0.0379297
4.9792e-005,0.0372649
4.9796e-005,0.0378305
4.98e-005,0.0382075
4.9804e-005,0.0376271
4.9808e-005,0.0383712
4.9812e-005,0.0382273
4.9816e-005,0.0373542
4.982e-005,0.0380983
4.9824e-005,0.0375973
4.9828e-005,0.0380636
4.9832e-005,0.0384803
4.9836e-005,0.0384059
4.984e-005,0.0371409
4.9844e-005,0.0376965
4.9848e-005,0.0376965
4.9852e-005,0.0373046
4.9856e-005,0.0379594
4.986e-005,0.038009
4.9864e-005,0.0380289
4.9868e-005,0.0379396
4.9872e-005,0.0383364
4.9876e-005,0.0376618
4.988e-005,0.0373542
4.9884e-005,0.0379148
4.9888e-005,0.0376122
4.9892e-005,0.0380537
4.9896e-005,0.038143
4.99e-005,0.0378652
4.9904e-005,0.0382124
4.9908e-005,0.0378503
4.9912e-005,0.0378056
4.9916e-005,0.0374237
4.992e-005,0.0381231
4.9924e-005,0.0376271
4.9928e-005,0.0380586
4.9932e-005,0.0378999
4.9936e-005,0.0377064
4.994e-005,0.0377114
4.9944e-005,0.0376668
4.9948e-005,0.0377858
4.9952e-005,0.0391152
4.9956e-005,0.0375923
4.996e-005,0.037136
4.9964e-005,0.0364415
4.9968e-005,0.0341795
4.9972e-005,0.0329492
4.9976e-005,0.0323341
4.998e-005,0.0328847
4.9984e-005,0.0321605
4.9988e-005,0.0281821
4.9992e-005,0.0219913
4.9996e-005,0.0202699
5e-005,0.0186379
5.0004e-005,0.0193324
5.0008e-005,0.0186478
5.0012e-005,0.0144611
5.0016e-005,0.00308645
5.002e-005,0.0011171
5.0024e-005,-0.00100108
5.0028e-005,-0.000425649
5.0032e-005,-0.000212343
5.0036e-005,-0.000177619
5.004e-005,2.08044e-005
5.0044e-005,-0.000629033
5.0048e-005,-0.000594309
5.0052e-005,0.00268464
5.0056e-005,0.0155276
5.006e-005,0.0193473
5.0064e-005,0.0224278
5.0068e-005,0.0257663
5.0072e-005,0.0285839
5.0076e-005,0.029834
5.008e-005,0.0323837
5.0084e-005,0.0340257
5.0088e-005,0.0351765
5.0092e-005,0.0360744
5.0096e-005,0.037508
5.01e-005,0.0384406
5.0104e-005,0.0386241
5.0108e-005,0.0396808
5.0112e-005,0.0398494
5.0116e-005,0.0402711
5.012e-005,0.0413128
5.0124e-005,0.0420618
5.0128e-005,0.0421412
5.0132e-005,0.0422801
5.0136e-005,0.0427216
5.014e-005,0.0418535
5.0144e-005,0.0431184
5.0148e-005,0.0433913
5.0152e-005,0.0430143
5.0156e-005,0.0432821
5.016e-005,0.0441403
5.0164e-005,0.0437683
5.0168e-005,0.0441106
5.0172e-005,0.0436443
5.0176e-005,0.0437435
5.018e-005,0.0440362
5.0184e-005,0.0439419
5.0188e-005,0.0437286
5.0192e-005,0.0444231
5.0196e-005,0.0444231
5.02e-005,0.0435401
5.0204e-005,0.0441304
5.0208e-005,0.0439419
5.0212e-005,0.0440213
5.0216e-005,0.0445322
5.022e-005,0.0446959
5.0224e-005,0.0439568
5.0228e-005,0.0442792
5.0232e-005,0.04481
5.0236e-005,0.0435897
5.024e-005,0.0441006
5.0244e-005,0.0441205
5.0248e-005,0.0443834
5.0252e-005,0.0441899
5.0256e-005,0.0443189
5.026e-005,0.0450332
5.0264e-005,0.0445669
5.0268e-005,0.0445868
5.0272e-005,0.0445818
5.0276e-005,0.0442197
5.028e-005,0.0449687
5.0284e-005,0.044438
5.0288e-005,0.0448298
5.0292e-005,0.0452713
5.0296e-005,0.0440213
5.03e-005,0.0443735
5.0304e-005,0.0447902
5.0308e-005,0.0440709
5.0312e-005,0.0444578
5.0316e-005,0.0447753
5.032e-005,0.0444578
5.0324e-005,0.044304
5.0328e-005,0.0447654
5.0332e-005,0.0444082
5.0336e-005,0.0450977
5.034e-005,0.0443189
5.0344e-005,0.0443586
5.0348e-005,0.0446612
5.0352e-005,0.0450134
5.0356e-005,0.0435897
5.036e-005,0.0444826
5.0364e-005,0.0442247
5.0368e-005,0.04418
5.0372e-005,0.0450134
5.0376e-005,0.0450283
5.038e-005,0.044815
5.0384e-005,0.044691
5.0388e-005,0.0448398
5.0392e-005,0.0447058
5.0396e-005,0.0444925
5.04e-005,0.0444578
5.0404e-005,0.0442594
5.0408e-005,0.0447158
5.0412e-005,0.0447009
5.0416e-005,0.0441254
5.042e-005,0.0454499
5.0424e-005,0.0452515
5.0428e-005,0.0446463
5.0432e-005,0.0450729
5.0436e-005,0.045063
5.044e-005,0.0448447
5.0444e-005,0.0446265
5.0448e-005,0.0445521
5.0452e-005,0.0442296
5.0456e-005,0.0448795
5.046e-005,0.0452267
5.0464e-005,0.0443288
5.0468e-005,0.0452813
5.0472e-005,0.0446711
5.0476e-005,0.0446364
5.048e-005,0.0448894
5.0484e-005,0.0449787
5.0488e-005,0.0446612
5.0492e-005,0.044805
5.0496e-005,0.0442991
5.05e-005,0.0442693
5.0504e-005,0.0442991
5.0508e-005,0.0447257
5.0512e-005,0.0445868
5.0516e-005,0.0446612
5.052e-005,0.0450332
5.0524e-005,0.043426
5.0528e-005,0.0443239
5.0532e-005,0.0452267
5.0536e-005,0.0436691
5.054e-005,0.0449985
5.0544e-005,0.0445471
5.0548e-005,0.0439617
5.0552e-005,0.0444429
5.0556e-005,0.0448943
5.056e-005,0.044691
5.0564e-005,0.0449291
5.0568e-005,0.0448894
5.0572e-005,0.0446265
5.0576e-005,0.0446364
5.058e-005,0.0442147
5.0584e-005,0.0446215
5.0588e-005,0.0440758
5.0592e-005,0.0446562
5.0596e-005,0.0443338
5.06e-005,0.0445818
5.0604e-005,0.0445669
5.0608e-005,0.0442891
5.0612e-005,0.0447406
5.0616e-005,0.0446116
5.062e-005,0.0443388
5.0624e-005,0.0446017
5.0628e-005,0.044309
5.0632e-005,0.0442544
5.0636e-005,0.0446413
5.064e-005,0.0443536
5.0644e-005,0.0439568
5.0648e-005,0.0447108
5.0652e-005,0.044686
5.0656e-005,0.0442544
5.066e-005,0.0450779
5.0664e-005,0.0445124
5.0668e-005,0.0444429
5.0672e-005,0.0445124
5.0676e-005,0.0451275
5.068e-005,0.043421
5.0684e-005,0.044691
5.0688e-005,0.0451523
5.0692e-005,0.0448993
5.0696e-005,0.0446662
5.07e-005,0.0445322
5.0704e-005,0.0445025
5.0708e-005,0.0448199
5.0712e-005,0.0446165
5.0716e-005,0.0437435
5.072e-005,0.0455888
5.0724e-005,0.0442842
5.0728e-005,0.0434409
5.0732e-005,0.0414021
5.0736e-005,0.0395617
5.074e-005,0.0367689
5.0744e-005,0.0355238
5.0748e-005,0.035112
5.0752e-005,0.0346011
5.0756e-005,0.0299431
5.076e-005,0.0220706
5.0764e-005,0.0196548
5.0768e-005,0.0193274
5.0772e-005,0.0197838
5.0776e-005,0.0184494
5.078e-005,0.0154879
5.0784e-005,0.00347834
5.0788e-005,0.00147426
5.0792e-005,-0.000549664
5.0796e-005,0.00040277
5.08e-005,-0.000197462
5.0804e-005,-0.000624073
5.0808e-005,-3.37621e-005
5.0812e-005,-2.88015e-005
5.0816e-005,-0.00105068
5.082e-005,0.00310629
5.0824e-005,0.0159493
5.0828e-005,0.0203146
5.0832e-005,0.0243327
5.0836e-005,0.0277704
5.084e-005,0.0306525
5.0844e-005,0.0331923
5.0848e-005,0.0350773
5.0852e-005,0.0373344
5.0856e-005,0.0388771
5.086e-005,0.039646
5.0864e-005,0.0410499
5.0868e-005,0.0428109
5.0872e-005,0.0428407
5.0876e-005,0.0439667
5.088e-005,0.0447257
5.0884e-005,0.0448249
5.0888e-005,0.0454846
5.0892e-005,0.0462932
5.0896e-005,0.0466454
5.09e-005,0.0476227
5.0904e-005,0.0479997
5.0908e-005,0.0473697
5.0912e-005,0.0482477
5.0916e-005,0.0481038
5.092e-005,0.0476028
5.0924e-005,0.048967
5.0928e-005,0.0492001
5.0932e-005,0.0486594
5.0936e-005,0.0493886
5.094e-005,0.0489571
5.0944e-005,0.0482973
5.0948e-005,0.0495325
5.0952e-005,0.0493936
5.0956e-005,0.0494085
5.096e-005,0.0496416
5.0964e-005,0.0496664
5.0968e-005,0.0496119
5.0972e-005,0.0497111
5.0976e-005,0.0500881
5.098e-005,0.0496367
5.0984e-005,0.0502865
5.0988e-005,0.0500385
5.0992e-005,0.0495226
5.0996e-005,0.0495623
5.1e-005,0.0503212
5.1004e-005,0.0497855
5.1008e-005,0.0502171
5.1012e-005,0.0505097
5.1016e-005,0.0496416
5.102e-005,0.0502766
5.1024e-005,0.0497012
5.1028e-005,0.0499641
5.1032e-005,0.0506089
5.1036e-005,0.0499591
5.104e-005,0.0498946
5.1044e-005,0.0501228
5.1048e-005,0.0498549
5.1052e-005,0.0503659
5.1056e-005,0.0498301
5.106e-005,0.0505345
5.1064e-005,0.0496019
5.1068e-005,0.0501228
5.1072e-005,0.0500186
5.1076e-005,0.0496515
5.108e-005,0.0504304
5.1084e-005,0.0505494
5.1088e-005,0.0501228
5.1092e-005,0.0498649
5.1096e-005,0.0502716
5.11e-005,0.0502815
5.1104e-005,0.0499293
5.1108e-005,0.0502121
5.1112e-005,0.0506536
5.1116e-005,0.0505593
5.112e-005,0.0499789
5.1124e-005,0.0497756
5.1128e-005,0.0498549
5.1132e-005,0.0496317
5.1136e-005,0.0492448
5.114e-005,0.0501873
5.1144e-005,0.0500534
5.1148e-005,0.0496962
5.1152e-005,0.0496565
5.1156e-005,0.0495821
5.116e-005,0.0495771
5.1164e-005,0.0498599
5.1168e-005,0.0503014
5.1172e-005,0.0499244
5.1176e-005,0.0496565
5.118e-005,0.0496763
5.1184e-005,0.0496466
5.1188e-005,0.0505097
5.1192e-005,0.0503758
5.1196e-005,0.0498053
5.12e-005,0.0501327
5.1204e-005,0.0499393
5.1208e-005,0.049969
5.1212e-005,0.0502518
5.1216e-005,0.0500335
5.122e-005,0.0498996
5.1224e-005,0.0499244
5.1228e-005,0.0502915
5.1232e-005,0.049974
5.1236e-005,0.0498004
5.124e-005,0.0505246
5.1244e-005,0.0498797
5.1248e-005,0.0505792
5.1252e-005,0.0501377
5.1256e-005,0.0501476
5.126e-005,0.0504304
