Time,Ampl
4.126e-005,0.014094
4.1264e-005,0.0147984
4.1268e-005,0.0144859
4.1272e-005,0.0145454
4.1276e-005,0.014347
4.128e-005,0.014719
4.1284e-005,0.0145702
4.1288e-005,0.0140791
4.1292e-005,0.0145801
4.1296e-005,0.0149968
4.13e-005,0.0153044
4.1304e-005,0.0148133
4.1308e-005,0.0144512
4.1312e-005,0.0145653
4.1316e-005,0.0145901
4.132e-005,0.0146595
4.1324e-005,0.0144164
4.1328e-005,0.014595
4.1332e-005,0.0147786
4.1336e-005,0.0144661
4.134e-005,0.0147141
4.1344e-005,0.0144611
4.1348e-005,0.0152548
4.1352e-005,0.0150018
4.1356e-005,0.015101
4.136e-005,0.0150167
4.1364e-005,0.0138757
4.1368e-005,0.0147091
4.1372e-005,0.0146546
4.1376e-005,0.0149026
4.138e-005,0.0154234
4.1384e-005,0.0146546
4.1388e-005,0.0151357
4.1392e-005,0.0142577
4.1396e-005,0.014729
4.14e-005,0.0149472
4.1404e-005,0.0141585
4.1408e-005,0.014982
4.1412e-005,0.0143768
4.1416e-005,0.0142279
4.142e-005,0.0147389
4.1424e-005,0.015349
4.1428e-005,0.0144164
4.1432e-005,0.0147835
4.1436e-005,0.0147339
4.144e-005,0.0151605
4.1444e-005,0.0147438
4.1448e-005,0.0149671
4.1452e-005,0.0151109
4.1456e-005,0.0152994
4.146e-005,0.0146843
4.1464e-005,0.0147885
4.1468e-005,0.0150365
4.1472e-005,0.0144016
4.1476e-005,0.0156616
4.148e-005,0.0154979
4.1484e-005,0.0150464
4.1488e-005,0.0147935
4.1492e-005,0.0154979
4.1496e-005,0.0151605
4.15e-005,0.0141238
4.1504e-005,0.0145653
4.1508e-005,0.0149075
4.1512e-005,0.0145305
4.1516e-005,0.0150117
4.152e-005,0.0152945
4.1524e-005,0.0146397
4.1528e-005,0.0151804
4.1532e-005,0.0153143
4.1536e-005,0.0155524
4.154e-005,0.0146149
4.1544e-005,0.0151556
4.1548e-005,0.0149919
4.1552e-005,0.0154086
4.1556e-005,0.0151705
4.156e-005,0.0149075
4.1564e-005,0.015106
4.1568e-005,0.0147885
4.1572e-005,0.0148034
4.1576e-005,0.0148282
4.158e-005,0.0148877
4.1584e-005,0.0148679
4.1588e-005,0.014342
4.1592e-005,0.0146595
4.1596e-005,0.0148728
4.16e-005,0.0149869
4.1604e-005,0.014724
4.1608e-005,0.0149621
4.1612e-005,0.0149919
4.1616e-005,0.0144661
4.162e-005,0.0150018
4.1624e-005,0.0150216
4.1628e-005,0.0145901
4.1632e-005,0.0148827
4.1636e-005,0.0146893
4.164e-005,0.0136376
4.1644e-005,0.0149175
4.1648e-005,0.0149572
4.1652e-005,0.0146099
4.1656e-005,0.0147141
4.166e-005,0.0142776
4.1664e-005,0.013846
4.1668e-005,0.0140345
4.1672e-005,0.0144462
4.1676e-005,0.0146645
4.168e-005,0.0142428
4.1684e-005,0.0144809
4.1688e-005,0.0151605
4.1692e-005,0.014094
4.1696e-005,0.0139005
4.17e-005,0.014853
4.1704e-005,0.0149423
4.1708e-005,0.0145405
4.1712e-005,0.013965
4.1716e-005,0.0140841
4.172e-005,0.0150266
4.1724e-005,0.0141734
4.1728e-005,0.0148381
4.1732e-005,0.0147835
4.1736e-005,0.0148282
4.174e-005,0.0149919
4.1744e-005,0.0142627
4.1748e-005,0.014724
4.1752e-005,0.0145305
4.1756e-005,0.0137418
4.176e-005,0.0146694
4.1764e-005,0.0143817
4.1768e-005,0.0141039
4.1772e-005,0.0147587
4.1776e-005,0.0143123
4.178e-005,0.0143668
4.1784e-005,0.0136476
4.1788e-005,0.014094
4.1792e-005,0.0145305
4.1796e-005,0.014471
4.18e-005,0.0143321
4.1804e-005,0.0146149
4.1808e-005,0.0148381
4.1812e-005,0.0140791
4.1816e-005,0.0142825
4.182e-005,0.0146694
4.1824e-005,0.015478
4.1828e-005,0.0145553
4.1832e-005,0.0141337
4.1836e-005,0.0158302
4.184e-005,0.0163362
4.1844e-005,0.0168719
4.1848e-005,0.0169811
4.1852e-005,0.0173779
4.1856e-005,0.0177103
4.186e-005,0.0177599
4.1864e-005,0.0188859
4.1868e-005,0.0186578
4.1872e-005,0.0184693
4.1876e-005,0.0185883
4.188e-005,0.0183899
4.1884e-005,0.0124521
4.1888e-005,0.00255567
4.1892e-005,0.0013304
4.1896e-005,-0.000118092
4.19e-005,-0.000390925
4.1904e-005,-0.000162738
4.1908e-005,-4.36833e-005
4.1912e-005,-0.0005199
4.1916e-005,0.000521824
4.192e-005,-0.00059927
4.1924e-005,0.00547746
4.1928e-005,0.016361
4.1932e-005,0.0174424
4.1936e-005,0.0180823
4.194e-005,0.0191588
4.1944e-005,0.0191836
4.1948e-005,0.0188016
4.1952e-005,0.0199674
4.1956e-005,0.019883
4.196e-005,0.0192977
4.1964e-005,0.0194018
4.1968e-005,0.0205081
4.1972e-005,0.0189504
4.1976e-005,0.0200814
4.198e-005,0.0209347
4.1984e-005,0.0202104
4.1988e-005,0.0202203
4.1992e-005,0.0198334
4.1996e-005,0.0199128
4.2e-005,0.0202402
4.2004e-005,0.01964
4.2008e-005,0.0206916
4.2012e-005,0.0194911
4.2016e-005,0.0205229
4.202e-005,0.0206618
4.2024e-005,0.020136
4.2028e-005,0.0202948
4.2032e-005,0.0207214
4.2036e-005,0.0203096
4.204e-005,0.0207759
4.2044e-005,0.0205329
4.2048e-005,0.0202303
4.2052e-005,0.0203543
4.2056e-005,0.020761
4.206e-005,0.0203146
4.2064e-005,0.0206668
4.2068e-005,0.0201955
4.2072e-005,0.0200814
4.2076e-005,0.0201509
4.208e-005,0.0196499
4.2084e-005,0.02026
4.2088e-005,0.0204733
4.2092e-005,0.0206767
4.2096e-005,0.0197441
4.21e-005,0.0203344
4.2104e-005,0.0198037
4.2108e-005,0.0189504
4.2112e-005,0.0201062
4.2116e-005,0.0197441
4.212e-005,0.0200368
4.2124e-005,0.0198185
4.2128e-005,0.0199922
4.2132e-005,0.0200517
4.2136e-005,0.0193522
4.214e-005,0.0194862
4.2144e-005,0.0198929
4.2148e-005,0.0197292
4.2152e-005,0.0196846
4.2156e-005,0.0197987
4.216e-005,0.0204188
4.2164e-005,0.0200616
4.2168e-005,0.0198632
4.2172e-005,0.0207362
4.2176e-005,0.0196598
4.218e-005,0.0197144
4.2184e-005,0.0198285
4.2188e-005,0.01964
4.2192e-005,0.0194763
4.2196e-005,0.0200021
4.22e-005,0.01963
4.2204e-005,0.0200765
4.2208e-005,0.0198185
4.2212e-005,0.0193225
4.2216e-005,0.0194217
4.222e-005,0.0201162
4.2224e-005,0.0198086
4.2228e-005,0.020637
4.2232e-005,0.0200715
4.2236e-005,0.020394
4.224e-005,0.0196499
4.2244e-005,0.0207511
4.2248e-005,0.0198136
4.2252e-005,0.0198136
4.2256e-005,0.0204932
4.226e-005,0.0202749
4.2264e-005,0.0198681
4.2268e-005,0.0194366
4.2272e-005,0.0196003
4.2276e-005,0.0195259
4.228e-005,0.0196648
4.2284e-005,0.0204138
4.2288e-005,0.01964
4.2292e-005,0.0201757
4.2296e-005,0.0199872
4.23e-005,0.0199078
4.2304e-005,0.0196102
4.2308e-005,0.0199773
4.2312e-005,0.0196548
4.2316e-005,0.0197144
4.232e-005,0.0199277
4.2324e-005,0.0196102
4.2328e-005,0.0198384
4.2332e-005,0.0201559
4.2336e-005,0.0204684
4.234e-005,0.0201757
4.2344e-005,0.0196003
4.2348e-005,0.0199525
4.2352e-005,0.0204436
4.2356e-005,0.0204535
4.236e-005,0.0202402
4.2364e-005,0.0209347
4.2368e-005,0.0202253
4.2372e-005,0.0205825
4.2376e-005,0.0204833
4.238e-005,0.0202203
4.2384e-005,0.019883
4.2388e-005,0.02026
4.2392e-005,0.0201211
4.2396e-005,0.0194564
4.24e-005,0.0204485
4.2404e-005,0.0202005
4.2408e-005,0.0202154
4.2412e-005,0.0202253
4.2416e-005,0.0201658
4.242e-005,0.0196102
4.2424e-005,0.0202402
4.2428e-005,0.0203741
4.2432e-005,0.0201062
4.2436e-005,0.0202997
4.244e-005,0.0199971
4.2444e-005,0.0200814
4.2448e-005,0.0198037
4.2452e-005,0.0201211
4.2456e-005,0.0195655
4.246e-005,0.0202749
4.2464e-005,0.0194911
4.2468e-005,0.0198334
4.2472e-005,0.0196796
4.2476e-005,0.0196648
4.248e-005,0.0202699
4.2484e-005,0.0199376
4.2488e-005,0.0201608
4.2492e-005,0.0198334
4.2496e-005,0.0200517
4.25e-005,0.0203096
4.2504e-005,0.0198929
4.2508e-005,0.0206817
4.2512e-005,0.0196995
4.2516e-005,0.0198235
4.252e-005,0.020136
4.2524e-005,0.0195209
4.2528e-005,0.0200517
4.2532e-005,0.0203295
4.2536e-005,0.0197342
4.254e-005,0.0196846
4.2544e-005,0.019635
4.2548e-005,0.0200318
4.2552e-005,0.0199177
4.2556e-005,0.0199128
4.256e-005,0.0197342
4.2564e-005,0.0202203
4.2568e-005,0.0202451
4.2572e-005,0.0201013
4.2576e-005,0.0200914
4.258e-005,0.0199624
4.2584e-005,0.0206618
4.2588e-005,0.0195705
4.2592e-005,0.0204485
4.2596e-005,0.0198334
4.26e-005,0.0197838
4.2604e-005,0.0203493
4.2608e-005,0.0211033
4.2612e-005,0.0208305
4.2616e-005,0.0216639
4.262e-005,0.0216986
4.2624e-005,0.0219218
4.2628e-005,0.020384
4.2632e-005,0.0194812
4.2636e-005,0.0188314
4.264e-005,0.0186925
4.2644e-005,0.0183948
4.2648e-005,0.0184841
4.2652e-005,0.0117179
4.2656e-005,0.0026152
4.266e-005,0.00108733
4.2664e-005,0.000144819
4.2668e-005,8.52922e-005
4.2672e-005,-9.32892e-005
4.2676e-005,7.04104e-005
4.268e-005,-0.000743127
4.2684e-005,0.000204346
4.2688e-005,-0.00104076
4.2692e-005,0.00537329
4.2696e-005,0.0159145
4.27e-005,0.018633
4.2704e-005,0.019387
4.2708e-005,0.0209595
4.2712e-005,0.0225369
4.2716e-005,0.0233753
4.272e-005,0.0236729
4.2724e-005,0.025171
4.2728e-005,0.0252107
4.2732e-005,0.0258804
4.2736e-005,0.026307
4.274e-005,0.026684
4.2744e-005,0.0268576
4.2748e-005,0.0278597
4.2752e-005,0.0272743
4.2756e-005,0.0277902
4.276e-005,0.0284996
4.2764e-005,0.0277704
4.2768e-005,0.0283756
4.2772e-005,0.02782
4.2776e-005,0.0275422
4.278e-005,0.0278349
4.2784e-005,0.0287724
4.2788e-005,0.0276067
4.2792e-005,0.0281871
4.2796e-005,0.0281871
4.28e-005,0.0286285
4.2804e-005,0.0283458
4.2808e-005,0.027686
4.2812e-005,0.0283508
4.2816e-005,0.0278249
4.282e-005,0.0282119
4.2824e-005,0.0280085
4.2828e-005,0.0283805
4.2832e-005,0.0283855
4.2836e-005,0.0274082
4.284e-005,0.0280085
4.2844e-005,0.0279093
4.2848e-005,0.0280333
4.2852e-005,0.0280134
4.2856e-005,0.028197
4.286e-005,0.0278497
4.2864e-005,0.0275372
4.2868e-005,0.0268824
4.2872e-005,0.0275273
4.2876e-005,0.0271999
4.288e-005,0.0276513
4.2884e-005,0.0280432
4.2888e-005,0.027562
4.2892e-005,0.0282615
4.2896e-005,0.0278845
4.29e-005,0.0280482
4.2904e-005,0.0279837
4.2908e-005,0.0282615
4.2912e-005,0.0282863
4.2916e-005,0.0276712
4.292e-005,0.0280382
4.2924e-005,0.0276513
4.2928e-005,0.0286037
4.2932e-005,0.0277406
4.2936e-005,0.0276811
4.294e-005,0.0275273
4.2944e-005,0.028326
4.2948e-005,0.0272594
4.2952e-005,0.0283508
4.2956e-005,0.0278993
4.296e-005,0.0277803
4.2964e-005,0.0278597
4.2968e-005,0.0276364
4.2972e-005,0.0278299
4.2976e-005,0.027939
4.298e-005,0.0281623
4.2984e-005,0.028321
4.2988e-005,0.0277852
4.2992e-005,0.0278745
4.2996e-005,0.0274132
4.3e-005,0.0282813
4.3004e-005,0.0274578
4.3008e-005,0.0278349
4.3012e-005,0.0275521
4.3016e-005,0.0275372
4.302e-005,0.0278299
4.3024e-005,0.0277852
4.3028e-005,0.027696
4.3032e-005,0.0280482
4.3036e-005,0.0275918
4.304e-005,0.0278001
4.3044e-005,0.0278745
4.3048e-005,0.0282069
4.3052e-005,0.0275174
4.3056e-005,0.0273983
4.306e-005,0.0274182
4.3064e-005,0.0275521
4.3068e-005,0.0270957
4.3072e-005,0.0273934
4.3076e-005,0.0277257
4.308e-005,0.0277555
4.3084e-005,0.0276464
4.3088e-005,0.0280978
4.3092e-005,0.0278448
4.3096e-005,0.0276811
4.31e-005,0.0272247
4.3104e-005,0.0275124
4.3108e-005,0.0278448
4.3112e-005,0.0277158
4.3116e-005,0.0283111
4.312e-005,0.0282367
4.3124e-005,0.0281722
4.3128e-005,0.0278646
4.3132e-005,0.0278944
4.3136e-005,0.0276563
4.314e-005,0.0279341
4.3144e-005,0.0277555
4.3148e-005,0.0277257
4.3152e-005,0.0277307
4.3156e-005,0.0285293
4.316e-005,0.0283805
4.3164e-005,0.028326
4.3168e-005,0.0283012
4.3172e-005,0.0283756
4.3176e-005,0.0280829
4.318e-005,0.0278597
4.3184e-005,0.0282069
4.3188e-005,0.0276315
4.3192e-005,0.0282813
4.3196e-005,0.0274132
4.32e-005,0.027815
4.3204e-005,0.0278646
4.3208e-005,0.0278745
4.3212e-005,0.028316
4.3216e-005,0.0282218
4.322e-005,0.0278349
4.3224e-005,0.0280581
4.3228e-005,0.0280928
4.3232e-005,0.0282962
4.3236e-005,0.027696
4.324e-005,0.0277852
4.3244e-005,0.0279489
4.3248e-005,0.0277852
4.3252e-005,0.0279241
4.3256e-005,0.0280581
4.326e-005,0.0279192
4.3264e-005,0.0280432
4.3268e-005,0.0280035
4.3272e-005,0.0279886
4.3276e-005,0.0277753
4.328e-005,0.0280283
4.3284e-005,0.0278101
4.3288e-005,0.0278448
4.3292e-005,0.0278894
4.3296e-005,0.0281474
4.33e-005,0.0285889
4.3304e-005,0.0279241
4.3308e-005,0.0279241
4.3312e-005,0.0284152
4.3316e-005,0.0278101
4.332e-005,0.0269469
4.3324e-005,0.0277059
4.3328e-005,0.0281226
4.3332e-005,0.0274678
4.3336e-005,0.0275422
4.334e-005,0.0272346
4.3344e-005,0.0274529
4.3348e-005,0.028068
4.3352e-005,0.027696
4.3356e-005,0.0271701
4.336e-005,0.0283706
4.3364e-005,0.0267237
4.3368e-005,0.0274926
4.3372e-005,0.0273438
4.3376e-005,0.0270709
4.338e-005,0.0275719
4.3384e-005,0.0277902
4.3388e-005,0.0275124
4.3392e-005,0.0269965
4.3396e-005,0.0237126
4.34e-005,0.0201509
4.3404e-005,0.0194118
4.3408e-005,0.0185536
4.3412e-005,0.0188711
4.3416e-005,0.018122
4.342e-005,0.0129035
4.3424e-005,0.00257551
4.3428e-005,0.000938514
4.3432e-005,-0.000539743
4.3436e-005,-0.000882024
4.344e-005,0.000382928
4.3444e-005,-0.00043061
4.3448e-005,-0.00035124
4.3452e-005,-0.000465334
4.3456e-005,-0.000415728
4.346e-005,0.00485242
4.3464e-005,0.016733
4.3468e-005,0.0190199
4.3472e-005,0.0212025
4.3476e-005,0.0235439
4.348e-005,0.0254339
4.3484e-005,0.0271056
4.3488e-005,0.0280085
4.3492e-005,0.0300274
4.3496e-005,0.0299282
4.35e-005,0.0317736
4.3504e-005,0.0324482
4.3508e-005,0.0329343
4.3512e-005,0.0332667
4.3516e-005,0.0337181
4.352e-005,0.0341199
4.3524e-005,0.0348789
4.3528e-005,0.0351468
4.3532e-005,0.0354394
4.3536e-005,0.0351021
4.354e-005,0.0360645
4.3544e-005,0.0350972
4.3548e-005,0.0354246
4.3552e-005,0.035876
4.3556e-005,0.0363125
4.356e-005,0.0359008
4.3564e-005,0.0362431
4.3568e-005,0.0360744
4.3572e-005,0.0359008
4.3576e-005,0.0363621
4.358e-005,0.0358512
4.3584e-005,0.0355684
4.3588e-005,0.0365209
4.3592e-005,0.0363869
4.3596e-005,0.0368235
4.36e-005,0.0362877
4.3604e-005,0.0364117
4.3608e-005,0.0365556
4.3612e-005,0.0367441
4.3616e-005,0.0365357
4.362e-005,0.0363324
4.3624e-005,0.0365556
4.3628e-005,0.0363671
4.3632e-005,0.0363324
4.3636e-005,0.0364861
4.364e-005,0.0359107
4.3644e-005,0.0362579
4.3648e-005,0.036377
4.3652e-005,0.0360843
4.3656e-005,0.0354692
4.366e-005,0.0361042
4.3664e-005,0.0360099
4.3668e-005,0.0362778
4.3672e-005,0.0361488
4.3676e-005,0.0361786
4.368e-005,0.0362183
4.3684e-005,0.0357668
4.3688e-005,0.035871
4.3692e-005,0.0356924
4.3696e-005,0.0359305
4.37e-005,0.0356776
4.3704e-005,0.0356081
4.3708e-005,0.036372
4.3712e-005,0.0364018
4.3716e-005,0.0366052
4.372e-005,0.0364365
4.3724e-005,0.0363919
4.3728e-005,0.0359355
4.3732e-005,0.0365457
4.3736e-005,0.0361091
4.374e-005,0.0354692
4.3744e-005,0.0358313
4.3748e-005,0.0355932
4.3752e-005,0.0354791
4.3756e-005,0.0358958
4.376e-005,0.0354246
4.3764e-005,0.0354246
4.3768e-005,0.0360198
4.3772e-005,0.0355486
4.3776e-005,0.0357123
4.378e-005,0.0358165
4.3784e-005,0.0356428
4.3788e-005,0.0354692
4.3792e-005,0.0358313
4.3796e-005,0.0358909
4.38e-005,0.0359702
4.3804e-005,0.0358413
4.3808e-005,0.0357024
4.3812e-005,0.0361438
4.3816e-005,0.036506
4.382e-005,0.0359355
4.3824e-005,0.0359206
4.3828e-005,0.036506
4.3832e-005,0.0359355
4.3836e-005,0.0363075
4.384e-005,0.035995
4.3844e-005,0.0362579
4.3848e-005,0.0358561
4.3852e-005,0.0358512
4.3856e-005,0.0356776
4.386e-005,0.0356776
4.3864e-005,0.0362331
4.3868e-005,0.0358264
4.3872e-005,0.035742
4.3876e-005,0.0363026
4.388e-005,0.0363373
4.3884e-005,0.0362629
4.3888e-005,0.0361984
4.3892e-005,0.0356875
4.3896e-005,0.0359553
4.39e-005,0.0362629
4.3904e-005,0.0358115
4.3908e-005,0.0363125
4.3912e-005,0.0361736
4.3916e-005,0.035995
4.392e-005,0.0356577
4.3924e-005,0.0359256
4.3928e-005,0.0359653
4.3932e-005,0.0353303
4.3936e-005,0.0360248
4.394e-005,0.0355734
4.3944e-005,0.035623
4.3948e-005,0.0360744
4.3952e-005,0.035499
4.3956e-005,0.0358264
4.396e-005,0.035871
4.3964e-005,0.035871
4.3968e-005,0.0355585
4.3972e-005,0.0361488
4.3976e-005,0.0351765
4.398e-005,0.0359305
4.3984e-005,0.0357123
4.3988e-005,0.0355238
4.3992e-005,0.0356577
4.3996e-005,0.0356875
4.4e-005,0.0355883
4.4004e-005,0.0357966
4.4008e-005,0.0354593
4.4012e-005,0.035742
4.4016e-005,0.0358313
4.402e-005,0.0361885
4.4024e-005,0.0356279
4.4028e-005,0.0362431
4.4032e-005,0.0357123
4.4036e-005,0.035112
4.404e-005,0.0357371
4.4044e-005,0.0357619
4.4048e-005,0.0360843
4.4052e-005,0.0361736
4.4056e-005,0.0359405
4.406e-005,0.0359802
4.4064e-005,0.0355585
4.4068e-005,0.0361637
4.4072e-005,0.0360893
4.4076e-005,0.0359454
4.408e-005,0.0359553
4.4084e-005,0.0354593
4.4088e-005,0.0361687
4.4092e-005,0.0363621
4.4096e-005,0.035876
4.41e-005,0.0362976
4.4104e-005,0.0358611
4.4108e-005,0.0358462
4.4112e-005,0.0362381
4.4116e-005,0.0366598
4.412e-005,0.0355585
4.4124e-005,0.0357123
4.4128e-005,0.0365804
4.4132e-005,0.0357024
4.4136e-005,0.0357073
4.414e-005,0.0347698
4.4144e-005,0.0335544
4.4148e-005,0.0328798
4.4152e-005,0.0319472
4.4156e-005,0.0316049
4.416e-005,0.031461
4.4164e-005,0.0265451
4.4168e-005,0.0212918
4.4172e-005,0.019888
4.4176e-005,0.0192977
4.418e-005,0.0195556
4.4184e-005,0.0191439
4.4188e-005,0.0127993
4.4192e-005,0.00295748
4.4196e-005,0.00152386
4.42e-005,-0.000485176
4.4204e-005,-0.000941551
4.4208e-005,-0.000271871
4.4212e-005,-5.85651e-005
4.4216e-005,-3.87227e-005
4.422e-005,9.62069e-007
4.4224e-005,-0.00100108
4.4228e-005,0.00602808
4.4232e-005,0.016366
4.4236e-005,0.0174424
4.424e-005,0.0173482
4.4244e-005,0.0172341
4.4248e-005,0.0171001
4.4252e-005,0.0167926
4.4256e-005,0.0152647
4.426e-005,0.015607
4.4264e-005,0.0153342
4.4268e-005,0.0142875
4.4272e-005,0.0146893
4.4276e-005,0.0139849
4.428e-005,0.0140394
4.4284e-005,0.014595
4.4288e-005,0.0148183
4.4292e-005,0.0142329
4.4296e-005,0.0137269
4.43e-005,0.0147935
4.4304e-005,0.0146198
4.4308e-005,0.0148728
4.4312e-005,0.0143073
4.4316e-005,0.0139948
4.432e-005,0.0138609
4.4324e-005,0.0143817
4.4328e-005,0.0140444
4.4332e-005,0.0146149
4.4336e-005,0.0150762
4.434e-005,0.0145008
4.4344e-005,0.0139353
4.4348e-005,0.0147538
4.4352e-005,0.0147786
4.4356e-005,0.0139055
4.436e-005,0.0146744
4.4364e-005,0.0136972
4.4368e-005,0.0138212
4.4372e-005,0.0143073
4.4376e-005,0.0152201
4.438e-005,0.014218
4.4384e-005,0.0140791
4.4388e-005,0.0143817
4.4392e-005,0.014218
4.4396e-005,0.0143768
4.44e-005,0.0142924
4.4404e-005,0.0138212
4.4408e-005,0.0141883
4.4412e-005,0.0146248
4.4416e-005,0.0147885
4.442e-005,0.0143272
4.4424e-005,0.0152151
4.4428e-005,0.0143371
4.4432e-005,0.0146496
4.4436e-005,0.0148877
4.444e-005,0.0141783
4.4444e-005,0.0150514
4.4448e-005,0.0142875
4.4452e-005,0.0144413
4.4456e-005,0.0145504
4.446e-005,0.0145107
4.4464e-005,0.0146546
4.4468e-005,0.0152498
4.4472e-005,0.0143073
4.4476e-005,0.0146099
4.448e-005,0.0142527
4.4484e-005,0.0145603
4.4488e-005,0.0145851
4.4492e-005,0.0151457
4.4496e-005,0.0151953
4.45e-005,0.0146149
4.4504e-005,0.0152449
4.4508e-005,0.0145305
4.4512e-005,0.0143222
4.4516e-005,0.0147736
4.452e-005,0.0148083
4.4524e-005,0.0138956
4.4528e-005,0.0145057
4.4532e-005,0.0142825
4.4536e-005,0.0143172
4.454e-005,0.0149323
4.4544e-005,0.0151258
4.4548e-005,0.0148877
4.4552e-005,0.0143321
4.4556e-005,0.0154284
4.456e-005,0.0144065
4.4564e-005,0.0141039
4.4568e-005,0.0146
4.4572e-005,0.014977
4.4576e-005,0.0145057
4.458e-005,0.0134392
4.4584e-005,0.0149423
4.4588e-005,0.0149423
4.4592e-005,0.0147736
4.4596e-005,0.0149968
4.46e-005,0.0143272
4.4604e-005,0.014719
4.4608e-005,0.0144115
4.4612e-005,0.0144264
4.4616e-005,0.0142825
4.462e-005,0.0147984
4.4624e-005,0.0148133
4.4628e-005,0.0153986
4.4632e-005,0.0145206
4.4636e-005,0.0139799
4.464e-005,0.0147935
4.4644e-005,0.0149423
4.4648e-005,0.0143321
4.4652e-005,0.0145305
4.4656e-005,0.014719
4.466e-005,0.0141535
4.4664e-005,0.0146248
4.4668e-005,0.0146843
4.4672e-005,0.014719
4.4676e-005,0.0147091
4.468e-005,0.0146992
4.4684e-005,0.0155326
4.4688e-005,0.0149472
4.4692e-005,0.0146546
4.4696e-005,0.0143619
4.47e-005,0.0156516
4.4704e-005,0.0146397
4.4708e-005,0.0145801
4.4712e-005,0.0150266
4.4716e-005,0.015354
4.472e-005,0.0148927
4.4724e-005,0.0152647
4.4728e-005,0.0149323
4.4732e-005,0.0150663
4.4736e-005,0.0146744
4.474e-005,0.0153937
4.4744e-005,0.0149175
4.4748e-005,0.0146248
4.4752e-005,0.0154532
4.4756e-005,0.0154681
4.476e-005,0.0146843
4.4764e-005,0.0145553
4.4768e-005,0.0156169
4.4772e-005,0.01523
4.4776e-005,0.0146149
4.478e-005,0.0152647
4.4784e-005,0.0148679
4.4788e-005,0.0148034
4.4792e-005,0.0151407
4.4796e-005,0.0146546
4.48e-005,0.0144958
4.4804e-005,0.0153044
4.4808e-005,0.0149026
4.4812e-005,0.0149125
4.4816e-005,0.0147687
4.482e-005,0.015106
4.4824e-005,0.0153094
4.4828e-005,0.0158798
4.4832e-005,0.0147141
4.4836e-005,0.0149224
4.484e-005,0.0150613
4.4844e-005,0.0143619
4.4848e-005,0.0145702
4.4852e-005,0.0146843
4.4856e-005,0.0153242
4.486e-005,0.014853
4.4864e-005,0.014352
4.4868e-005,0.0146744
4.4872e-005,0.0144016
4.4876e-005,0.0148282
4.488e-005,0.0145553
4.4884e-005,0.0147587
4.4888e-005,0.0146397
4.4892e-005,0.0145256
4.4896e-005,0.0143321
4.49e-005,0.0147587
4.4904e-005,0.0135136
4.4908e-005,0.0152498
4.4912e-005,0.0168719
4.4916e-005,0.0167926
4.492e-005,0.0171845
4.4924e-005,0.016991
4.4928e-005,0.0170307
4.4932e-005,0.017373
4.4936e-005,0.0184891
4.494e-005,0.0195556
4.4944e-005,0.0190149
4.4948e-005,0.018623
4.4952e-005,0.0180228
4.4956e-005,0.0118816
4.496e-005,0.00193559
4.4964e-005,0.00166276
4.4968e-005,-0.000177619
4.4972e-005,-0.000147856
4.4976e-005,-0.000366122
4.498e-005,6.04892e-005
4.4984e-005,0.000120016
4.4988e-005,-0.000276831
4.4992e-005,-0.000743127
4.4996e-005,0.00485738
4.5e-005,0.0157608
4.5004e-005,0.0170108
4.5008e-005,0.0183502
4.5012e-005,0.0194366
4.5016e-005,0.0198433
4.502e-005,0.0191687
4.5024e-005,0.0197739
4.5028e-005,0.0200864
4.5032e-005,0.0203295
4.5036e-005,0.0204634
4.504e-005,0.0210587
4.5044e-005,0.0199674
4.5048e-005,0.0205973
4.5052e-005,0.0207015
4.5056e-005,0.0212968
4.506e-005,0.0209694
4.5064e-005,0.0211033
4.5068e-005,0.0206916
4.5072e-005,0.0207362
4.5076e-005,0.0208553
4.508e-005,0.0206668
4.5084e-005,0.0202253
4.5088e-005,0.0209892
4.5092e-005,0.020642
4.5096e-005,0.0201559
4.51e-005,0.0206668
4.5104e-005,0.020513
4.5108e-005,0.0202997
4.5112e-005,0.0206222
4.5116e-005,0.0205825
4.512e-005,0.0202848
4.5124e-005,0.0204833
4.5128e-005,0.0212075
4.5132e-005,0.0204485
4.5136e-005,0.0206519
4.514e-005,0.0202898
4.5144e-005,0.0203493
4.5148e-005,0.0209793
4.5152e-005,0.0200219
4.5156e-005,0.020136
4.516e-005,0.0208007
4.5164e-005,0.0203791
4.5168e-005,0.0209049
4.5172e-005,0.0208404
4.5176e-005,0.0204833
4.518e-005,0.0199376
4.5184e-005,0.0210438
4.5188e-005,0.0201757
4.5192e-005,0.0201757
4.5196e-005,0.0206618
4.52e-005,0.0201955
4.5204e-005,0.0204386
4.5208e-005,0.0206817
4.5212e-005,0.0201013
4.5216e-005,0.0202848
4.522e-005,0.0207263
4.5224e-005,0.0202005
4.5228e-005,0.0206222
4.5232e-005,0.0208702
4.5236e-005,0.0206073
4.524e-005,0.0207462
4.5244e-005,0.020637
4.5248e-005,0.0206519
4.5252e-005,0.0203543
4.5256e-005,0.0204485
4.526e-005,0.020771
4.5264e-005,0.0204535
4.5268e-005,0.0209496
4.5272e-005,0.0206073
4.5276e-005,0.020136
4.528e-005,0.0205874
4.5284e-005,0.0207859
4.5288e-005,0.0204188
4.5292e-005,0.0204386
4.5296e-005,0.0206519
4.53e-005,0.0202699
4.5304e-005,0.0198334
4.5308e-005,0.0206718
4.5312e-005,0.0208652
4.5316e-005,0.020766
4.532e-005,0.0208007
4.5324e-005,0.0208404
4.5328e-005,0.0213266
4.5332e-005,0.0211579
4.5336e-005,0.0205973
4.534e-005,0.0205626
4.5344e-005,0.0202898
4.5348e-005,0.0202303
4.5352e-005,0.0203989
4.5356e-005,0.0203642
4.536e-005,0.0203096
4.5364e-005,0.0207114
4.5368e-005,0.0202551
4.5372e-005,0.0197044
4.5376e-005,0.0208107
4.538e-005,0.0201013
4.5384e-005,0.0202501
4.5388e-005,0.0208057
4.5392e-005,0.0203096
4.5396e-005,0.0199376
4.54e-005,0.0207809
4.5404e-005,0.0203989
4.5408e-005,0.0205775
4.5412e-005,0.0208603
4.5416e-005,0.0204634
4.542e-005,0.0196846
4.5424e-005,0.0202948
4.5428e-005,0.0203394
4.5432e-005,0.0205725
4.5436e-005,0.0205725
4.544e-005,0.0212075
4.5444e-005,0.0206569
4.5448e-005,0.0204039
4.5452e-005,0.0203146
4.5456e-005,0.0203543
4.546e-005,0.0207114
4.5464e-005,0.0205081
4.5468e-005,0.0204882
4.5472e-005,0.0205229
4.5476e-005,0.020389
4.548e-005,0.0207313
4.5484e-005,0.0211827
4.5488e-005,0.0204783
4.5492e-005,0.020389
4.5496e-005,0.0204783
4.55e-005,0.0206519
4.5504e-005,0.0207759
4.5508e-005,0.0207214
4.5512e-005,0.0208206
4.5516e-005,0.0208156
4.552e-005,0.0206866
4.5524e-005,0.0203196
4.5528e-005,0.0205527
4.5532e-005,0.0205477
4.5536e-005,0.0205329
4.554e-005,0.0206519
4.5544e-005,0.0206618
4.5548e-005,0.0202253
4.5552e-005,0.0205378
4.5556e-005,0.020637
4.556e-005,0.0203444
4.5564e-005,0.0205874
4.5568e-005,0.0204932
4.5572e-005,0.0203295
4.5576e-005,0.0204485
4.558e-005,0.0205676
4.5584e-005,0.0202848
4.5588e-005,0.0204485
4.5592e-005,0.0206817
4.5596e-005,0.0204833
4.56e-005,0.0209247
4.5604e-005,0.0209396
4.5608e-005,0.0201608
4.5612e-005,0.020394
4.5616e-005,0.0205725
4.562e-005,0.0204684
4.5624e-005,0.0204287
4.5628e-005,0.0206817
4.5632e-005,0.0205973
4.5636e-005,0.02026
4.564e-005,0.0204833
4.5644e-005,0.020141
4.5648e-005,0.0208404
4.5652e-005,0.0207263
4.5656e-005,0.0201707
4.566e-005,0.0211182
4.5664e-005,0.0214357
4.5668e-005,0.0204485
4.5672e-005,0.019883
4.5676e-005,0.0209396
4.568e-005,0.0215101
4.5684e-005,0.0218276
4.5688e-005,0.0224278
4.5692e-005,0.0225022
4.5696e-005,0.0225369
4.57e-005,0.0205329
4.5704e-005,0.0195407
4.5708e-005,0.0190596
4.5712e-005,0.0188363
4.5716e-005,0.0190496
4.572e-005,0.0182113
4.5724e-005,0.0113359
4.5728e-005,0.00252094
4.5732e-005,0.00134528
4.5736e-005,0.000308519
4.574e-005,-0.000703442
4.5744e-005,-3.37621e-005
4.5748e-005,-0.000291713
4.5752e-005,-0.00018258
4.5756e-005,-3.87227e-005
4.576e-005,-0.00101596
4.5764e-005,0.00527407
4.5768e-005,0.0163164
4.5772e-005,0.0184494
4.5776e-005,0.0197987
4.578e-005,0.0213762
4.5784e-005,0.0225667
4.5788e-005,0.0227453
4.5792e-005,0.0241938
4.5796e-005,0.025677
4.58e-005,0.0257117
4.5804e-005,0.0255728
4.5808e-005,0.0265699
4.5812e-005,0.0270511
4.5816e-005,0.0275819
4.582e-005,0.0276017
4.5824e-005,0.0279192
4.5828e-005,0.0275174
4.5832e-005,0.0283557
4.5836e-005,0.0280978
4.584e-005,0.0276712
4.5844e-005,0.0283359
4.5848e-005,0.0283408
4.5852e-005,0.0278299
4.5856e-005,0.0278547
4.586e-005,0.028192
4.5864e-005,0.0277158
4.5868e-005,0.0279886
4.5872e-005,0.0280382
4.5876e-005,0.0276067
4.588e-005,0.0278993
4.5884e-005,0.0280878
4.5888e-005,0.0284152
4.5892e-005,0.0285938
4.5896e-005,0.0278597
4.59e-005,0.0276265
4.5904e-005,0.0282615
4.5908e-005,0.0273041
4.5912e-005,0.0275124
4.5916e-005,0.0281325
4.592e-005,0.0275174
4.5924e-005,0.0274628
4.5928e-005,0.0278547
4.5932e-005,0.027815
4.5936e-005,0.0276513
4.594e-005,0.0282714
4.5944e-005,0.0277604
4.5948e-005,0.0270759
4.5952e-005,0.0271156
4.5956e-005,0.0273636
4.596e-005,0.0276116
4.5964e-005,0.0277356
4.5968e-005,0.0273487
4.5972e-005,0.0272594
4.5976e-005,0.0271255
4.598e-005,0.0272297
4.5984e-005,0.0275124
4.5988e-005,0.0270908
4.5992e-005,0.026679
4.5996e-005,0.0275273
4.6e-005,0.027686
4.6004e-005,0.02782
4.6008e-005,0.0269419
4.6012e-005,0.0273785
4.6016e-005,0.0271701
4.602e-005,0.0269171
4.6024e-005,0.0276067
4.6028e-005,0.0270808
4.6032e-005,0.0267485
4.6036e-005,0.0269072
4.604e-005,0.0272991
4.6044e-005,0.027691
4.6048e-005,0.0272495
4.6052e-005,0.0269221
4.6056e-005,0.0270709
4.606e-005,0.027319
4.6064e-005,0.0272594
4.6068e-005,0.0274876
4.6072e-005,0.0277208
4.6076e-005,0.0275273
4.608e-005,0.0272148
4.6084e-005,0.0266542
4.6088e-005,0.027567
4.6092e-005,0.0271007
4.6096e-005,0.0276513
4.61e-005,0.0276612
4.6104e-005,0.0275422
4.6108e-005,0.0277753
4.6112e-005,0.0271751
4.6116e-005,0.0277952
4.612e-005,0.0275075
4.6124e-005,0.0270412
4.6128e-005,0.027691
4.6132e-005,0.0268576
4.6136e-005,0.0272594
4.614e-005,0.0275174
4.6144e-005,0.0276116
4.6148e-005,0.0272842
4.6152e-005,0.0265501
4.6156e-005,0.0267485
4.616e-005,0.0273785
4.6164e-005,0.0271106
4.6168e-005,0.0278398
4.6172e-005,0.027686
4.6176e-005,0.0275521
4.618e-005,0.027433
4.6184e-005,0.0273338
4.6188e-005,0.0273289
4.6192e-005,0.0276315
4.6196e-005,0.0272793
4.62e-005,0.026932
4.6204e-005,0.0277208
4.6208e-005,0.0271701
4.6212e-005,0.0272396
4.6216e-005,0.0274281
4.622e-005,0.027562
4.6224e-005,0.0279837
4.6228e-005,0.0270957
4.6232e-005,0.0269916
4.6236e-005,0.0269965
4.624e-005,0.0268775
4.6244e-005,0.0271801
4.6248e-005,0.0275719
4.6252e-005,0.0272644
4.6256e-005,0.026426
4.626e-005,0.0270957
4.6264e-005,0.0276662
4.6268e-005,0.0271106
4.6272e-005,0.026813
4.6276e-005,0.0272594
4.628e-005,0.0274975
4.6284e-005,0.0275273
4.6288e-005,0.0272445
4.6292e-005,0.0275025
4.6296e-005,0.0264012
4.63e-005,0.0275521
4.6304e-005,0.0273487
4.6308e-005,0.0265005
4.6312e-005,0.0268576
4.6316e-005,0.0271751
4.632e-005,0.0270759
4.6324e-005,0.0273338
4.6328e-005,0.0271503
4.6332e-005,0.0271354
4.6336e-005,0.0274479
4.634e-005,0.0274876
4.6344e-005,0.0272049
4.6348e-005,0.0279241
4.6352e-005,0.0267187
4.6356e-005,0.0276364
4.636e-005,0.0277456
4.6364e-005,0.0272297
4.6368e-005,0.0279986
4.6372e-005,0.0279043
4.6376e-005,0.0275967
4.638e-005,0.0273388
4.6384e-005,0.0271404
4.6388e-005,0.0268775
4.6392e-005,0.0273785
4.6396e-005,0.0278696
4.64e-005,0.0271652
4.6404e-005,0.0273041
4.6408e-005,0.0276364
4.6412e-005,0.0273487
4.6416e-005,0.0276811
4.642e-005,0.0273041
4.6424e-005,0.0272346
4.6428e-005,0.0270015
4.6432e-005,0.0275719
4.6436e-005,0.0269072
4.644e-005,0.0264608
4.6444e-005,0.0283458
4.6448e-005,0.0269618
4.6452e-005,0.0268328
4.6456e-005,0.0271205
4.646e-005,0.027309
4.6464e-005,0.02782
4.6468e-005,0.0240003
4.6472e-005,0.0202848
4.6476e-005,0.0197441
4.648e-005,0.0193522
4.6484e-005,0.0186974
4.6488e-005,0.0189653
4.6492e-005,0.0119461
4.6496e-005,0.0023622
4.65e-005,0.000993081
4.6504e-005,-9.32892e-005
4.6508e-005,-0.00133344
4.6512e-005,-0.00043557
4.6516e-005,0.000214268
4.652e-005,-0.000256989
4.6524e-005,-0.000609191
4.6528e-005,-0.000743127
4.6532e-005,0.00580486
4.6536e-005,0.0164701
4.654e-005,0.0194366
4.6544e-005,0.0213563
4.6548e-005,0.0244716
4.6552e-005,0.0259647
4.6556e-005,0.0270908
4.656e-005,0.0281573
4.6564e-005,0.029829
4.6568e-005,0.0303648
4.6572e-005,0.0313222
4.6576e-005,0.0328401
4.658e-005,0.0330336
4.6584e-005,0.0335643
4.6588e-005,0.0342935
4.6592e-005,0.0344622
4.6596e-005,0.0345416
4.66e-005,0.0357371
4.6604e-005,0.0349285
4.6608e-005,0.0347202
4.6612e-005,0.035752
4.6616e-005,0.0359752
4.662e-005,0.0359702
4.6624e-005,0.0359752
4.6628e-005,0.0359206
4.6632e-005,0.0357024
4.6636e-005,0.036382
4.664e-005,0.0354791
4.6644e-005,0.0357321
4.6648e-005,0.0365903
4.6652e-005,0.0356924
4.6656e-005,0.0357123
4.666e-005,0.0366945
4.6664e-005,0.0358264
4.6668e-005,0.0363175
4.6672e-005,0.0356924
4.6676e-005,0.0359653
4.668e-005,0.0369078
4.6684e-005,0.0360298
4.6688e-005,0.0357172
4.6692e-005,0.0361687
4.6696e-005,0.0362629
4.67e-005,0.0350128
4.6704e-005,0.0356428
4.6708e-005,0.0361488
4.6712e-005,0.0359802
4.6716e-005,0.0359901
4.672e-005,0.0358561
4.6724e-005,0.0363869
4.6728e-005,0.0362827
4.6732e-005,0.0362679
4.6736e-005,0.0354494
4.674e-005,0.0362431
4.6744e-005,0.036382
4.6748e-005,0.0356478
4.6752e-005,0.0356726
4.6756e-005,0.035747
4.676e-005,0.0360298
4.6764e-005,0.0359256
4.6768e-005,0.036124
4.6772e-005,0.0362827
4.6776e-005,0.0359553
4.678e-005,0.0357321
4.6784e-005,0.0357817
4.6788e-005,0.0359256
4.6792e-005,0.0355585
4.6796e-005,0.0358264
4.68e-005,0.0349335
4.6804e-005,0.0362629
4.6808e-005,0.0360099
4.6812e-005,0.0352807
4.6816e-005,0.0359851
4.682e-005,0.0355089
4.6824e-005,0.0352906
4.6828e-005,0.0352559
4.6832e-005,0.0355833
4.6836e-005,0.0355783
4.684e-005,0.0361984
4.6844e-005,0.0361835
4.6848e-005,0.0356528
4.6852e-005,0.0360496
4.6856e-005,0.0362133
4.686e-005,0.0357321
4.6864e-005,0.0362282
4.6868e-005,0.0360794
4.6872e-005,0.0354891
4.6876e-005,0.0361389
4.688e-005,0.036377
4.6884e-005,0.0360198
4.6888e-005,0.0362778
4.6892e-005,0.0359355
4.6896e-005,0.0356478
4.69e-005,0.0355535
4.6904e-005,0.0356428
4.6908e-005,0.0356875
4.6912e-005,0.0359157
4.6916e-005,0.0353849
4.692e-005,0.0362232
4.6924e-005,0.0360645
4.6928e-005,0.0357867
4.6932e-005,0.0356131
4.6936e-005,0.0359157
4.694e-005,0.0358115
4.6944e-005,0.0358313
4.6948e-005,0.0356081
4.6952e-005,0.0359752
4.6956e-005,0.036501
4.696e-005,0.0357619
4.6964e-005,0.0353204
4.6968e-005,0.0353849
4.6972e-005,0.0362927
4.6976e-005,0.0351865
4.698e-005,0.0357718
4.6984e-005,0.035995
4.6988e-005,0.0363026
4.6992e-005,0.0356379
4.6996e-005,0.0360446
4.7e-005,0.0358809
4.7004e-005,0.0355833
4.7008e-005,0.0360744
4.7012e-005,0.0359702
4.7016e-005,0.0359504
4.702e-005,0.0356279
4.7024e-005,0.0359802
4.7028e-005,0.0362827
4.7032e-005,0.036119
4.7036e-005,0.0355883
4.704e-005,0.0358561
4.7044e-005,0.0363373
4.7048e-005,0.0360149
4.7052e-005,0.0360446
4.7056e-005,0.0360198
4.706e-005,0.0360496
4.7064e-005,0.0359206
4.7068e-005,0.036506
4.7072e-005,0.0359702
4.7076e-005,0.0357619
4.708e-005,0.0364762
4.7084e-005,0.0368185
4.7088e-005,0.0361389
4.7092e-005,0.0365605
4.7096e-005,0.0363175
4.71e-005,0.0362133
4.7104e-005,0.0357272
4.7108e-005,0.0353005
4.7112e-005,0.0354345
4.7116e-005,0.0364812
4.712e-005,0.0358313
4.7124e-005,0.0354791
4.7128e-005,0.0359802
4.7132e-005,0.0358016
4.7136e-005,0.0365159
4.714e-005,0.0358958
4.7144e-005,0.0358413
4.7148e-005,0.0356131
4.7152e-005,0.0359802
4.7156e-005,0.0353055
4.716e-005,0.0355139
4.7164e-005,0.0360198
4.7168e-005,0.0356676
4.7172e-005,0.0354444
4.7176e-005,0.0357272
4.718e-005,0.0357619
4.7184e-005,0.0366002
4.7188e-005,0.0366349
4.7192e-005,0.0357668
4.7196e-005,0.0360595
4.72e-005,0.0362431
4.7204e-005,0.035117
4.7208e-005,0.0352559
4.7212e-005,0.0349087
4.7216e-005,0.0331923
4.722e-005,0.0326069
4.7224e-005,0.0320166
4.7228e-005,0.0321903
4.7232e-005,0.0324184
4.7236e-005,0.0276166
4.724e-005,0.0206172
4.7244e-005,0.0202501
4.7248e-005,0.018881
4.7252e-005,0.0193126
4.7256e-005,0.0191885
4.726e-005,0.0116336
4.7264e-005,0.00204473
4.7268e-005,0.000839302
4.7272e-005,-0.000455413
4.7276e-005,-7.84074e-005
4.728e-005,0.000303558
4.7284e-005,-0.000281792
4.7288e-005,-0.00026691
4.7292e-005,0.000204346
4.7296e-005,-0.000390925
4.73e-005,0.00621163
4.7304e-005,0.0171051
4.7308e-005,0.0173382
4.7312e-005,0.0170803
4.7316e-005,0.0175416
4.732e-005,0.0167182
4.7324e-005,0.0161427
4.7328e-005,0.0158848
4.7332e-005,0.0158302
4.7336e-005,0.0154036
4.734e-005,0.0146496
4.7344e-005,0.0148232
4.7348e-005,0.014595
4.7352e-005,0.0138162
4.7356e-005,0.0140642
4.736e-005,0.0142924
4.7364e-005,0.0138906
4.7368e-005,0.0142627
4.7372e-005,0.0153193
4.7376e-005,0.0137616
4.738e-005,0.013722
4.7384e-005,0.0136823
4.7388e-005,0.0139998
4.7392e-005,0.01397
4.7396e-005,0.013965
4.74e-005,0.0141535
4.7404e-005,0.0148381
4.7408e-005,0.0139799
4.7412e-005,0.013965
4.7416e-005,0.0141139
4.742e-005,0.0142428
4.7424e-005,0.0144264
4.7428e-005,0.0138658
4.7432e-005,0.0147389
4.7436e-005,0.0144065
4.744e-005,0.0143123
4.7444e-005,0.0143569
4.7448e-005,0.0145256
4.7452e-005,0.013965
4.7456e-005,0.0145405
4.746e-005,0.014605
4.7464e-005,0.0141783
4.7468e-005,0.0144065
4.7472e-005,0.015354
4.7476e-005,0.0141684
4.748e-005,0.0141436
4.7484e-005,0.0140196
4.7488e-005,0.014853
4.7492e-005,0.0146942
4.7496e-005,0.014476
4.75e-005,0.0144661
4.7504e-005,0.0142131
4.7508e-005,0.0143123
4.7512e-005,0.014223
4.7516e-005,0.0146397
4.752e-005,0.0144958
4.7524e-005,0.0144115
4.7528e-005,0.0145305
4.7532e-005,0.0154135
4.7536e-005,0.0143966
4.754e-005,0.0145107
4.7544e-005,0.0146546
4.7548e-005,0.0141436
4.7552e-005,0.0143172
4.7556e-005,0.0140047
4.756e-005,0.0149621
4.7564e-005,0.013975
4.7568e-005,0.014352
4.7572e-005,0.0142081
4.7576e-005,0.0142627
4.758e-005,0.0142627
4.7584e-005,0.0148927
4.7588e-005,0.0144115
4.7592e-005,0.0146446
4.7596e-005,0.0144016
4.76e-005,0.0147091
4.7604e-005,0.0145405
4.7608e-005,0.0144909
4.7612e-005,0.0147389
4.7616e-005,0.0149968
4.762e-005,0.0140841
4.7624e-005,0.0150415
4.7628e-005,0.0153937
4.7632e-005,0.0147736
4.7636e-005,0.015096
4.764e-005,0.0142577
4.7644e-005,0.0147389
4.7648e-005,0.0145454
4.7652e-005,0.0148579
4.7656e-005,0.0144512
4.766e-005,0.0146099
4.7664e-005,0.0142081
4.7668e-005,0.0142676
4.7672e-005,0.013588
4.7676e-005,0.014724
4.768e-005,0.0139154
4.7684e-005,0.0140146
4.7688e-005,0.0142527
4.7692e-005,0.0151853
4.7696e-005,0.0143222
4.77e-005,0.0139055
4.7704e-005,0.015106
4.7708e-005,0.0141932
4.7712e-005,0.0144115
4.7716e-005,0.0136624
4.772e-005,0.0144809
4.7724e-005,0.0147885
4.7728e-005,0.0145653
4.7732e-005,0.014719
4.7736e-005,0.0148133
4.774e-005,0.0153441
4.7744e-005,0.0146198
4.7748e-005,0.0146794
4.7752e-005,0.0141982
4.7756e-005,0.0144859
4.776e-005,0.0144809
4.7764e-005,0.0148133
4.7768e-005,0.0150762
4.7772e-005,0.014719
4.7776e-005,0.0149224
4.778e-005,0.0150514
4.7784e-005,0.0144809
4.7788e-005,0.0141139
4.7792e-005,0.0146
4.7796e-005,0.0144809
4.78e-005,0.013965
4.7804e-005,0.0150018
4.7808e-005,0.0147538
4.7812e-005,0.0141635
4.7816e-005,0.0140841
4.782e-005,0.0145752
4.7824e-005,0.0141585
4.7828e-005,0.0136277
4.7832e-005,0.0145107
4.7836e-005,0.0137319
4.784e-005,0.0132061
4.7844e-005,0.0144661
4.7848e-005,0.0142726
4.7852e-005,0.0140742
4.7856e-005,0.0138212
4.786e-005,0.0144115
4.7864e-005,0.0140593
4.7868e-005,0.014094
4.7872e-005,0.014218
4.7876e-005,0.0137517
4.788e-005,0.0138757
4.7884e-005,0.0136128
4.7888e-005,0.0141932
4.7892e-005,0.0146149
4.7896e-005,0.0144561
4.79e-005,0.0144413
4.7904e-005,0.0141436
4.7908e-005,0.0140692
4.7912e-005,0.0139204
4.7916e-005,0.0140642
4.792e-005,0.0138311
4.7924e-005,0.0144363
4.7928e-005,0.0133301
4.7932e-005,0.0137865
4.7936e-005,0.0137517
4.794e-005,0.0145157
4.7944e-005,0.013722
4.7948e-005,0.0139105
4.7952e-005,0.0145355
4.7956e-005,0.0141188
4.796e-005,0.0137517
4.7964e-005,0.0138658
4.7968e-005,0.0142776
4.7972e-005,0.0138113
4.7976e-005,0.0139601
4.798e-005,0.015607
4.7984e-005,0.0151605
4.7988e-005,0.0160138
4.7992e-005,0.0166983
4.7996e-005,0.0163213
4.8e-005,0.0166487
4.8004e-005,0.0166983
4.8008e-005,0.0179037
4.8012e-005,0.0183651
4.8016e-005,0.0189604
4.802e-005,0.0185089
4.8024e-005,0.0182808
4.8028e-005,0.0106811
4.8032e-005,0.0011915
4.8036e-005,0.00109725
4.804e-005,-0.000316516
4.8044e-005,-0.00121934
4.8048e-005,-0.000653836
4.8052e-005,-0.000197462
4.8056e-005,-0.000698482
4.806e-005,-0.000256989
4.8064e-005,-0.000847299
4.8068e-005,0.00500124
4.8072e-005,0.0152647
4.8076e-005,0.0163908
4.808e-005,0.0172142
4.8084e-005,0.0192381
4.8088e-005,0.0194614
4.8092e-005,0.0184147
4.8096e-005,0.0194713
4.81e-005,0.0195507
4.8104e-005,0.0192878
4.8108e-005,0.0198334
4.8112e-005,0.0196251
4.8116e-005,0.0196995
4.812e-005,0.0197292
4.8124e-005,0.020513
4.8128e-005,0.0200467
4.8132e-005,0.0199425
4.8136e-005,0.0207859
4.814e-005,0.0201261
4.8144e-005,0.0196251
4.8148e-005,0.020394
4.8152e-005,0.0200021
4.8156e-005,0.0198781
4.816e-005,0.0198731
4.8164e-005,0.0201459
4.8168e-005,0.0197789
4.8172e-005,0.0205527
4.8176e-005,0.02026
4.818e-005,0.0200864
4.8184e-005,0.0200864
4.8188e-005,0.019883
4.8192e-005,0.0196896
4.8196e-005,0.0198483
4.82e-005,0.0196449
4.8204e-005,0.0196251
4.8208e-005,0.0197888
4.8212e-005,0.0197987
4.8216e-005,0.0198037
4.822e-005,0.0203344
4.8224e-005,0.0195308
4.8228e-005,0.0196995
4.8232e-005,0.0199822
4.8236e-005,0.0200963
4.824e-005,0.0197392
4.8244e-005,0.0201509
4.8248e-005,0.0197491
4.8252e-005,0.0198384
4.8256e-005,0.0197392
4.826e-005,0.0199277
4.8264e-005,0.019134
4.8268e-005,0.0199723
4.8272e-005,0.0196697
4.8276e-005,0.0196995
4.828e-005,0.0193175
4.8284e-005,0.0197044
4.8288e-005,0.0192977
4.8292e-005,0.0199872
4.8296e-005,0.019511
4.83e-005,0.0202898
4.8304e-005,0.0204833
4.8308e-005,0.0196052
4.8312e-005,0.0201112
4.8316e-005,0.020394
4.832e-005,0.0199128
4.8324e-005,0.0201856
4.8328e-005,0.0204237
4.8332e-005,0.0198334
4.8336e-005,0.0204138
4.834e-005,0.0202451
4.8344e-005,0.0199922
4.8348e-005,0.0201013
4.8352e-005,0.0205577
4.8356e-005,0.0201807
4.836e-005,0.0205775
4.8364e-005,0.0205577
4.8368e-005,0.0194663
4.8372e-005,0.0200914
4.8376e-005,0.0204833
4.838e-005,0.0205825
4.8384e-005,0.0199773
4.8388e-005,0.0202402
4.8392e-005,0.0193522
4.8396e-005,0.0204485
4.84e-005,0.0197689
4.8404e-005,0.0196648
4.8408e-005,0.0199674
4.8412e-005,0.0200467
4.8416e-005,0.0199029
4.842e-005,0.0200963
4.8424e-005,0.0194763
4.8428e-005,0.0196846
4.8432e-005,0.0200814
4.8436e-005,0.0195705
4.844e-005,0.0190596
4.8444e-005,0.0196896
4.8448e-005,0.0194911
4.8452e-005,0.0193522
4.8456e-005,0.0199822
4.846e-005,0.0204088
4.8464e-005,0.0195457
4.8468e-005,0.0202055
4.8472e-005,0.0202303
4.8476e-005,0.0204932
4.848e-005,0.0207859
4.8484e-005,0.0200566
4.8488e-005,0.0202799
4.8492e-005,0.0196499
4.8496e-005,0.0206172
4.85e-005,0.0202303
4.8504e-005,0.01963
4.8508e-005,0.0203394
4.8512e-005,0.020007
4.8516e-005,0.0200616
4.852e-005,0.0202352
4.8524e-005,0.019764
4.8528e-005,0.019
4.8532e-005,0.0197937
4.8536e-005,0.0199277
4.854e-005,0.0203493
4.8544e-005,0.0203692
4.8548e-005,0.0198037
4.8552e-005,0.020012
4.8556e-005,0.0201658
4.856e-005,0.0199723
4.8564e-005,0.0202948
4.8568e-005,0.0203444
4.8572e-005,0.0200814
4.8576e-005,0.020141
4.858e-005,0.0204585
4.8584e-005,0.0194465
4.8588e-005,0.0200021
4.8592e-005,0.0201013
4.8596e-005,0.0201311
4.86e-005,0.0201707
4.8604e-005,0.0208206
4.8608e-005,0.0200418
4.8612e-005,0.0202799
4.8616e-005,0.0206271
4.862e-005,0.0192431
4.8624e-005,0.0197094
4.8628e-005,0.0205477
4.8632e-005,0.0200418
4.8636e-005,0.0195953
4.864e-005,0.0201311
4.8644e-005,0.0195655
4.8648e-005,0.0192332
4.8652e-005,0.0199574
4.8656e-005,0.0201658
4.866e-005,0.019759
4.8664e-005,0.0195903
4.8668e-005,0.0194812
4.8672e-005,0.0196548
4.8676e-005,0.0203592
4.868e-005,0.0196648
4.8684e-005,0.0204138
4.8688e-005,0.0197888
4.8692e-005,0.0199971
4.8696e-005,0.0200269
4.87e-005,0.0197094
4.8704e-005,0.01963
4.8708e-005,0.0195259
4.8712e-005,0.0207511
4.8716e-005,0.0204039
4.872e-005,0.0199773
4.8724e-005,0.02026
4.8728e-005,0.0203741
4.8732e-005,0.0199674
4.8736e-005,0.0207561
4.874e-005,0.020136
4.8744e-005,0.0203096
4.8748e-005,0.021014
4.8752e-005,0.0208702
4.8756e-005,0.0214158
4.876e-005,0.0216292
4.8764e-005,0.0217036
4.8768e-005,0.0219962
4.8772e-005,0.0207561
4.8776e-005,0.0184147
4.878e-005,0.0189207
4.8784e-005,0.0183601
4.8788e-005,0.0183651
4.8792e-005,0.0189058
4.8796e-005,0.0118171
4.88e-005,0.00251102
4.8804e-005,0.00123615
4.8808e-005,-0.000415728
4.8812e-005,-0.000281792
4.8816e-005,0.000144819
4.882e-005,0.000373007
4.8824e-005,-0.000445491
4.8828e-005,-0.000276831
4.8832e-005,-0.00111517
4.8836e-005,0.00457959
4.884e-005,0.0157409
4.8844e-005,0.0185437
4.8848e-005,0.0194911
4.8852e-005,0.0214109
4.8856e-005,0.0228594
4.886e-005,0.0225369
4.8864e-005,0.0236035
4.8868e-005,0.0248932
4.8872e-005,0.0251512
4.8876e-005,0.0248982
4.888e-005,0.0266096
4.8884e-005,0.0259151
4.8888e-005,0.0262524
4.8892e-005,0.0268973
4.8896e-005,0.0276563
4.89e-005,0.0270461
4.8904e-005,0.0273686
4.8908e-005,0.0275918
4.8912e-005,0.027815
4.8916e-005,0.0279787
4.892e-005,0.0279489
4.8924e-005,0.0285343
4.8928e-005,0.028192
4.8932e-005,0.0281126
4.8936e-005,0.0279341
4.894e-005,0.0279638
4.8944e-005,0.0269866
4.8948e-005,0.0273636
4.8952e-005,0.0277356
4.8956e-005,0.0275075
4.896e-005,0.0270015
4.8964e-005,0.0271305
4.8968e-005,0.0280779
4.8972e-005,0.0273388
4.8976e-005,0.027686
4.898e-005,0.0275719
4.8984e-005,0.0275223
4.8988e-005,0.027562
4.8992e-005,0.0275719
4.8996e-005,0.0278249
4.9e-005,0.0273934
4.9004e-005,0.0271701
4.9008e-005,0.027433
4.9012e-005,0.0282317
4.9016e-005,0.0276513
4.902e-005,0.0275223
4.9024e-005,0.0278597
4.9028e-005,0.0276116
4.9032e-005,0.0278349
4.9036e-005,0.0279291
4.904e-005,0.027438
4.9044e-005,0.0276464
4.9048e-005,0.0280085
4.9052e-005,0.0279688
4.9056e-005,0.0284748
4.906e-005,0.0278597
4.9064e-005,0.0274727
4.9068e-005,0.0277604
4.9072e-005,0.0270709
4.9076e-005,0.0271801
4.908e-005,0.0272991
4.9084e-005,0.0274082
4.9088e-005,0.0272545
4.9092e-005,0.0275273
4.9096e-005,0.0271056
4.91e-005,0.0268824
4.9104e-005,0.0278051
4.9108e-005,0.0275967
4.9112e-005,0.0273041
4.9116e-005,0.0273834
4.912e-005,0.0278101
4.9124e-005,0.0276116
4.9128e-005,0.0272396
4.9132e-005,0.0276712
4.9136e-005,0.0275471
4.914e-005,0.0282069
4.9144e-005,0.0277803
4.9148e-005,0.0274529
4.9152e-005,0.0273487
4.9156e-005,0.0277356
4.916e-005,0.0270808
4.9164e-005,0.0274479
4.9168e-005,0.0279142
4.9172e-005,0.0277356
4.9176e-005,0.028063
4.918e-005,0.0276017
4.9184e-005,0.0276464
4.9188e-005,0.0274281
4.9192e-005,0.0283855
4.9196e-005,0.0275719
4.92e-005,0.0276761
4.9204e-005,0.0270511
4.9208e-005,0.0274827
4.9212e-005,0.0274231
4.9216e-005,0.0274082
4.922e-005,0.0273537
4.9224e-005,0.0273884
4.9228e-005,0.0276265
4.9232e-005,0.0268626
4.9236e-005,0.0273338
4.924e-005,0.0274132
4.9244e-005,0.0276612
4.9248e-005,0.0270064
4.9252e-005,0.0277902
4.9256e-005,0.0273438
4.926e-005,0.0271999
4.9264e-005,0.0272594
4.9268e-005,0.0267931
4.9272e-005,0.0276414
4.9276e-005,0.0274827
4.928e-005,0.0280283
4.9284e-005,0.0272793
4.9288e-005,0.0278894
4.9292e-005,0.0271949
4.9296e-005,0.0270312
4.93e-005,0.0278249
4.9304e-005,0.0271106
4.9308e-005,0.0268923
4.9312e-005,0.0273785
4.9316e-005,0.0266939
4.932e-005,0.0269866
4.9324e-005,0.0275571
4.9328e-005,0.0274678
4.9332e-005,0.0272594
4.9336e-005,0.0268576
4.934e-005,0.0269519
4.9344e-005,0.0270362
4.9348e-005,0.0272297
4.9352e-005,0.0277505
4.9356e-005,0.0279936
4.936e-005,0.0277753
4.9364e-005,0.0275918
4.9368e-005,0.0272942
4.9372e-005,0.0273586
4.9376e-005,0.0274678
4.938e-005,0.0267386
4.9384e-005,0.0274926
4.9388e-005,0.0276116
4.9392e-005,0.0278547
4.9396e-005,0.0278249
4.94e-005,0.0274182
4.9404e-005,0.0276364
4.9408e-005,0.0277555
4.9412e-005,0.0280928
4.9416e-005,0.0283309
4.942e-005,0.0281325
4.9424e-005,0.028192
4.9428e-005,0.0279886
4.9432e-005,0.0278001
4.9436e-005,0.028063
4.944e-005,0.0278101
4.9444e-005,0.0283309
4.9448e-005,0.0274281
4.9452e-005,0.0273636
4.9456e-005,0.0272495
4.946e-005,0.0274182
4.9464e-005,0.0276364
4.9468e-005,0.0276662
4.9472e-005,0.0274132
4.9476e-005,0.0278299
4.948e-005,0.0278299
4.9484e-005,0.0270511
4.9488e-005,0.0274182
4.9492e-005,0.027185
4.9496e-005,0.0276364
4.95e-005,0.0274182
4.9504e-005,0.0284152
4.9508e-005,0.0271801
4.9512e-005,0.026426
4.9516e-005,0.0270957
4.952e-005,0.0273834
4.9524e-005,0.0271305
4.9528e-005,0.0272743
4.9532e-005,0.0274132
4.9536e-005,0.0275769
4.954e-005,0.0241839
4.9544e-005,0.0200666
4.9548e-005,0.0196598
4.9552e-005,0.0188959
4.9556e-005,0.0176954
4.956e-005,0.0185189
4.9564e-005,0.0119957
4.9568e-005,0.00240189
4.9572e-005,0.000869066
4.9576e-005,-0.000128013
4.958e-005,-0.000356201
4.9584e-005,-0.000222265
4.9588e-005,-3.87227e-005
4.9592e-005,-0.000281792
4.9596e-005,0.000343243
4.96e-005,-0.000961393
4.9604e-005,0.00553202
4.9608e-005,0.0159939
4.9612e-005,0.0198929
4.9616e-005,0.021019
4.962e-005,0.023787
4.9624e-005,0.0267534
4.9628e-005,0.0266592
4.9632e-005,0.0284649
4.9636e-005,0.0294173
4.964e-005,0.0302705
4.9644e-005,0.0312477
4.9648e-005,0.0325524
4.9652e-005,0.0319918
4.9656e-005,0.032731
4.966e-005,0.0342092
4.9664e-005,0.0343432
4.9668e-005,0.0342489
4.9672e-005,0.0353154
4.9676e-005,0.0351914
4.968e-005,0.0355486
4.9684e-005,0.0356379
4.9688e-005,0.034993
4.9692e-005,0.0355684
4.9696e-005,0.036372
4.97e-005,0.0360843
4.9704e-005,0.0358909
4.9708e-005,0.0361587
4.9712e-005,0.0359752
4.9716e-005,0.0364514
4.972e-005,0.0359851
4.9724e-005,0.0362282
4.9728e-005,0.035499
4.9732e-005,0.0357718
4.9736e-005,0.0364316
4.974e-005,0.0365109
4.9744e-005,0.0361835
4.9748e-005,0.0367391
4.9752e-005,0.035494
4.9756e-005,0.036501
4.976e-005,0.0358611
4.9764e-005,0.0359454
4.9768e-005,0.0355039
4.9772e-005,0.0362282
4.9776e-005,0.0355287
4.978e-005,0.0358958
4.9784e-005,0.0359256
4.9788e-005,0.0359802
4.9792e-005,0.0353303
4.9796e-005,0.0362728
4.98e-005,0.0356379
4.9804e-005,0.0360298
4.9808e-005,0.0354841
4.9812e-005,0.0363373
4.9816e-005,0.035871
4.982e-005,0.035752
4.9824e-005,0.0352757
4.9828e-005,0.0360198
4.9832e-005,0.0354593
4.9836e-005,0.0357817
4.984e-005,0.0360298
4.9844e-005,0.0359107
4.9848e-005,0.036129
4.9852e-005,0.0363919
4.9856e-005,0.0352212
4.986e-005,0.0357867
4.9864e-005,0.0362976
4.9868e-005,0.0356528
4.9872e-005,0.0356726
4.9876e-005,0.0355982
4.988e-005,0.0359901
4.9884e-005,0.0352559
4.9888e-005,0.0360595
4.9892e-005,0.0353502
4.9896e-005,0.0353551
4.99e-005,0.0353303
4.9904e-005,0.0359504
4.9908e-005,0.0355486
4.9912e-005,0.0355734
4.9916e-005,0.0355238
4.992e-005,0.0350624
4.9924e-005,0.0356528
4.9928e-005,0.0349781
4.9932e-005,0.0352113
4.9936e-005,0.0358264
4.994e-005,0.036382
4.9944e-005,0.0358611
4.9948e-005,0.0356478
4.9952e-005,0.0354146
4.9956e-005,0.0356279
4.996e-005,0.036124
4.9964e-005,0.0355387
4.9968e-005,0.0356279
4.9972e-005,0.0354543
4.9976e-005,0.0354642
4.998e-005,0.035122
4.9984e-005,0.0354097
4.9988e-005,0.0354444
4.9992e-005,0.0358363
4.9996e-005,0.0364564
5e-005,0.035112
5.0004e-005,0.0356825
5.0008e-005,0.0359504
5.0012e-005,0.0347301
5.0016e-005,0.0356428
5.002e-005,0.0358561
5.0024e-005,0.035623
5.0028e-005,0.0356676
5.0032e-005,0.0357222
5.0036e-005,0.0356577
5.004e-005,0.0350724
5.0044e-005,0.0358462
5.0048e-005,0.0353402
5.0052e-005,0.0354791
5.0056e-005,0.0356577
5.006e-005,0.0356875
5.0064e-005,0.0357123
5.0068e-005,0.0360347
5.0072e-005,0.0357867
5.0076e-005,0.0351617
5.008e-005,0.0359256
5.0084e-005,0.0353998
5.0088e-005,0.0361835
5.0092e-005,0.0355783
5.0096e-005,0.0358512
5.01e-005,0.0360843
5.0104e-005,0.036253
5.0108e-005,0.0358512
5.0112e-005,0.036005
5.0116e-005,0.0356924
5.012e-005,0.0357966
5.0124e-005,0.035623
5.0128e-005,0.035876
5.0132e-005,0.0358313
5.0136e-005,0.0359107
5.014e-005,0.0363671
5.0144e-005,0.0354394
5.0148e-005,0.0361984
5.0152e-005,0.0360397
5.0156e-005,0.0355684
5.016e-005,0.0358512
5.0164e-005,0.0356031
5.0168e-005,0.0353005
5.0172e-005,0.035752
5.0176e-005,0.0358512
5.018e-005,0.0352906
5.0184e-005,0.0355238
5.0188e-005,0.0358561
5.0192e-005,0.0361538
5.0196e-005,0.0359008
5.02e-005,0.0359802
5.0204e-005,0.036119
5.0208e-005,0.0358214
5.0212e-005,0.0368383
5.0216e-005,0.0359355
5.022e-005,0.0363869
5.0224e-005,0.0366697
5.0228e-005,0.0357123
5.0232e-005,0.0358413
5.0236e-005,0.0358115
5.024e-005,0.0357619
5.0244e-005,0.0361885
5.0248e-005,0.0362728
5.0252e-005,0.035623
5.0256e-005,0.0359008
5.026e-005,0.0364961
5.0264e-005,0.0360645
5.0268e-005,0.0359157
5.0272e-005,0.0364266
5.0276e-005,0.0347202
5.028e-005,0.0347896
5.0284e-005,0.0338173
5.0288e-005,0.0332915
5.0292e-005,0.0326764
5.0296e-005,0.0317736
5.03e-005,0.0310741
5.0304e-005,0.0313866
5.0308e-005,0.0265997
5.0312e-005,0.020761
5.0316e-005,0.0198929
5.032e-005,0.0192282
5.0324e-005,0.0191885
5.0328e-005,0.0183403
5.0332e-005,0.0129283
5.0336e-005,0.00270945
5.034e-005,0.000834342
5.0344e-005,-0.000128013
5.0348e-005,-0.000197462
5.0352e-005,-0.000192501
5.0356e-005,0.000303558
5.036e-005,-0.000405807
5.0364e-005,0.000189465
5.0368e-005,-0.000633994
5.0372e-005,0.00572053
5.0376e-005,0.0167033
5.038e-005,0.0176508
5.0384e-005,0.0172539
5.0388e-005,0.0175317
5.0392e-005,0.0175912
5.0396e-005,0.0154433
5.04e-005,0.0155375
5.0404e-005,0.0154631
5.0408e-005,0.0155326
5.0412e-005,0.0140097
5.0416e-005,0.0139601
5.042e-005,0.0139005
5.0424e-005,0.0135632
5.0428e-005,0.0140593
5.0432e-005,0.013717
5.0436e-005,0.0140295
5.044e-005,0.0133946
5.0444e-005,0.0141387
5.0448e-005,0.0136674
5.0452e-005,0.0145851
5.0456e-005,0.0143768
5.046e-005,0.0138261
5.0464e-005,0.0139998
5.0468e-005,0.0140642
5.0472e-005,0.0145653
5.0476e-005,0.0149224
5.048e-005,0.0142081
5.0484e-005,0.0145405
5.0488e-005,0.0154185
5.0492e-005,0.0143966
5.0496e-005,0.0144561
5.05e-005,0.0143619
5.0504e-005,0.0140246
5.0508e-005,0.0143619
5.0512e-005,0.0142081
5.0516e-005,0.0147488
5.052e-005,0.0144909
5.0524e-005,0.0150861
5.0528e-005,0.0145355
5.0532e-005,0.0148877
5.0536e-005,0.0147141
5.054e-005,0.0145454
5.0544e-005,0.0146
5.0548e-005,0.0151109
5.0552e-005,0.0144164
5.0556e-005,0.014595
5.056e-005,0.0151953
5.0564e-005,0.0145107
5.0568e-005,0.014605
5.0572e-005,0.014724
5.0576e-005,0.0150712
5.058e-005,0.0141585
5.0584e-005,0.014595
5.0588e-005,0.0145256
5.0592e-005,0.015101
5.0596e-005,0.0142031
5.06e-005,0.0146744
5.0604e-005,0.0151556
5.0608e-005,0.0152399
5.0612e-005,0.0145256
5.0616e-005,0.014982
5.062e-005,0.0143024
5.0624e-005,0.0142379
5.0628e-005,0.0141436
5.0632e-005,0.0138906
5.0636e-005,0.0146397
5.064e-005,0.014848
5.0644e-005,0.014729
5.0648e-005,0.0149274
5.0652e-005,0.0134491
5.0656e-005,0.0139154
5.066e-005,0.014476
5.0664e-005,0.0144214
5.0668e-005,0.0146298
5.0672e-005,0.0146149
5.0676e-005,0.0151407
5.068e-005,0.0143966
5.0684e-005,0.0152101
5.0688e-005,0.0148282
5.0692e-005,0.0146248
5.0696e-005,0.0145256
5.07e-005,0.014972
5.0704e-005,0.0153441
5.0708e-005,0.0141833
5.0712e-005,0.0145851
5.0716e-005,0.0143718
5.072e-005,0.0145206
5.0724e-005,0.0143619
5.0728e-005,0.014342
5.0732e-005,0.0140692
5.0736e-005,0.014605
5.074e-005,0.0142974
5.0744e-005,0.013975
5.0748e-005,0.0147637
5.0752e-005,0.0146843
5.0756e-005,0.0150663
5.076e-005,0.0147339
5.0764e-005,0.0147687
5.0768e-005,0.0147984
5.0772e-005,0.0154234
5.0776e-005,0.0145901
5.078e-005,0.0142776
5.0784e-005,0.014471
5.0788e-005,0.0154383
5.0792e-005,0.0147389
5.0796e-005,0.0151605
5.08e-005,0.0141387
5.0804e-005,0.0143172
5.0808e-005,0.014848
5.0812e-005,0.0147736
5.0816e-005,0.0142279
5.082e-005,0.0145256
5.0824e-005,0.0144859
5.0828e-005,0.014595
5.0832e-005,0.0143321
5.0836e-005,0.0142924
5.084e-005,0.0145107
5.0844e-005,0.0142081
5.0848e-005,0.0148381
5.0852e-005,0.0151457
5.0856e-005,0.0149323
5.086e-005,0.0144859
5.0864e-005,0.0148183
5.0868e-005,0.0148827
5.0872e-005,0.0143718
5.0876e-005,0.0143768
5.088e-005,0.0145553
5.0884e-005,0.0141684
5.0888e-005,0.0146645
5.0892e-005,0.0145901
5.0896e-005,0.0145702
5.09e-005,0.0149472
5.0904e-005,0.0139005
5.0908e-005,0.014476
5.0912e-005,0.0150167
5.0916e-005,0.0149423
5.092e-005,0.014848
5.0924e-005,0.0144065
5.0928e-005,0.0147389
5.0932e-005,0.0142329
5.0936e-005,0.0151754
5.094e-005,0.0145653
5.0944e-005,0.0149621
5.0948e-005,0.0148381
5.0952e-005,0.0145702
5.0956e-005,0.0145752
5.096e-005,0.0145454
5.0964e-005,0.014089
5.0968e-005,0.0144065
5.0972e-005,0.0143569
5.0976e-005,0.0141932
5.098e-005,0.0145355
5.0984e-005,0.0143619
5.0988e-005,0.0147637
5.0992e-005,0.0147538
5.0996e-005,0.0146397
5.1e-005,0.0145504
5.1004e-005,0.0139998
5.1008e-005,0.014342
5.1012e-005,0.0148083
5.1016e-005,0.0144115
5.102e-005,0.014724
5.1024e-005,0.014719
5.1028e-005,0.0140543
5.1032e-005,0.0148827
5.1036e-005,0.0151605
5.104e-005,0.0147637
5.1044e-005,0.0151457
5.1048e-005,0.0139402
5.1052e-005,0.0151209
5.1056e-005,0.0163064
5.106e-005,0.0159046
5.1064e-005,0.016738
5.1068e-005,0.0176954
5.1072e-005,0.017616
5.1076e-005,0.0175912
5.108e-005,0.0188165
5.1084e-005,0.0186181
5.1088e-005,0.0188909
5.1092e-005,0.0187818
5.1096e-005,0.0179037
5.11e-005,0.0120453
5.1104e-005,0.00168756
5.1108e-005,0.0011667
5.1112e-005,7.5371e-005
5.1116e-005,-0.000886984
5.112e-005,-0.000167698
5.1124e-005,-0.000271871
5.1128e-005,-0.000509979
5.1132e-005,-0.000167698
5.1136e-005,-0.000842339
5.114e-005,0.00609753
5.1144e-005,0.015349
5.1148e-005,0.017621
5.1152e-005,0.0180228
5.1156e-005,0.0190893
5.116e-005,0.0195209
5.1164e-005,0.0187222
5.1168e-005,0.0196201
5.1172e-005,0.019759
5.1176e-005,0.0195407
5.118e-005,0.020518
5.1184e-005,0.0197243
5.1188e-005,0.019754
5.1192e-005,0.0197392
5.1196e-005,0.0206073
5.12e-005,0.0202104
5.1204e-005,0.0200566
5.1208e-005,0.020642
5.1212e-005,0.0205329
5.1216e-005,0.0203394
5.122e-005,0.0210785
5.1224e-005,0.0205329
5.1228e-005,0.0205477
5.1232e-005,0.0203642
5.1236e-005,0.0203791
5.124e-005,0.0199574
5.1244e-005,0.0206172
5.1248e-005,0.020384
5.1252e-005,0.0204981
5.1256e-005,0.0203444
5.126e-005,0.0207362
