Time,Ampl
4.126e-005,0.0446066
4.1264e-005,0.0446662
4.1268e-005,0.0439171
4.1272e-005,0.0443735
4.1276e-005,0.0440461
4.128e-005,0.0441602
4.1284e-005,0.0443884
4.1288e-005,0.0451225
4.1292e-005,0.0436244
4.1296e-005,0.044934
4.13e-005,0.0443338
4.1304e-005,0.0441949
4.1308e-005,0.0449588
4.1312e-005,0.0449043
4.1316e-005,0.0446562
4.132e-005,0.0449092
4.1324e-005,0.044939
4.1328e-005,0.0437732
4.1332e-005,0.0447009
4.1336e-005,0.0450779
4.134e-005,0.0444925
4.1344e-005,0.0451126
4.1348e-005,0.0449687
4.1352e-005,0.0444082
4.1356e-005,0.0448943
4.136e-005,0.0446017
4.1364e-005,0.0443239
4.1368e-005,0.0448844
4.1372e-005,0.0449291
4.1376e-005,0.0446215
4.138e-005,0.0448646
4.1384e-005,0.0453954
4.1388e-005,0.0448646
4.1392e-005,0.04481
4.1396e-005,0.0450928
4.14e-005,0.0440907
4.1404e-005,0.0448298
4.1408e-005,0.0446662
4.1412e-005,0.0451572
4.1416e-005,0.0451126
4.142e-005,0.0449439
4.1424e-005,0.0446265
4.1428e-005,0.0451523
4.1432e-005,0.0451027
4.1436e-005,0.0445421
4.144e-005,0.0448348
4.1444e-005,0.0443933
4.1448e-005,0.0435401
4.1452e-005,0.0407423
4.1456e-005,0.0379842
4.146e-005,0.0362728
4.1464e-005,0.0354791
4.1468e-005,0.0341795
4.1472e-005,0.0338868
4.1476e-005,0.0266344
4.148e-005,0.0208652
4.1484e-005,0.019883
4.1488e-005,0.0189852
4.1492e-005,0.019253
4.1496e-005,0.0190943
4.15e-005,0.0130523
4.1504e-005,0.00317078
4.1508e-005,-0.000152816
4.1512e-005,-0.000663758
4.1516e-005,-0.000817536
4.152e-005,-0.00043557
4.1524e-005,0.000338282
4.1528e-005,0.00014978
4.1532e-005,-0.000296674
4.1536e-005,-0.00124911
4.154e-005,0.00533856
4.1544e-005,0.0170208
4.1548e-005,0.0208553
4.1552e-005,0.0250073
4.1556e-005,0.028316
4.156e-005,0.031089
4.1564e-005,0.0330881
4.1568e-005,0.0351666
4.1572e-005,0.0372153
4.1576e-005,0.0389317
4.158e-005,0.0399139
4.1584e-005,0.0410846
4.1588e-005,0.042424
4.1592e-005,0.0420321
4.1596e-005,0.0432325
4.16e-005,0.0439865
4.1604e-005,0.0435302
4.1608e-005,0.0453408
4.1612e-005,0.0459361
4.1616e-005,0.046075
4.162e-005,0.0469927
4.1624e-005,0.0473399
4.1628e-005,0.0475483
4.1632e-005,0.0480443
4.1636e-005,0.0481534
4.164e-005,0.0475929
4.1644e-005,0.0488281
4.1648e-005,0.0490513
4.1652e-005,0.0486297
4.1656e-005,0.0494878
4.166e-005,0.0490464
4.1664e-005,0.0483519
4.1668e-005,0.0487785
4.1672e-005,0.0491555
4.1676e-005,0.0498053
4.168e-005,0.0494283
4.1684e-005,0.0499641
4.1688e-005,0.0498897
4.1692e-005,0.0503014
4.1696e-005,0.0505593
4.17e-005,0.0497607
4.1704e-005,0.0509215
4.1708e-005,0.0507677
4.1712e-005,0.049969
4.1716e-005,0.0504552
4.172e-005,0.0508818
4.1724e-005,0.0496664
4.1728e-005,0.0498698
4.1732e-005,0.0502171
4.1736e-005,0.0500037
4.174e-005,0.0495375
4.1744e-005,0.0511496
4.1748e-005,0.0504105
4.1752e-005,0.050103
4.1756e-005,0.0500831
4.176e-005,0.0497408
4.1764e-005,0.0501724
4.1768e-005,0.0497111
4.1772e-005,0.0497855
4.1776e-005,0.0497359
4.178e-005,0.0505792
4.1784e-005,0.0499789
4.1788e-005,0.0505693
4.1792e-005,0.0500335
4.1796e-005,0.0498053
4.18e-005,0.0503113
4.1804e-005,0.0502468
4.1808e-005,0.0503014
4.1812e-005,0.0501674
4.1816e-005,0.0505345
4.182e-005,0.0499244
4.1824e-005,0.0507181
4.1828e-005,0.0501377
4.1832e-005,0.050599
4.1836e-005,0.0505742
4.184e-005,0.0509859
4.1844e-005,0.0510008
4.1848e-005,0.0508074
4.1852e-005,0.0504304
4.1856e-005,0.0498152
4.186e-005,0.0504998
4.1864e-005,0.0507379
4.1868e-005,0.0499839
4.1872e-005,0.0510256
4.1876e-005,0.05111
4.188e-005,0.0504254
4.1884e-005,0.0499591
4.1888e-005,0.0514076
4.1892e-005,0.0498053
4.1896e-005,0.0502369
4.19e-005,0.0502915
4.1904e-005,0.0498797
4.1908e-005,0.0498847
4.1912e-005,0.0506089
4.1916e-005,0.0500881
4.192e-005,0.050351
4.1924e-005,0.0507578
4.1928e-005,0.0500434
4.1932e-005,0.0501674
4.1936e-005,0.0509413
4.194e-005,0.0501228
4.1944e-005,0.050222
4.1948e-005,0.0507974
4.1952e-005,0.050857
4.1956e-005,0.0507578
4.196e-005,0.0513778
4.1964e-005,0.0503163
4.1968e-005,0.0502468
4.1972e-005,0.0514423
4.1976e-005,0.0503063
4.198e-005,0.0508619
4.1984e-005,0.0507032
4.1988e-005,0.049969
4.1992e-005,0.05048
4.1996e-005,0.0507379
4.2e-005,0.0504403
4.2004e-005,0.0506238
4.2008e-005,0.0509959
4.2012e-005,0.0500286
4.2016e-005,0.050093
4.202e-005,0.050599
4.2024e-005,0.0501774
4.2028e-005,0.0508967
4.2032e-005,0.0504105
4.2036e-005,0.0499442
4.204e-005,0.0502022
4.2044e-005,0.0508719
4.2048e-005,0.0498053
4.2052e-005,0.0508917
4.2056e-005,0.0504849
4.206e-005,0.0504502
4.2064e-005,0.0502319
4.2068e-005,0.0509512
4.2072e-005,0.050227
4.2076e-005,0.0499591
4.208e-005,0.0509066
4.2084e-005,0.0498301
4.2088e-005,0.0503014
4.2092e-005,0.0500831
4.2096e-005,0.0500484
4.21e-005,0.0505643
4.2104e-005,0.0510157
4.2108e-005,0.04984
4.2112e-005,0.0502865
4.2116e-005,0.0515515
4.212e-005,0.0503113
4.2124e-005,0.050475
4.2128e-005,0.0509859
4.2132e-005,0.0506189
4.2136e-005,0.0504899
4.214e-005,0.0510207
4.2144e-005,0.0497805
4.2148e-005,0.050852
4.2152e-005,0.0505792
4.2156e-005,0.0501278
4.216e-005,0.0514324
4.2164e-005,0.0507082
4.2168e-005,0.0510653
4.2172e-005,0.0506486
4.2176e-005,0.0509611
4.218e-005,0.0510901
4.2184e-005,0.0507726
4.2188e-005,0.0507379
4.2192e-005,0.0501625
4.2196e-005,0.0503311
4.22e-005,0.0506585
4.2204e-005,0.0503411
4.2208e-005,0.0511844
4.2212e-005,0.0506536
4.2216e-005,0.049096
4.222e-005,0.0454698
4.2224e-005,0.0417692
4.2228e-005,0.0378453
4.2232e-005,0.0371955
4.2236e-005,0.0362728
4.224e-005,0.0360942
4.2244e-005,0.0277059
4.2248e-005,0.0222195
4.2252e-005,0.0191092
4.2256e-005,0.0191836
4.226e-005,0.017745
4.2264e-005,0.0181567
4.2268e-005,0.0129828
4.2272e-005,0.00294755
4.2276e-005,0.000244031
4.228e-005,-0.000321477
4.2284e-005,0.00039781
4.2288e-005,0.000258913
4.2292e-005,0.000199386
4.2296e-005,0.000948436
4.23e-005,-0.000490137
4.2304e-005,-0.00173029
4.2308e-005,0.00611737
4.2312e-005,0.0174573
4.2316e-005,0.019377
4.232e-005,0.0213067
4.2324e-005,0.0229139
4.2328e-005,0.0238118
4.2332e-005,0.0256125
4.2336e-005,0.0259895
4.234e-005,0.0269618
4.2344e-005,0.0272049
4.2348e-005,0.0277307
4.2352e-005,0.0285889
4.2356e-005,0.0292387
4.236e-005,0.0289559
4.2364e-005,0.0297248
4.2368e-005,0.0296157
4.2372e-005,0.0300969
4.2376e-005,0.0302804
4.238e-005,0.030717
4.2384e-005,0.0302606
4.2388e-005,0.0302159
4.2392e-005,0.0313668
4.2396e-005,0.0302259
4.24e-005,0.0303648
4.2404e-005,0.0311188
4.2408e-005,0.0305781
4.2412e-005,0.030335
4.2416e-005,0.0311039
4.242e-005,0.0307021
4.2424e-005,0.0305979
4.2428e-005,0.0306674
4.2432e-005,0.0303102
4.2436e-005,0.0308707
4.244e-005,0.0312477
4.2444e-005,0.0307616
4.2448e-005,0.0303598
4.2452e-005,0.0306029
4.2456e-005,0.0313668
4.246e-005,0.0307318
4.2464e-005,0.030464
4.2468e-005,0.0295909
4.2472e-005,0.0302903
4.2476e-005,0.0305185
4.248e-005,0.0299729
4.2484e-005,0.0305731
4.2488e-005,0.0303201
4.2492e-005,0.0300026
4.2496e-005,0.0296107
4.25e-005,0.0304044
4.2504e-005,0.0303747
4.2508e-005,0.02971
4.2512e-005,0.0302507
4.2516e-005,0.0299977
4.252e-005,0.0295959
4.2524e-005,0.030206
4.2528e-005,0.0300572
4.2532e-005,0.030087
4.2536e-005,0.0302507
4.254e-005,0.0301266
4.2544e-005,0.0301316
4.2548e-005,0.0296008
4.2552e-005,0.0293528
4.2556e-005,0.029953
4.256e-005,0.0299629
4.2564e-005,0.0300126
4.2568e-005,0.0302358
4.2572e-005,0.0299629
4.2576e-005,0.0298935
4.258e-005,0.0296554
4.2584e-005,0.0303052
4.2588e-005,0.0299729
4.2592e-005,0.0293677
4.2596e-005,0.0302358
4.26e-005,0.0297298
4.2604e-005,0.0300423
4.2608e-005,0.0302457
4.2612e-005,0.0289907
4.2616e-005,0.0298092
4.262e-005,0.029829
4.2624e-005,0.0293478
4.2628e-005,0.0299977
4.2632e-005,0.0296207
4.2636e-005,0.0293429
4.264e-005,0.030459
4.2644e-005,0.0302755
4.2648e-005,0.0295115
4.2652e-005,0.0297546
4.2656e-005,0.0300919
4.266e-005,0.0298489
4.2664e-005,0.0299233
4.2668e-005,0.0299629
4.2672e-005,0.0298389
4.2676e-005,0.0294619
4.268e-005,0.0298935
4.2684e-005,0.0290899
4.2688e-005,0.0294619
4.2692e-005,0.0307666
4.2696e-005,0.0292288
4.27e-005,0.0291544
4.2704e-005,0.0296008
4.2708e-005,0.0294173
4.2712e-005,0.0290651
4.2716e-005,0.029576
4.272e-005,0.0294222
4.2724e-005,0.0293082
4.2728e-005,0.0302209
4.2732e-005,0.0299133
4.2736e-005,0.0298389
4.274e-005,0.0297496
4.2744e-005,0.0294024
4.2748e-005,0.0295363
4.2752e-005,0.0291891
4.2756e-005,0.0296554
4.276e-005,0.0294917
4.2764e-005,0.0293181
4.2768e-005,0.0295413
4.2772e-005,0.0300126
4.2776e-005,0.0296802
4.278e-005,0.0293528
4.2784e-005,0.0299629
4.2788e-005,0.0299481
4.2792e-005,0.0295165
4.2796e-005,0.0296008
4.28e-005,0.0296852
4.2804e-005,0.0296008
4.2808e-005,0.0299183
4.2812e-005,0.0294768
4.2816e-005,0.0294421
4.282e-005,0.0297348
4.2824e-005,0.0297199
4.2828e-005,0.0301812
4.2832e-005,0.0298935
4.2836e-005,0.0297893
4.284e-005,0.0293776
4.2844e-005,0.0303697
4.2848e-005,0.0296951
4.2852e-005,0.0293875
4.2856e-005,0.0296058
4.286e-005,0.0297149
4.2864e-005,0.0291891
4.2868e-005,0.0294272
4.2872e-005,0.0298786
4.2876e-005,0.029328
4.288e-005,0.0296504
4.2884e-005,0.0299431
4.2888e-005,0.0301614
4.2892e-005,0.0294768
4.2896e-005,0.0299431
4.29e-005,0.0298241
4.2904e-005,0.0302903
4.2908e-005,0.0304342
4.2912e-005,0.0301763
4.2916e-005,0.0297992
4.292e-005,0.0301415
4.2924e-005,0.0293677
4.2928e-005,0.0298985
4.2932e-005,0.0298092
4.2936e-005,0.0289262
4.294e-005,0.0295363
4.2944e-005,0.0306475
4.2948e-005,0.0299332
4.2952e-005,0.0302705
4.2956e-005,0.0303747
4.296e-005,0.0299679
4.2964e-005,0.0302953
4.2968e-005,0.0305929
4.2972e-005,0.0296058
4.2976e-005,0.0300919
4.298e-005,0.0290601
4.2984e-005,0.0288468
4.2988e-005,0.0289907
4.2992e-005,0.0294272
4.2996e-005,0.0288865
4.3e-005,0.0292685
4.3004e-005,0.0288567
4.3008e-005,0.0288667
4.3012e-005,0.0250867
4.3016e-005,0.0207511
4.302e-005,0.0196152
4.3024e-005,0.0192133
4.3028e-005,0.0187024
4.3032e-005,0.018623
4.3036e-005,0.0117179
4.304e-005,0.00202984
4.3044e-005,0.000789697
4.3048e-005,-0.000172659
4.3052e-005,-0.000217304
4.3056e-005,-5.85651e-005
4.306e-005,-0.000361161
4.3064e-005,0.000353164
4.3068e-005,-0.000192501
4.3072e-005,-0.00154674
4.3076e-005,0.00643981
4.308e-005,0.0169364
4.3084e-005,0.0197144
4.3088e-005,0.0220458
4.3092e-005,0.0244517
4.3096e-005,0.0265749
4.31e-005,0.0272842
4.3104e-005,0.0289559
4.3108e-005,0.0308509
4.3112e-005,0.0313817
4.3116e-005,0.0317091
4.312e-005,0.033227
4.3124e-005,0.0340406
4.3128e-005,0.0345912
4.3132e-005,0.0351964
4.3136e-005,0.0356875
4.314e-005,0.036
4.3144e-005,0.0363324
4.3148e-005,0.0368483
4.3152e-005,0.0364316
4.3156e-005,0.0369623
4.316e-005,0.0368731
4.3164e-005,0.036625
4.3168e-005,0.0372997
4.3172e-005,0.0378701
4.3176e-005,0.0371905
4.318e-005,0.0380041
4.3184e-005,0.0377213
4.3188e-005,0.0377908
4.3192e-005,0.0380338
4.3196e-005,0.0382323
4.32e-005,0.0375675
4.3204e-005,0.0380388
4.3208e-005,0.0381727
4.3212e-005,0.0379495
4.3216e-005,0.0381182
4.322e-005,0.0386787
4.3224e-005,0.0374782
4.3228e-005,0.0374138
4.3232e-005,0.0380289
4.3236e-005,0.0372798
4.324e-005,0.0380239
4.3244e-005,0.0379594
4.3248e-005,0.0376271
4.3252e-005,0.0378999
4.3256e-005,0.037513
4.326e-005,0.036878
4.3264e-005,0.0380834
4.3268e-005,0.0379743
4.3272e-005,0.0374386
4.3276e-005,0.0373245
4.328e-005,0.0376568
4.3284e-005,0.0370566
4.3288e-005,0.0373989
4.3292e-005,0.0374584
4.3296e-005,0.0370715
4.33e-005,0.0372352
4.3304e-005,0.0379346
4.3308e-005,0.0370219
4.3312e-005,0.0374981
4.3316e-005,0.0380041
4.332e-005,0.037389
4.3324e-005,0.0375973
4.3328e-005,0.0381529
4.3332e-005,0.0374534
4.3336e-005,0.0377461
4.334e-005,0.0374782
4.3344e-005,0.0368185
4.3348e-005,0.0379594
4.3352e-005,0.0377461
4.3356e-005,0.037379
4.336e-005,0.0376023
4.3364e-005,0.0375179
4.3368e-005,0.037513
4.3372e-005,0.0371509
4.3376e-005,0.0379197
4.338e-005,0.0370616
4.3384e-005,0.0369177
4.3388e-005,0.0378602
4.3392e-005,0.0376618
4.3396e-005,0.0375576
4.34e-005,0.0373096
4.3404e-005,0.0371409
4.3408e-005,0.0372054
4.3412e-005,0.0374038
4.3416e-005,0.0375427
4.342e-005,0.0375923
4.3424e-005,0.0382025
4.3428e-005,0.0369524
4.3432e-005,0.0376519
4.3436e-005,0.0375427
4.344e-005,0.0368631
4.3444e-005,0.0369772
4.3448e-005,0.0374683
4.3452e-005,0.0368879
4.3456e-005,0.0373195
4.346e-005,0.0377015
4.3464e-005,0.0363671
4.3468e-005,0.0378404
4.3472e-005,0.0374882
4.3476e-005,0.0371757
4.348e-005,0.0376618
4.3484e-005,0.038396
4.3488e-005,0.0371459
4.3492e-005,0.0372005
4.3496e-005,0.0376122
4.35e-005,0.0369177
4.3504e-005,0.037136
4.3508e-005,0.0376965
4.3512e-005,0.0364316
4.3516e-005,0.0375527
4.352e-005,0.037513
4.3524e-005,0.0371409
4.3528e-005,0.0377808
4.3532e-005,0.0374485
4.3536e-005,0.0373443
4.354e-005,0.0375824
4.3544e-005,0.0374584
4.3548e-005,0.0367094
4.3552e-005,0.0366201
4.3556e-005,0.0375427
4.356e-005,0.0375279
4.3564e-005,0.0374981
4.3568e-005,0.0371112
4.3572e-005,0.0369723
4.3576e-005,0.0374534
4.358e-005,0.0374237
4.3584e-005,0.0361935
4.3588e-005,0.0372947
4.3592e-005,0.0369574
4.3596e-005,0.03663
4.36e-005,0.0370467
4.3604e-005,0.0374782
4.3608e-005,0.0370169
4.3612e-005,0.0372253
4.3616e-005,0.0382471
4.362e-005,0.0371062
4.3624e-005,0.0372798
4.3628e-005,0.0368433
4.3632e-005,0.0371112
4.3636e-005,0.036759
4.364e-005,0.037131
4.3644e-005,0.0370219
4.3648e-005,0.0370169
4.3652e-005,0.0374286
4.3656e-005,0.0374138
4.366e-005,0.0379991
4.3664e-005,0.0376668
4.3668e-005,0.0369772
4.3672e-005,0.0370219
4.3676e-005,0.0369227
4.368e-005,0.0365109
4.3684e-005,0.0377858
4.3688e-005,0.0361389
4.3692e-005,0.0362331
4.3696e-005,0.0365605
4.37e-005,0.0368334
4.3704e-005,0.0365407
4.3708e-005,0.0364911
4.3712e-005,0.037002
4.3716e-005,0.0371112
4.372e-005,0.0370715
4.3724e-005,0.0370368
4.3728e-005,0.0365754
4.3732e-005,0.0369723
4.3736e-005,0.0370566
4.374e-005,0.0365705
4.3744e-005,0.0371608
4.3748e-005,0.0370318
4.3752e-005,0.0363075
4.3756e-005,0.0350674
4.376e-005,0.0336586
4.3764e-005,0.0322845
4.3768e-005,0.0320018
4.3772e-005,0.0322151
4.3776e-005,0.0325325
4.378e-005,0.026183
4.3784e-005,0.0205527
4.3788e-005,0.0195655
4.3792e-005,0.019377
4.3796e-005,0.018251
4.38e-005,0.0183998
4.3804e-005,0.0110333
4.3808e-005,0.00259535
4.3812e-005,0.000596233
4.3816e-005,-0.000792733
4.382e-005,-0.000371082
4.3824e-005,-0.000614152
4.3828e-005,-0.000713363
4.3832e-005,-0.000361161
4.3836e-005,-0.000549664
4.384e-005,-0.00127391
4.3844e-005,0.00612234
4.3848e-005,0.0169612
4.3852e-005,0.0196152
4.3856e-005,0.0229933
4.386e-005,0.0262177
4.3864e-005,0.0285492
4.3868e-005,0.030588
4.3872e-005,0.0324581
4.3876e-005,0.0335991
4.388e-005,0.0348591
4.3884e-005,0.0361042
4.3888e-005,0.0373294
4.3892e-005,0.0385101
4.3896e-005,0.0384257
4.39e-005,0.0400131
4.3904e-005,0.0399337
4.3908e-005,0.0398593
4.3912e-005,0.0415311
4.3916e-005,0.0417543
4.392e-005,0.0410697
4.3924e-005,0.0422404
4.3928e-005,0.0425579
4.3932e-005,0.0422851
4.3936e-005,0.0424934
4.394e-005,0.0435153
4.3944e-005,0.0430093
4.3948e-005,0.0425877
4.3952e-005,0.0436244
4.3956e-005,0.0428506
4.396e-005,0.0438725
4.3964e-005,0.0439221
4.3968e-005,0.043173
4.3972e-005,0.0434607
4.3976e-005,0.0436641
4.398e-005,0.0433119
4.3984e-005,0.0436988
4.3988e-005,0.0441502
4.3992e-005,0.0435897
4.3996e-005,0.0437584
4.4e-005,0.0442842
4.4004e-005,0.0436889
4.4008e-005,0.0443487
4.4012e-005,0.0441651
4.4016e-005,0.0441651
4.402e-005,0.0443139
4.4024e-005,0.0443288
4.4028e-005,0.0439915
4.4032e-005,0.0443933
4.4036e-005,0.0443834
4.404e-005,0.0435798
4.4044e-005,0.043674
4.4048e-005,0.0450332
4.4052e-005,0.0434359
4.4056e-005,0.0439419
4.406e-005,0.0444032
4.4064e-005,0.0438973
4.4068e-005,0.0441602
4.4072e-005,0.0444082
4.4076e-005,0.0439617
4.408e-005,0.0443983
4.4084e-005,0.0440659
4.4088e-005,0.0436591
4.4092e-005,0.0437137
4.4096e-005,0.0442643
4.41e-005,0.0435699
4.4104e-005,0.04418
4.4108e-005,0.0440858
4.4112e-005,0.0433268
4.4116e-005,0.0440163
4.412e-005,0.0445769
4.4124e-005,0.0446066
4.4128e-005,0.0440659
4.4132e-005,0.0442247
4.4136e-005,0.0433665
4.414e-005,0.0441056
4.4144e-005,0.0444231
4.4148e-005,0.0433913
4.4152e-005,0.0449043
4.4156e-005,0.0445124
4.416e-005,0.0443983
4.4164e-005,0.0447009
4.4168e-005,0.0450233
4.4172e-005,0.0436889
4.4176e-005,0.0446612
4.418e-005,0.0450134
4.4184e-005,0.0436095
4.4188e-005,0.0446513
4.4192e-005,0.0444628
4.4196e-005,0.0438923
4.42e-005,0.0443388
4.4204e-005,0.0443784
4.4208e-005,0.0433516
4.4212e-005,0.0444132
4.4216e-005,0.0444578
4.422e-005,0.0438526
4.4224e-005,0.0438129
4.4228e-005,0.0443586
4.4232e-005,0.0439369
4.4236e-005,0.0445173
4.424e-005,0.0445818
4.4244e-005,0.0438427
4.4248e-005,0.0440114
4.4252e-005,0.0448695
4.4256e-005,0.0441453
4.426e-005,0.0438923
4.4264e-005,0.0447802
4.4268e-005,0.0438873
4.4272e-005,0.0445818
4.4276e-005,0.0449836
4.428e-005,0.0438675
4.4284e-005,0.0444578
4.4288e-005,0.0449588
4.4292e-005,0.043684
4.4296e-005,0.0440659
4.43e-005,0.044438
4.4304e-005,0.0441254
4.4308e-005,0.0443239
4.4312e-005,0.0434359
4.4316e-005,0.0439518
4.432e-005,0.0441502
4.4324e-005,0.0444975
4.4328e-005,0.0441701
4.4332e-005,0.0441205
4.4336e-005,0.0438923
4.434e-005,0.0432573
4.4344e-005,0.0437236
4.4348e-005,0.0444032
4.4352e-005,0.0436294
4.4356e-005,0.0441354
4.436e-005,0.0446612
4.4364e-005,0.0439171
4.4368e-005,0.0447802
4.4372e-005,0.0445372
4.4376e-005,0.0439419
4.438e-005,0.0442197
4.4384e-005,0.0442098
4.4388e-005,0.0438129
4.4392e-005,0.0449737
4.4396e-005,0.044805
4.44e-005,0.0435302
4.4404e-005,0.0446017
4.4408e-005,0.0446711
4.4412e-005,0.043932
4.4416e-005,0.0439369
4.442e-005,0.0450283
4.4424e-005,0.0433268
4.4428e-005,0.0444528
4.4432e-005,0.0444479
4.4436e-005,0.044061
4.444e-005,0.0439072
4.4444e-005,0.0445223
4.4448e-005,0.0440362
4.4452e-005,0.0446066
4.4456e-005,0.0449588
4.446e-005,0.0442594
4.4464e-005,0.0447554
4.4468e-005,0.044433
4.4472e-005,0.0438427
4.4476e-005,0.0444677
4.448e-005,0.0441354
4.4484e-005,0.0429349
4.4488e-005,0.0437187
4.4492e-005,0.0446364
4.4496e-005,0.0441304
4.45e-005,0.0441205
4.4504e-005,0.0441602
4.4508e-005,0.0441502
4.4512e-005,0.0452664
4.4516e-005,0.0446711
4.452e-005,0.0428109
4.4524e-005,0.0405836
4.4528e-005,0.0384803
4.4532e-005,0.0357569
4.4536e-005,0.0351815
4.454e-005,0.035241
4.4544e-005,0.0341695
4.4548e-005,0.0274182
4.4552e-005,0.0210785
4.4556e-005,0.0200269
4.456e-005,0.0196598
4.4564e-005,0.0187867
4.4568e-005,0.0183452
4.4572e-005,0.0117377
4.4576e-005,0.00263504
4.458e-005,0.000645839
4.4584e-005,-0.000743127
4.4588e-005,0.000105135
4.4592e-005,-0.000276831
4.4596e-005,-8.95912e-006
4.46e-005,0.000382928
4.4604e-005,-0.000256989
4.4608e-005,-0.000812575
4.4612e-005,0.00618682
4.4616e-005,0.0174573
4.462e-005,0.0216738
4.4624e-005,0.0247692
4.4628e-005,0.0287674
4.4632e-005,0.0309104
4.4636e-005,0.0327409
4.464e-005,0.035742
4.4644e-005,0.0374336
4.4648e-005,0.038391
4.4652e-005,0.0401173
4.4656e-005,0.0409804
4.466e-005,0.0421164
4.4664e-005,0.0424388
4.4668e-005,0.0439022
4.4672e-005,0.0444628
4.4676e-005,0.0442296
4.468e-005,0.0460005
4.4684e-005,0.0461642
4.4688e-005,0.0464916
4.4692e-005,0.0466107
4.4696e-005,0.0479104
4.47e-005,0.0471961
4.4704e-005,0.0484808
4.4708e-005,0.0489273
4.4712e-005,0.0476028
4.4716e-005,0.0487834
4.472e-005,0.0488082
4.4724e-005,0.048967
4.4728e-005,0.0494482
4.4732e-005,0.0493986
4.4736e-005,0.0487537
4.474e-005,0.0494829
4.4744e-005,0.0496019
4.4748e-005,0.0495275
4.4752e-005,0.0498549
4.4756e-005,0.0506834
4.476e-005,0.0493986
4.4764e-005,0.0504006
4.4768e-005,0.0506784
4.4772e-005,0.0499889
4.4776e-005,0.0499641
4.478e-005,0.0509463
4.4784e-005,0.0493688
4.4788e-005,0.0498946
4.4792e-005,0.050227
4.4796e-005,0.0499293
4.48e-005,0.0500583
4.4804e-005,0.0511298
4.4808e-005,0.0496416
4.4812e-005,0.0504552
4.4816e-005,0.0502419
4.482e-005,0.0498946
4.4824e-005,0.0503163
4.4828e-005,0.0503758
4.4832e-005,0.0499045
4.4836e-005,0.0507974
4.484e-005,0.0508222
4.4844e-005,0.050356
4.4848e-005,0.0504899
4.4852e-005,0.0505891
4.4856e-005,0.0497359
4.486e-005,0.0500434
4.4864e-005,0.0505544
4.4868e-005,0.050222
4.4872e-005,0.0504998
4.4876e-005,0.0507131
4.488e-005,0.050098
4.4884e-005,0.0503262
4.4888e-005,0.050981
4.4892e-005,0.0500782
4.4896e-005,0.0508322
4.49e-005,0.0513431
4.4904e-005,0.050346
4.4908e-005,0.0499293
4.4912e-005,0.0504254
4.4916e-005,0.0502815
4.492e-005,0.0501774
4.4924e-005,0.050599
4.4928e-005,0.0502121
4.4932e-005,0.0504056
4.4936e-005,0.0508074
4.494e-005,0.0501823
4.4944e-005,0.0499492
4.4948e-005,0.0503113
4.4952e-005,0.0493738
4.4956e-005,0.0496763
4.496e-005,0.0510008
4.4964e-005,0.0501178
4.4968e-005,0.0499591
4.4972e-005,0.0503311
4.4976e-005,0.0501476
4.498e-005,0.0504552
4.4984e-005,0.0503609
4.4988e-005,0.0498847
4.4992e-005,0.0504403
4.4996e-005,0.0501873
4.5e-005,0.0497012
4.5004e-005,0.0503808
4.5008e-005,0.0502865
4.5012e-005,0.0502071
4.5016e-005,0.0498946
4.502e-005,0.050351
4.5024e-005,0.0498599
4.5028e-005,0.0502121
4.5032e-005,0.0506387
4.5036e-005,0.0501526
4.504e-005,0.0502319
4.5044e-005,0.0503808
4.5048e-005,0.050098
4.5052e-005,0.0510058
4.5056e-005,0.0507429
4.506e-005,0.0507974
4.5064e-005,0.0513332
4.5068e-005,0.0507627
4.5072e-005,0.050093
4.5076e-005,0.0507429
4.508e-005,0.0508818
4.5084e-005,0.0499343
4.5088e-005,0.0501377
4.5092e-005,0.0508272
4.5096e-005,0.0498946
4.51e-005,0.0501972
4.5104e-005,0.0509711
4.5108e-005,0.0503857
4.5112e-005,0.0497805
4.5116e-005,0.0506536
4.512e-005,0.0497706
4.5124e-005,0.050728
4.5128e-005,0.0508024
4.5132e-005,0.0503014
4.5136e-005,0.05048
4.514e-005,0.0506387
4.5144e-005,0.0508421
4.5148e-005,0.0502518
4.5152e-005,0.0506933
4.5156e-005,0.0499839
4.516e-005,0.0505048
4.5164e-005,0.0507677
4.5168e-005,0.0504651
4.5172e-005,0.0496714
4.5176e-005,0.0500087
4.518e-005,0.0498202
4.5184e-005,0.0495672
4.5188e-005,0.0504502
4.5192e-005,0.0498996
4.5196e-005,0.0503758
4.52e-005,0.0502419
4.5204e-005,0.0502071
4.5208e-005,0.0506834
4.5212e-005,0.0509711
4.5216e-005,0.0500732
4.522e-005,0.050227
4.5224e-005,0.0504204
4.5228e-005,0.0497309
4.5232e-005,0.050356
4.5236e-005,0.0503758
4.524e-005,0.0496069
4.5244e-005,0.050098
4.5248e-005,0.0512538
4.5252e-005,0.0502319
4.5256e-005,0.0506337
4.526e-005,0.0510405
4.5264e-005,0.0494035
4.5268e-005,0.0503262
4.5272e-005,0.050351
4.5276e-005,0.0502766
4.528e-005,0.0501873
4.5284e-005,0.0502171
4.5288e-005,0.0491704
4.5292e-005,0.0449142
4.5296e-005,0.0415807
4.53e-005,0.0378602
4.5304e-005,0.0369623
4.5308e-005,0.036119
4.5312e-005,0.0358016
4.5316e-005,0.0280085
4.532e-005,0.0209198
4.5324e-005,0.0201311
4.5328e-005,0.0194961
4.5332e-005,0.0191538
4.5336e-005,0.0186131
4.534e-005,0.0123479
4.5344e-005,0.00293267
4.5348e-005,0.000814499
4.5352e-005,-0.000624073
4.5356e-005,0.000377967
4.536e-005,-0.000614152
4.5364e-005,-0.000862181
4.5368e-005,0.000229149
4.5372e-005,-0.000123053
4.5376e-005,-0.00126895
4.538e-005,0.00667296
4.5384e-005,0.016614
4.5388e-005,0.0183254
4.5392e-005,0.0206519
4.5396e-005,0.0233058
4.54e-005,0.0243228
4.5404e-005,0.0248139
4.5408e-005,0.0255927
4.5412e-005,0.0274529
4.5416e-005,0.0265699
4.542e-005,0.027562
4.5424e-005,0.0284946
4.5428e-005,0.0290948
4.5432e-005,0.0282218
4.5436e-005,0.029452
4.544e-005,0.0297199
4.5444e-005,0.0295661
4.5448e-005,0.0299431
4.5452e-005,0.0306078
4.5456e-005,0.0298836
4.546e-005,0.0301763
4.5464e-005,0.0307269
4.5468e-005,0.0302953
4.5472e-005,0.030707
4.5476e-005,0.0306674
4.548e-005,0.0306029
4.5484e-005,0.0302953
4.5488e-005,0.030841
4.5492e-005,0.0300076
4.5496e-005,0.029829
4.55e-005,0.0306971
4.5504e-005,0.0301366
4.5508e-005,0.0305582
4.5512e-005,0.0305731
4.5516e-005,0.0300572
4.552e-005,0.0306723
4.5524e-005,0.0302556
4.5528e-005,0.0301118
4.5532e-005,0.0302903
4.5536e-005,0.0309104
4.554e-005,0.0297496
4.5544e-005,0.0301118
4.5548e-005,0.0303102
4.5552e-005,0.0297199
4.5556e-005,0.0299034
4.556e-005,0.0305285
4.5564e-005,0.0295909
4.5568e-005,0.0300721
4.5572e-005,0.0302209
4.5576e-005,0.0296256
4.558e-005,0.0300423
4.5584e-005,0.0298439
4.5588e-005,0.029829
4.5592e-005,0.0301118
4.5596e-005,0.0298985
4.56e-005,0.0296703
4.5604e-005,0.0299878
4.5608e-005,0.0299481
4.5612e-005,0.0298836
4.5616e-005,0.0301663
4.562e-005,0.0301812
4.5624e-005,0.0296256
4.5628e-005,0.0293925
4.5632e-005,0.0298836
4.5636e-005,0.0296356
4.564e-005,0.0299629
4.5644e-005,0.0296356
4.5648e-005,0.0295909
4.5652e-005,0.029457
4.5656e-005,0.0301018
4.566e-005,0.0305334
4.5664e-005,0.0297645
4.5668e-005,0.0298141
4.5672e-005,0.0298588
4.5676e-005,0.0303995
4.568e-005,0.0302011
4.5684e-005,0.0297248
4.5688e-005,0.0303995
4.5692e-005,0.0301018
4.5696e-005,0.0296604
4.57e-005,0.0297744
4.5704e-005,0.0298141
4.5708e-005,0.0295363
4.5712e-005,0.0290204
4.5716e-005,0.0305632
4.572e-005,0.0297298
4.5724e-005,0.0299679
4.5728e-005,0.0308112
4.5732e-005,0.0295115
4.5736e-005,0.0304392
4.574e-005,0.0303995
4.5744e-005,0.0290403
4.5748e-005,0.0298439
4.5752e-005,0.0300274
4.5756e-005,0.0296653
4.576e-005,0.0300324
4.5764e-005,0.0303102
4.5768e-005,0.0298885
4.5772e-005,0.0295215
4.5776e-005,0.030464
4.578e-005,0.0299828
4.5784e-005,0.0301118
4.5788e-005,0.0299679
4.5792e-005,0.0298836
4.5796e-005,0.0301812
4.58e-005,0.0304937
4.5804e-005,0.029447
4.5808e-005,0.0300076
4.5812e-005,0.030082
4.5816e-005,0.0301366
4.582e-005,0.0299183
4.5824e-005,0.0305533
4.5828e-005,0.0298687
4.5832e-005,0.0295959
4.5836e-005,0.0300026
4.584e-005,0.0301266
4.5844e-005,0.0295165
4.5848e-005,0.0303251
4.5852e-005,0.0301167
4.5856e-005,0.0300126
4.586e-005,0.0300225
4.5864e-005,0.0299878
4.5868e-005,0.0296306
4.5872e-005,0.0300572
4.5876e-005,0.0295611
4.588e-005,0.0298737
4.5884e-005,0.030211
4.5888e-005,0.029958
4.5892e-005,0.0293032
4.5896e-005,0.0302159
4.59e-005,0.029199
4.5904e-005,0.0297992
4.5908e-005,0.0297794
4.5912e-005,0.0296604
4.5916e-005,0.0292982
4.592e-005,0.0295959
4.5924e-005,0.0294818
4.5928e-005,0.0290056
4.5932e-005,0.0293131
4.5936e-005,0.029199
4.594e-005,0.0290601
4.5944e-005,0.0293974
4.5948e-005,0.0297
4.5952e-005,0.0297794
4.5956e-005,0.0300572
4.596e-005,0.0296107
4.5964e-005,0.029204
4.5968e-005,0.0301217
4.5972e-005,0.0298985
4.5976e-005,0.0299233
4.598e-005,0.0295909
4.5984e-005,0.029576
4.5988e-005,0.0296901
4.5992e-005,0.0303697
4.5996e-005,0.0300671
4.6e-005,0.0300026
4.6004e-005,0.0301663
4.6008e-005,0.029581
4.6012e-005,0.0299381
4.6016e-005,0.0295066
4.602e-005,0.0301018
4.6024e-005,0.0300572
4.6028e-005,0.0297298
4.6032e-005,0.0297149
4.6036e-005,0.0299332
4.604e-005,0.0303648
4.6044e-005,0.0300671
4.6048e-005,0.0300374
4.6052e-005,0.0299332
4.6056e-005,0.0289361
4.606e-005,0.0295066
4.6064e-005,0.0286137
4.6068e-005,0.0288419
4.6072e-005,0.0286633
4.6076e-005,0.0288022
4.608e-005,0.0291097
4.6084e-005,0.0245113
4.6088e-005,0.0205378
4.6092e-005,0.0195556
4.6096e-005,0.0194961
4.61e-005,0.0189207
4.6104e-005,0.0187917
4.6108e-005,0.0118369
4.6112e-005,0.00247134
4.6116e-005,0.000616076
4.612e-005,-0.000554624
4.6124e-005,-0.000822497
4.6128e-005,-0.000643915
4.6132e-005,-0.000961393
4.6136e-005,-0.000152816
4.614e-005,-0.000594309
4.6144e-005,-0.000792733
4.6148e-005,0.00632076
4.6152e-005,0.0171993
4.6156e-005,0.0198384
4.616e-005,0.0218871
4.6164e-005,0.0242235
4.6168e-005,0.0265798
4.6172e-005,0.0279539
4.6176e-005,0.0290899
4.618e-005,0.0303052
4.6184e-005,0.0319472
4.6188e-005,0.0323242
4.6192e-005,0.0327508
4.6196e-005,0.0334502
4.62e-005,0.0346358
4.6204e-005,0.0351517
4.6208e-005,0.0354295
4.6212e-005,0.0352013
4.6216e-005,0.0364762
4.622e-005,0.0367094
4.6224e-005,0.0355585
4.6228e-005,0.0366846
4.6232e-005,0.0371558
4.6236e-005,0.0367342
4.624e-005,0.0364762
4.6244e-005,0.0375626
4.6248e-005,0.0368681
4.6252e-005,0.0369574
4.6256e-005,0.0373542
4.626e-005,0.0371608
4.6264e-005,0.0372352
4.6268e-005,0.03726
4.6272e-005,0.0368731
4.6276e-005,0.0376023
4.628e-005,0.037637
4.6284e-005,0.0376072
4.6288e-005,0.0375427
4.6292e-005,0.0378751
4.6296e-005,0.037513
4.63e-005,0.0377263
4.6304e-005,0.0373096
4.6308e-005,0.0377759
4.6312e-005,0.037885
4.6316e-005,0.0377312
4.632e-005,0.0380834
4.6324e-005,0.0383811
4.6328e-005,0.0379545
4.6332e-005,0.0377412
4.6336e-005,0.037513
4.634e-005,0.0380983
4.6344e-005,0.0376668
4.6348e-005,0.0372054
4.6352e-005,0.0386142
4.6356e-005,0.0374882
4.636e-005,0.0379346
4.6364e-005,0.0379495
4.6368e-005,0.0375725
4.6372e-005,0.0374187
4.6376e-005,0.0374088
4.638e-005,0.0371409
4.6384e-005,0.0378305
4.6388e-005,0.037766
4.6392e-005,0.0370715
4.6396e-005,0.0378751
4.64e-005,0.0378255
4.6404e-005,0.0373096
4.6408e-005,0.0373046
4.6412e-005,0.0381182
4.6416e-005,0.0368235
4.642e-005,0.0373344
4.6424e-005,0.0373344
4.6428e-005,0.0371409
4.6432e-005,0.0377213
4.6436e-005,0.0375626
4.644e-005,0.037131
4.6444e-005,0.0374485
4.6448e-005,0.0372848
4.6452e-005,0.0368929
4.6456e-005,0.0372054
4.646e-005,0.0381678
4.6464e-005,0.0373344
4.6468e-005,0.0366647
4.6472e-005,0.0369475
4.6476e-005,0.0374981
4.648e-005,0.0373741
4.6484e-005,0.0371707
4.6488e-005,0.0370913
4.6492e-005,0.0372352
4.6496e-005,0.0373394
4.65e-005,0.0370913
4.6504e-005,0.0373046
4.6508e-005,0.0373691
4.6512e-005,0.0369872
4.6516e-005,0.0380041
4.652e-005,0.0375973
4.6524e-005,0.0377312
4.6528e-005,0.0376618
4.6532e-005,0.037885
4.6536e-005,0.0373195
4.654e-005,0.0374237
4.6544e-005,0.0377114
4.6548e-005,0.0373294
4.6552e-005,0.0368433
4.6556e-005,0.0372699
4.656e-005,0.0369673
4.6564e-005,0.037131
4.6568e-005,0.0381479
4.6572e-005,0.0372352
4.6576e-005,0.037136
4.658e-005,0.0375725
4.6584e-005,0.037136
4.6588e-005,0.0370616
4.6592e-005,0.0380686
4.6596e-005,0.0369276
4.66e-005,0.0370566
4.6604e-005,0.0377164
4.6608e-005,0.0365209
4.6612e-005,0.0371757
4.6616e-005,0.0377362
4.662e-005,0.0371459
4.6624e-005,0.0372302
4.6628e-005,0.0371558
4.6632e-005,0.0374286
4.6636e-005,0.0371608
4.664e-005,0.0369227
4.6644e-005,0.0364762
4.6648e-005,0.0374733
4.6652e-005,0.0374634
4.6656e-005,0.0364514
4.666e-005,0.036749
4.6664e-005,0.0371211
4.6668e-005,0.0364365
4.6672e-005,0.0374237
4.6676e-005,0.0371161
4.668e-005,0.0372253
4.6684e-005,0.0377015
4.6688e-005,0.0379743
4.6692e-005,0.0367342
4.6696e-005,0.0374832
4.67e-005,0.0380834
4.6704e-005,0.0370814
4.6708e-005,0.0367639
4.6712e-005,0.0371409
4.6716e-005,0.0373294
4.672e-005,0.0379693
4.6724e-005,0.0372153
4.6728e-005,0.037126
4.6732e-005,0.0371856
4.6736e-005,0.0380487
4.674e-005,0.0373989
4.6744e-005,0.0375675
4.6748e-005,0.0375824
4.6752e-005,0.0371558
4.6756e-005,0.0377412
4.676e-005,0.0378801
4.6764e-005,0.0375477
4.6768e-005,0.0375427
4.6772e-005,0.0382471
4.6776e-005,0.0370219
4.678e-005,0.0379049
4.6784e-005,0.0376072
4.6788e-005,0.0370516
4.6792e-005,0.0373939
4.6796e-005,0.0375973
4.68e-005,0.0369822
4.6804e-005,0.0378801
4.6808e-005,0.0378801
4.6812e-005,0.0370814
4.6816e-005,0.0375874
4.682e-005,0.0367788
4.6824e-005,0.0365804
4.6828e-005,0.0350674
4.6832e-005,0.0340058
4.6836e-005,0.0321357
4.684e-005,0.0321456
4.6844e-005,0.0318629
4.6848e-005,0.031843
4.6852e-005,0.0256968
4.6856e-005,0.0208206
4.686e-005,0.0196896
4.6864e-005,0.0190496
4.6868e-005,0.0183353
4.6872e-005,0.0192233
4.6876e-005,0.0115988
4.688e-005,0.0023622
4.6884e-005,0.000730169
4.6888e-005,-0.000321477
4.6892e-005,-0.000167698
4.6896e-005,-0.000242107
4.69e-005,-0.000857221
4.6904e-005,-0.000177619
4.6908e-005,-0.00051494
4.6912e-005,-0.00135328
4.6916e-005,0.00614218
4.692e-005,0.0169116
4.6924e-005,0.0198582
4.6928e-005,0.0226362
4.6932e-005,0.0264211
4.6936e-005,0.0288518
4.694e-005,0.0303251
4.6944e-005,0.0317686
4.6948e-005,0.0333808
4.6952e-005,0.0351617
4.6956e-005,0.035747
4.696e-005,0.0368483
4.6964e-005,0.0381678
4.6968e-005,0.0388375
4.6972e-005,0.0391599
4.6976e-005,0.0404447
4.698e-005,0.0398345
4.6984e-005,0.0407126
4.6988e-005,0.0413773
4.6992e-005,0.0408961
4.6996e-005,0.0417989
4.7e-005,0.0425281
4.7004e-005,0.0420618
4.7008e-005,0.0426075
4.7012e-005,0.0433913
4.7016e-005,0.0425629
4.702e-005,0.0429101
4.7024e-005,0.0433516
4.7028e-005,0.0430936
4.7032e-005,0.0431879
4.7036e-005,0.0446017
4.704e-005,0.0430738
4.7044e-005,0.0441354
4.7048e-005,0.0444776
4.7052e-005,0.0433318
4.7056e-005,0.0440213
4.706e-005,0.0442991
4.7064e-005,0.0438675
4.7068e-005,0.0438725
4.7072e-005,0.0439369
4.7076e-005,0.0441106
4.708e-005,0.0436393
4.7084e-005,0.044304
4.7088e-005,0.0437137
4.7092e-005,0.0445025
4.7096e-005,0.0446413
4.71e-005,0.0437732
4.7104e-005,0.0436641
4.7108e-005,0.0436095
4.7112e-005,0.0433962
4.7116e-005,0.0441552
4.712e-005,0.0447455
4.7124e-005,0.043927
4.7128e-005,0.0440064
4.7132e-005,0.0445818
4.7136e-005,0.0440808
4.714e-005,0.0441403
4.7144e-005,0.0443834
4.7148e-005,0.043679
4.7152e-005,0.0432623
4.7156e-005,0.0440808
4.716e-005,0.0436294
4.7164e-005,0.0438725
4.7168e-005,0.0443288
4.7172e-005,0.0440758
4.7176e-005,0.0436095
4.718e-005,0.0451027
4.7184e-005,0.0437435
4.7188e-005,0.0440312
4.7192e-005,0.0442991
4.7196e-005,0.0438328
4.72e-005,0.0435649
4.7204e-005,0.0442544
4.7208e-005,0.0438179
4.7212e-005,0.0443239
4.7216e-005,0.0444032
4.722e-005,0.0436641
4.7224e-005,0.043808
4.7228e-005,0.0446215
4.7232e-005,0.0434756
4.7236e-005,0.043932
4.724e-005,0.0436046
4.7244e-005,0.0436492
4.7248e-005,0.0437236
4.7252e-005,0.0445421
4.7256e-005,0.0438179
4.726e-005,0.0444429
4.7264e-005,0.0442346
4.7268e-005,0.0436641
4.7272e-005,0.0439518
4.7276e-005,0.0444925
4.728e-005,0.0442594
4.7284e-005,0.0444032
4.7288e-005,0.0445273
4.7292e-005,0.0444677
4.7296e-005,0.0444231
4.73e-005,0.0444876
4.7304e-005,0.0436145
4.7308e-005,0.0440659
4.7312e-005,0.0442891
4.7316e-005,0.0439717
4.732e-005,0.0440808
4.7324e-005,0.044805
4.7328e-005,0.043674
4.7332e-005,0.0446066
4.7336e-005,0.0441899
4.734e-005,0.0439915
4.7344e-005,0.0435649
4.7348e-005,0.0443884
4.7352e-005,0.0431829
4.7356e-005,0.0440213
4.736e-005,0.0437236
4.7364e-005,0.0436145
4.7368e-005,0.043684
4.7372e-005,0.0442792
4.7376e-005,0.0430887
4.738e-005,0.0440163
4.7384e-005,0.0444677
4.7388e-005,0.0437832
4.7392e-005,0.0439072
4.7396e-005,0.0450779
4.74e-005,0.0440758
4.7404e-005,0.0440163
4.7408e-005,0.0447703
4.7412e-005,0.0446562
4.7416e-005,0.0440659
4.742e-005,0.0450828
4.7424e-005,0.0431284
4.7428e-005,0.0445521
4.7432e-005,0.0449043
4.7436e-005,0.0435351
4.744e-005,0.0439072
4.7444e-005,0.0441403
4.7448e-005,0.0440262
4.7452e-005,0.0443586
4.7456e-005,0.0444876
4.746e-005,0.0430936
4.7464e-005,0.0441354
4.7468e-005,0.0445421
4.7472e-005,0.0430044
4.7476e-005,0.0437236
4.748e-005,0.0436889
4.7484e-005,0.0437236
4.7488e-005,0.0441354
4.7492e-005,0.0441552
4.7496e-005,0.0433714
4.75e-005,0.0438576
4.7504e-005,0.0441949
4.7508e-005,0.0438973
4.7512e-005,0.0448745
4.7516e-005,0.0446463
4.752e-005,0.0442098
4.7524e-005,0.0437236
4.7528e-005,0.0441751
4.7532e-005,0.0437038
4.7536e-005,0.0439121
4.754e-005,0.0452961
4.7544e-005,0.0441949
4.7548e-005,0.0448497
4.7552e-005,0.0442098
4.7556e-005,0.0440163
4.756e-005,0.0447505
4.7564e-005,0.0446562
4.7568e-005,0.0440163
4.7572e-005,0.043932
4.7576e-005,0.04418
4.758e-005,0.0442098
4.7584e-005,0.0450481
4.7588e-005,0.0441701
4.7592e-005,0.0426373
4.7596e-005,0.0401719
4.76e-005,0.0374336
4.7604e-005,0.0358165
4.7608e-005,0.0345515
4.7612e-005,0.034239
4.7616e-005,0.0345713
4.762e-005,0.0272297
4.7624e-005,0.0213018
4.7628e-005,0.0195358
4.7632e-005,0.0191141
4.7636e-005,0.018251
4.764e-005,0.0185734
4.7644e-005,0.01271
4.7648e-005,0.00216874
4.7652e-005,0.000561509
4.7656e-005,-0.000817536
4.766e-005,-0.000792733
4.7664e-005,-0.000703442
4.7668e-005,-4.36833e-005
4.7672e-005,0.000368046
4.7676e-005,-0.00111021
4.768e-005,-0.00129375
4.7684e-005,0.00658367
4.7688e-005,0.0167132
4.7692e-005,0.0204882
4.7696e-005,0.0243178
4.77e-005,0.0282218
4.7704e-005,0.0309402
4.7708e-005,0.0320514
4.7712e-005,0.0349533
4.7716e-005,0.0367292
4.772e-005,0.0382075
4.7724e-005,0.0387134
4.7728e-005,0.0408217
4.7732e-005,0.0412731
4.7736e-005,0.0418436
4.774e-005,0.0435649
4.7744e-005,0.0439419
4.7748e-005,0.0435351
4.7752e-005,0.045564
4.7756e-005,0.0460303
4.776e-005,0.0449687
4.7764e-005,0.0468786
4.7768e-005,0.0475433
4.7772e-005,0.0471713
4.7776e-005,0.0476921
4.778e-005,0.0481931
4.7784e-005,0.0476623
4.7788e-005,0.048466
4.7792e-005,0.0488727
4.7796e-005,0.0486346
4.78e-005,0.0486991
4.7804e-005,0.0491505
4.7808e-005,0.0492349
4.7812e-005,0.0489075
4.7816e-005,0.0493043
4.782e-005,0.0497656
4.7824e-005,0.0490811
4.7828e-005,0.0499641
4.7832e-005,0.0492051
4.7836e-005,0.0495275
4.784e-005,0.0492001
4.7844e-005,0.049349
4.7848e-005,0.0493638
4.7852e-005,0.0500385
4.7856e-005,0.0493192
4.786e-005,0.0500087
4.7864e-005,0.0500335
4.7868e-005,0.0496565
4.7872e-005,0.0499393
4.7876e-005,0.0502964
4.788e-005,0.0496813
4.7884e-005,0.0494829
4.7888e-005,0.0502319
4.7892e-005,0.0497012
4.7896e-005,0.0501526
4.79e-005,0.0499591
4.7904e-005,0.050093
4.7908e-005,0.0499095
4.7912e-005,0.0497458
4.7916e-005,0.0500484
4.792e-005,0.0507528
4.7924e-005,0.051353
4.7928e-005,0.0497557
4.7932e-005,0.0504849
4.7936e-005,0.0506982
4.794e-005,0.0499442
4.7944e-005,0.0506734
4.7948e-005,0.0504353
4.7952e-005,0.0501774
4.7956e-005,0.0503857
4.796e-005,0.0502567
4.7964e-005,0.0498301
4.7968e-005,0.0498599
4.7972e-005,0.0508371
4.7976e-005,0.0492101
4.798e-005,0.0507925
4.7984e-005,0.0502567
4.7988e-005,0.0500881
4.7992e-005,0.05048
4.7996e-005,0.0509463
4.8e-005,0.0498748
4.8004e-005,0.0501972
4.8008e-005,0.0503708
4.8012e-005,0.0499293
4.8016e-005,0.0505345
4.802e-005,0.0506288
4.8024e-005,0.0493291
4.8028e-005,0.050475
4.8032e-005,0.0506585
4.8036e-005,0.0503857
4.804e-005,0.0502369
4.8044e-005,0.0500434
4.8048e-005,0.0496714
4.8052e-005,0.0501476
4.8056e-005,0.0506685
4.806e-005,0.0500037
4.8064e-005,0.0499442
4.8068e-005,0.0510306
4.8072e-005,0.0495325
4.8076e-005,0.0501873
4.808e-005,0.0503808
4.8084e-005,0.0494333
4.8088e-005,0.0501327
4.8092e-005,0.0502518
4.8096e-005,0.0499839
4.81e-005,0.0498301
4.8104e-005,0.0497706
4.8108e-005,0.0495424
4.8112e-005,0.050103
4.8116e-005,0.0499789
4.812e-005,0.0494035
4.8124e-005,0.0502121
4.8128e-005,0.0503212
4.8132e-005,0.0499839
4.8136e-005,0.0496962
4.814e-005,0.0506189
4.8144e-005,0.0493241
4.8148e-005,0.0495176
4.8152e-005,0.0502121
4.8156e-005,0.0498748
4.816e-005,0.0500385
4.8164e-005,0.0502964
4.8168e-005,0.0493738
4.8172e-005,0.0495722
4.8176e-005,0.050103
4.818e-005,0.0496019
4.8184e-005,0.0499045
4.8188e-005,0.0503857
4.8192e-005,0.0502468
4.8196e-005,0.0506337
4.82e-005,0.0504353
4.8204e-005,0.05048
4.8208e-005,0.0506139
4.8212e-005,0.0510604
4.8216e-005,0.0501278
4.822e-005,0.0501476
4.8224e-005,0.0505097
4.8228e-005,0.0491753
4.8232e-005,0.0497656
4.8236e-005,0.0503262
4.824e-005,0.0502121
4.8244e-005,0.0500186
4.8248e-005,0.0505792
4.8252e-005,0.0495672
4.8256e-005,0.0496466
4.826e-005,0.0502716
4.8264e-005,0.0500037
4.8268e-005,0.0503163
4.8272e-005,0.0503411
4.8276e-005,0.0502865
4.828e-005,0.0493539
4.8284e-005,0.0504502
4.8288e-005,0.0490464
4.8292e-005,0.049344
4.8296e-005,0.0496863
4.83e-005,0.0494581
4.8304e-005,0.0490315
4.8308e-005,0.0499393
4.8312e-005,0.050098
4.8316e-005,0.050227
4.832e-005,0.0501873
4.8324e-005,0.0496763
4.8328e-005,0.049726
4.8332e-005,0.0504254
4.8336e-005,0.0501327
4.834e-005,0.049974
4.8344e-005,0.0500534
4.8348e-005,0.0494878
4.8352e-005,0.0512141
4.8356e-005,0.0502766
4.836e-005,0.0486396
4.8364e-005,0.0448298
4.8368e-005,0.0410598
4.8372e-005,0.0378801
4.8376e-005,0.0366349
4.838e-005,0.0348392
4.8384e-005,0.0339463
4.8388e-005,0.0274827
4.8392e-005,0.0212918
4.8396e-005,0.0192183
4.84e-005,0.0185784
4.8404e-005,0.0185288
4.8408e-005,0.0187222
4.8412e-005,0.0127646
4.8416e-005,0.00248622
4.842e-005,0.000779775
4.8424e-005,-0.000371082
4.8428e-005,-0.000237146
4.8432e-005,-0.000113132
4.8436e-005,-0.000366122
4.844e-005,0.000606155
4.8444e-005,-0.000331398
4.8448e-005,-0.000703442
4.8452e-005,0.00644973
4.8456e-005,0.017244
4.846e-005,0.0193076
4.8464e-005,0.0206519
4.8468e-005,0.0221947
4.8472e-005,0.0236878
4.8476e-005,0.024918
4.848e-005,0.0249924
4.8484e-005,0.0266542
4.8488e-005,0.027314
4.8492e-005,0.0271602
4.8496e-005,0.0283607
4.85e-005,0.028445
4.8504e-005,0.0289163
4.8508e-005,0.0292139
4.8512e-005,0.0295066
4.8516e-005,0.0301068
4.852e-005,0.0293528
4.8524e-005,0.0295611
4.8528e-005,0.0295413
4.8532e-005,0.030087
4.8536e-005,0.0304739
4.854e-005,0.0297645
4.8544e-005,0.0305285
4.8548e-005,0.030717
4.8552e-005,0.0295363
4.8556e-005,0.029576
4.856e-005,0.0308211
4.8564e-005,0.0303995
4.8568e-005,0.0302507
4.8572e-005,0.0309501
4.8576e-005,0.0307418
4.858e-005,0.0301217
4.8584e-005,0.0307963
4.8588e-005,0.0302903
4.8592e-005,0.0301713
4.8596e-005,0.0309154
4.86e-005,0.0303201
4.8604e-005,0.0298786
4.8608e-005,0.0300423
4.8612e-005,0.0306674
4.8616e-005,0.0304292
4.862e-005,0.0302507
4.8624e-005,0.0304739
4.8628e-005,0.0299183
4.8632e-005,0.0295165
4.8636e-005,0.0294222
4.864e-005,0.029323
4.8644e-005,0.0303052
4.8648e-005,0.0298836
4.8652e-005,0.0298836
4.8656e-005,0.0297348
4.866e-005,0.0292883
4.8664e-005,0.0295512
4.8668e-005,0.0295859
4.8672e-005,0.02971
4.8676e-005,0.0291494
4.868e-005,0.0300324
4.8684e-005,0.0291494
4.8688e-005,0.0289857
4.8692e-005,0.0298588
4.8696e-005,0.0288865
4.87e-005,0.0291643
4.8704e-005,0.0296604
4.8708e-005,0.0293776
4.8712e-005,0.0297744
4.8716e-005,0.030335
4.872e-005,0.0294222
4.8724e-005,0.0292189
4.8728e-005,0.0301316
4.8732e-005,0.0298389
4.8736e-005,0.0291841
4.874e-005,0.0301018
4.8744e-005,0.0293032
4.8748e-005,0.0298737
4.8752e-005,0.0298737
4.8756e-005,0.0295463
4.876e-005,0.0293925
4.8764e-005,0.0298985
4.8768e-005,0.0297149
4.8772e-005,0.0290452
4.8776e-005,0.0300473
4.878e-005,0.0294024
4.8784e-005,0.0298786
4.8788e-005,0.0297546
4.8792e-005,0.0294768
4.8796e-005,0.0295115
4.88e-005,0.02971
4.8804e-005,0.0300225
4.8808e-005,0.0296455
4.8812e-005,0.0294074
4.8816e-005,0.0295066
4.882e-005,0.0296356
4.8824e-005,0.029705
4.8828e-005,0.0296107
4.8832e-005,0.0293181
4.8836e-005,0.0299332
4.884e-005,0.0290899
4.8844e-005,0.0293429
4.8848e-005,0.0298637
4.8852e-005,0.0293082
4.8856e-005,0.0296207
4.886e-005,0.0302705
4.8864e-005,0.0295314
4.8868e-005,0.0290155
4.8872e-005,0.0295215
4.8876e-005,0.0293379
4.888e-005,0.0291296
4.8884e-005,0.0299878
4.8888e-005,0.0297596
4.8892e-005,0.0291494
4.8896e-005,0.0296752
4.89e-005,0.0293082
4.8904e-005,0.0295413
4.8908e-005,0.0291296
4.8912e-005,0.0297794
4.8916e-005,0.0295413
4.892e-005,0.029705
4.8924e-005,0.0292189
4.8928e-005,0.0295413
4.8932e-005,0.030211
4.8936e-005,0.0295314
4.894e-005,0.0291742
4.8944e-005,0.0292982
4.8948e-005,0.0296107
4.8952e-005,0.0295115
4.8956e-005,0.0299233
4.896e-005,0.02971
4.8964e-005,0.0292685
4.8968e-005,0.0294669
4.8972e-005,0.0293379
4.8976e-005,0.0296107
4.898e-005,0.0304144
4.8984e-005,0.0296157
4.8988e-005,0.0299431
4.8992e-005,0.0300622
4.8996e-005,0.0292288
4.9e-005,0.0292238
4.9004e-005,0.0293429
4.9008e-005,0.0293429
4.9012e-005,0.0292486
4.9016e-005,0.0296058
4.902e-005,0.0289361
4.9024e-005,0.0294768
4.9028e-005,0.0292784
4.9032e-005,0.0289262
4.9036e-005,0.0291494
4.904e-005,0.0292833
4.9044e-005,0.0285988
4.9048e-005,0.0287377
4.9052e-005,0.0294123
4.9056e-005,0.0293528
4.906e-005,0.0290899
4.9064e-005,0.029581
4.9068e-005,0.0295562
4.9072e-005,0.0291643
4.9076e-005,0.0296008
4.908e-005,0.0294619
4.9084e-005,0.0290899
4.9088e-005,0.0297794
4.9092e-005,0.0292734
4.9096e-005,0.0288419
4.91e-005,0.0300622
4.9104e-005,0.029328
4.9108e-005,0.0296901
4.9112e-005,0.0295463
4.9116e-005,0.0290006
4.912e-005,0.0296852
4.9124e-005,0.0294719
4.9128e-005,0.0294074
4.9132e-005,0.0291196
4.9136e-005,0.0287774
4.914e-005,0.0279787
4.9144e-005,0.0280333
4.9148e-005,0.0283706
4.9152e-005,0.0280134
4.9156e-005,0.0235191
4.916e-005,0.0199574
4.9164e-005,0.0196896
4.9168e-005,0.0189951
4.9172e-005,0.0189107
4.9176e-005,0.018251
4.918e-005,0.0113954
4.9184e-005,0.00231756
4.9188e-005,0.000452376
4.9192e-005,-0.000629033
4.9196e-005,-0.000668718
4.92e-005,-0.000142895
4.9204e-005,-0.00059927
4.9208e-005,-0.000480216
4.9212e-005,-0.000718324
4.9216e-005,-0.00115982
4.922e-005,0.00507069
4.9224e-005,0.0170158
4.9228e-005,0.0191687
4.9232e-005,0.0218474
4.9236e-005,0.0238912
4.924e-005,0.0261879
4.9244e-005,0.0276315
4.9248e-005,0.0286484
4.9252e-005,0.030077
4.9256e-005,0.0305781
4.926e-005,0.0313519
4.9264e-005,0.0328599
4.9268e-005,0.033991
4.9272e-005,0.0338669
4.9276e-005,0.0347152
4.928e-005,0.0352361
4.9284e-005,0.0352509
4.9288e-005,0.0355039
4.9292e-005,0.0361141
4.9296e-005,0.0359256
4.93e-005,0.0363324
4.9304e-005,0.0371211
4.9308e-005,0.0369375
4.9312e-005,0.0369574
4.9316e-005,0.0370268
4.932e-005,0.0369872
4.9324e-005,0.0374485
4.9328e-005,0.0376469
4.9332e-005,0.0367044
4.9336e-005,0.0369475
4.934e-005,0.0374485
4.9344e-005,0.0367143
4.9348e-005,0.0369822
4.9352e-005,0.0377312
4.9356e-005,0.0367292
4.936e-005,0.0371856
4.9364e-005,0.0379545
4.9368e-005,0.0373989
4.9372e-005,0.0369921
4.9376e-005,0.0372054
4.938e-005,0.0368036
4.9384e-005,0.0372104
4.9388e-005,0.0368135
4.9392e-005,0.0365953
4.9396e-005,0.0369375
4.94e-005,0.0372401
4.9404e-005,0.0368631
4.9408e-005,0.0375328
4.9412e-005,0.0370715
4.9416e-005,0.0368879
4.942e-005,0.0369127
4.9424e-005,0.0372153
4.9428e-005,0.0368135
4.9432e-005,0.0372054
4.9436e-005,0.0374336
4.944e-005,0.0366846
4.9444e-005,0.0372451
4.9448e-005,0.0370516
4.9452e-005,0.0366498
4.9456e-005,0.0371509
4.946e-005,0.0378999
4.9464e-005,0.0373642
4.9468e-005,0.0369276
4.9472e-005,0.0372203
4.9476e-005,0.0369921
4.948e-005,0.0370715
4.9484e-005,0.0372253
4.9488e-005,0.0365655
4.9492e-005,0.0373344
4.9496e-005,0.0367887
4.95e-005,0.0370665
4.9504e-005,0.0365705
4.9508e-005,0.0371657
4.9512e-005,0.0361687
4.9516e-005,0.0372451
4.952e-005,0.0368383
4.9524e-005,0.037002
4.9528e-005,0.0371757
4.9532e-005,0.0376271
4.9536e-005,0.0370616
4.954e-005,0.0375378
4.9544e-005,0.0370417
4.9548e-005,0.0370864
4.9552e-005,0.0369872
4.9556e-005,0.0376023
4.956e-005,0.0365903
4.9564e-005,0.037012
4.9568e-005,0.0363125
4.9572e-005,0.0365853
4.9576e-005,0.0371012
4.958e-005,0.0377957
4.9584e-005,0.0371856
4.9588e-005,0.0370318
4.9592e-005,0.0377213
4.9596e-005,0.0369772
4.96e-005,0.0367639
4.9604e-005,0.0375923
4.9608e-005,0.036754
4.9612e-005,0.0373542
4.9616e-005,0.037136
4.962e-005,0.036883
4.9624e-005,0.0364961
4.9628e-005,0.0373592
4.9632e-005,0.0367094
4.9636e-005,0.0373592
4.964e-005,0.0373344
4.9644e-005,0.0369921
4.9648e-005,0.0366101
4.9652e-005,0.0368334
4.9656e-005,0.0366201
4.966e-005,0.0366349
4.9664e-005,0.0369326
4.9668e-005,0.0362629
4.9672e-005,0.0365457
4.9676e-005,0.037632
4.968e-005,0.036253
4.9684e-005,0.0360744
4.9688e-005,0.0371112
4.9692e-005,0.0365853
4.9696e-005,0.0371112
4.97e-005,0.0363621
4.9704e-005,0.0365903
4.9708e-005,0.0361637
4.9712e-005,0.0365705
4.9716e-005,0.0362232
4.972e-005,0.0365159
4.9724e-005,0.0365209
4.9728e-005,0.0366846
4.9732e-005,0.0369574
4.9736e-005,0.0370516
4.974e-005,0.0366945
4.9744e-005,0.0366994
4.9748e-005,0.0370814
4.9752e-005,0.0367342
4.9756e-005,0.0364812
4.976e-005,0.0374138
4.9764e-005,0.0366449
4.9768e-005,0.0366151
4.9772e-005,0.0371211
4.9776e-005,0.0368731
4.978e-005,0.0369524
4.9784e-005,0.0372352
4.9788e-005,0.0366994
4.9792e-005,0.0369028
4.9796e-005,0.0367391
4.98e-005,0.036
4.9804e-005,0.0370665
4.9808e-005,0.0375923
4.9812e-005,0.037012
4.9816e-005,0.0365655
4.982e-005,0.0373542
4.9824e-005,0.0371856
4.9828e-005,0.0366945
4.9832e-005,0.0376419
4.9836e-005,0.0368235
4.984e-005,0.037255
4.9844e-005,0.0370814
4.9848e-005,0.0366846
4.9852e-005,0.0372302
4.9856e-005,0.0368582
4.986e-005,0.0369723
4.9864e-005,0.0367094
4.9868e-005,0.0370665
4.9872e-005,0.0365357
4.9876e-005,0.0377808
4.988e-005,0.0368631
4.9884e-005,0.0369723
4.9888e-005,0.0369276
4.9892e-005,0.0368086
4.9896e-005,0.0360942
4.99e-005,0.0347995
4.9904e-005,0.0332022
4.9908e-005,0.0323391
4.9912e-005,0.0327558
4.9916e-005,0.0320861
4.992e-005,0.0315702
4.9924e-005,0.0259994
4.9928e-005,0.0200715
4.9932e-005,0.0193274
4.9936e-005,0.0191637
4.994e-005,0.0186677
4.9944e-005,0.0183105
4.9948e-005,0.0119808
4.9952e-005,0.00227291
4.9956e-005,0.000442455
4.996e-005,-0.000619112
4.9964e-005,-0.000703442
4.9968e-005,-0.000261949
4.9972e-005,-0.000276831
4.9976e-005,-0.000128013
4.998e-005,-0.000460373
4.9984e-005,-0.00176997
4.9988e-005,0.00626123
4.9992e-005,0.0168124
4.9996e-005,0.0196896
5e-005,0.0226362
5.0004e-005,0.0265501
5.0008e-005,0.0287873
5.0012e-005,0.030335
5.0016e-005,0.0323688
5.002e-005,0.0340306
5.0024e-005,0.0352658
5.0028e-005,0.0357222
5.0032e-005,0.0379793
5.0036e-005,0.0385398
5.004e-005,0.0388176
5.0044e-005,0.039775
5.0048e-005,0.0401867
5.0052e-005,0.0403306
5.0056e-005,0.0408812
5.006e-005,0.0422603
5.0064e-005,0.0419626
5.0068e-005,0.042677
5.0072e-005,0.0435203
5.0076e-005,0.0424091
5.008e-005,0.0432722
5.0084e-005,0.0432375
5.0088e-005,0.0426373
5.0092e-005,0.0437832
5.0096e-005,0.0437236
5.01e-005,0.0429151
5.0104e-005,0.0436939
5.0108e-005,0.0441999
5.0112e-005,0.0438228
5.0116e-005,0.0440163
5.012e-005,0.0444727
5.0124e-005,0.0442098
5.0128e-005,0.0444132
5.0132e-005,0.0440858
5.0136e-005,0.0435401
5.014e-005,0.0443388
5.0144e-005,0.044051
5.0148e-005,0.0432177
5.0152e-005,0.0449439
5.0156e-005,0.0446364
5.016e-005,0.0438179
5.0164e-005,0.0442147
5.0168e-005,0.0447257
5.0172e-005,0.0438576
5.0176e-005,0.0447406
5.018e-005,0.0444776
5.0184e-005,0.0442743
5.0188e-005,0.0442991
5.0192e-005,0.0439915
5.0196e-005,0.0433268
5.02e-005,0.0442842
5.0204e-005,0.0445769
5.0208e-005,0.0442594
5.0212e-005,0.0445322
5.0216e-005,0.0440362
5.022e-005,0.0438675
5.0224e-005,0.0437584
5.0228e-005,0.0443437
5.0232e-005,0.0434607
5.0236e-005,0.0441751
5.024e-005,0.0442594
5.0244e-005,0.0433665
5.0248e-005,0.0439369
5.0252e-005,0.0449489
5.0256e-005,0.0436046
5.026e-005,0.0441155
5.0264e-005,0.0438625
5.0268e-005,0.0437137
5.0272e-005,0.0439667
5.0276e-005,0.0435401
5.028e-005,0.0432524
5.0284e-005,0.0447703
5.0288e-005,0.0440461
5.0292e-005,0.0438824
5.0296e-005,0.0436691
5.03e-005,0.0443437
5.0304e-005,0.0434706
5.0308e-005,0.0441949
5.0312e-005,0.0441403
5.0316e-005,0.0438278
5.032e-005,0.0440758
5.0324e-005,0.0441701
5.0328e-005,0.0434359
5.0332e-005,0.0438129
5.0336e-005,0.0439717
5.034e-005,0.0438873
5.0344e-005,0.0437286
5.0348e-005,0.044304
5.0352e-005,0.0432623
5.0356e-005,0.0436641
5.036e-005,0.0436542
5.0364e-005,0.0434905
5.0368e-005,0.0442643
5.0372e-005,0.0444727
5.0376e-005,0.043803
5.038e-005,0.0445173
5.0384e-005,0.0447852
5.0388e-005,0.0439568
5.0392e-005,0.0450977
5.0396e-005,0.0442098
5.04e-005,0.043803
5.0404e-005,0.0445223
5.0408e-005,0.0449291
5.0412e-005,0.0438179
5.0416e-005,0.0446413
5.042e-005,0.0450283
5.0424e-005,0.0433615
5.0428e-005,0.044304
5.0432e-005,0.0448497
5.0436e-005,0.0438328
5.044e-005,0.0450084
5.0444e-005,0.0449489
5.0448e-005,0.044934
5.0452e-005,0.0446463
5.0456e-005,0.0452317
5.046e-005,0.0440014
5.0464e-005,0.0443834
5.0468e-005,0.0446761
5.0472e-005,0.0437782
5.0476e-005,0.0441701
5.048e-005,0.0444181
5.0484e-005,0.0444231
5.0488e-005,0.0446364
5.0492e-005,0.0453805
5.0496e-005,0.0437782
5.05e-005,0.0441999
5.0504e-005,0.0454598
5.0508e-005,0.0435054
5.0512e-005,0.0446711
5.0516e-005,0.044934
5.052e-005,0.0439221
5.0524e-005,0.0442842
5.0528e-005,0.0445372
5.0532e-005,0.0434954
5.0536e-005,0.0438576
5.054e-005,0.0442941
5.0544e-005,0.0444975
5.0548e-005,0.0444727
5.0552e-005,0.0445868
5.0556e-005,0.0432821
5.056e-005,0.0447108
5.0564e-005,0.044939
5.0568e-005,0.0438377
5.0572e-005,0.0448745
5.0576e-005,0.0444032
5.058e-005,0.0439965
5.0584e-005,0.0441304
5.0588e-005,0.04418
5.0592e-005,0.0443288
5.0596e-005,0.0445818
5.06e-005,0.0447802
5.0604e-005,0.0437683
5.0608e-005,0.0443189
5.0612e-005,0.0448547
5.0616e-005,0.0445223
5.062e-005,0.0441701
5.0624e-005,0.044438
5.0628e-005,0.0450332
5.0632e-005,0.0440411
5.0636e-005,0.0450432
5.064e-005,0.043932
5.0644e-005,0.0441999
5.0648e-005,0.0444132
5.0652e-005,0.0437584
5.0656e-005,0.0450977
5.066e-005,0.0441502
5.0664e-005,0.0436095
5.0668e-005,0.0408515
5.0672e-005,0.0376816
5.0676e-005,0.0359454
5.068e-005,0.0348789
5.0684e-005,0.0348839
5.0688e-005,0.0334304
5.0692e-005,0.0272892
5.0696e-005,0.0211976
5.07e-005,0.0191737
5.0704e-005,0.0193076
5.0708e-005,0.018633
5.0712e-005,0.0187123
5.0716e-005,0.012328
5.072e-005,0.00277393
5.0724e-005,0.000551588
5.0728e-005,-0.000901866
5.0732e-005,0.000224189
5.0736e-005,-0.00034628
5.074e-005,-0.000326437
5.0744e-005,0.000492061
5.0748e-005,3.07256e-005
5.0752e-005,-0.00115982
5.0756e-005,0.00559651
5.076e-005,0.0169761
5.0764e-005,0.0211083
5.0768e-005,0.0245708
5.0772e-005,0.0282912
5.0776e-005,0.0305384
5.078e-005,0.0339066
5.0784e-005,0.0352361
5.0788e-005,0.0367044
5.0792e-005,0.0387531
5.0796e-005,0.0393236
5.08e-005,0.0413177
5.0804e-005,0.0418436
5.0808e-005,0.041794
5.0812e-005,0.0435401
5.0816e-005,0.0441602
5.082e-005,0.0440362
5.0824e-005,0.0454301
5.0828e-005,0.0465313
5.0832e-005,0.046075
5.0836e-005,0.0465859
5.084e-005,0.0477318
5.0844e-005,0.0464172
5.0848e-005,0.0478409
5.0852e-005,0.0480146
5.0856e-005,0.0479649
5.086e-005,0.0485751
5.0864e-005,0.0486495
5.0868e-005,0.0484511
5.0872e-005,0.0491704
5.0876e-005,0.0496962
5.088e-005,0.0489868
5.0884e-005,0.0494035
5.0888e-005,0.0499244
5.0892e-005,0.0490364
5.0896e-005,0.0495424
5.09e-005,0.0494432
5.0904e-005,0.0496317
5.0908e-005,0.0497557
5.0912e-005,0.0496615
5.0916e-005,0.0491108
5.092e-005,0.0494978
5.0924e-005,0.0488727
5.0928e-005,0.049974
5.0932e-005,0.050346
5.0936e-005,0.0498996
5.094e-005,0.0496565
5.0944e-005,0.0499194
5.0948e-005,0.0503212
5.0952e-005,0.0493589
5.0956e-005,0.0494531
5.096e-005,0.0499492
5.0964e-005,0.049473
5.0968e-005,0.049974
5.0972e-005,0.0507875
5.0976e-005,0.0500782
5.098e-005,0.0506089
5.0984e-005,0.0504651
5.0988e-005,0.0496218
5.0992e-005,0.0495821
5.0996e-005,0.0503411
5.1e-005,0.0500286
5.1004e-005,0.0502121
5.1008e-005,0.0501873
5.1012e-005,0.0497607
5.1016e-005,0.049473
5.102e-005,0.0502716
5.1024e-005,0.0502865
5.1028e-005,0.0504006
5.1032e-005,0.049845
5.1036e-005,0.0495771
5.104e-005,0.0501774
5.1044e-005,0.0509413
5.1048e-005,0.0497061
5.1052e-005,0.0498599
5.1056e-005,0.0505891
5.106e-005,0.0493291
5.1064e-005,0.0499541
5.1068e-005,0.0505197
5.1072e-005,0.0497904
5.1076e-005,0.049974
5.108e-005,0.050723
5.1084e-005,0.049726
5.1088e-005,0.0494878
5.1092e-005,0.0502419
5.1096e-005,0.0501873
5.11e-005,0.0501178
5.1104e-005,0.0505296
5.1108e-005,0.049473
5.1112e-005,0.0500682
5.1116e-005,0.0500782
5.112e-005,0.0493886
5.1124e-005,0.0492646
5.1128e-005,0.0505445
5.1132e-005,0.0495325
5.1136e-005,0.050098
5.114e-005,0.0498004
5.1144e-005,0.0494928
5.1148e-005,0.0498252
5.1152e-005,0.0504155
5.1156e-005,0.049215
5.116e-005,0.0499541
5.1164e-005,0.0502121
5.1168e-005,0.0498549
5.1172e-005,0.0499244
5.1176e-005,0.0499244
5.118e-005,0.0496515
5.1184e-005,0.0502071
5.1188e-005,0.0495375
5.1192e-005,0.0501129
5.1196e-005,0.0500236
5.12e-005,0.0503659
5.1204e-005,0.0495424
5.1208e-005,0.0497458
5.1212e-005,0.0501823
5.1216e-005,0.0498599
5.122e-005,0.0502369
5.1224e-005,0.0502518
5.1228e-005,0.04922
5.1232e-005,0.0504105
5.1236e-005,0.0499293
5.124e-005,0.0499095
5.1244e-005,0.0508619
5.1248e-005,0.0502815
5.1252e-005,0.0495474
5.1256e-005,0.0501724
5.126e-005,0.050346
