Time,Ampl
4.126e-005,0.0134293
4.1264e-005,0.0144164
4.1268e-005,0.0137517
4.1272e-005,0.0134987
4.1276e-005,0.013211
4.128e-005,0.0131416
4.1284e-005,0.0137914
4.1288e-005,0.0129183
4.1292e-005,0.0125959
4.1296e-005,0.0132706
4.13e-005,0.0129283
4.1304e-005,0.0129332
4.1308e-005,0.0128787
4.1312e-005,0.0124322
4.1316e-005,0.0131961
4.132e-005,0.0136178
4.1324e-005,0.0131961
4.1328e-005,0.0127993
4.1332e-005,0.0131614
4.1336e-005,0.0133648
4.134e-005,0.013469
4.1344e-005,0.0133102
4.1348e-005,0.0135682
4.1352e-005,0.0134739
4.1356e-005,0.013345
4.136e-005,0.0138162
4.1364e-005,0.0143916
4.1368e-005,0.0137964
4.1372e-005,0.0138708
4.1376e-005,0.0126753
4.138e-005,0.0142627
4.1384e-005,0.0131465
4.1388e-005,0.0132755
4.1392e-005,0.0132358
4.1396e-005,0.012968
4.14e-005,0.0136823
4.1404e-005,0.0136575
4.1408e-005,0.0133152
4.1412e-005,0.0136228
4.1416e-005,0.0140841
4.142e-005,0.0135434
4.1424e-005,0.0138609
4.1428e-005,0.0139948
4.1432e-005,0.0137468
4.1436e-005,0.0132854
4.144e-005,0.0142577
4.1444e-005,0.0138509
4.1448e-005,0.0146694
4.1452e-005,0.0138261
4.1456e-005,0.0136525
4.146e-005,0.0134739
4.1464e-005,0.0142081
4.1468e-005,0.0134194
4.1472e-005,0.0140543
4.1476e-005,0.0137964
4.148e-005,0.0139105
4.1484e-005,0.0133152
4.1488e-005,0.0136327
4.1492e-005,0.0128638
4.1496e-005,0.0135335
4.15e-005,0.0132706
4.1504e-005,0.0139105
4.1508e-005,0.0134144
4.1512e-005,0.013717
4.1516e-005,0.0130374
4.152e-005,0.0128241
4.1524e-005,0.0131515
4.1528e-005,0.0130672
4.1532e-005,0.013717
4.1536e-005,0.01397
4.154e-005,0.0130027
4.1544e-005,0.013469
4.1548e-005,0.0141932
4.1552e-005,0.0130225
4.1556e-005,0.0137368
4.156e-005,0.013712
4.1564e-005,0.0131763
4.1568e-005,0.0133698
4.1572e-005,0.013345
4.1576e-005,0.0131862
4.158e-005,0.0139154
4.1584e-005,0.0135136
4.1588e-005,0.0137865
4.1592e-005,0.0140742
4.1596e-005,0.013722
4.16e-005,0.0144363
4.1604e-005,0.0139452
4.1608e-005,0.0135384
4.1612e-005,0.013975
4.1616e-005,0.0135483
4.162e-005,0.0139849
4.1624e-005,0.0134739
4.1628e-005,0.0137368
4.1632e-005,0.014218
4.1636e-005,0.0128043
4.164e-005,0.0131912
4.1644e-005,0.0137716
4.1648e-005,0.0136178
4.1652e-005,0.0126306
4.1656e-005,0.0140841
4.166e-005,0.0133202
4.1664e-005,0.0133499
4.1668e-005,0.0129233
4.1672e-005,0.0130076
4.1676e-005,0.0134293
4.168e-005,0.0133152
4.1684e-005,0.0133846
4.1688e-005,0.0131069
4.1692e-005,0.0131317
4.1696e-005,0.0129779
4.17e-005,0.0138609
4.1704e-005,0.0134045
4.1708e-005,0.0130374
4.1712e-005,0.0130076
4.1716e-005,0.0133202
4.172e-005,0.0127447
4.1724e-005,0.0135235
4.1728e-005,0.0135831
4.1732e-005,0.0134144
4.1736e-005,0.0130324
4.174e-005,0.0138361
4.1744e-005,0.0128737
4.1748e-005,0.0134293
4.1752e-005,0.0138113
4.1756e-005,0.0134591
4.176e-005,0.0135632
4.1764e-005,0.0134789
4.1768e-005,0.0134442
4.1772e-005,0.0131267
4.1776e-005,0.013335
4.178e-005,0.0135583
4.1784e-005,0.0134343
4.1788e-005,0.0131217
4.1792e-005,0.0127398
4.1796e-005,0.0131813
4.18e-005,0.0128737
4.1804e-005,0.0133152
4.1808e-005,0.013345
4.1812e-005,0.0137716
4.1816e-005,0.0130771
4.182e-005,0.013975
4.1824e-005,0.0130572
4.1828e-005,0.01271
4.1832e-005,0.0131217
4.1836e-005,0.0140543
4.184e-005,0.0130027
4.1844e-005,0.0129382
4.1848e-005,0.0131069
4.1852e-005,0.012834
4.1856e-005,0.0136724
4.186e-005,0.0130275
4.1864e-005,0.0130473
4.1868e-005,0.013469
4.1872e-005,0.0133747
4.1876e-005,0.0130126
4.188e-005,0.0133549
4.1884e-005,0.0129531
4.1888e-005,0.0131317
4.1892e-005,0.0130176
4.1896e-005,0.0132904
4.19e-005,0.014094
4.1904e-005,0.0150464
4.1908e-005,0.0154731
4.1912e-005,0.015602
4.1916e-005,0.0164106
4.192e-005,0.0159344
4.1924e-005,0.0163957
4.1928e-005,0.0180724
4.1932e-005,0.0183502
4.1936e-005,0.0183998
4.194e-005,0.0177252
4.1944e-005,0.0180476
4.1948e-005,0.0104083
4.1952e-005,0.00213898
4.1956e-005,0.00073513
4.196e-005,-0.000539743
4.1964e-005,-0.000569506
4.1968e-005,2.08044e-005
4.1972e-005,-0.000172659
4.1976e-005,-0.00051494
4.198e-005,-0.000237146
4.1984e-005,-0.00102588
4.1988e-005,0.00618186
4.1992e-005,0.0156268
4.1996e-005,0.0174573
4.2e-005,0.0182163
4.2004e-005,0.0189455
4.2008e-005,0.0190348
4.2012e-005,0.018881
4.2016e-005,0.0194465
4.202e-005,0.0205279
4.2024e-005,0.0201211
4.2028e-005,0.0203493
4.2032e-005,0.0210488
4.2036e-005,0.0199971
4.204e-005,0.0207313
4.2044e-005,0.0208057
4.2048e-005,0.0203592
4.2052e-005,0.0208999
4.2056e-005,0.021024
4.206e-005,0.0203444
4.2064e-005,0.020518
4.2068e-005,0.0210636
4.2072e-005,0.0207859
4.2076e-005,0.0207759
4.208e-005,0.0208206
4.2084e-005,0.0205775
4.2088e-005,0.020518
4.2092e-005,0.020895
4.2096e-005,0.0202948
4.21e-005,0.0202799
4.2104e-005,0.0212521
4.2108e-005,0.0200021
4.2112e-005,0.0204386
4.2116e-005,0.0210091
4.212e-005,0.0199574
4.2124e-005,0.0211232
4.2128e-005,0.021024
4.2132e-005,0.0203592
4.2136e-005,0.0210934
4.214e-005,0.0209942
4.2144e-005,0.0201112
4.2148e-005,0.0207263
4.2152e-005,0.0213067
4.2156e-005,0.0200666
4.216e-005,0.02089
4.2164e-005,0.0204783
4.2168e-005,0.0198632
4.2172e-005,0.0207313
4.2176e-005,0.0205626
4.218e-005,0.0202898
4.2184e-005,0.0205081
4.2188e-005,0.0201707
4.2192e-005,0.0207313
4.2196e-005,0.0208851
4.22e-005,0.0208007
4.2204e-005,0.020771
4.2208e-005,0.0208851
4.2212e-005,0.0209595
4.2216e-005,0.0209694
4.222e-005,0.0216143
4.2224e-005,0.0206718
4.2228e-005,0.0209793
4.2232e-005,0.0206966
4.2236e-005,0.0217036
4.224e-005,0.020265
4.2244e-005,0.0210835
4.2248e-005,0.0210587
4.2252e-005,0.0206767
4.2256e-005,0.0202848
4.226e-005,0.0209198
4.2264e-005,0.0210636
4.2268e-005,0.0212571
4.2272e-005,0.0214456
4.2276e-005,0.0213414
4.228e-005,0.0208603
4.2284e-005,0.0212869
4.2288e-005,0.0209744
4.2292e-005,0.0204485
4.2296e-005,0.022031
4.23e-005,0.0208404
4.2304e-005,0.0210934
4.2308e-005,0.0212422
4.2312e-005,0.0209446
4.2316e-005,0.0213166
4.232e-005,0.0212769
4.2324e-005,0.0209942
4.2328e-005,0.0215597
4.2332e-005,0.0212521
4.2336e-005,0.0211579
4.234e-005,0.0215051
4.2344e-005,0.0210686
4.2348e-005,0.0208999
4.2352e-005,0.0216242
4.2356e-005,0.0217085
4.236e-005,0.0207958
4.2364e-005,0.0208851
4.2368e-005,0.0214605
4.2372e-005,0.0212769
4.2376e-005,0.021014
4.238e-005,0.0217631
4.2384e-005,0.0211331
4.2388e-005,0.0213712
4.2392e-005,0.0211629
4.2396e-005,0.0206817
4.24e-005,0.0208999
4.2404e-005,0.0210587
4.2408e-005,0.0210438
4.2412e-005,0.0207759
4.2416e-005,0.0204287
4.242e-005,0.0206321
4.2424e-005,0.0205279
4.2428e-005,0.0212323
4.2432e-005,0.0210438
4.2436e-005,0.0205577
4.244e-005,0.0213216
4.2444e-005,0.0209496
4.2448e-005,0.0210488
4.2452e-005,0.0212075
4.2456e-005,0.0207263
4.246e-005,0.0213662
4.2464e-005,0.0214109
4.2468e-005,0.0207958
4.2472e-005,0.0210388
4.2476e-005,0.0209843
4.248e-005,0.0207114
4.2484e-005,0.0211827
4.2488e-005,0.0212075
4.2492e-005,0.0211232
4.2496e-005,0.0207313
4.25e-005,0.0208255
4.2504e-005,0.0206767
4.2508e-005,0.0210636
4.2512e-005,0.0212621
4.2516e-005,0.0206618
4.252e-005,0.0205577
4.2524e-005,0.0214903
4.2528e-005,0.0209644
4.2532e-005,0.0209644
4.2536e-005,0.02152
4.254e-005,0.021391
4.2544e-005,0.0210934
4.2548e-005,0.0210934
4.2552e-005,0.0210041
4.2556e-005,0.0210736
4.256e-005,0.0214158
4.2564e-005,0.0208801
4.2568e-005,0.0211232
4.2572e-005,0.0212869
4.2576e-005,0.0211579
4.258e-005,0.0210835
4.2584e-005,0.0211877
4.2588e-005,0.0209198
4.2592e-005,0.0211232
4.2596e-005,0.0217333
4.26e-005,0.0209545
4.2604e-005,0.0210339
4.2608e-005,0.0210537
4.2612e-005,0.0208404
4.2616e-005,0.0214357
4.262e-005,0.0209247
4.2624e-005,0.020637
4.2628e-005,0.0211529
4.2632e-005,0.0212025
4.2636e-005,0.0207561
4.264e-005,0.020761
4.2644e-005,0.0211579
4.2648e-005,0.0208057
4.2652e-005,0.0209396
4.2656e-005,0.0220161
4.266e-005,0.020642
4.2664e-005,0.0203146
4.2668e-005,0.0215002
4.2672e-005,0.0210884
4.2676e-005,0.022026
4.268e-005,0.0224675
4.2684e-005,0.0221252
4.2688e-005,0.0221599
4.2692e-005,0.0208751
4.2696e-005,0.0192977
4.27e-005,0.0193671
4.2704e-005,0.0186478
4.2708e-005,0.0180476
4.2712e-005,0.0180526
4.2716e-005,0.0105968
4.272e-005,0.00254575
4.2724e-005,0.00124607
4.2728e-005,-0.000554624
4.2732e-005,-0.000663758
4.2736e-005,-8.3368e-005
4.274e-005,0.000348204
4.2744e-005,-0.000748088
4.2748e-005,0.000288677
4.2752e-005,-0.00103084
4.2756e-005,0.00675729
4.276e-005,0.0162767
4.2764e-005,0.0187619
4.2768e-005,0.0204981
4.2772e-005,0.0227552
4.2776e-005,0.0239408
4.278e-005,0.0237176
4.2784e-005,0.0256621
4.2788e-005,0.0267782
4.2792e-005,0.0267386
4.2796e-005,0.0271602
4.28e-005,0.0282615
4.2804e-005,0.0283954
4.2808e-005,0.0289857
4.2812e-005,0.0295115
4.2816e-005,0.0295264
4.282e-005,0.0297
4.2824e-005,0.0302606
4.2828e-005,0.0302556
4.2832e-005,0.0299233
4.2836e-005,0.0305681
4.284e-005,0.0302705
4.2844e-005,0.0302804
4.2848e-005,0.0307963
4.2852e-005,0.0306525
4.2856e-005,0.0304739
4.286e-005,0.030841
4.2864e-005,0.0311336
4.2868e-005,0.0302804
4.2872e-005,0.0303201
4.2876e-005,0.0307021
4.288e-005,0.0312477
4.2884e-005,0.0310196
4.2888e-005,0.0301763
4.2892e-005,0.0309799
4.2896e-005,0.0308211
4.29e-005,0.0300274
4.2904e-005,0.0306822
4.2908e-005,0.0301366
4.2912e-005,0.0302159
4.2916e-005,0.0303251
4.292e-005,0.0301713
4.2924e-005,0.0302953
4.2928e-005,0.03033
4.2932e-005,0.0306177
4.2936e-005,0.0297645
4.294e-005,0.0292536
4.2944e-005,0.0302755
4.2948e-005,0.0303003
4.2952e-005,0.0297546
4.2956e-005,0.03033
4.296e-005,0.0301118
4.2964e-005,0.0308311
4.2968e-005,0.030707
4.2972e-005,0.0300423
4.2976e-005,0.0300374
4.298e-005,0.0297992
4.2984e-005,0.0295016
4.2988e-005,0.0307269
4.2992e-005,0.0308757
4.2996e-005,0.0296107
4.3e-005,0.0302655
4.3004e-005,0.0310146
4.3008e-005,0.0302259
4.3012e-005,0.030077
4.3016e-005,0.0302407
4.302e-005,0.0301564
4.3024e-005,0.030087
4.3028e-005,0.0306922
4.3032e-005,0.0300324
4.3036e-005,0.0297348
4.304e-005,0.0299481
4.3044e-005,0.0304491
4.3048e-005,0.0300572
4.3052e-005,0.0307467
4.3056e-005,0.0300671
4.306e-005,0.0299977
4.3064e-005,0.0305632
4.3068e-005,0.0304441
4.3072e-005,0.0300225
4.3076e-005,0.0302953
4.308e-005,0.0302903
4.3084e-005,0.0301862
4.3088e-005,0.0304491
4.3092e-005,0.0296802
4.3096e-005,0.0299282
4.31e-005,0.0301018
4.3104e-005,0.03034
4.3108e-005,0.030087
4.3112e-005,0.030588
4.3116e-005,0.0300225
4.312e-005,0.0297298
4.3124e-005,0.0293925
4.3128e-005,0.0297149
4.3132e-005,0.0299381
4.3136e-005,0.0295066
4.314e-005,0.0296306
4.3144e-005,0.0304888
4.3148e-005,0.0300274
4.3152e-005,0.0294272
4.3156e-005,0.0300572
4.316e-005,0.0300522
4.3164e-005,0.0296852
4.3168e-005,0.0298439
4.3172e-005,0.0295463
4.3176e-005,0.0294669
4.318e-005,0.0301564
4.3184e-005,0.0305781
4.3188e-005,0.0298836
4.3192e-005,0.0298985
4.3196e-005,0.0302556
4.32e-005,0.028946
4.3204e-005,0.0300423
4.3208e-005,0.0299629
4.3212e-005,0.0296653
4.3216e-005,0.0295363
4.322e-005,0.0296256
4.3224e-005,0.0292139
4.3228e-005,0.0298439
4.3232e-005,0.0301465
4.3236e-005,0.0299679
4.324e-005,0.029953
4.3244e-005,0.0295264
4.3248e-005,0.02908
4.3252e-005,0.0292437
4.3256e-005,0.0300026
4.326e-005,0.0297447
4.3264e-005,0.0297248
4.3268e-005,0.0298737
4.3272e-005,0.0291494
4.3276e-005,0.0300423
4.328e-005,0.0299084
4.3284e-005,0.0291345
4.3288e-005,0.0300274
4.3292e-005,0.0299084
4.3296e-005,0.0293925
4.33e-005,0.030583
4.3304e-005,0.0299233
4.3308e-005,0.0294719
4.3312e-005,0.0298389
4.3316e-005,0.0304441
4.332e-005,0.0298786
4.3324e-005,0.0297844
4.3328e-005,0.0300126
4.3332e-005,0.0300919
4.3336e-005,0.0296107
4.334e-005,0.0301515
4.3344e-005,0.029452
4.3348e-005,0.0300126
4.3352e-005,0.0300076
4.3356e-005,0.0296455
4.336e-005,0.0299977
4.3364e-005,0.0304094
4.3368e-005,0.0300175
4.3372e-005,0.0298836
4.3376e-005,0.0299381
4.338e-005,0.0296703
4.3384e-005,0.0291097
4.3388e-005,0.0304094
4.3392e-005,0.0298042
4.3396e-005,0.0295562
4.34e-005,0.0303697
4.3404e-005,0.0299729
4.3408e-005,0.0300473
4.3412e-005,0.0303747
4.3416e-005,0.0302259
4.342e-005,0.030588
4.3424e-005,0.0306773
4.3428e-005,0.0294719
4.3432e-005,0.0298141
4.3436e-005,0.0299828
4.344e-005,0.0294818
4.3444e-005,0.0282714
4.3448e-005,0.0288171
4.3452e-005,0.0289063
4.3456e-005,0.0293925
4.346e-005,0.0245658
4.3464e-005,0.020766
4.3468e-005,0.0193721
4.3472e-005,0.0190893
4.3476e-005,0.0187074
4.348e-005,0.0185089
4.3484e-005,0.011827
4.3488e-005,0.00269953
4.3492e-005,0.000645839
4.3496e-005,-0.000252028
4.35e-005,-0.00109533
4.3504e-005,0.000685524
4.3508e-005,6.54498e-005
4.3512e-005,-0.000490137
4.3516e-005,-0.000485176
4.352e-005,-0.00115486
4.3524e-005,0.00565604
4.3528e-005,0.0163759
4.3532e-005,0.0205874
4.3536e-005,0.0224228
4.354e-005,0.025429
4.3544e-005,0.0271602
4.3548e-005,0.0281474
4.3552e-005,0.0300423
4.3556e-005,0.0318133
4.356e-005,0.0326466
4.3564e-005,0.0340852
4.3568e-005,0.0348094
4.3572e-005,0.0353502
4.3576e-005,0.0367143
4.358e-005,0.0378007
4.3584e-005,0.0376717
4.3588e-005,0.0376816
4.3592e-005,0.0385547
4.3596e-005,0.0389863
4.36e-005,0.038639
4.3604e-005,0.0395518
4.3608e-005,0.0395815
4.3612e-005,0.039775
4.3616e-005,0.0400082
4.362e-005,0.039393
4.3624e-005,0.0400528
4.3628e-005,0.0400627
4.3632e-005,0.0394575
4.3636e-005,0.0400875
4.364e-005,0.0403604
4.3644e-005,0.0397353
4.3648e-005,0.0405439
4.3652e-005,0.0406977
4.3656e-005,0.0395518
4.366e-005,0.0408366
4.3664e-005,0.040911
4.3668e-005,0.0397502
4.3672e-005,0.0402661
4.3676e-005,0.040663
4.368e-005,0.0403256
4.3684e-005,0.0402661
4.3688e-005,0.0403604
4.3692e-005,0.0399685
4.3696e-005,0.0402959
4.37e-005,0.0408118
4.3704e-005,0.0400578
4.3708e-005,0.0409358
4.3712e-005,0.0408366
4.3716e-005,0.0401074
4.372e-005,0.0407076
4.3724e-005,0.04103
4.3728e-005,0.0398643
4.3732e-005,0.0403356
4.3736e-005,0.0400974
4.374e-005,0.0399486
4.3744e-005,0.0400032
4.3748e-005,0.0401768
4.3752e-005,0.0397155
4.3756e-005,0.0403951
4.376e-005,0.0408316
4.3764e-005,0.0400776
4.3768e-005,0.0403455
4.3772e-005,0.0405786
4.3776e-005,0.0398941
4.378e-005,0.0400379
4.3784e-005,0.0410102
4.3788e-005,0.0401123
4.3792e-005,0.0404596
4.3796e-005,0.0406729
4.38e-005,0.0392641
4.3804e-005,0.0402215
4.3808e-005,0.04041
4.3812e-005,0.0398196
4.3816e-005,0.0398792
4.382e-005,0.0404794
4.3824e-005,0.0393732
4.3828e-005,0.0400429
4.3832e-005,0.0402215
4.3836e-005,0.0395121
4.384e-005,0.0400974
4.3844e-005,0.0406133
4.3848e-005,0.0398445
4.3852e-005,0.0404199
4.3856e-005,0.0404744
4.386e-005,0.0402215
4.3864e-005,0.0404
4.3868e-005,0.0399933
4.3872e-005,0.0396063
4.3876e-005,0.0404893
4.388e-005,0.0407274
4.3884e-005,0.0404943
4.3888e-005,0.0408316
4.3892e-005,0.0407622
4.3896e-005,0.0402314
4.39e-005,0.0402066
4.3904e-005,0.040147
4.3908e-005,0.0395419
4.3912e-005,0.040033
4.3916e-005,0.0406977
4.392e-005,0.0395915
4.3924e-005,0.0408812
4.3928e-005,0.03977
4.3932e-005,0.0395369
4.3936e-005,0.0405935
4.394e-005,0.0399784
4.3944e-005,0.0397601
4.3948e-005,0.0401421
4.3952e-005,0.0405935
4.3956e-005,0.0398345
4.396e-005,0.0405092
4.3964e-005,0.0402463
4.3968e-005,0.03978
4.3972e-005,0.0401024
4.3976e-005,0.0402611
4.398e-005,0.0394774
4.3984e-005,0.0401669
4.3988e-005,0.0402611
4.3992e-005,0.0397552
4.3996e-005,0.0399337
4.4e-005,0.0403107
4.4004e-005,0.0394625
4.4008e-005,0.0402314
4.4012e-005,0.0401371
4.4016e-005,0.0395518
4.402e-005,0.0399784
4.4024e-005,0.0401768
4.4028e-005,0.040147
4.4032e-005,0.0403951
4.4036e-005,0.0401371
4.404e-005,0.0393633
4.4044e-005,0.0400677
4.4048e-005,0.0404149
4.4052e-005,0.039527
4.4056e-005,0.0397204
4.406e-005,0.0407076
4.4064e-005,0.0399387
4.4068e-005,0.0400726
4.4072e-005,0.0404298
4.4076e-005,0.0397849
4.408e-005,0.0404149
4.4084e-005,0.0404993
4.4088e-005,0.0404794
4.4092e-005,0.0404546
4.4096e-005,0.0403157
4.41e-005,0.0403356
4.4104e-005,0.0402363
4.4108e-005,0.0404397
4.4112e-005,0.0400181
4.4116e-005,0.0404546
4.412e-005,0.040157
4.4124e-005,0.0399585
4.4128e-005,0.0396163
4.4132e-005,0.0399139
4.4136e-005,0.0395369
4.414e-005,0.0406481
4.4144e-005,0.0405737
4.4148e-005,0.0403852
4.4152e-005,0.0405538
4.4156e-005,0.0404248
4.416e-005,0.0399734
4.4164e-005,0.0403951
4.4168e-005,0.0403058
4.4172e-005,0.0398097
4.4176e-005,0.0403802
4.418e-005,0.040653
4.4184e-005,0.0399734
4.4188e-005,0.0401371
4.4192e-005,0.0402562
4.4196e-005,0.0397304
4.42e-005,0.0394426
4.4204e-005,0.0372253
4.4208e-005,0.0348144
4.4212e-005,0.0349186
4.4216e-005,0.034492
4.422e-005,0.0330931
4.4224e-005,0.0331774
4.4228e-005,0.0267931
4.4232e-005,0.0208751
4.4236e-005,0.0195606
4.424e-005,0.020017
4.4244e-005,0.0183155
4.4248e-005,0.0182708
4.4252e-005,0.0121991
4.4256e-005,0.00225307
4.426e-005,0.00143457
4.4264e-005,-0.000296674
4.4268e-005,-0.000762969
4.4272e-005,-6.84862e-005
4.4276e-005,0.000368046
4.428e-005,-0.000242107
4.4284e-005,0.000139859
4.4288e-005,-0.000544703
4.4292e-005,0.00749642
4.4296e-005,0.0172589
4.43e-005,0.0173482
4.4304e-005,0.0175019
4.4308e-005,0.0174126
4.4312e-005,0.0165346
4.4316e-005,0.0156715
4.432e-005,0.0161626
4.4324e-005,0.0148331
4.4328e-005,0.0141932
4.4332e-005,0.0142279
4.4336e-005,0.0136426
4.434e-005,0.0143768
4.4344e-005,0.0130176
4.4348e-005,0.0130126
4.4352e-005,0.0136972
4.4356e-005,0.0136624
4.436e-005,0.0127447
4.4364e-005,0.0131267
4.4368e-005,0.0122685
4.4372e-005,0.0133003
4.4376e-005,0.013588
4.438e-005,0.0128142
4.4384e-005,0.0132706
4.4388e-005,0.0134839
4.4392e-005,0.0136823
4.4396e-005,0.0135682
4.44e-005,0.0134839
4.4404e-005,0.0137964
4.4408e-005,0.0133698
4.4412e-005,0.0134839
4.4416e-005,0.0131614
4.442e-005,0.0133648
4.4424e-005,0.0134789
4.4428e-005,0.0138212
4.4432e-005,0.0130622
4.4436e-005,0.0135335
4.444e-005,0.0141585
4.4444e-005,0.0136277
4.4448e-005,0.0142279
4.4452e-005,0.0140742
4.4456e-005,0.0134789
4.446e-005,0.0138113
4.4464e-005,0.0139204
4.4468e-005,0.0134392
4.4472e-005,0.0138162
4.4476e-005,0.0140543
4.448e-005,0.0132854
4.4484e-005,0.0137567
4.4488e-005,0.0143817
4.4492e-005,0.0141585
4.4496e-005,0.0141833
4.45e-005,0.0138311
4.4504e-005,0.0137716
4.4508e-005,0.0142577
4.4512e-005,0.0136773
4.4516e-005,0.013712
4.452e-005,0.0137865
4.4524e-005,0.0132011
4.4528e-005,0.0142577
4.4532e-005,0.0139998
4.4536e-005,0.0140295
4.454e-005,0.0136376
4.4544e-005,0.0141188
4.4548e-005,0.0136426
4.4552e-005,0.0131019
4.4556e-005,0.0131317
4.456e-005,0.0140295
4.4564e-005,0.0128737
4.4568e-005,0.0135583
4.4572e-005,0.0135533
4.4576e-005,0.0137914
4.458e-005,0.0131118
4.4584e-005,0.0135186
4.4588e-005,0.0132854
4.4592e-005,0.0135831
4.4596e-005,0.0132209
4.46e-005,0.0127298
4.4604e-005,0.0145008
4.4608e-005,0.0136178
4.4612e-005,0.0131118
4.4616e-005,0.0138063
4.462e-005,0.0135037
4.4624e-005,0.0139204
4.4628e-005,0.0139998
4.4632e-005,0.013211
4.4636e-005,0.0134888
4.464e-005,0.0136128
4.4644e-005,0.0136624
4.4648e-005,0.0142379
4.4652e-005,0.0146149
4.4656e-005,0.0136872
4.466e-005,0.0134591
4.4664e-005,0.0138956
4.4668e-005,0.0134739
4.4672e-005,0.0136277
4.4676e-005,0.0141089
4.468e-005,0.0140097
4.4684e-005,0.013717
4.4688e-005,0.013211
4.4692e-005,0.0138361
4.4696e-005,0.0136773
4.47e-005,0.0133251
4.4704e-005,0.0140295
4.4708e-005,0.0138162
4.4712e-005,0.0134888
4.4716e-005,0.0143371
4.472e-005,0.0127546
4.4724e-005,0.0134888
4.4728e-005,0.0137517
4.4732e-005,0.0127894
4.4736e-005,0.0138708
4.474e-005,0.0144611
4.4744e-005,0.0137071
4.4748e-005,0.0131713
4.4752e-005,0.01334
4.4756e-005,0.0130572
4.476e-005,0.0131069
4.4764e-005,0.0131366
4.4768e-005,0.0142776
4.4772e-005,0.0139551
4.4776e-005,0.0134839
4.478e-005,0.0136872
4.4784e-005,0.0138063
4.4788e-005,0.0145801
4.4792e-005,0.0132061
4.4796e-005,0.0146099
4.48e-005,0.0137666
4.4804e-005,0.0139849
4.4808e-005,0.0134491
4.4812e-005,0.0135632
4.4816e-005,0.0135335
4.482e-005,0.0141585
4.4824e-005,0.0133152
4.4828e-005,0.0137368
4.4832e-005,0.0133896
4.4836e-005,0.0134045
4.484e-005,0.0128737
4.4844e-005,0.0134144
4.4848e-005,0.0141337
4.4852e-005,0.0135533
4.4856e-005,0.0134144
4.486e-005,0.0136724
4.4864e-005,0.013345
4.4868e-005,0.0142776
4.4872e-005,0.0141535
4.4876e-005,0.0134789
4.488e-005,0.0138509
4.4884e-005,0.0143073
4.4888e-005,0.0133499
4.4892e-005,0.0138113
4.4896e-005,0.0137269
4.49e-005,0.0140791
4.4904e-005,0.0137765
4.4908e-005,0.0141436
4.4912e-005,0.0134094
4.4916e-005,0.0136277
4.492e-005,0.0134243
4.4924e-005,0.013717
4.4928e-005,0.0134987
4.4932e-005,0.0137269
4.4936e-005,0.0134392
4.494e-005,0.0135434
4.4944e-005,0.0136724
4.4948e-005,0.0138361
4.4952e-005,0.0137765
4.4956e-005,0.0141833
4.496e-005,0.0137666
4.4964e-005,0.0131614
4.4968e-005,0.0134541
4.4972e-005,0.0148133
4.4976e-005,0.0158798
4.498e-005,0.016609
4.4984e-005,0.015736
4.4988e-005,0.0158798
4.4992e-005,0.0163808
4.4996e-005,0.0163263
4.5e-005,0.0183601
4.5004e-005,0.018757
4.5008e-005,0.018633
4.5012e-005,0.0182559
4.5016e-005,0.0185337
4.502e-005,0.0101404
4.5024e-005,0.00171733
4.5028e-005,0.000730169
4.5032e-005,8.03316e-005
4.5036e-005,-0.00035124
4.504e-005,-0.00034628
4.5044e-005,-0.000252028
4.5048e-005,-0.000832418
4.5052e-005,0.000358125
4.5056e-005,-0.00109533
4.506e-005,0.00618682
4.5064e-005,0.0154582
4.5068e-005,0.0172241
4.5072e-005,0.01837
4.5076e-005,0.0189852
4.508e-005,0.0189554
4.5084e-005,0.0187222
4.5088e-005,0.0194167
4.5092e-005,0.0202055
4.5096e-005,0.0194713
4.51e-005,0.0201955
4.5104e-005,0.0209099
4.5108e-005,0.0199425
4.5112e-005,0.0199227
4.5116e-005,0.0208057
4.512e-005,0.020136
4.5124e-005,0.0207114
4.5128e-005,0.0210636
4.5132e-005,0.020384
4.5136e-005,0.0204882
4.514e-005,0.0215051
4.5144e-005,0.0213712
4.5148e-005,0.0206271
4.5152e-005,0.0208404
4.5156e-005,0.0205279
4.516e-005,0.0211529
4.5164e-005,0.0213166
4.5168e-005,0.0208553
4.5172e-005,0.0205973
4.5176e-005,0.0216639
4.518e-005,0.0210934
4.5184e-005,0.0205924
4.5188e-005,0.0210339
4.5192e-005,0.0205973
4.5196e-005,0.0207065
4.52e-005,0.0207015
4.5204e-005,0.0204039
4.5208e-005,0.0207561
4.5212e-005,0.0209843
4.5216e-005,0.0205081
4.522e-005,0.0203493
4.5224e-005,0.0214952
4.5228e-005,0.0205924
4.5232e-005,0.0207065
4.5236e-005,0.0211182
4.524e-005,0.0208999
4.5244e-005,0.0217135
4.5248e-005,0.0216143
4.5252e-005,0.0206172
4.5256e-005,0.0206122
4.526e-005,0.0209843
4.5264e-005,0.0207263
4.5268e-005,0.0209892
4.5272e-005,0.0207908
4.5276e-005,0.0207759
4.528e-005,0.0212075
4.5284e-005,0.0213712
4.5288e-005,0.0216242
4.5292e-005,0.0214307
4.5296e-005,0.0217036
4.53e-005,0.0210488
4.5304e-005,0.0207313
4.5308e-005,0.0210587
4.5312e-005,0.0203791
4.5316e-005,0.0213464
4.532e-005,0.0212869
4.5324e-005,0.0203692
4.5328e-005,0.0210041
4.5332e-005,0.0214903
4.5336e-005,0.0205924
4.534e-005,0.0210091
4.5344e-005,0.0208603
4.5348e-005,0.0210041
4.5352e-005,0.0210091
4.5356e-005,0.0211381
4.536e-005,0.0209297
4.5364e-005,0.0208007
4.5368e-005,0.0212968
4.5372e-005,0.0203096
4.5376e-005,0.0209843
4.538e-005,0.0208206
4.5384e-005,0.0205676
4.5388e-005,0.0209694
4.5392e-005,0.0213315
4.5396e-005,0.0208007
4.54e-005,0.0205279
4.5404e-005,0.0206271
4.5408e-005,0.0207908
4.5412e-005,0.0203394
4.5416e-005,0.0214406
4.542e-005,0.0204882
4.5424e-005,0.0205725
4.5428e-005,0.0209942
4.5432e-005,0.0208305
4.5436e-005,0.0208553
4.544e-005,0.020771
4.5444e-005,0.0204287
4.5448e-005,0.0206866
4.5452e-005,0.0202501
4.5456e-005,0.0206718
4.546e-005,0.020766
4.5464e-005,0.0212422
4.5468e-005,0.0206966
4.5472e-005,0.0207511
4.5476e-005,0.020265
4.548e-005,0.0206569
4.5484e-005,0.0209347
4.5488e-005,0.0212373
4.5492e-005,0.0203493
4.5496e-005,0.0211827
4.55e-005,0.0205031
4.5504e-005,0.0206222
4.5508e-005,0.0208404
4.5512e-005,0.0204684
4.5516e-005,0.0209744
4.552e-005,0.0207362
4.5524e-005,0.0208454
4.5528e-005,0.0208057
4.5532e-005,0.0209347
4.5536e-005,0.0210785
4.554e-005,0.0204981
4.5544e-005,0.0208999
4.5548e-005,0.021272
4.5552e-005,0.020265
4.5556e-005,0.0204733
4.556e-005,0.020642
4.5564e-005,0.0207462
4.5568e-005,0.0202749
4.5572e-005,0.0209297
4.5576e-005,0.0207958
4.558e-005,0.0210289
4.5584e-005,0.0207511
4.5588e-005,0.0208156
4.5592e-005,0.0214555
4.5596e-005,0.021014
4.56e-005,0.0204485
4.5604e-005,0.02089
4.5608e-005,0.0209446
4.5612e-005,0.020384
4.5616e-005,0.0209198
4.562e-005,0.0212075
4.5624e-005,0.021014
4.5628e-005,0.0205924
4.5632e-005,0.0212174
4.5636e-005,0.0201211
4.564e-005,0.0202551
4.5644e-005,0.02089
4.5648e-005,0.0205428
4.5652e-005,0.0203394
4.5656e-005,0.0207214
4.566e-005,0.0205329
4.5664e-005,0.0204485
4.5668e-005,0.0210488
4.5672e-005,0.0209694
4.5676e-005,0.0207313
4.568e-005,0.0203047
4.5684e-005,0.0202898
4.5688e-005,0.0198731
4.5692e-005,0.0207859
4.5696e-005,0.0206817
4.57e-005,0.0211182
4.5704e-005,0.0211232
4.5708e-005,0.020647
4.5712e-005,0.0204981
4.5716e-005,0.0208454
4.572e-005,0.020384
4.5724e-005,0.0208702
4.5728e-005,0.0212125
4.5732e-005,0.0202253
4.5736e-005,0.0201261
4.574e-005,0.0215994
4.5744e-005,0.0216391
4.5748e-005,0.0221153
4.5752e-005,0.022656
4.5756e-005,0.0224476
4.576e-005,0.022155
4.5764e-005,0.0203741
4.5768e-005,0.0195606
4.5772e-005,0.0192679
4.5776e-005,0.019387
4.578e-005,0.0183353
4.5784e-005,0.0186925
4.5788e-005,0.0103984
4.5792e-005,0.00221339
4.5796e-005,0.000382928
4.58e-005,0.000214268
4.5804e-005,-0.00128879
4.5808e-005,-0.00043557
4.5812e-005,0.000179543
4.5816e-005,-0.000549664
4.582e-005,-0.000118092
4.5824e-005,-0.00110525
4.5828e-005,0.00655391
4.5832e-005,0.0169364
4.5836e-005,0.0188215
4.584e-005,0.0201211
4.5844e-005,0.0228247
4.5848e-005,0.0238515
4.5852e-005,0.0247047
4.5856e-005,0.0258407
4.586e-005,0.0265997
4.5864e-005,0.0277456
4.5868e-005,0.0276513
4.5872e-005,0.028326
4.5876e-005,0.0284996
4.588e-005,0.0290403
4.5884e-005,0.0303747
4.5888e-005,0.0300026
4.5892e-005,0.0303846
4.5896e-005,0.0302953
4.59e-005,0.0302507
4.5904e-005,0.0308608
4.5908e-005,0.0304243
4.5912e-005,0.030712
4.5916e-005,0.0309848
4.592e-005,0.0311932
4.5924e-005,0.0309749
4.5928e-005,0.0307814
4.5932e-005,0.0308707
4.5936e-005,0.0301366
4.594e-005,0.0305285
4.5944e-005,0.0315553
4.5948e-005,0.0306029
4.5952e-005,0.0312527
4.5956e-005,0.0316297
4.596e-005,0.0303499
4.5964e-005,0.0309303
4.5968e-005,0.0309948
4.5972e-005,0.0304789
4.5976e-005,0.0311138
4.598e-005,0.0313569
4.5984e-005,0.0305433
4.5988e-005,0.0303251
4.5992e-005,0.0306922
4.5996e-005,0.0305632
4.6e-005,0.0303846
4.6004e-005,0.0304342
4.6008e-005,0.0303548
4.6012e-005,0.0303747
4.6016e-005,0.0303548
4.602e-005,0.0295115
4.6024e-005,0.0304193
4.6028e-005,0.0309848
4.6032e-005,0.0309253
4.6036e-005,0.0304838
4.604e-005,0.0304987
4.6044e-005,0.030712
4.6048e-005,0.0311833
4.6052e-005,0.0307814
4.6056e-005,0.0306177
4.606e-005,0.0309005
4.6064e-005,0.0305086
4.6068e-005,0.0302457
4.6072e-005,0.0300225
4.6076e-005,0.0301266
4.608e-005,0.03033
4.6084e-005,0.0301217
4.6088e-005,0.0303747
4.6092e-005,0.029958
4.6096e-005,0.030087
4.61e-005,0.0304491
4.6104e-005,0.03034
4.6108e-005,0.0301415
4.6112e-005,0.0304838
4.6116e-005,0.0296901
4.612e-005,0.0302755
4.6124e-005,0.0306227
4.6128e-005,0.0296802
4.6132e-005,0.0302755
4.6136e-005,0.0306029
4.614e-005,0.0299977
4.6144e-005,0.0303201
4.6148e-005,0.0301068
4.6152e-005,0.0304937
4.6156e-005,0.0304491
4.616e-005,0.0304144
4.6164e-005,0.0303052
4.6168e-005,0.0303102
4.6172e-005,0.0300126
4.6176e-005,0.030206
4.618e-005,0.0305136
4.6184e-005,0.0307666
4.6188e-005,0.0303995
4.6192e-005,0.0300126
4.6196e-005,0.03033
4.62e-005,0.029829
4.6204e-005,0.0300274
4.6208e-005,0.0302755
4.6212e-005,0.0295215
4.6216e-005,0.0296058
4.622e-005,0.0304243
4.6224e-005,0.0300622
4.6228e-005,0.0305731
4.6232e-005,0.0303598
4.6236e-005,0.0295165
4.624e-005,0.0301068
4.6244e-005,0.0305086
4.6248e-005,0.0301862
4.6252e-005,0.029829
4.6256e-005,0.0302556
4.626e-005,0.029576
4.6264e-005,0.0296852
4.6268e-005,0.0300919
4.6272e-005,0.029829
4.6276e-005,0.030082
4.628e-005,0.0302804
4.6284e-005,0.0291593
4.6288e-005,0.0297
4.6292e-005,0.0301763
4.6296e-005,0.0303449
4.63e-005,0.029328
4.6304e-005,0.0307021
4.6308e-005,0.0298389
4.6312e-005,0.0299481
4.6316e-005,0.0305483
4.632e-005,0.0293875
4.6324e-005,0.0295016
4.6328e-005,0.0301713
4.6332e-005,0.0295363
4.6336e-005,0.0298935
4.634e-005,0.03033
4.6344e-005,0.0294371
4.6348e-005,0.0297695
4.6352e-005,0.0296852
4.6356e-005,0.029834
4.636e-005,0.0301068
4.6364e-005,0.0304888
4.6368e-005,0.0299084
4.6372e-005,0.0302953
4.6376e-005,0.0300423
4.638e-005,0.0301614
4.6384e-005,0.0295562
4.6388e-005,0.0312626
4.6392e-005,0.0296405
4.6396e-005,0.0298588
4.64e-005,0.0301663
4.6404e-005,0.0300423
4.6408e-005,0.0300473
4.6412e-005,0.0293429
4.6416e-005,0.0293925
4.642e-005,0.0305086
4.6424e-005,0.0300076
4.6428e-005,0.0298637
4.6432e-005,0.0301266
4.6436e-005,0.0292734
4.644e-005,0.0292883
4.6444e-005,0.0296554
4.6448e-005,0.0300175
4.6452e-005,0.0302903
4.6456e-005,0.0299629
4.646e-005,0.030087
4.6464e-005,0.029581
4.6468e-005,0.0300473
4.6472e-005,0.0304044
4.6476e-005,0.0293478
4.648e-005,0.0296802
4.6484e-005,0.0298042
4.6488e-005,0.0295215
4.6492e-005,0.0299729
4.6496e-005,0.0307517
4.65e-005,0.0293578
4.6504e-005,0.0296256
4.6508e-005,0.0293875
4.6512e-005,0.0290899
4.6516e-005,0.0282763
4.652e-005,0.0291196
4.6524e-005,0.0282168
4.6528e-005,0.0288567
4.6532e-005,0.0244418
4.6536e-005,0.0201856
4.654e-005,0.0191092
4.6544e-005,0.0188909
4.6548e-005,0.0180922
4.6552e-005,0.0181468
4.6556e-005,0.0114649
4.656e-005,0.00142465
4.6564e-005,0.0014693
4.6568e-005,-6.35257e-005
4.6572e-005,-0.00128879
4.6576e-005,-0.000197462
4.658e-005,-9.32892e-005
4.6584e-005,-0.000584388
4.6588e-005,-0.000113132
4.6592e-005,-0.000986196
4.6596e-005,0.0063654
4.66e-005,0.0164701
4.6604e-005,0.0204585
4.6608e-005,0.0224179
4.6612e-005,0.0255183
4.6616e-005,0.0277456
4.662e-005,0.0289262
4.6624e-005,0.0302159
4.6628e-005,0.0323292
4.6632e-005,0.0333709
4.6636e-005,0.0343432
4.664e-005,0.0354047
4.6644e-005,0.0357321
4.6648e-005,0.0368483
4.6652e-005,0.0373691
4.6656e-005,0.0377164
4.666e-005,0.0381579
4.6664e-005,0.0388672
4.6668e-005,0.0386142
4.6672e-005,0.0395815
4.6676e-005,0.0401917
4.668e-005,0.0394278
4.6684e-005,0.040147
4.6688e-005,0.0406927
4.6692e-005,0.0402363
4.6696e-005,0.0398097
4.67e-005,0.0408217
4.6704e-005,0.0397849
4.6708e-005,0.0411342
4.6712e-005,0.0408465
4.6716e-005,0.04041
4.672e-005,0.040281
4.6724e-005,0.0408564
4.6728e-005,0.0401123
4.6732e-005,0.0404496
4.6736e-005,0.0402413
4.674e-005,0.0400379
4.6744e-005,0.040157
4.6748e-005,0.0410846
4.6752e-005,0.0401669
4.6756e-005,0.0400826
4.676e-005,0.0409507
4.6764e-005,0.0402512
4.6768e-005,0.0403455
4.6772e-005,0.0411044
4.6776e-005,0.0396212
4.678e-005,0.0405538
4.6784e-005,0.0408267
4.6788e-005,0.0399734
4.6792e-005,0.0410499
4.6796e-005,0.0404744
4.68e-005,0.0400826
4.6804e-005,0.0405092
4.6808e-005,0.0407126
4.6812e-005,0.0398246
4.6816e-005,0.0407721
4.682e-005,0.0408267
4.6824e-005,0.0402661
4.6828e-005,0.0405439
4.6832e-005,0.0413029
4.6836e-005,0.0399734
4.684e-005,0.0408812
4.6844e-005,0.0409308
4.6848e-005,0.0397998
4.6852e-005,0.0404397
4.6856e-005,0.0407374
4.686e-005,0.0406481
4.6864e-005,0.0402363
4.6868e-005,0.0410747
4.6872e-005,0.0399585
4.6876e-005,0.0410102
4.688e-005,0.0412185
4.6884e-005,0.040028
4.6888e-005,0.0409804
4.6892e-005,0.0409308
4.6896e-005,0.0404348
4.69e-005,0.0404844
4.6904e-005,0.0412731
4.6908e-005,0.0395171
4.6912e-005,0.0409259
4.6916e-005,0.0409804
4.692e-005,0.0408018
4.6924e-005,0.041412
4.6928e-005,0.0413426
4.6932e-005,0.0404943
4.6936e-005,0.0407522
4.694e-005,0.0409953
4.6944e-005,0.0403107
4.6948e-005,0.0407274
4.6952e-005,0.040911
4.6956e-005,0.0401867
4.696e-005,0.0410003
4.6964e-005,0.0417444
4.6968e-005,0.0398792
4.6972e-005,0.0408068
4.6976e-005,0.0410201
4.698e-005,0.0403207
4.6984e-005,0.040658
4.6988e-005,0.0405836
4.6992e-005,0.0406778
4.6996e-005,0.0411193
4.7e-005,0.0409903
4.7004e-005,0.0403306
4.7008e-005,0.0403405
4.7012e-005,0.0406431
4.7016e-005,0.0407969
4.702e-005,0.0408564
4.7024e-005,0.0408018
4.7028e-005,0.040276
4.7032e-005,0.0404
4.7036e-005,0.0411491
4.704e-005,0.0403653
4.7044e-005,0.0401867
4.7048e-005,0.0407919
4.7052e-005,0.0402115
4.7056e-005,0.0411044
4.706e-005,0.0407076
4.7064e-005,0.0404695
4.7068e-005,0.0402264
4.7072e-005,0.041288
4.7076e-005,0.0404149
4.708e-005,0.0403802
4.7084e-005,0.0403604
4.7088e-005,0.039775
4.7092e-005,0.0410945
4.7096e-005,0.0409159
4.71e-005,0.0405985
4.7104e-005,0.0409606
4.7108e-005,0.0404943
4.7112e-005,0.040281
4.7116e-005,0.0411441
4.712e-005,0.0413029
4.7124e-005,0.0404199
4.7128e-005,0.0407423
4.7132e-005,0.0407522
4.7136e-005,0.0402463
4.714e-005,0.0403703
4.7144e-005,0.0405786
4.7148e-005,0.0400032
4.7152e-005,0.0402215
4.7156e-005,0.0404496
4.716e-005,0.0398147
4.7164e-005,0.0405538
4.7168e-005,0.0407374
4.7172e-005,0.0396956
4.7176e-005,0.0405687
4.718e-005,0.0403306
4.7184e-005,0.0404596
4.7188e-005,0.0410548
4.7192e-005,0.0411441
4.7196e-005,0.0403058
4.72e-005,0.0412136
4.7204e-005,0.0410152
4.7208e-005,0.0403504
4.7212e-005,0.0409209
4.7216e-005,0.0405737
4.722e-005,0.0404794
4.7224e-005,0.0409705
4.7228e-005,0.040911
4.7232e-005,0.0404397
4.7236e-005,0.0407969
4.724e-005,0.0413574
4.7244e-005,0.0402363
4.7248e-005,0.0412235
4.7252e-005,0.0404248
4.7256e-005,0.0408217
4.726e-005,0.04103
4.7264e-005,0.0413624
4.7268e-005,0.0396857
4.7272e-005,0.0401421
4.7276e-005,0.0382323
4.728e-005,0.0362927
4.7284e-005,0.0351368
4.7288e-005,0.0346755
4.7292e-005,0.0332121
4.7296e-005,0.0338521
4.73e-005,0.0273735
4.7304e-005,0.0208404
4.7308e-005,0.0200269
4.7312e-005,0.0197441
4.7316e-005,0.0192282
4.732e-005,0.0187768
4.7324e-005,0.0114599
4.7328e-005,0.00224811
4.7332e-005,0.00123615
4.7336e-005,0.000303558
4.734e-005,-0.000762969
4.7344e-005,0.000184504
4.7348e-005,0.000184504
4.7352e-005,-0.001011
4.7356e-005,0.000829381
4.736e-005,-0.000529821
4.7364e-005,0.00732776
4.7368e-005,0.0159145
4.7372e-005,0.0168025
4.7376e-005,0.0166735
4.738e-005,0.0167678
4.7384e-005,0.0151357
4.7388e-005,0.0147637
4.7392e-005,0.0147389
4.7396e-005,0.0138113
4.74e-005,0.0133202
4.7404e-005,0.0136724
4.7408e-005,0.0136922
4.7412e-005,0.0135285
4.7416e-005,0.0127745
4.742e-005,0.0126753
4.7424e-005,0.012715
4.7428e-005,0.012075
4.7432e-005,0.0132954
4.7436e-005,0.0126654
4.744e-005,0.0126257
4.7444e-005,0.0122784
4.7448e-005,0.0125017
4.7452e-005,0.0126257
4.7456e-005,0.0121544
4.746e-005,0.0124669
4.7464e-005,0.0129134
4.7468e-005,0.0125413
4.7472e-005,0.0124124
4.7476e-005,0.0130771
4.748e-005,0.0120502
4.7484e-005,0.0125066
4.7488e-005,0.0126058
4.7492e-005,0.012075
4.7496e-005,0.0125066
4.75e-005,0.0120155
4.7504e-005,0.0124769
4.7508e-005,0.0121495
4.7512e-005,0.0123181
4.7516e-005,0.0124471
4.752e-005,0.0116435
4.7524e-005,0.0123132
4.7528e-005,0.0131366
4.7532e-005,0.0129729
4.7536e-005,0.0122189
4.754e-005,0.0125116
4.7544e-005,0.0127795
4.7548e-005,0.0121693
4.7552e-005,0.0128043
4.7556e-005,0.0130721
4.756e-005,0.012834
4.7564e-005,0.0129183
4.7568e-005,0.0120502
4.7572e-005,0.0127348
4.7576e-005,0.0124024
4.758e-005,0.0135583
4.7584e-005,0.0135781
4.7588e-005,0.0128241
4.7592e-005,0.0120502
4.7596e-005,0.0126505
4.76e-005,0.0123876
4.7604e-005,0.0129035
4.7608e-005,0.0126058
4.7612e-005,0.0125959
4.7616e-005,0.012705
4.762e-005,0.0136724
4.7624e-005,0.0122387
4.7628e-005,0.0132805
4.7632e-005,0.0130721
4.7636e-005,0.0127795
4.764e-005,0.0139502
4.7644e-005,0.0134987
4.7648e-005,0.012705
4.7652e-005,0.0135087
4.7656e-005,0.0130176
4.766e-005,0.013216
4.7664e-005,0.0134194
4.7668e-005,0.0131416
4.7672e-005,0.0129084
4.7676e-005,0.0126158
4.768e-005,0.0133598
4.7684e-005,0.0127695
4.7688e-005,0.0127596
4.7692e-005,0.0136128
4.7696e-005,0.0128539
4.77e-005,0.0132309
4.7704e-005,0.0132904
4.7708e-005,0.0130424
4.7712e-005,0.0132606
4.7716e-005,0.0130771
4.772e-005,0.0129977
4.7724e-005,0.0134144
4.7728e-005,0.0130424
4.7732e-005,0.0126406
4.7736e-005,0.0125761
4.774e-005,0.0127745
4.7744e-005,0.0127298
4.7748e-005,0.0138757
4.7752e-005,0.0128043
4.7756e-005,0.0134987
4.776e-005,0.013092
4.7764e-005,0.0133995
4.7768e-005,0.0135831
4.7772e-005,0.0136823
4.7776e-005,0.0137865
4.778e-005,0.0125116
4.7784e-005,0.0131168
4.7788e-005,0.0128489
4.7792e-005,0.0134144
4.7796e-005,0.0132557
4.78e-005,0.0137418
4.7804e-005,0.0132408
4.7808e-005,0.0134987
4.7812e-005,0.0132061
4.7816e-005,0.0128836
4.782e-005,0.0134144
4.7824e-005,0.0136277
4.7828e-005,0.0132805
4.7832e-005,0.013216
4.7836e-005,0.0136079
4.784e-005,0.0131366
4.7844e-005,0.0133053
4.7848e-005,0.0130572
4.7852e-005,0.0130225
4.7856e-005,0.0131416
4.786e-005,0.0136525
4.7864e-005,0.0128687
4.7868e-005,0.012834
4.7872e-005,0.0132457
4.7876e-005,0.0128142
4.788e-005,0.0131465
4.7884e-005,0.0136178
4.7888e-005,0.0133549
4.7892e-005,0.0128142
4.7896e-005,0.0137616
4.79e-005,0.013087
4.7904e-005,0.0134144
4.7908e-005,0.0133846
4.7912e-005,0.0130473
4.7916e-005,0.0132457
4.792e-005,0.0131168
4.7924e-005,0.0130424
4.7928e-005,0.0140692
4.7932e-005,0.0136773
4.7936e-005,0.013335
4.794e-005,0.0133598
4.7944e-005,0.0132309
4.7948e-005,0.0130324
4.7952e-005,0.0134839
4.7956e-005,0.0133549
4.796e-005,0.0132904
4.7964e-005,0.0131515
4.7968e-005,0.0137368
4.7972e-005,0.0132209
4.7976e-005,0.013211
4.798e-005,0.0138162
4.7984e-005,0.0131366
4.7988e-005,0.0135682
4.7992e-005,0.0142676
4.7996e-005,0.0137071
4.8e-005,0.0130622
4.8004e-005,0.0132358
4.8008e-005,0.0133747
4.8012e-005,0.0131862
4.8016e-005,0.0136128
4.802e-005,0.0132507
4.8024e-005,0.0133797
4.8028e-005,0.0137567
4.8032e-005,0.0145851
4.8036e-005,0.0145851
4.804e-005,0.0139601
4.8044e-005,0.0145454
4.8048e-005,0.0155028
4.8052e-005,0.0160435
4.8056e-005,0.015731
4.806e-005,0.015855
4.8064e-005,0.0156417
4.8068e-005,0.0167132
4.8072e-005,0.0177698
4.8076e-005,0.0187024
4.808e-005,0.0183601
4.8084e-005,0.017874
4.8088e-005,0.0186826
4.8092e-005,0.0106662
4.8096e-005,0.00207449
4.81e-005,0.000814499
4.8104e-005,-0.00010321
4.8108e-005,-0.000212343
4.8112e-005,-0.000232186
4.8116e-005,0.000174583
4.812e-005,-0.00113005
4.8124e-005,5.55286e-005
4.8128e-005,-0.000981236
4.8132e-005,0.00654895
4.8136e-005,0.0158352
4.814e-005,0.0180476
4.8144e-005,0.0182758
4.8148e-005,0.0195407
4.8152e-005,0.0207114
4.8156e-005,0.0200864
4.816e-005,0.0208305
4.8164e-005,0.0211232
4.8168e-005,0.0199376
4.8172e-005,0.0203394
4.8176e-005,0.0210537
4.818e-005,0.0204634
4.8184e-005,0.0210289
4.8188e-005,0.0210438
4.8192e-005,0.0207214
4.8196e-005,0.0211132
4.82e-005,0.021778
4.8204e-005,0.0210736
4.8208e-005,0.02089
4.8212e-005,0.0217184
4.8216e-005,0.0206767
4.822e-005,0.0207065
4.8224e-005,0.0211381
4.8228e-005,0.0211926
4.8232e-005,0.0209644
4.8236e-005,0.0208702
4.824e-005,0.0210736
4.8244e-005,0.0202848
4.8248e-005,0.0213266
4.8252e-005,0.0205329
4.8256e-005,0.0218028
4.826e-005,0.0209148
4.8264e-005,0.0205874
4.8268e-005,0.0203096
4.8272e-005,0.0213216
4.8276e-005,0.0197243
4.828e-005,0.0206668
4.8284e-005,0.0205973
4.8288e-005,0.0204485
4.8292e-005,0.0211331
4.8296e-005,0.0209992
4.83e-005,0.0206966
4.8304e-005,0.0213266
4.8308e-005,0.020647
4.8312e-005,0.0207958
4.8316e-005,0.0208107
4.832e-005,0.021143
4.8324e-005,0.0213166
4.8328e-005,0.0212422
4.8332e-005,0.0209396
4.8336e-005,0.0205825
4.834e-005,0.0205725
4.8344e-005,0.0204585
4.8348e-005,0.0205775
4.8352e-005,0.0202799
4.8356e-005,0.0211182
4.836e-005,0.0212174
4.8364e-005,0.0212422
4.8368e-005,0.0206817
4.8372e-005,0.0200914
4.8376e-005,0.021148
4.838e-005,0.0201112
4.8384e-005,0.0201757
4.8388e-005,0.0211976
4.8392e-005,0.0204783
4.8396e-005,0.0204634
4.84e-005,0.0207759
4.8404e-005,0.0206023
4.8408e-005,0.0206718
4.8412e-005,0.0200963
4.8416e-005,0.0201658
4.842e-005,0.019759
4.8424e-005,0.0199723
4.8428e-005,0.0209496
4.8432e-005,0.0206222
4.8436e-005,0.0207412
4.844e-005,0.0214258
4.8444e-005,0.0211083
4.8448e-005,0.0211827
4.8452e-005,0.0215647
4.8456e-005,0.020384
4.846e-005,0.0212025
4.8464e-005,0.021148
4.8468e-005,0.0209297
4.8472e-005,0.0203692
4.8476e-005,0.0205329
4.848e-005,0.0207511
4.8484e-005,0.0209545
4.8488e-005,0.0208305
4.8492e-005,0.0207908
4.8496e-005,0.0208454
4.85e-005,0.0202799
4.8504e-005,0.0207412
4.8508e-005,0.0208057
4.8512e-005,0.0206916
4.8516e-005,0.0207015
4.852e-005,0.020141
4.8524e-005,0.0206767
4.8528e-005,0.0202948
4.8532e-005,0.0213266
4.8536e-005,0.0211678
4.854e-005,0.0208355
4.8544e-005,0.0211877
4.8548e-005,0.0211976
4.8552e-005,0.0204039
4.8556e-005,0.0208603
4.856e-005,0.0204882
4.8564e-005,0.0205626
4.8568e-005,0.0210289
4.8572e-005,0.0213117
4.8576e-005,0.0209694
4.858e-005,0.0206023
4.8584e-005,0.0210835
4.8588e-005,0.0206668
4.8592e-005,0.0205329
4.8596e-005,0.0204684
4.86e-005,0.020394
4.8604e-005,0.0210091
4.8608e-005,0.020141
4.8612e-005,0.0203592
4.8616e-005,0.0203295
4.862e-005,0.0204138
4.8624e-005,0.0201807
4.8628e-005,0.0207511
4.8632e-005,0.0206817
4.8636e-005,0.0202203
4.864e-005,0.0207065
4.8644e-005,0.0213117
4.8648e-005,0.0208503
4.8652e-005,0.0202501
4.8656e-005,0.020513
4.866e-005,0.0201013
4.8664e-005,0.0203394
4.8668e-005,0.0217234
4.8672e-005,0.0199177
4.8676e-005,0.0201707
4.868e-005,0.0209049
4.8684e-005,0.0201211
4.8688e-005,0.0203642
4.8692e-005,0.0205973
4.8696e-005,0.0206023
4.87e-005,0.0203493
4.8704e-005,0.0205973
4.8708e-005,0.0201311
4.8712e-005,0.0204585
4.8716e-005,0.0205279
4.872e-005,0.0207908
4.8724e-005,0.0206023
4.8728e-005,0.020384
4.8732e-005,0.0207214
4.8736e-005,0.0208156
4.874e-005,0.0204287
4.8744e-005,0.0202402
4.8748e-005,0.0208107
4.8752e-005,0.0209496
4.8756e-005,0.0202303
4.876e-005,0.0205874
4.8764e-005,0.0211331
4.8768e-005,0.0205973
4.8772e-005,0.0205577
4.8776e-005,0.0205973
4.878e-005,0.0204882
4.8784e-005,0.0212273
4.8788e-005,0.0203344
4.8792e-005,0.0204386
4.8796e-005,0.0205329
4.88e-005,0.021654
4.8804e-005,0.0204039
4.8808e-005,0.0200566
4.8812e-005,0.0212224
4.8816e-005,0.0211132
4.882e-005,0.0212571
4.8824e-005,0.0228643
4.8828e-005,0.0220806
4.8832e-005,0.0223435
4.8836e-005,0.0207214
4.884e-005,0.0193076
4.8844e-005,0.0198136
4.8848e-005,0.0192332
4.8852e-005,0.0179881
4.8856e-005,0.0181964
4.886e-005,0.0115046
4.8864e-005,0.00192071
4.8868e-005,0.000908751
4.8872e-005,-0.000152816
4.8876e-005,-0.000867142
4.888e-005,0.000164662
4.8884e-005,-0.000261949
4.8888e-005,0.000124977
4.8892e-005,0.000368046
4.8896e-005,-0.00123919
4.89e-005,0.00721863
4.8904e-005,0.016733
4.8908e-005,0.0191092
4.8912e-005,0.0199227
4.8916e-005,0.0223782
4.892e-005,0.0239656
4.8924e-005,0.024169
4.8928e-005,0.0252107
4.8932e-005,0.0269816
4.8936e-005,0.0271106
4.894e-005,0.0273388
4.8944e-005,0.0285293
4.8948e-005,0.0288319
4.8952e-005,0.0287575
4.8956e-005,0.0293776
4.896e-005,0.0293578
4.8964e-005,0.0299927
4.8968e-005,0.0297
4.8972e-005,0.029953
4.8976e-005,0.0297
4.898e-005,0.0305037
4.8984e-005,0.0303796
4.8988e-005,0.0307318
4.8992e-005,0.0304441
4.8996e-005,0.0299431
4.9e-005,0.0309303
4.9004e-005,0.0311138
4.9008e-005,0.0301118
4.9012e-005,0.0305632
4.9016e-005,0.0312329
4.902e-005,0.0300324
4.9024e-005,0.0304789
4.9028e-005,0.0306624
4.9032e-005,0.0310741
4.9036e-005,0.0311188
4.904e-005,0.03159
4.9044e-005,0.0307269
4.9048e-005,0.0310741
4.9052e-005,0.0313271
4.9056e-005,0.0308807
4.906e-005,0.0316347
4.9064e-005,0.0306574
4.9068e-005,0.0308112
4.9072e-005,0.0301911
4.9076e-005,0.0307269
4.908e-005,0.0305632
4.9084e-005,0.0305582
4.9088e-005,0.0308757
4.9092e-005,0.0305235
4.9096e-005,0.0302358
4.91e-005,0.030965
4.9104e-005,0.0304987
4.9108e-005,0.0306078
4.9112e-005,0.0308459
4.9116e-005,0.0301415
4.912e-005,0.0305433
4.9124e-005,0.0300572
4.9128e-005,0.0304144
4.9132e-005,0.0310493
4.9136e-005,0.0310543
4.914e-005,0.0302655
4.9144e-005,0.0306128
4.9148e-005,0.0307418
4.9152e-005,0.0297943
4.9156e-005,0.0300026
4.916e-005,0.0303598
4.9164e-005,0.0301862
4.9168e-005,0.0301911
4.9172e-005,0.0303747
4.9176e-005,0.030464
4.918e-005,0.03097
4.9184e-005,0.0306773
4.9188e-005,0.0295066
4.9192e-005,0.0303846
4.9196e-005,0.0304838
4.92e-005,0.0306525
4.9204e-005,0.03033
4.9208e-005,0.0305533
4.9212e-005,0.0302606
4.9216e-005,0.0302606
4.922e-005,0.0301316
4.9224e-005,0.0309055
4.9228e-005,0.0300969
4.9232e-005,0.0300919
4.9236e-005,0.0301465
4.924e-005,0.0302655
4.9244e-005,0.0304937
4.9248e-005,0.0298141
4.9252e-005,0.0302903
4.9256e-005,0.0303747
4.926e-005,0.0307418
4.9264e-005,0.030464
4.9268e-005,0.0307517
4.9272e-005,0.0302259
4.9276e-005,0.0299629
4.928e-005,0.0309501
4.9284e-005,0.030454
4.9288e-005,0.0299133
4.9292e-005,0.0305979
4.9296e-005,0.0302358
4.93e-005,0.030454
4.9304e-005,0.0304243
4.9308e-005,0.0305136
4.9312e-005,0.0308112
4.9316e-005,0.0308162
4.932e-005,0.0299927
4.9324e-005,0.0305929
4.9328e-005,0.0308013
4.9332e-005,0.0304888
4.9336e-005,0.0309203
4.934e-005,0.0305384
4.9344e-005,0.0303796
4.9348e-005,0.0305235
4.9352e-005,0.0302804
4.9356e-005,0.0302556
4.936e-005,0.0310146
4.9364e-005,0.0308162
4.9368e-005,0.030464
4.9372e-005,0.0303499
4.9376e-005,0.0311783
4.938e-005,0.0300126
4.9384e-005,0.0309352
4.9388e-005,0.0310741
4.9392e-005,0.0308955
4.9396e-005,0.0301118
4.94e-005,0.0302755
4.9404e-005,0.0302407
4.9408e-005,0.0304689
4.9412e-005,0.0306971
4.9416e-005,0.0303598
4.942e-005,0.0306723
4.9424e-005,0.0309799
4.9428e-005,0.0309501
4.9432e-005,0.0304044
4.9436e-005,0.0310791
4.944e-005,0.0304491
4.9444e-005,0.0311138
4.9448e-005,0.0305681
4.9452e-005,0.0304243
4.9456e-005,0.0303152
4.946e-005,0.0308856
4.9464e-005,0.0296604
4.9468e-005,0.0301961
4.9472e-005,0.031218
4.9476e-005,0.0304193
4.948e-005,0.0311039
4.9484e-005,0.0311188
4.9488e-005,0.0302259
4.9492e-005,0.0306624
4.9496e-005,0.0307616
4.95e-005,0.0305929
4.9504e-005,0.0304392
4.9508e-005,0.0310047
4.9512e-005,0.0302705
4.9516e-005,0.0308906
4.952e-005,0.0308559
4.9524e-005,0.0301862
4.9528e-005,0.0310344
4.9532e-005,0.0301316
4.9536e-005,0.0303003
4.954e-005,0.0301713
4.9544e-005,0.0306624
4.9548e-005,0.0300969
4.9552e-005,0.0305483
4.9556e-005,0.0301663
4.956e-005,0.0302556
4.9564e-005,0.0301465
4.9568e-005,0.0309104
4.9572e-005,0.0300225
4.9576e-005,0.0299084
4.958e-005,0.0302308
4.9584e-005,0.0291395
4.9588e-005,0.029333
4.9592e-005,0.0289708
4.9596e-005,0.0284847
4.96e-005,0.0288865
4.9604e-005,0.0241293
4.9608e-005,0.0202898
4.9612e-005,0.0199425
4.9616e-005,0.0194415
4.962e-005,0.018246
4.9624e-005,0.0186875
4.9628e-005,0.012839
4.9632e-005,0.00229276
4.9636e-005,0.0013304
4.964e-005,0.000214268
4.9644e-005,-0.00111517
4.9648e-005,-0.00010321
4.9652e-005,-0.000113132
4.9656e-005,-0.000202422
4.966e-005,-0.000331398
4.9664e-005,-0.000728245
4.9668e-005,0.00691107
4.9672e-005,0.0170902
4.9676e-005,0.0200021
4.968e-005,0.0223881
4.9684e-005,0.0252454
4.9688e-005,0.0279589
4.9692e-005,0.0290502
4.9696e-005,0.0307715
4.97e-005,0.032979
4.9704e-005,0.0331576
4.9708e-005,0.0347648
4.9712e-005,0.0359603
4.9716e-005,0.0356776
4.972e-005,0.0367342
4.9724e-005,0.0380785
4.9728e-005,0.0375527
4.9732e-005,0.0385051
4.9736e-005,0.0391053
4.974e-005,0.0384803
4.9744e-005,0.0390359
4.9748e-005,0.0400131
4.9752e-005,0.0395617
4.9756e-005,0.0399437
4.976e-005,0.0401222
4.9764e-005,0.0398395
4.9768e-005,0.0400528
4.9772e-005,0.0403604
4.9776e-005,0.0398395
4.978e-005,0.0406778
4.9784e-005,0.0401917
4.9788e-005,0.0398792
4.9792e-005,0.0401024
4.9796e-005,0.0409655
4.98e-005,0.0406927
4.9804e-005,0.0402661
4.9808e-005,0.0410796
4.9812e-005,0.0398395
4.9816e-005,0.0410102
4.982e-005,0.0404645
4.9824e-005,0.0403554
4.9828e-005,0.0409209
4.9832e-005,0.0409655
4.9836e-005,0.0395369
4.984e-005,0.0403653
4.9844e-005,0.0406481
4.9848e-005,0.0405687
4.9852e-005,0.0403703
4.9856e-005,0.0408068
4.986e-005,0.0401719
4.9864e-005,0.040911
4.9868e-005,0.0404397
4.9872e-005,0.0402115
4.9876e-005,0.0401768
4.988e-005,0.0401619
4.9884e-005,0.0399685
4.9888e-005,0.0398792
4.9892e-005,0.0401669
4.9896e-005,0.0402859
4.99e-005,0.0399883
4.9904e-005,0.0408068
4.9908e-005,0.0399437
4.9912e-005,0.0404596
4.9916e-005,0.0411888
4.992e-005,0.0404695
4.9924e-005,0.040529
4.9928e-005,0.0403405
4.9932e-005,0.0403405
4.9936e-005,0.0404645
4.994e-005,0.0403852
4.9944e-005,0.0394178
4.9948e-005,0.0399089
4.9952e-005,0.0407473
4.9956e-005,0.039026
4.996e-005,0.0403157
4.9964e-005,0.0405489
4.9968e-005,0.0405588
4.9972e-005,0.0401917
4.9976e-005,0.0408564
4.998e-005,0.0399189
4.9984e-005,0.0404993
4.9988e-005,0.0405687
4.9992e-005,0.0397502
4.9996e-005,0.0404348
5e-005,0.0405538
5.0004e-005,0.0395567
5.0008e-005,0.0401421
5.0012e-005,0.0407274
5.0016e-005,0.0404645
5.002e-005,0.0409259
5.0024e-005,0.0402909
5.0028e-005,0.0404943
5.0032e-005,0.0408018
5.0036e-005,0.04041
5.004e-005,0.0397254
5.0044e-005,0.0401768
5.0048e-005,0.0393881
5.0052e-005,0.0401967
5.0056e-005,0.0405985
5.006e-005,0.0407076
5.0064e-005,0.0396063
5.0068e-005,0.040534
5.0072e-005,0.0405935
5.0076e-005,0.0398097
5.008e-005,0.0405885
5.0084e-005,0.041164
5.0088e-005,0.0404744
5.0092e-005,0.0405588
5.0096e-005,0.0404149
5.01e-005,0.0400578
5.0104e-005,0.0404348
5.0108e-005,0.0411094
5.0112e-005,0.0403107
5.0116e-005,0.0408118
5.012e-005,0.0412582
5.0124e-005,0.0398097
5.0128e-005,0.040157
5.0132e-005,0.0404149
5.0136e-005,0.0396758
5.014e-005,0.040028
5.0144e-005,0.0404695
5.0148e-005,0.0398296
5.0152e-005,0.0401421
5.0156e-005,0.0405588
5.016e-005,0.0395071
5.0164e-005,0.0399486
5.0168e-005,0.0405092
5.0172e-005,0.0403405
5.0176e-005,0.0404149
5.018e-005,0.0412632
5.0184e-005,0.0399635
5.0188e-005,0.0400627
5.0192e-005,0.0403852
5.0196e-005,0.0403405
5.02e-005,0.0401371
5.0204e-005,0.0405538
5.0208e-005,0.0398445
5.0212e-005,0.0403852
5.0216e-005,0.0405836
5.022e-005,0.0396113
5.0224e-005,0.0402562
5.0228e-005,0.0406233
5.0232e-005,0.040281
5.0236e-005,0.0407126
5.024e-005,0.0409655
5.0244e-005,0.0405935
5.0248e-005,0.0405389
5.0252e-005,0.0414566
5.0256e-005,0.0400826
5.026e-005,0.0402859
5.0264e-005,0.0406729
5.0268e-005,0.0400974
5.0272e-005,0.0409655
5.0276e-005,0.0409358
5.028e-005,0.0401967
5.0284e-005,0.0410896
5.0288e-005,0.040777
5.0292e-005,0.0402264
5.0296e-005,0.0400478
5.03e-005,0.0403157
5.0304e-005,0.0400131
5.0308e-005,0.040023
5.0312e-005,0.0409209
5.0316e-005,0.0405687
5.032e-005,0.0402711
5.0324e-005,0.0403256
5.0328e-005,0.0400082
5.0332e-005,0.0408267
5.0336e-005,0.0408415
5.034e-005,0.0394426
5.0344e-005,0.0393583
5.0348e-005,0.038019
5.0352e-005,0.0352212
5.0356e-005,0.0348094
5.036e-005,0.0344126
5.0364e-005,0.0339265
5.0368e-005,0.0333709
5.0372e-005,0.0275174
5.0376e-005,0.0201062
5.038e-005,0.0201955
5.0384e-005,0.0195556
5.0388e-005,0.0187123
5.0392e-005,0.0185933
5.0396e-005,0.0127646
5.04e-005,0.00298724
5.0404e-005,0.000913711
5.0408e-005,0.000134898
5.0412e-005,-0.000425649
5.0416e-005,0.000368046
5.042e-005,0.000244031
5.0424e-005,-0.000445491
5.0428e-005,0.000586312
5.0432e-005,-0.000465334
5.0436e-005,0.00722359
5.044e-005,0.016614
5.0444e-005,0.017368
5.0448e-005,0.0168174
5.0452e-005,0.0167727
5.0456e-005,0.0161328
5.046e-005,0.0149274
5.0464e-005,0.014853
5.0468e-005,0.0136277
5.0472e-005,0.0138559
5.0476e-005,0.0129977
5.048e-005,0.0127546
5.0484e-005,0.0129481
5.0488e-005,0.0132854
5.0492e-005,0.0125761
5.0496e-005,0.0127546
5.05e-005,0.012457
5.0504e-005,0.0131465
5.0508e-005,0.0130275
5.0512e-005,0.0126009
5.0516e-005,0.0129134
5.052e-005,0.0134987
5.0524e-005,0.0131168
5.0528e-005,0.012462
5.0532e-005,0.0133102
5.0536e-005,0.0126852
5.054e-005,0.0129283
5.0544e-005,0.0133549
5.0548e-005,0.0128588
5.0552e-005,0.0124967
5.0556e-005,0.0131267
5.056e-005,0.0126753
5.0564e-005,0.0127795
5.0568e-005,0.0130523
5.0572e-005,0.0127497
5.0576e-005,0.0127546
5.058e-005,0.0128787
5.0584e-005,0.0136376
5.0588e-005,0.0130672
5.0592e-005,0.0127398
5.0596e-005,0.0131168
5.06e-005,0.0135037
5.0604e-005,0.0138559
5.0608e-005,0.0140097
5.0612e-005,0.0137468
5.0616e-005,0.0141039
5.062e-005,0.0143321
5.0624e-005,0.0140642
5.0628e-005,0.0134343
5.0632e-005,0.0137368
5.0636e-005,0.0141982
5.064e-005,0.0141039
5.0644e-005,0.0136327
5.0648e-005,0.013841
5.0652e-005,0.0141337
5.0656e-005,0.014094
5.066e-005,0.0135583
5.0664e-005,0.0139898
5.0668e-005,0.0139353
5.0672e-005,0.0134343
5.0676e-005,0.0134839
5.068e-005,0.0128439
5.0684e-005,0.0135533
5.0688e-005,0.0131168
5.0692e-005,0.0138113
5.0696e-005,0.0132457
5.07e-005,0.0138807
5.0704e-005,0.0134938
5.0708e-005,0.0130324
5.0712e-005,0.0134739
5.0716e-005,0.0135136
5.072e-005,0.0131813
5.0724e-005,0.014347
5.0728e-005,0.0136525
5.0732e-005,0.0139253
5.0736e-005,0.0144065
5.074e-005,0.0139601
5.0744e-005,0.013712
5.0748e-005,0.0136128
5.0752e-005,0.0139898
5.0756e-005,0.0134094
5.076e-005,0.0139005
5.0764e-005,0.0134094
5.0768e-005,0.0134144
5.0772e-005,0.0134541
5.0776e-005,0.0142776
5.078e-005,0.0133846
5.0784e-005,0.0135434
5.0788e-005,0.01397
5.0792e-005,0.0134888
5.0796e-005,0.0136823
5.08e-005,0.0137865
5.0804e-005,0.0134789
5.0808e-005,0.0142031
5.0812e-005,0.0138807
5.0816e-005,0.0142974
5.082e-005,0.0145206
5.0824e-005,0.0140097
5.0828e-005,0.0136624
5.0832e-005,0.0136724
5.0836e-005,0.0131565
5.084e-005,0.0134293
5.0844e-005,0.0138212
5.0848e-005,0.0140295
5.0852e-005,0.0138261
5.0856e-005,0.0130424
5.086e-005,0.013593
5.0864e-005,0.0137865
5.0868e-005,0.014099
5.0872e-005,0.0134739
5.0876e-005,0.013712
5.088e-005,0.0136128
5.0884e-005,0.0137765
5.0888e-005,0.0137368
5.0892e-005,0.0133003
5.0896e-005,0.013975
5.09e-005,0.0132954
5.0904e-005,0.0136228
5.0908e-005,0.0132954
5.0912e-005,0.0138708
5.0916e-005,0.0131961
5.092e-005,0.0138708
5.0924e-005,0.0139551
5.0928e-005,0.0131763
5.0932e-005,0.0135434
5.0936e-005,0.0136872
5.094e-005,0.0138013
5.0944e-005,0.0138559
5.0948e-005,0.0131267
5.0952e-005,0.0134243
5.0956e-005,0.0132557
5.096e-005,0.0126951
5.0964e-005,0.0134343
5.0968e-005,0.0139353
5.0972e-005,0.0137418
5.0976e-005,0.0141436
5.098e-005,0.0141039
5.0984e-005,0.0129035
5.0988e-005,0.0136922
5.0992e-005,0.0136029
5.0996e-005,0.0137368
5.1e-005,0.0142131
5.1004e-005,0.0139402
5.1008e-005,0.0138906
5.1012e-005,0.0131118
5.1016e-005,0.0130027
5.102e-005,0.0135136
5.1024e-005,0.0136476
5.1028e-005,0.0132706
5.1032e-005,0.0133549
5.1036e-005,0.0131614
5.104e-005,0.0136178
5.1044e-005,0.0130473
5.1048e-005,0.0137914
5.1052e-005,0.0137914
5.1056e-005,0.0136624
5.106e-005,0.0139154
5.1064e-005,0.0131416
5.1068e-005,0.0135831
5.1072e-005,0.0139849
5.1076e-005,0.014089
5.108e-005,0.0135087
5.1084e-005,0.0142776
5.1088e-005,0.0138708
5.1092e-005,0.0134293
5.1096e-005,0.0131465
5.11e-005,0.0134541
5.1104e-005,0.0137964
5.1108e-005,0.012958
5.1112e-005,0.0133003
5.1116e-005,0.0141932
5.112e-005,0.0146347
5.1124e-005,0.0156467
5.1128e-005,0.0163362
5.1132e-005,0.015731
5.1136e-005,0.0164255
5.114e-005,0.0164553
5.1144e-005,0.0178343
5.1148e-005,0.0191191
5.1152e-005,0.0184345
5.1156e-005,0.0181419
5.116e-005,0.0185288
5.1164e-005,0.0114351
5.1168e-005,0.00240685
5.1172e-005,0.00117166
5.1176e-005,0.000293637
5.118e-005,-0.000544703
5.1184e-005,0.000263874
5.1188e-005,6.04892e-005
5.1192e-005,-0.00018258
5.1196e-005,-9.32892e-005
5.12e-005,-0.000986196
5.1204e-005,0.00616698
5.1208e-005,0.0164553
5.1212e-005,0.0170356
5.1216e-005,0.0181419
5.122e-005,0.0190992
5.1224e-005,0.0200616
5.1228e-005,0.0193572
5.1232e-005,0.0198582
5.1236e-005,0.0201807
5.124e-005,0.0200368
5.1244e-005,0.0203592
5.1248e-005,0.0207214
5.1252e-005,0.0207164
5.1256e-005,0.0206668
5.126e-005,0.0209297
