Time,Ampl
4.126e-005,0.021391
4.1264e-005,0.0245906
4.1268e-005,0.0292833
4.1272e-005,0.0310444
4.1276e-005,0.0334403
4.128e-005,0.0365705
4.1284e-005,0.0371856
4.1288e-005,0.0387184
4.1292e-005,0.040777
4.1296e-005,0.0411292
4.13e-005,0.0417989
4.1304e-005,0.0431333
4.1308e-005,0.043674
4.1312e-005,0.0451473
4.1316e-005,0.0454152
4.132e-005,0.0453209
4.1324e-005,0.0464817
4.1328e-005,0.0466107
4.1332e-005,0.0468339
4.1336e-005,0.0472209
4.134e-005,0.0476475
4.1344e-005,0.0474342
4.1348e-005,0.0479153
4.1352e-005,0.0483668
4.1356e-005,0.0480294
4.136e-005,0.048337
4.1364e-005,0.0495176
4.1368e-005,0.0490364
4.1372e-005,0.0495771
4.1376e-005,0.0488281
4.138e-005,0.0494432
4.1384e-005,0.0498698
4.1388e-005,0.0496466
4.1392e-005,0.049215
4.1396e-005,0.0492547
4.14e-005,0.0497408
4.1404e-005,0.0489124
4.1408e-005,0.0497706
4.1412e-005,0.050098
4.1416e-005,0.0500137
4.142e-005,0.0502468
4.1424e-005,0.0500633
4.1428e-005,0.0501625
4.1432e-005,0.0496218
4.1436e-005,0.0504105
4.144e-005,0.0501972
4.1444e-005,0.0502915
4.1448e-005,0.0501079
4.1452e-005,0.0495672
4.1456e-005,0.0505345
4.146e-005,0.0508421
4.1464e-005,0.0504254
4.1468e-005,0.050857
4.1472e-005,0.0502171
4.1476e-005,0.0505693
4.148e-005,0.0501327
4.1484e-005,0.0504452
4.1488e-005,0.0503212
4.1492e-005,0.0503311
4.1496e-005,0.0504948
4.15e-005,0.0499293
4.1504e-005,0.0501178
4.1508e-005,0.0506585
4.1512e-005,0.0502071
4.1516e-005,0.0501526
4.152e-005,0.050728
4.1524e-005,0.050103
4.1528e-005,0.0500236
4.1532e-005,0.0505395
4.1536e-005,0.049344
4.154e-005,0.0501724
4.1544e-005,0.0498252
4.1548e-005,0.0498103
4.1552e-005,0.0500385
4.1556e-005,0.0501575
4.156e-005,0.0500087
4.1564e-005,0.0500732
4.1568e-005,0.0504254
4.1572e-005,0.049726
4.1576e-005,0.0498549
4.158e-005,0.0502071
4.1584e-005,0.0499045
4.1588e-005,0.0501526
4.1592e-005,0.0508123
4.1596e-005,0.049726
4.16e-005,0.0499988
4.1604e-005,0.0498103
4.1608e-005,0.050098
4.1612e-005,0.0504304
4.1616e-005,0.0503907
4.162e-005,0.0500385
4.1624e-005,0.050093
4.1628e-005,0.050475
4.1632e-005,0.0502319
4.1636e-005,0.0507974
4.164e-005,0.0503956
4.1644e-005,0.0499045
4.1648e-005,0.0503063
4.1652e-005,0.0502667
4.1656e-005,0.0494878
4.166e-005,0.0498847
4.1664e-005,0.0499343
4.1668e-005,0.0504254
4.1672e-005,0.050098
4.1676e-005,0.0503311
4.168e-005,0.0500236
4.1684e-005,0.0503857
4.1688e-005,0.0502667
4.1692e-005,0.049721
4.1696e-005,0.0505792
4.17e-005,0.0502022
4.1704e-005,0.0497111
4.1708e-005,0.0502071
4.1712e-005,0.0504204
4.1716e-005,0.0499789
4.172e-005,0.0499194
4.1724e-005,0.0503857
4.1728e-005,0.0496912
4.1732e-005,0.0495771
4.1736e-005,0.0501426
4.174e-005,0.0497408
4.1744e-005,0.0496565
4.1748e-005,0.0500831
4.1752e-005,0.0494581
4.1756e-005,0.049845
4.176e-005,0.0501079
4.1764e-005,0.0494134
4.1768e-005,0.0495771
4.1772e-005,0.0501972
4.1776e-005,0.0495821
4.178e-005,0.0504849
4.1784e-005,0.0504849
4.1788e-005,0.0495821
4.1792e-005,0.0495325
4.1796e-005,0.0497061
4.18e-005,0.049349
4.1804e-005,0.0502171
4.1808e-005,0.0506486
4.1812e-005,0.0499889
4.1816e-005,0.0495226
4.182e-005,0.0504403
4.1824e-005,0.0496515
4.1828e-005,0.0508619
4.1832e-005,0.0511794
4.1836e-005,0.0492696
4.184e-005,0.0511893
4.1844e-005,0.0507578
4.1848e-005,0.0497061
4.1852e-005,0.0505841
4.1856e-005,0.0503063
4.186e-005,0.0495077
4.1864e-005,0.0506635
4.1868e-005,0.0512092
4.1872e-005,0.0500633
4.1876e-005,0.0507379
4.188e-005,0.0506238
4.1884e-005,0.0494283
4.1888e-005,0.0497706
4.1892e-005,0.050351
4.1896e-005,0.0497061
4.19e-005,0.0504502
4.1904e-005,0.0500633
4.1908e-005,0.0501575
4.1912e-005,0.0506089
4.1916e-005,0.0497607
4.192e-005,0.0503411
4.1924e-005,0.0500137
4.1928e-005,0.0493341
4.1932e-005,0.0441701
4.1936e-005,0.0408068
4.194e-005,0.0385597
4.1944e-005,0.0369574
4.1948e-005,0.0362877
4.1952e-005,0.036119
4.1956e-005,0.0270957
4.196e-005,0.0215944
4.1964e-005,0.0204535
4.1968e-005,0.0193026
4.1972e-005,0.0194614
4.1976e-005,0.0188215
4.198e-005,0.0125314
4.1984e-005,0.00253583
4.1988e-005,0.000933554
4.1992e-005,-0.00034628
4.1996e-005,5.92266e-006
4.2e-005,-9.82498e-005
4.2004e-005,-0.000882024
4.2008e-005,-0.00010321
4.2012e-005,-0.000167698
4.2016e-005,-0.00152194
4.202e-005,0.00813634
4.2024e-005,0.0171993
4.2028e-005,0.0194663
4.2032e-005,0.0208107
4.2036e-005,0.02215
4.204e-005,0.0229437
4.2044e-005,0.023281
4.2048e-005,0.024288
4.2052e-005,0.0248139
4.2056e-005,0.0251561
4.206e-005,0.0260044
4.2064e-005,0.0261929
4.2068e-005,0.026426
4.2072e-005,0.0270213
4.2076e-005,0.0271949
4.208e-005,0.0275025
4.2084e-005,0.0274975
4.2088e-005,0.0269767
4.2092e-005,0.0278547
4.2096e-005,0.0279986
4.21e-005,0.0272346
4.2104e-005,0.0274727
4.2108e-005,0.0281623
4.2112e-005,0.0276364
4.2116e-005,0.0278249
4.212e-005,0.0279341
4.2124e-005,0.0276761
4.2128e-005,0.0276712
4.2132e-005,0.0276811
4.2136e-005,0.0274132
4.214e-005,0.0282714
4.2144e-005,0.0277158
4.2148e-005,0.027686
4.2152e-005,0.0276612
4.2156e-005,0.0271453
4.216e-005,0.0275571
4.2164e-005,0.0276563
4.2168e-005,0.0278547
4.2172e-005,0.0276116
4.2176e-005,0.0272396
4.218e-005,0.0274926
4.2184e-005,0.0274975
4.2188e-005,0.027696
4.2192e-005,0.0271255
4.2196e-005,0.0267336
4.22e-005,0.0276315
4.2204e-005,0.0273983
4.2208e-005,0.0267286
4.2212e-005,0.0271305
4.2216e-005,0.0271453
4.222e-005,0.0273586
4.2224e-005,0.0272594
4.2228e-005,0.0274578
4.2232e-005,0.0273686
4.2236e-005,0.0271652
4.224e-005,0.0274727
4.2244e-005,0.0275769
4.2248e-005,0.0273239
4.2252e-005,0.0269618
4.2256e-005,0.0271205
4.226e-005,0.0263417
4.2264e-005,0.0274132
4.2268e-005,0.0276116
4.2272e-005,0.0271602
4.2276e-005,0.0271007
4.228e-005,0.0270511
4.2284e-005,0.026937
4.2288e-005,0.0272991
4.2292e-005,0.0273735
4.2296e-005,0.0264657
4.23e-005,0.0273586
4.2304e-005,0.0269469
4.2308e-005,0.0274182
4.2312e-005,0.0265451
4.2316e-005,0.0268179
4.232e-005,0.0273834
4.2324e-005,0.0268725
4.2328e-005,0.0271751
4.2332e-005,0.0272743
4.2336e-005,0.0265798
4.234e-005,0.0267138
4.2344e-005,0.0265203
4.2348e-005,0.0274926
4.2352e-005,0.0272049
4.2356e-005,0.026932
4.236e-005,0.0270709
4.2364e-005,0.0276116
4.2368e-005,0.0276513
4.2372e-005,0.027185
4.2376e-005,0.0271056
4.238e-005,0.026555
4.2384e-005,0.0274281
4.2388e-005,0.0269221
4.2392e-005,0.0268824
4.2396e-005,0.0273239
4.24e-005,0.0268328
4.2404e-005,0.0264905
4.2408e-005,0.0271553
4.2412e-005,0.0263814
4.2416e-005,0.0271255
4.242e-005,0.027056
4.2424e-005,0.0269221
4.2428e-005,0.0265005
4.2432e-005,0.0267286
4.2436e-005,0.0266939
4.244e-005,0.0265153
4.2444e-005,0.0274033
4.2448e-005,0.0263219
4.2452e-005,0.0268031
4.2456e-005,0.0263715
4.246e-005,0.0266245
4.2464e-005,0.0269668
4.2468e-005,0.0265798
4.2472e-005,0.0264856
4.2476e-005,0.0271949
4.248e-005,0.0267138
4.2484e-005,0.02656
4.2488e-005,0.0268874
4.2492e-005,0.0266096
4.2496e-005,0.0264608
4.25e-005,0.027056
4.2504e-005,0.0266195
4.2508e-005,0.0268973
4.2512e-005,0.0266245
4.2516e-005,0.0272445
4.252e-005,0.026808
4.2524e-005,0.0265153
4.2528e-005,0.0269717
4.2532e-005,0.0263417
4.2536e-005,0.0265749
4.254e-005,0.0264955
4.2544e-005,0.02593
4.2548e-005,0.0270511
4.2552e-005,0.026937
4.2556e-005,0.0265401
4.256e-005,0.026312
4.2564e-005,0.0273289
4.2568e-005,0.0265005
4.2572e-005,0.0267485
4.2576e-005,0.0266096
4.258e-005,0.0268328
4.2584e-005,0.0265699
4.2588e-005,0.0272148
4.2592e-005,0.0270461
4.2596e-005,0.0267832
4.26e-005,0.0270312
4.2604e-005,0.0266294
4.2608e-005,0.0269419
4.2612e-005,0.0270412
4.2616e-005,0.0264905
4.262e-005,0.026049
4.2624e-005,0.026312
4.2628e-005,0.0258258
4.2632e-005,0.0272495
4.2636e-005,0.0270015
4.264e-005,0.0266195
4.2644e-005,0.0273934
4.2648e-005,0.0269618
4.2652e-005,0.0269618
4.2656e-005,0.0264161
4.266e-005,0.0264409
4.2664e-005,0.027056
4.2668e-005,0.0272247
4.2672e-005,0.026436
4.2676e-005,0.0268229
4.268e-005,0.0264856
4.2684e-005,0.027056
4.2688e-005,0.0271652
4.2692e-005,0.0266344
4.2696e-005,0.0267038
4.27e-005,0.026054
4.2704e-005,0.027314
4.2708e-005,0.0270015
4.2712e-005,0.027438
4.2716e-005,0.0274827
4.272e-005,0.0273487
4.2724e-005,0.0227304
4.2728e-005,0.0202848
4.2732e-005,0.0198632
4.2736e-005,0.0192233
4.274e-005,0.0186974
4.2744e-005,0.0187718
4.2748e-005,0.0104629
4.2752e-005,0.0024763
4.2756e-005,0.000630958
4.276e-005,-0.000812575
4.2764e-005,-0.000753048
4.2768e-005,3.56862e-005
4.2772e-005,-0.000341319
4.2776e-005,-0.000137935
4.278e-005,-0.000167698
4.2784e-005,-0.00158643
4.2788e-005,0.00751626
4.2792e-005,0.0179037
4.2796e-005,0.019759
4.28e-005,0.0220954
4.2804e-005,0.0247543
4.2808e-005,0.0255431
4.2812e-005,0.0265005
4.2816e-005,0.0280531
4.282e-005,0.0290304
4.2824e-005,0.029829
4.2828e-005,0.0304441
4.2832e-005,0.0310989
4.2836e-005,0.0318232
4.284e-005,0.0327359
4.2844e-005,0.032597
4.2848e-005,0.0340356
4.2852e-005,0.0347648
4.2856e-005,0.0345168
4.286e-005,0.0349781
4.2864e-005,0.0348194
4.2868e-005,0.0344176
4.2872e-005,0.0356379
4.2876e-005,0.0355238
4.288e-005,0.0349632
4.2884e-005,0.0355436
4.2888e-005,0.0353402
4.2892e-005,0.0344027
4.2896e-005,0.0354692
4.29e-005,0.0354494
4.2904e-005,0.0352013
4.2908e-005,0.0353849
4.2912e-005,0.0351617
4.2916e-005,0.0352311
4.292e-005,0.0357718
4.2924e-005,0.0358214
4.2928e-005,0.0354543
4.2932e-005,0.0353452
4.2936e-005,0.0361736
4.294e-005,0.0357172
4.2944e-005,0.035117
4.2948e-005,0.0362877
4.2952e-005,0.0354047
4.2956e-005,0.0358859
4.296e-005,0.0356627
4.2964e-005,0.0353204
4.2968e-005,0.0350724
4.2972e-005,0.0354742
4.2976e-005,0.0346755
4.298e-005,0.0352609
4.2984e-005,0.0355387
4.2988e-005,0.0349831
4.2992e-005,0.0353998
4.2996e-005,0.0353799
4.3e-005,0.034993
4.3004e-005,0.0347598
4.3008e-005,0.0354742
4.3012e-005,0.0349434
4.3016e-005,0.0351468
4.302e-005,0.0351666
4.3024e-005,0.0348392
4.3028e-005,0.0348987
4.3032e-005,0.0348938
4.3036e-005,0.0354295
4.304e-005,0.035876
4.3044e-005,0.0352609
4.3048e-005,0.0354345
4.3052e-005,0.0351021
4.3056e-005,0.0353551
4.306e-005,0.035246
4.3064e-005,0.0348739
4.3068e-005,0.0352162
4.3072e-005,0.0347251
4.3076e-005,0.0349335
4.308e-005,0.0358313
4.3084e-005,0.0347648
4.3088e-005,0.0361935
4.3092e-005,0.0354841
4.3096e-005,0.0346706
4.31e-005,0.035494
4.3104e-005,0.03537
4.3108e-005,0.0351368
4.3112e-005,0.0356379
4.3116e-005,0.0349186
4.312e-005,0.0351964
4.3124e-005,0.0356776
4.3128e-005,0.0352559
4.3132e-005,0.0347549
4.3136e-005,0.0352609
4.314e-005,0.0354345
4.3144e-005,0.0347499
4.3148e-005,0.0354047
4.3152e-005,0.0350029
4.3156e-005,0.0353452
4.316e-005,0.0345664
4.3164e-005,0.0343283
4.3168e-005,0.0350525
4.3172e-005,0.0351269
4.3176e-005,0.035618
4.318e-005,0.0347598
4.3184e-005,0.0353303
4.3188e-005,0.0358214
4.3192e-005,0.0351716
4.3196e-005,0.0351666
4.32e-005,0.0356776
4.3204e-005,0.0350525
4.3208e-005,0.034745
4.3212e-005,0.0349434
4.3216e-005,0.0347251
4.322e-005,0.0354097
4.3224e-005,0.0343531
4.3228e-005,0.0346309
4.3232e-005,0.0346854
4.3236e-005,0.0348045
4.324e-005,0.0350327
4.3244e-005,0.0345168
4.3248e-005,0.0357321
4.3252e-005,0.0346309
4.3256e-005,0.0349533
4.326e-005,0.0350872
4.3264e-005,0.0342588
4.3268e-005,0.0356726
4.3272e-005,0.0355337
4.3276e-005,0.0346507
4.328e-005,0.0352311
4.3284e-005,0.035365
4.3288e-005,0.0345813
4.3292e-005,0.0348987
4.3296e-005,0.0352311
4.33e-005,0.0349434
4.3304e-005,0.0352162
4.3308e-005,0.0349335
4.3312e-005,0.0353055
4.3316e-005,0.035246
4.332e-005,0.0353849
4.3324e-005,0.0345465
4.3328e-005,0.0349781
4.3332e-005,0.0350128
4.3336e-005,0.0346854
4.334e-005,0.0350476
4.3344e-005,0.034988
4.3348e-005,0.0350872
4.3352e-005,0.0350823
4.3356e-005,0.0348591
4.336e-005,0.0353254
4.3364e-005,0.0347846
4.3368e-005,0.0345267
4.3372e-005,0.0354444
4.3376e-005,0.0349136
4.338e-005,0.0352708
4.3384e-005,0.0347053
4.3388e-005,0.0355585
4.3392e-005,0.0350922
4.3396e-005,0.0350128
4.34e-005,0.0354494
4.3404e-005,0.0352063
4.3408e-005,0.034611
4.3412e-005,0.0349583
4.3416e-005,0.0359206
4.342e-005,0.0348789
4.3424e-005,0.0350773
4.3428e-005,0.0349087
4.3432e-005,0.0349186
4.3436e-005,0.0344672
4.344e-005,0.0353601
4.3444e-005,0.0345912
4.3448e-005,0.034492
4.3452e-005,0.0345267
4.3456e-005,0.0350575
4.346e-005,0.0347102
4.3464e-005,0.0344622
4.3468e-005,0.0335544
4.3472e-005,0.0324333
4.3476e-005,0.0313817
4.348e-005,0.0311039
4.3484e-005,0.0308807
4.3488e-005,0.0312031
4.3492e-005,0.0248783
4.3496e-005,0.0211033
4.35e-005,0.020141
4.3504e-005,0.0191836
4.3508e-005,0.0189504
4.3512e-005,0.0193671
4.3516e-005,0.0111077
4.352e-005,0.00237709
4.3524e-005,0.000973238
4.3528e-005,-0.000405807
4.3532e-005,-0.000356201
4.3536e-005,7.5371e-005
4.354e-005,-7.34468e-005
4.3544e-005,-0.000986196
4.3548e-005,-0.000197462
4.3552e-005,-0.00186422
4.3556e-005,0.00723847
4.356e-005,0.017244
4.3564e-005,0.0203642
4.3568e-005,0.023162
4.3572e-005,0.0268725
4.3576e-005,0.0284649
4.358e-005,0.0301167
4.3584e-005,0.0323143
4.3588e-005,0.0338173
4.3592e-005,0.0346557
4.3596e-005,0.0362927
4.36e-005,0.0361042
4.3604e-005,0.0379743
4.3608e-005,0.0386688
4.3612e-005,0.0387283
4.3616e-005,0.0394079
4.362e-005,0.0395022
4.3624e-005,0.0403554
4.3628e-005,0.0405389
4.3632e-005,0.0408614
4.3636e-005,0.0404744
4.364e-005,0.0413674
4.3644e-005,0.0417642
4.3648e-005,0.0420668
4.3652e-005,0.04229
4.3656e-005,0.0420966
4.366e-005,0.0415261
4.3664e-005,0.0423992
4.3668e-005,0.0424537
4.3672e-005,0.0422206
4.3676e-005,0.0420916
4.368e-005,0.0424835
4.3684e-005,0.0425381
4.3688e-005,0.0428555
4.3692e-005,0.0427464
4.3696e-005,0.0421065
4.37e-005,0.0430143
4.3704e-005,0.0428407
4.3708e-005,0.042042
4.3712e-005,0.043049
4.3716e-005,0.0421015
4.372e-005,0.0420222
4.3724e-005,0.0423892
4.3728e-005,0.0423545
4.3732e-005,0.0433268
4.3736e-005,0.0431184
4.374e-005,0.0428109
4.3744e-005,0.0424686
4.3748e-005,0.0425629
4.3752e-005,0.0425281
4.3756e-005,0.0421313
4.376e-005,0.0430242
4.3764e-005,0.0430044
4.3768e-005,0.042677
4.3772e-005,0.0430391
4.3776e-005,0.0431681
4.378e-005,0.0422652
4.3784e-005,0.0430242
4.3788e-005,0.0427315
4.3792e-005,0.0424835
4.3796e-005,0.0427117
4.38e-005,0.0428307
4.3804e-005,0.0428208
4.3808e-005,0.042672
4.3812e-005,0.0428158
4.3816e-005,0.0425381
4.382e-005,0.0426869
4.3824e-005,0.0421462
4.3828e-005,0.0415906
4.3832e-005,0.0433962
4.3836e-005,0.0423644
4.384e-005,0.042295
4.3844e-005,0.0425579
4.3848e-005,0.0431631
4.3852e-005,0.0416005
4.3856e-005,0.0429101
4.386e-005,0.0427613
4.3864e-005,0.0428109
4.3868e-005,0.0430639
4.3872e-005,0.042925
4.3876e-005,0.042047
4.388e-005,0.0432722
4.3884e-005,0.0428754
4.3888e-005,0.0423446
4.3892e-005,0.0426373
4.3896e-005,0.0426125
4.39e-005,0.0419477
4.3904e-005,0.0425777
4.3908e-005,0.043173
4.3912e-005,0.0424388
4.3916e-005,0.0429299
4.392e-005,0.0429944
4.3924e-005,0.0428555
4.3928e-005,0.0432921
4.3932e-005,0.0432474
4.3936e-005,0.0418237
4.394e-005,0.0426422
4.3944e-005,0.0430936
4.3948e-005,0.0433962
4.3952e-005,0.0424587
4.3956e-005,0.043178
4.396e-005,0.0423446
4.3964e-005,0.0427464
4.3968e-005,0.0425331
4.3972e-005,0.0420767
4.3976e-005,0.0428307
4.398e-005,0.042295
4.3984e-005,0.0420817
4.3988e-005,0.0426025
4.3992e-005,0.0426273
4.3996e-005,0.0421214
4.4e-005,0.0424339
4.4004e-005,0.0429597
4.4008e-005,0.0425926
4.4012e-005,0.0433367
4.4016e-005,0.0430837
4.402e-005,0.042047
4.4024e-005,0.0429647
4.4028e-005,0.0428407
4.4032e-005,0.0430044
4.4036e-005,0.042672
4.404e-005,0.0429151
4.4044e-005,0.0421511
4.4048e-005,0.0428555
4.4052e-005,0.0426273
4.4056e-005,0.0423942
4.406e-005,0.042791
4.4064e-005,0.0427117
4.4068e-005,0.041784
4.4072e-005,0.0429498
4.4076e-005,0.042548
4.408e-005,0.0425281
4.4084e-005,0.0420122
4.4088e-005,0.0425579
4.4092e-005,0.0426422
4.4096e-005,0.0426571
4.41e-005,0.0424041
4.4104e-005,0.0425033
4.4108e-005,0.0431036
4.4112e-005,0.0423992
4.4116e-005,0.0424736
4.412e-005,0.0425629
4.4124e-005,0.0426422
4.4128e-005,0.0424289
4.4132e-005,0.0432375
4.4136e-005,0.0425976
4.414e-005,0.0420222
4.4144e-005,0.0429597
4.4148e-005,0.0435947
4.4152e-005,0.042414
4.4156e-005,0.0437633
4.416e-005,0.0428506
4.4164e-005,0.0425579
4.4168e-005,0.0436443
4.4172e-005,0.0433318
4.4176e-005,0.042543
4.418e-005,0.0427414
4.4184e-005,0.0430093
4.4188e-005,0.0429002
4.4192e-005,0.0429994
4.4196e-005,0.042419
4.42e-005,0.0422255
4.4204e-005,0.0428952
4.4208e-005,0.0431333
4.4212e-005,0.042677
4.4216e-005,0.0431432
4.422e-005,0.043426
4.4224e-005,0.0428059
4.4228e-005,0.0427117
4.4232e-005,0.0415608
4.4236e-005,0.0386589
4.424e-005,0.0378106
4.4244e-005,0.035618
4.4248e-005,0.034234
4.4252e-005,0.0347102
4.4256e-005,0.0349831
4.426e-005,0.0264012
4.4264e-005,0.021143
4.4268e-005,0.0204882
4.4272e-005,0.0191191
4.4276e-005,0.0188512
4.428e-005,0.0194862
4.4284e-005,0.0111077
4.4288e-005,0.00268464
4.4292e-005,0.00111214
4.4296e-005,-0.000529821
4.43e-005,-0.000197462
4.4304e-005,3.56862e-005
4.4308e-005,-0.000534782
4.4312e-005,-0.000529821
4.4316e-005,-0.000252028
4.432e-005,-0.00200808
4.4324e-005,0.00798752
4.4328e-005,0.0173283
4.4332e-005,0.0213811
4.4336e-005,0.0247593
4.434e-005,0.0292536
4.4344e-005,0.0306674
4.4348e-005,0.0332369
4.4352e-005,0.0349186
4.4356e-005,0.0369723
4.436e-005,0.0385249
4.4364e-005,0.040028
4.4368e-005,0.0401818
4.4372e-005,0.0415707
4.4376e-005,0.0427762
4.438e-005,0.0426125
4.4384e-005,0.0436988
4.4388e-005,0.0450382
4.4392e-005,0.044681
4.4396e-005,0.0461097
4.44e-005,0.0464321
4.4404e-005,0.0460551
4.4408e-005,0.0474242
4.4412e-005,0.0476028
4.4416e-005,0.0476078
4.442e-005,0.0480195
4.4424e-005,0.0480294
4.4428e-005,0.0475086
4.4432e-005,0.049349
4.4436e-005,0.0487487
4.444e-005,0.0478856
4.4444e-005,0.0490414
4.4448e-005,0.0489124
4.4452e-005,0.0483519
4.4456e-005,0.0493986
4.446e-005,0.0489075
4.4464e-005,0.0491406
4.4468e-005,0.0491456
4.4472e-005,0.0498301
4.4476e-005,0.0491704
4.448e-005,0.0496515
4.4484e-005,0.049349
4.4488e-005,0.0492944
4.4492e-005,0.0488132
4.4496e-005,0.0497012
4.45e-005,0.0493291
4.4504e-005,0.048833
4.4508e-005,0.0503956
4.4512e-005,0.0493688
4.4516e-005,0.0498103
4.452e-005,0.050103
4.4524e-005,0.0498004
4.4528e-005,0.0497607
4.4532e-005,0.0503907
4.4536e-005,0.0495722
4.454e-005,0.0494432
4.4544e-005,0.0498549
4.4548e-005,0.0494581
4.4552e-005,0.0492894
4.4556e-005,0.0504403
4.456e-005,0.0494878
4.4564e-005,0.0506387
4.4568e-005,0.0497904
4.4572e-005,0.0499293
4.4576e-005,0.0493589
4.458e-005,0.0501278
4.4584e-005,0.0494482
4.4588e-005,0.0505792
4.4592e-005,0.04985
4.4596e-005,0.0498797
4.46e-005,0.0494531
4.4604e-005,0.050227
4.4608e-005,0.0499045
4.4612e-005,0.0498847
4.4616e-005,0.0500682
4.462e-005,0.0494283
4.4624e-005,0.0503659
4.4628e-005,0.0495672
4.4632e-005,0.0495672
4.4636e-005,0.0498252
4.464e-005,0.0499591
4.4644e-005,0.0488975
4.4648e-005,0.0496912
4.4652e-005,0.0498103
4.4656e-005,0.0495275
4.466e-005,0.04984
4.4664e-005,0.05047
4.4668e-005,0.0491307
4.4672e-005,0.0497756
4.4676e-005,0.0496119
4.468e-005,0.049716
4.4684e-005,0.049974
4.4688e-005,0.0497855
4.4692e-005,0.0497904
4.4696e-005,0.0497904
4.47e-005,0.0502716
4.4704e-005,0.0490166
4.4708e-005,0.050103
4.4712e-005,0.0502071
4.4716e-005,0.0494382
4.472e-005,0.0498599
4.4724e-005,0.0501724
4.4728e-005,0.0493192
4.4732e-005,0.0503063
4.4736e-005,0.0499393
4.474e-005,0.0498053
4.4744e-005,0.0502518
4.4748e-005,0.050227
4.4752e-005,0.0495523
4.4756e-005,0.0503857
4.476e-005,0.0503808
4.4764e-005,0.0494928
4.4768e-005,0.050222
4.4772e-005,0.0506834
4.4776e-005,0.0496863
4.478e-005,0.0502121
4.4784e-005,0.0507131
4.4788e-005,0.0498996
4.4792e-005,0.0501823
4.4796e-005,0.0506238
4.48e-005,0.0494878
4.4804e-005,0.0505544
4.4808e-005,0.0501426
4.4812e-005,0.0497508
4.4816e-005,0.0498103
4.482e-005,0.0499839
4.4824e-005,0.0500831
4.4828e-005,0.0503609
4.4832e-005,0.0505097
4.4836e-005,0.0492696
4.484e-005,0.05047
4.4844e-005,0.0501625
4.4848e-005,0.0494581
4.4852e-005,0.050346
4.4856e-005,0.0500534
4.486e-005,0.0500335
4.4864e-005,0.0503163
4.4868e-005,0.0506189
4.4872e-005,0.0501526
4.4876e-005,0.0504849
4.488e-005,0.0498996
4.4884e-005,0.0497061
4.4888e-005,0.0502915
4.4892e-005,0.0499343
4.4896e-005,0.0499045
4.49e-005,0.0502617
4.4904e-005,0.0504998
4.4908e-005,0.0498897
4.4912e-005,0.0504452
4.4916e-005,0.0505494
4.492e-005,0.0501625
4.4924e-005,0.050599
4.4928e-005,0.050599
4.4932e-005,0.0505494
4.4936e-005,0.0505544
4.494e-005,0.0505841
4.4944e-005,0.0504056
4.4948e-005,0.0500335
4.4952e-005,0.0504254
4.4956e-005,0.0494134
4.496e-005,0.0502319
4.4964e-005,0.0504849
4.4968e-005,0.0500782
4.4972e-005,0.05047
4.4976e-005,0.0505593
4.498e-005,0.0497904
4.4984e-005,0.050599
4.4988e-005,0.0507181
4.4992e-005,0.0502766
4.4996e-005,0.049344
4.5e-005,0.049349
4.5004e-005,0.0446165
4.5008e-005,0.0406878
4.5012e-005,0.0384158
4.5016e-005,0.0370268
4.502e-005,0.0356131
4.5024e-005,0.0354841
4.5028e-005,0.0268626
4.5032e-005,0.0213266
4.5036e-005,0.0202303
4.504e-005,0.0189306
4.5044e-005,0.018876
4.5048e-005,0.0185238
4.5052e-005,0.0116137
4.5056e-005,0.00277889
4.506e-005,0.00145442
4.5064e-005,-0.000901866
4.5068e-005,-0.000286752
4.5072e-005,0.000348204
4.5076e-005,-0.000385964
4.508e-005,0.000263874
4.5084e-005,7.5371e-005
4.5088e-005,-0.00111021
4.5092e-005,0.00817602
4.5096e-005,0.017869
4.51e-005,0.019382
4.5104e-005,0.0206519
4.5108e-005,0.0225369
4.5112e-005,0.0233802
4.5116e-005,0.023405
4.512e-005,0.0243426
4.5124e-005,0.0250222
4.5128e-005,0.0250718
4.5132e-005,0.0257018
4.5136e-005,0.0263715
4.514e-005,0.0262475
4.5144e-005,0.0265203
4.5148e-005,0.026808
4.5152e-005,0.0274578
4.5156e-005,0.0284252
4.516e-005,0.0276811
4.5164e-005,0.0276017
4.5168e-005,0.0277108
4.5172e-005,0.0279539
4.5176e-005,0.0276315
4.518e-005,0.0279192
4.5184e-005,0.0279589
4.5188e-005,0.0280283
4.5192e-005,0.0273438
4.5196e-005,0.0275719
4.52e-005,0.027443
4.5204e-005,0.0277505
4.5208e-005,0.0277704
4.5212e-005,0.0275571
4.5216e-005,0.0282218
4.522e-005,0.0271354
4.5224e-005,0.0277555
4.5228e-005,0.0278944
4.5232e-005,0.0278894
4.5236e-005,0.0279986
4.524e-005,0.0281821
4.5244e-005,0.0274082
4.5248e-005,0.0273834
4.5252e-005,0.02719
4.5256e-005,0.0276662
4.526e-005,0.027438
4.5264e-005,0.0271751
4.5268e-005,0.0267038
4.5272e-005,0.0270114
4.5276e-005,0.0275769
4.528e-005,0.0271999
4.5284e-005,0.0279986
4.5288e-005,0.0274182
4.5292e-005,0.0269618
4.5296e-005,0.0276315
4.53e-005,0.0277505
4.5304e-005,0.0276265
4.5308e-005,0.0277456
4.5312e-005,0.0279142
4.5316e-005,0.0276265
4.532e-005,0.0271999
4.5324e-005,0.0275868
4.5328e-005,0.0267485
4.5332e-005,0.0271007
4.5336e-005,0.0273239
4.534e-005,0.0268279
4.5344e-005,0.0275273
4.5348e-005,0.027686
4.5352e-005,0.0265401
4.5356e-005,0.0269767
4.536e-005,0.0273487
4.5364e-005,0.0266493
4.5368e-005,0.027066
4.5372e-005,0.0272991
4.5376e-005,0.027443
4.538e-005,0.0276563
4.5384e-005,0.0277505
4.5388e-005,0.0278845
4.5392e-005,0.027319
4.5396e-005,0.0275571
4.54e-005,0.0275124
4.5404e-005,0.0276414
4.5408e-005,0.0275868
4.5412e-005,0.0269668
4.5416e-005,0.0273586
4.542e-005,0.027056
4.5424e-005,0.0275273
4.5428e-005,0.0270064
4.5432e-005,0.0271553
4.5436e-005,0.0272098
4.544e-005,0.0276761
4.5444e-005,0.02719
4.5448e-005,0.0273785
4.5452e-005,0.0275571
4.5456e-005,0.0276612
4.546e-005,0.0276315
4.5464e-005,0.0268874
4.5468e-005,0.0281077
4.5472e-005,0.0274876
4.5476e-005,0.0277704
4.548e-005,0.0276265
4.5484e-005,0.0274529
4.5488e-005,0.0271602
4.5492e-005,0.0275719
4.5496e-005,0.0275223
4.55e-005,0.0271949
4.5504e-005,0.0279886
4.5508e-005,0.0271007
4.5512e-005,0.0272098
4.5516e-005,0.0277406
4.552e-005,0.0275471
4.5524e-005,0.0273834
4.5528e-005,0.0271652
4.5532e-005,0.0277753
4.5536e-005,0.0276414
4.554e-005,0.027944
4.5544e-005,0.0269122
4.5548e-005,0.0277654
4.5552e-005,0.0276116
4.5556e-005,0.02782
4.556e-005,0.0272693
4.5564e-005,0.0276017
4.5568e-005,0.0273785
4.5572e-005,0.0271056
4.5576e-005,0.0275075
4.558e-005,0.0265501
4.5584e-005,0.0273884
4.5588e-005,0.0281623
4.5592e-005,0.0274628
4.5596e-005,0.0273686
4.56e-005,0.027567
4.5604e-005,0.0274727
4.5608e-005,0.0275075
4.5612e-005,0.027696
4.5616e-005,0.0272693
4.562e-005,0.0271404
4.5624e-005,0.0276067
4.5628e-005,0.0272991
4.5632e-005,0.0273934
4.5636e-005,0.0272793
4.564e-005,0.0269767
4.5644e-005,0.0272594
4.5648e-005,0.0270511
4.5652e-005,0.0269668
4.5656e-005,0.027056
4.566e-005,0.0273338
4.5664e-005,0.0273686
4.5668e-005,0.0274926
4.5672e-005,0.0276017
4.5676e-005,0.0269618
4.568e-005,0.0270858
4.5684e-005,0.0273438
4.5688e-005,0.027562
4.5692e-005,0.0275868
4.5696e-005,0.0271305
4.57e-005,0.0265699
4.5704e-005,0.0276761
4.5708e-005,0.0278944
4.5712e-005,0.027056
4.5716e-005,0.0272197
4.572e-005,0.0267981
4.5724e-005,0.0270511
4.5728e-005,0.0269816
4.5732e-005,0.0273289
4.5736e-005,0.0269469
4.574e-005,0.0275918
4.5744e-005,0.0273636
4.5748e-005,0.0270759
4.5752e-005,0.0271106
4.5756e-005,0.0273636
4.576e-005,0.0277654
4.5764e-005,0.0266195
4.5768e-005,0.0267832
4.5772e-005,0.0275223
4.5776e-005,0.0273884
4.578e-005,0.0276017
4.5784e-005,0.0272892
4.5788e-005,0.0278448
4.5792e-005,0.0276364
4.5796e-005,0.0227651
4.58e-005,0.0198632
4.5804e-005,0.019635
4.5808e-005,0.0190149
4.5812e-005,0.0184693
4.5816e-005,0.0185883
4.582e-005,0.0110929
4.5824e-005,0.00206953
4.5828e-005,0.000740091
4.5832e-005,-0.000713363
4.5836e-005,-0.000753048
4.584e-005,-0.000306595
4.5844e-005,-0.000817536
4.5848e-005,-0.000326437
4.5852e-005,0.000204346
4.5856e-005,-0.00157651
4.586e-005,0.00791807
4.5864e-005,0.0177252
4.5868e-005,0.0194713
4.5872e-005,0.022656
4.5876e-005,0.0247444
4.588e-005,0.0256621
4.5884e-005,0.0261582
4.5888e-005,0.0284946
4.5892e-005,0.0291544
4.5896e-005,0.0299977
4.59e-005,0.0306426
4.5904e-005,0.0316148
4.5908e-005,0.0329195
4.5912e-005,0.0333411
4.5916e-005,0.0331774
4.592e-005,0.0339017
4.5924e-005,0.0336288
4.5928e-005,0.0337479
4.5932e-005,0.0351964
4.5936e-005,0.0342737
4.594e-005,0.034368
4.5944e-005,0.0352063
4.5948e-005,0.0350228
4.5952e-005,0.0346854
4.5956e-005,0.0348938
4.596e-005,0.0353452
4.5964e-005,0.0347747
4.5968e-005,0.0349235
4.5972e-005,0.035241
4.5976e-005,0.035246
4.598e-005,0.0356875
4.5984e-005,0.0356279
4.5988e-005,0.0355883
4.5992e-005,0.0349583
4.5996e-005,0.0358809
4.6e-005,0.0349136
4.6004e-005,0.0355635
4.6008e-005,0.0357371
4.6012e-005,0.0355387
4.6016e-005,0.0357123
4.602e-005,0.035375
4.6024e-005,0.035112
4.6028e-005,0.0351914
4.6032e-005,0.0350823
4.6036e-005,0.0350674
4.604e-005,0.034492
4.6044e-005,0.0354742
4.6048e-005,0.0345713
4.6052e-005,0.0356577
4.6056e-005,0.0354295
4.606e-005,0.0345465
4.6064e-005,0.0352906
4.6068e-005,0.0351567
4.6072e-005,0.035122
4.6076e-005,0.0349483
4.608e-005,0.0351716
4.6084e-005,0.035112
4.6088e-005,0.0348938
4.6092e-005,0.0349781
4.6096e-005,0.034993
4.61e-005,0.0347946
4.6104e-005,0.0354295
4.6108e-005,0.0353799
4.6112e-005,0.0356825
4.6116e-005,0.0360843
4.612e-005,0.0350525
4.6124e-005,0.0355684
4.6128e-005,0.0351617
4.6132e-005,0.035246
4.6136e-005,0.0354444
4.614e-005,0.034998
4.6144e-005,0.035112
4.6148e-005,0.0354097
4.6152e-005,0.0358611
4.6156e-005,0.0350872
4.616e-005,0.0352906
4.6164e-005,0.0352857
4.6168e-005,0.034864
4.6172e-005,0.0355139
4.6176e-005,0.0355734
4.618e-005,0.034492
4.6184e-005,0.03537
4.6188e-005,0.0353005
4.6192e-005,0.0347698
4.6196e-005,0.0354444
4.62e-005,0.0353105
4.6204e-005,0.0345118
4.6208e-005,0.0346606
4.6212e-005,0.0352658
4.6216e-005,0.0347152
4.622e-005,0.0343332
4.6224e-005,0.0351071
4.6228e-005,0.0345515
4.6232e-005,0.0348343
4.6236e-005,0.0347747
4.624e-005,0.0354494
4.6244e-005,0.0348987
4.6248e-005,0.0358561
4.6252e-005,0.0346755
4.6256e-005,0.0348591
4.626e-005,0.0345366
4.6264e-005,0.0344969
4.6268e-005,0.0342092
4.6272e-005,0.0347102
4.6276e-005,0.0346458
4.628e-005,0.0350228
4.6284e-005,0.0348442
4.6288e-005,0.0346309
4.6292e-005,0.0346557
4.6296e-005,0.0351468
4.63e-005,0.0343828
4.6304e-005,0.0341745
4.6308e-005,0.0347251
4.6312e-005,0.03474
4.6316e-005,0.0347102
4.632e-005,0.0348491
4.6324e-005,0.0345317
4.6328e-005,0.0350426
4.6332e-005,0.0344275
4.6336e-005,0.0348491
4.634e-005,0.0351914
4.6344e-005,0.0351666
4.6348e-005,0.034998
4.6352e-005,0.0345862
4.6356e-005,0.0349136
4.636e-005,0.0344374
4.6364e-005,0.0347747
4.6368e-005,0.034363
4.6372e-005,0.034234
4.6376e-005,0.0345961
4.638e-005,0.0355833
4.6384e-005,0.0347152
4.6388e-005,0.0353005
4.6392e-005,0.0354047
4.6396e-005,0.0352559
4.64e-005,0.0346854
4.6404e-005,0.034988
4.6408e-005,0.0340604
4.6412e-005,0.0348343
4.6416e-005,0.034616
4.642e-005,0.0346507
4.6424e-005,0.034616
4.6428e-005,0.0345763
4.6432e-005,0.0346656
4.6436e-005,0.0351368
4.644e-005,0.0356478
4.6444e-005,0.0339959
4.6448e-005,0.034239
4.6452e-005,0.0354047
4.6456e-005,0.0343035
4.646e-005,0.0349682
4.6464e-005,0.0345416
4.6468e-005,0.0345664
4.6472e-005,0.0348591
4.6476e-005,0.035117
4.648e-005,0.0351368
4.6484e-005,0.0349434
4.6488e-005,0.034616
4.6492e-005,0.0348888
4.6496e-005,0.0352013
4.65e-005,0.0345465
4.6504e-005,0.0345366
4.6508e-005,0.0347946
4.6512e-005,0.0344622
4.6516e-005,0.0341795
4.652e-005,0.0345217
4.6524e-005,0.0350376
4.6528e-005,0.0350575
4.6532e-005,0.0343432
4.6536e-005,0.0345813
4.654e-005,0.0327062
4.6544e-005,0.0319075
4.6548e-005,0.0314412
4.6552e-005,0.0310295
4.6556e-005,0.0306475
4.656e-005,0.0306277
4.6564e-005,0.0252504
4.6568e-005,0.0208255
4.6572e-005,0.0198929
4.6576e-005,0.0188215
4.658e-005,0.0188562
4.6584e-005,0.0192778
4.6588e-005,0.0110135
4.6592e-005,0.00178678
4.6596e-005,0.00126095
4.66e-005,-0.000787772
4.6604e-005,-0.00115486
4.6608e-005,-6.84862e-005
4.6612e-005,-0.000242107
4.6616e-005,-0.000222265
4.662e-005,-0.000128013
4.6624e-005,-0.00172532
4.6628e-005,0.00770476
4.6632e-005,0.0174226
4.6636e-005,0.0205874
4.664e-005,0.0237076
4.6644e-005,0.0270312
4.6648e-005,0.0282416
4.6652e-005,0.0296107
4.6656e-005,0.0320365
4.666e-005,0.0335098
4.6664e-005,0.0346458
4.6668e-005,0.0364415
4.6672e-005,0.0372253
4.6676e-005,0.0375874
4.668e-005,0.0389863
4.6684e-005,0.0389565
4.6688e-005,0.039403
4.6692e-005,0.0397304
4.6696e-005,0.0404248
4.67e-005,0.0402363
4.6704e-005,0.040653
4.6708e-005,0.0409903
4.6712e-005,0.0418088
4.6716e-005,0.0418981
4.672e-005,0.0414666
4.6724e-005,0.0424835
4.6728e-005,0.0419031
4.6732e-005,0.0420222
4.6736e-005,0.0425381
4.674e-005,0.0425629
4.6744e-005,0.0421214
4.6748e-005,0.0425381
4.6752e-005,0.042667
4.6756e-005,0.0416898
4.676e-005,0.0426869
4.6764e-005,0.0426472
4.6768e-005,0.0422999
4.6772e-005,0.0424934
4.6776e-005,0.0428357
4.678e-005,0.0423595
4.6784e-005,0.0431681
4.6788e-005,0.0437633
4.6792e-005,0.0421759
4.6796e-005,0.0427613
4.68e-005,0.0432871
4.6804e-005,0.0425827
4.6808e-005,0.0431085
4.6812e-005,0.0429696
4.6816e-005,0.0422057
4.682e-005,0.0430589
4.6824e-005,0.0431631
4.6828e-005,0.0422999
4.6832e-005,0.0430936
4.6836e-005,0.0422999
4.684e-005,0.0418783
4.6844e-005,0.0432077
4.6848e-005,0.0435004
4.6852e-005,0.0421611
4.6856e-005,0.0429597
4.686e-005,0.0427414
4.6864e-005,0.0428456
4.6868e-005,0.0431532
4.6872e-005,0.0426918
4.6876e-005,0.0422503
4.688e-005,0.0430738
4.6884e-005,0.0433566
4.6888e-005,0.0427464
4.6892e-005,0.0434657
4.6896e-005,0.0430044
4.69e-005,0.0423992
4.6904e-005,0.0425678
4.6908e-005,0.0434458
4.6912e-005,0.0423793
4.6916e-005,0.0429399
4.692e-005,0.0433714
4.6924e-005,0.0430093
4.6928e-005,0.0433367
4.6932e-005,0.043049
4.6936e-005,0.0421759
4.694e-005,0.0432821
4.6944e-005,0.0428853
4.6948e-005,0.0433318
4.6952e-005,0.0428704
4.6956e-005,0.042543
4.696e-005,0.0425926
4.6964e-005,0.04355
4.6968e-005,0.0434905
4.6972e-005,0.0428655
4.6976e-005,0.0434458
4.698e-005,0.0433466
4.6984e-005,0.0426869
4.6988e-005,0.043297
4.6992e-005,0.0431184
4.6996e-005,0.0423843
4.7e-005,0.042925
4.7004e-005,0.0434111
4.7008e-005,0.0433367
4.7012e-005,0.0432821
4.7016e-005,0.0437038
4.702e-005,0.0425777
4.7024e-005,0.0432623
4.7028e-005,0.0433218
4.7032e-005,0.0425678
4.7036e-005,0.0433764
4.704e-005,0.0428655
4.7044e-005,0.0424537
4.7048e-005,0.0428803
4.7052e-005,0.0433714
4.7056e-005,0.0428158
4.706e-005,0.0428655
4.7064e-005,0.0436443
4.7068e-005,0.0430242
4.7072e-005,0.0435252
4.7076e-005,0.0430936
4.708e-005,0.0428258
4.7084e-005,0.0431333
4.7088e-005,0.0431681
4.7092e-005,0.0428307
4.7096e-005,0.0431036
4.71e-005,0.0430688
4.7104e-005,0.0428506
4.7108e-005,0.0429101
4.7112e-005,0.0432623
4.7116e-005,0.0425777
4.712e-005,0.0429795
4.7124e-005,0.043421
4.7128e-005,0.0422255
4.7132e-005,0.0433814
4.7136e-005,0.0429944
4.714e-005,0.0423545
4.7144e-005,0.0427166
4.7148e-005,0.0429746
4.7152e-005,0.0430936
4.7156e-005,0.0431383
4.716e-005,0.0435996
4.7164e-005,0.0429051
4.7168e-005,0.0442891
4.7172e-005,0.0436988
4.7176e-005,0.042796
4.718e-005,0.0430986
4.7184e-005,0.0431432
4.7188e-005,0.0427117
4.7192e-005,0.0432871
4.7196e-005,0.043297
4.72e-005,0.0432524
4.7204e-005,0.0429448
4.7208e-005,0.0437782
4.7212e-005,0.0429448
4.7216e-005,0.0432921
4.722e-005,0.043297
4.7224e-005,0.0428555
4.7228e-005,0.0433814
4.7232e-005,0.0430341
4.7236e-005,0.0426918
4.724e-005,0.0426968
4.7244e-005,0.0432921
4.7248e-005,0.042667
4.7252e-005,0.0435302
4.7256e-005,0.0435649
4.726e-005,0.042791
4.7264e-005,0.0432226
4.7268e-005,0.0433764
4.7272e-005,0.0424388
4.7276e-005,0.0433119
4.728e-005,0.0433218
4.7284e-005,0.0431085
4.7288e-005,0.0434508
4.7292e-005,0.0438129
4.7296e-005,0.0432226
4.73e-005,0.0430391
4.7304e-005,0.0426571
4.7308e-005,0.0391996
4.7312e-005,0.037885
4.7316e-005,0.0365754
4.732e-005,0.0346011
4.7324e-005,0.0342539
4.7328e-005,0.0339413
4.7332e-005,0.0265054
4.7336e-005,0.0212621
4.734e-005,0.019883
4.7344e-005,0.0195556
4.7348e-005,0.0186429
4.7352e-005,0.0189058
4.7356e-005,0.0119163
4.736e-005,0.00275409
4.7364e-005,0.0011667
4.7368e-005,-0.000842339
4.7372e-005,-4.86439e-005
4.7376e-005,2.08044e-005
4.738e-005,-0.000242107
4.7384e-005,-0.000197462
4.7388e-005,5.92266e-006
4.7392e-005,-0.00118958
4.7396e-005,0.00739721
4.74e-005,0.0179732
4.7404e-005,0.0212125
4.7408e-005,0.0248188
4.7412e-005,0.0285244
4.7416e-005,0.0306624
4.742e-005,0.032468
4.7424e-005,0.0351269
4.7428e-005,0.0367391
4.7432e-005,0.0380537
4.7436e-005,0.039656
4.744e-005,0.0398097
4.7444e-005,0.0422553
4.7448e-005,0.0421462
4.7452e-005,0.0427712
4.7456e-005,0.0438675
4.746e-005,0.044562
4.7464e-005,0.0444628
4.7468e-005,0.0459063
4.7472e-005,0.0459906
4.7476e-005,0.0467546
4.748e-005,0.0476425
4.7484e-005,0.0471911
4.7488e-005,0.0470671
4.7492e-005,0.0485007
4.7496e-005,0.0479848
4.75e-005,0.0477169
4.7504e-005,0.0484412
4.7508e-005,0.0479104
4.7512e-005,0.0479054
4.7516e-005,0.048843
4.752e-005,0.0488678
4.7524e-005,0.048456
4.7528e-005,0.0488579
4.7532e-005,0.0489372
4.7536e-005,0.0483023
4.754e-005,0.04922
4.7544e-005,0.049339
4.7548e-005,0.0481435
4.7552e-005,0.048342
4.7556e-005,0.0492597
4.756e-005,0.0486049
4.7564e-005,0.0492299
4.7568e-005,0.0494482
4.7572e-005,0.0487338
4.7576e-005,0.0490563
4.758e-005,0.0493291
4.7584e-005,0.0489223
4.7588e-005,0.0498103
4.7592e-005,0.0495722
4.7596e-005,0.0489769
4.76e-005,0.0494184
4.7604e-005,0.0501625
4.7608e-005,0.0496813
4.7612e-005,0.0497359
4.7616e-005,0.0498797
4.762e-005,0.049339
4.7624e-005,0.049726
4.7628e-005,0.0500831
4.7632e-005,0.0494234
4.7636e-005,0.0496168
4.764e-005,0.0501129
4.7644e-005,0.0500385
4.7648e-005,0.0493093
4.7652e-005,0.0498351
4.7656e-005,0.049344
4.766e-005,0.0501674
4.7664e-005,0.0500286
4.7668e-005,0.0488926
4.7672e-005,0.0498152
4.7676e-005,0.0502518
4.768e-005,0.0497408
4.7684e-005,0.0499442
4.7688e-005,0.0502815
4.7692e-005,0.049716
4.7696e-005,0.050222
4.77e-005,0.0501129
4.7704e-005,0.0495722
4.7708e-005,0.0498946
4.7712e-005,0.0498649
4.7716e-005,0.0495771
4.772e-005,0.049974
4.7724e-005,0.0501972
4.7728e-005,0.0493093
4.7732e-005,0.0501426
4.7736e-005,0.0503262
4.774e-005,0.0492894
4.7744e-005,0.0501129
4.7748e-005,0.0506536
4.7752e-005,0.0501972
4.7756e-005,0.0496714
4.776e-005,0.0511596
4.7764e-005,0.0495027
4.7768e-005,0.0498301
4.7772e-005,0.0500782
4.7776e-005,0.0498946
4.778e-005,0.0495474
4.7784e-005,0.0503907
4.7788e-005,0.0495523
4.7792e-005,0.0498351
4.7796e-005,0.0503808
4.78e-005,0.0499145
4.7804e-005,0.049969
4.7808e-005,0.0501228
4.7812e-005,0.0495474
4.7816e-005,0.0497111
4.782e-005,0.0501377
4.7824e-005,0.0494184
4.7828e-005,0.0495573
4.7832e-005,0.0503956
4.7836e-005,0.0492894
4.784e-005,0.0503907
4.7844e-005,0.0497805
4.7848e-005,0.049845
4.7852e-005,0.0501526
4.7856e-005,0.0505445
4.786e-005,0.0491853
4.7864e-005,0.0503212
4.7868e-005,0.0502419
4.7872e-005,0.0495821
4.7876e-005,0.0501476
4.788e-005,0.0506089
4.7884e-005,0.0498252
4.7888e-005,0.0500087
4.7892e-005,0.050733
4.7896e-005,0.0494382
4.79e-005,0.0502419
4.7904e-005,0.0499145
4.7908e-005,0.0496466
4.7912e-005,0.0500881
4.7916e-005,0.0501278
4.792e-005,0.0498897
4.7924e-005,0.0503808
4.7928e-005,0.0506784
4.7932e-005,0.0496317
4.7936e-005,0.0492398
4.794e-005,0.050222
4.7944e-005,0.0494531
4.7948e-005,0.0500732
4.7952e-005,0.0501426
4.7956e-005,0.0495474
4.796e-005,0.0501327
4.7964e-005,0.0500484
4.7968e-005,0.049473
4.7972e-005,0.0498301
4.7976e-005,0.0496863
4.798e-005,0.0491753
4.7984e-005,0.0499492
4.7988e-005,0.050098
4.7992e-005,0.049344
4.7996e-005,0.050599
4.8e-005,0.0498748
4.8004e-005,0.0499393
4.8008e-005,0.0503113
4.8012e-005,0.0502369
4.8016e-005,0.050093
4.802e-005,0.0500782
4.8024e-005,0.0501873
4.8028e-005,0.0493936
4.8032e-005,0.0496416
4.8036e-005,0.0501724
4.804e-005,0.049215
4.8044e-005,0.0502022
4.8048e-005,0.05048
4.8052e-005,0.0498996
4.8056e-005,0.0494928
4.806e-005,0.0505544
4.8064e-005,0.049974
4.8068e-005,0.0501228
4.8072e-005,0.0492845
4.8076e-005,0.0444876
4.808e-005,0.0400429
4.8084e-005,0.0382323
4.8088e-005,0.0367441
4.8092e-005,0.0355783
4.8096e-005,0.0354146
4.81e-005,0.027314
4.8104e-005,0.0218524
4.8108e-005,0.0194713
4.8112e-005,0.0193076
4.8116e-005,0.0190744
4.812e-005,0.019005
4.8124e-005,0.0113954
4.8128e-005,0.00264
4.8132e-005,0.00109725
4.8136e-005,-0.000812575
4.814e-005,-1.39197e-005
4.8144e-005,-9.82498e-005
4.8148e-005,-0.000822497
4.8152e-005,-0.000192501
4.8156e-005,0.000477179
4.816e-005,-0.000951472
4.8164e-005,0.00808177
4.8168e-005,0.0175615
4.8172e-005,0.0192729
4.8176e-005,0.0204535
4.818e-005,0.0229735
4.8184e-005,0.0223732
4.8188e-005,0.0232066
4.8192e-005,0.0244468
4.8196e-005,0.0250966
4.82e-005,0.0255133
4.8204e-005,0.0259994
4.8208e-005,0.0260044
4.8212e-005,0.0263417
4.8216e-005,0.0273884
4.822e-005,0.0273785
4.8224e-005,0.0271801
4.8228e-005,0.0268328
4.8232e-005,0.0278249
4.8236e-005,0.0269866
4.824e-005,0.0276116
4.8244e-005,0.027056
4.8248e-005,0.0272396
4.8252e-005,0.0277307
4.8256e-005,0.0270808
4.826e-005,0.027066
4.8264e-005,0.0275967
4.8268e-005,0.0276662
4.8272e-005,0.0274182
4.8276e-005,0.0274678
4.828e-005,0.0271007
4.8284e-005,0.0270114
4.8288e-005,0.0273934
4.8292e-005,0.0276563
4.8296e-005,0.0268725
4.83e-005,0.0274678
4.8304e-005,0.0274479
4.8308e-005,0.0271156
4.8312e-005,0.0270312
4.8316e-005,0.0269271
4.832e-005,0.0273586
4.8324e-005,0.0266145
4.8328e-005,0.026932
4.8332e-005,0.0264211
4.8336e-005,0.0271553
4.834e-005,0.026684
4.8344e-005,0.0262425
4.8348e-005,0.0272942
4.8352e-005,0.0261879
4.8356e-005,0.0268527
4.836e-005,0.0276315
4.8364e-005,0.0270263
4.8368e-005,0.0270362
4.8372e-005,0.0269916
4.8376e-005,0.0266989
4.838e-005,0.0272545
4.8384e-005,0.0274182
4.8388e-005,0.0269816
4.8392e-005,0.0274975
4.8396e-005,0.0266989
4.84e-005,0.0271949
4.8404e-005,0.0267485
4.8408e-005,0.0265401
4.8412e-005,0.0265798
4.8416e-005,0.0274033
4.842e-005,0.0263715
4.8424e-005,0.0271652
4.8428e-005,0.0266642
4.8432e-005,0.0277158
4.8436e-005,0.0266642
4.844e-005,0.026813
4.8444e-005,0.0264905
4.8448e-005,0.0267386
4.8452e-005,0.026679
4.8456e-005,0.02719
4.846e-005,0.0262822
4.8464e-005,0.0263318
4.8468e-005,0.0271652
4.8472e-005,0.0268973
4.8476e-005,0.0270263
4.848e-005,0.026679
4.8484e-005,0.0268874
4.8488e-005,0.0272396
4.8492e-005,0.0273388
4.8496e-005,0.0261483
4.85e-005,0.0269023
4.8504e-005,0.0269568
4.8508e-005,0.0264707
4.8512e-005,0.0269568
4.8516e-005,0.0268824
4.852e-005,0.0266592
4.8524e-005,0.0261234
4.8528e-005,0.0264112
4.8532e-005,0.0267584
4.8536e-005,0.0269519
4.854e-005,0.027066
4.8544e-005,0.0270312
4.8548e-005,0.0264608
4.8552e-005,0.0267782
4.8556e-005,0.0275471
4.856e-005,0.0272396
4.8564e-005,0.0272445
4.8568e-005,0.026302
4.8572e-005,0.0265798
4.8576e-005,0.0267138
4.858e-005,0.0264608
4.8584e-005,0.0259846
4.8588e-005,0.0263417
4.8592e-005,0.0260937
4.8596e-005,0.0263715
4.86e-005,0.0259002
4.8604e-005,0.0268775
4.8608e-005,0.0261284
4.8612e-005,0.0263467
4.8616e-005,0.0260094
4.862e-005,0.0269767
4.8624e-005,0.0265848
4.8628e-005,0.0264062
4.8632e-005,0.02719
4.8636e-005,0.0265005
4.864e-005,0.0264508
4.8644e-005,0.0260937
4.8648e-005,0.026684
4.8652e-005,0.0264459
4.8656e-005,0.0269271
4.866e-005,0.0267237
4.8664e-005,0.0264211
4.8668e-005,0.0262524
4.8672e-005,0.0264558
4.8676e-005,0.026426
4.868e-005,0.0260292
4.8684e-005,0.0262921
4.8688e-005,0.0262227
4.8692e-005,0.0266493
4.8696e-005,0.0268477
4.87e-005,0.0264955
4.8704e-005,0.0263219
4.8708e-005,0.0269519
4.8712e-005,0.0267485
4.8716e-005,0.0263715
4.872e-005,0.0271503
4.8724e-005,0.0267782
4.8728e-005,0.026808
4.8732e-005,0.0270858
4.8736e-005,0.0261582
4.874e-005,0.026684
4.8744e-005,0.0267286
4.8748e-005,0.0266443
4.8752e-005,0.0265451
4.8756e-005,0.0272793
4.876e-005,0.0265104
4.8764e-005,0.0263665
4.8768e-005,0.026426
4.8772e-005,0.0263368
4.8776e-005,0.0266046
4.878e-005,0.0267733
4.8784e-005,0.0268923
4.8788e-005,0.0267882
4.8792e-005,0.027056
4.8796e-005,0.0262524
4.88e-005,0.0263665
4.8804e-005,0.0263616
4.8808e-005,0.0261086
4.8812e-005,0.026312
4.8816e-005,0.0266195
4.882e-005,0.0262078
4.8824e-005,0.0269916
4.8828e-005,0.0271205
4.8832e-005,0.0272693
4.8836e-005,0.026436
4.884e-005,0.0265054
4.8844e-005,0.0265997
4.8848e-005,0.0267286
4.8852e-005,0.0272594
4.8856e-005,0.0266145
4.886e-005,0.027314
4.8864e-005,0.0281375
4.8868e-005,0.0228643
4.8872e-005,0.0204932
4.8876e-005,0.0198929
4.888e-005,0.0193919
4.8884e-005,0.0189504
4.8888e-005,0.0191637
4.8892e-005,0.0112367
4.8896e-005,0.00204473
4.89e-005,0.00106253
4.8904e-005,-0.000857221
4.8908e-005,-0.000743127
4.8912e-005,0.000179543
4.8916e-005,-0.00101596
4.892e-005,-0.000465334
4.8924e-005,-0.000698482
4.8928e-005,-0.00171044
4.8932e-005,0.00764524
4.8936e-005,0.0175863
4.894e-005,0.0190893
4.8944e-005,0.0213613
4.8948e-005,0.0244468
4.8952e-005,0.0252008
4.8956e-005,0.0262673
4.896e-005,0.0282962
4.8964e-005,0.0289163
4.8968e-005,0.0293528
4.8972e-005,0.0310989
4.8976e-005,0.0310642
4.898e-005,0.0313222
4.8984e-005,0.0332915
4.8988e-005,0.0331377
4.8992e-005,0.0333014
4.8996e-005,0.0336586
4.9e-005,0.0337925
4.9004e-005,0.0340009
4.9008e-005,0.0352361
4.9012e-005,0.0340654
4.9016e-005,0.0351716
4.902e-005,0.0354444
4.9024e-005,0.0346011
4.9028e-005,0.0352807
4.9032e-005,0.0352807
4.9036e-005,0.0343828
4.904e-005,0.0349434
4.9044e-005,0.035117
4.9048e-005,0.0350327
4.9052e-005,0.0349087
4.9056e-005,0.0354246
4.906e-005,0.0355535
4.9064e-005,0.0349434
4.9068e-005,0.035747
4.9072e-005,0.0351021
4.9076e-005,0.0348194
4.908e-005,0.0346606
4.9084e-005,0.0354543
4.9088e-005,0.0347499
4.9092e-005,0.0357916
4.9096e-005,0.035241
4.91e-005,0.0351319
4.9104e-005,0.0352509
4.9108e-005,0.0352559
4.9112e-005,0.0353005
4.9116e-005,0.0351517
4.912e-005,0.0347499
4.9124e-005,0.0353998
4.9128e-005,0.0353055
4.9132e-005,0.0349781
4.9136e-005,0.0348789
4.914e-005,0.0347598
4.9144e-005,0.0347896
4.9148e-005,0.0349235
4.9152e-005,0.0352013
4.9156e-005,0.0348541
4.916e-005,0.0348243
4.9164e-005,0.0351865
4.9168e-005,0.0344969
4.9172e-005,0.0351269
4.9176e-005,0.0352361
4.918e-005,0.0343283
4.9184e-005,0.0352708
4.9188e-005,0.0351071
4.9192e-005,0.0346259
4.9196e-005,0.0349731
4.92e-005,0.0343729
4.9204e-005,0.0347003
4.9208e-005,0.0350972
4.9212e-005,0.0348293
4.9216e-005,0.0344721
4.922e-005,0.0343035
4.9224e-005,0.0344374
4.9228e-005,0.0343382
4.9232e-005,0.0344523
4.9236e-005,0.0347598
4.924e-005,0.0338273
4.9244e-005,0.0343481
4.9248e-005,0.0346309
4.9252e-005,0.0338421
4.9256e-005,0.0339711
4.926e-005,0.0346656
4.9264e-005,0.0344523
4.9268e-005,0.0347251
4.9272e-005,0.0351269
4.9276e-005,0.0343233
4.928e-005,0.0349632
4.9284e-005,0.0351765
4.9288e-005,0.0346507
4.9292e-005,0.0350724
4.9296e-005,0.0352013
4.93e-005,0.034745
4.9304e-005,0.0341646
4.9308e-005,0.0347598
4.9312e-005,0.0347003
4.9316e-005,0.0351716
4.932e-005,0.0355635
4.9324e-005,0.0345317
4.9328e-005,0.0350426
4.9332e-005,0.0350773
4.9336e-005,0.0342886
4.934e-005,0.0345614
4.9344e-005,0.034735
4.9348e-005,0.0348591
4.9352e-005,0.0354791
4.9356e-005,0.0353948
4.936e-005,0.0348243
4.9364e-005,0.0351269
4.9368e-005,0.0348888
4.9372e-005,0.0347946
4.9376e-005,0.0355932
4.938e-005,0.0344771
4.9384e-005,0.0344622
4.9388e-005,0.0347598
4.9392e-005,0.034993
4.9396e-005,0.0342489
4.94e-005,0.0354246
4.9404e-005,0.0349186
4.9408e-005,0.0348243
4.9412e-005,0.0350773
4.9416e-005,0.0353402
4.942e-005,0.0353204
4.9424e-005,0.0350624
4.9428e-005,0.0349087
4.9432e-005,0.034864
4.9436e-005,0.0352013
4.944e-005,0.034611
4.9444e-005,0.034869
4.9448e-005,0.0352212
4.9452e-005,0.0354196
4.9456e-005,0.0347152
4.946e-005,0.0352658
4.9464e-005,0.034869
4.9468e-005,0.0344324
4.9472e-005,0.0348839
4.9476e-005,0.0348888
4.948e-005,0.034864
4.9484e-005,0.0344424
4.9488e-005,0.0351468
4.9492e-005,0.0337082
4.9496e-005,0.0344473
4.95e-005,0.0347152
4.9504e-005,0.0345912
4.9508e-005,0.0347896
4.9512e-005,0.0350029
4.9516e-005,0.0345813
4.952e-005,0.0345217
4.9524e-005,0.03537
4.9528e-005,0.0352361
4.9532e-005,0.0356031
4.9536e-005,0.0353601
4.954e-005,0.034616
4.9544e-005,0.0354891
4.9548e-005,0.0354593
4.9552e-005,0.0351368
4.9556e-005,0.0350674
4.956e-005,0.0346557
4.9564e-005,0.0349781
4.9568e-005,0.0349434
4.9572e-005,0.0352013
4.9576e-005,0.0349087
4.958e-005,0.0359256
4.9584e-005,0.0356428
4.9588e-005,0.0354246
4.9592e-005,0.0354642
4.9596e-005,0.035747
4.96e-005,0.0359305
4.9604e-005,0.0356279
4.9608e-005,0.0353303
4.9612e-005,0.0329691
4.9616e-005,0.0319422
4.962e-005,0.0318381
4.9624e-005,0.0312874
4.9628e-005,0.0309799
4.9632e-005,0.0315355
4.9636e-005,0.0255282
4.964e-005,0.0216292
4.9644e-005,0.0196796
4.9648e-005,0.0193274
4.9652e-005,0.0185685
4.9656e-005,0.0187074
4.966e-005,0.0114103
4.9664e-005,0.00173221
4.9668e-005,0.00104269
4.9672e-005,0.000115056
4.9676e-005,-0.00034628
4.968e-005,0.000313479
4.9684e-005,-0.000842339
4.9688e-005,-0.000465334
4.9692e-005,-0.000113132
4.9696e-005,-0.00145745
4.97e-005,0.00788831
4.9704e-005,0.0176954
4.9708e-005,0.0208553
4.9712e-005,0.0235439
4.9716e-005,0.0265947
4.972e-005,0.0281325
4.9724e-005,0.0301118
4.9728e-005,0.031977
4.9732e-005,0.0334254
4.9736e-005,0.0349335
4.974e-005,0.0354791
4.9744e-005,0.037012
4.9748e-005,0.0374584
4.9752e-005,0.0381529
4.9756e-005,0.0387134
4.976e-005,0.0398792
4.9764e-005,0.0398196
4.9768e-005,0.040534
4.9772e-005,0.0408167
4.9776e-005,0.0413326
4.978e-005,0.0416551
4.9784e-005,0.0418932
4.9788e-005,0.042042
4.9792e-005,0.0418485
4.9796e-005,0.0427067
4.98e-005,0.0424488
4.9804e-005,0.0425281
4.9808e-005,0.0432524
4.9812e-005,0.0432673
4.9816e-005,0.0432623
4.982e-005,0.0427018
4.9824e-005,0.0433218
4.9828e-005,0.0425529
4.9832e-005,0.0437584
4.9836e-005,0.0435699
4.984e-005,0.0434806
4.9844e-005,0.0436294
4.9848e-005,0.0442147
4.9852e-005,0.0434062
4.9856e-005,0.0436195
4.986e-005,0.0440659
4.9864e-005,0.0431284
4.9868e-005,0.0431383
4.9872e-005,0.044061
4.9876e-005,0.043049
4.988e-005,0.0429101
4.9884e-005,0.0429845
4.9888e-005,0.04292
4.9892e-005,0.0435996
4.9896e-005,0.043808
4.99e-005,0.0433318
4.9904e-005,0.0433516
4.9908e-005,0.0436641
4.9912e-005,0.0427662
4.9916e-005,0.0433764
4.992e-005,0.0436145
4.9924e-005,0.0432276
4.9928e-005,0.0433814
4.9932e-005,0.0431681
4.9936e-005,0.0429895
4.994e-005,0.0430192
4.9944e-005,0.0432028
4.9948e-005,0.0428258
4.9952e-005,0.0436443
4.9956e-005,0.042925
4.996e-005,0.0431681
4.9964e-005,0.0431631
4.9968e-005,0.0436691
4.9972e-005,0.0432276
4.9976e-005,0.0428853
4.998e-005,0.0436095
4.9984e-005,0.042925
4.9988e-005,0.0436691
4.9992e-005,0.0432673
4.9996e-005,0.0432921
5e-005,0.0433268
5.0004e-005,0.0438973
5.0008e-005,0.0428704
5.0012e-005,0.042801
5.0016e-005,0.0435203
5.002e-005,0.0429448
5.0024e-005,0.0426323
5.0028e-005,0.0434359
5.0032e-005,0.0427315
5.0036e-005,0.043431
5.004e-005,0.0429349
5.0044e-005,0.0426273
5.0048e-005,0.0433764
5.0052e-005,0.043297
5.0056e-005,0.0426819
5.006e-005,0.0432276
5.0064e-005,0.043421
5.0068e-005,0.0422652
5.0072e-005,0.043674
5.0076e-005,0.0431482
5.008e-005,0.0430143
5.0084e-005,0.0437633
5.0088e-005,0.0437286
5.0092e-005,0.0432573
5.0096e-005,0.0437187
5.01e-005,0.0432127
5.0104e-005,0.0431879
5.0108e-005,0.0437633
5.0112e-005,0.0434905
5.0116e-005,0.0433863
5.012e-005,0.0446265
5.0124e-005,0.0433417
5.0128e-005,0.0428357
5.0132e-005,0.0437435
5.0136e-005,0.0435302
5.014e-005,0.0430391
5.0144e-005,0.043049
5.0148e-005,0.0426273
5.0152e-005,0.0425033
5.0156e-005,0.0431234
5.016e-005,0.0431532
5.0164e-005,0.042791
5.0168e-005,0.0433615
5.0172e-005,0.0432077
5.0176e-005,0.0419229
5.018e-005,0.0431135
5.0184e-005,0.043426
5.0188e-005,0.0428059
5.0192e-005,0.0428456
5.0196e-005,0.0432474
5.02e-005,0.0428357
5.0204e-005,0.0429101
5.0208e-005,0.0436443
5.0212e-005,0.0425827
5.0216e-005,0.0430887
5.022e-005,0.0429498
5.0224e-005,0.0423297
5.0228e-005,0.043297
5.0232e-005,0.0434855
5.0236e-005,0.043302
5.024e-005,0.0430887
5.0244e-005,0.0433863
5.0248e-005,0.0428158
5.0252e-005,0.0433615
5.0256e-005,0.0436591
5.026e-005,0.0427712
5.0264e-005,0.043798
5.0268e-005,0.0430292
5.0272e-005,0.0428307
5.0276e-005,0.0435748
5.028e-005,0.0438278
5.0284e-005,0.0426968
5.0288e-005,0.0427018
5.0292e-005,0.0435401
5.0296e-005,0.0428407
5.03e-005,0.0441205
5.0304e-005,0.0438526
5.0308e-005,0.0432375
5.0312e-005,0.0439419
5.0316e-005,0.0442991
5.032e-005,0.0426968
5.0324e-005,0.0434607
5.0328e-005,0.0438228
5.0332e-005,0.0427662
5.0336e-005,0.0433466
5.034e-005,0.0433318
5.0344e-005,0.0428853
5.0348e-005,0.0433665
5.0352e-005,0.043297
5.0356e-005,0.0419378
5.036e-005,0.0438278
5.0364e-005,0.043798
5.0368e-005,0.0436988
5.0372e-005,0.0432226
5.0376e-005,0.0421114
5.038e-005,0.0389763
5.0384e-005,0.0370715
5.0388e-005,0.0356528
5.0392e-005,0.0347499
5.0396e-005,0.0343729
5.04e-005,0.0344771
5.0404e-005,0.0265749
5.0408e-005,0.0214059
5.0412e-005,0.0203295
5.0416e-005,0.0195953
5.042e-005,0.0193324
5.0424e-005,0.0190943
5.0428e-005,0.0121098
5.0432e-005,0.00209433
5.0436e-005,0.00100796
5.044e-005,-0.00093659
5.0444e-005,-0.000271871
5.0448e-005,0.000630958
5.0452e-005,-0.000152816
5.0456e-005,-0.000316516
5.046e-005,8.52922e-005
5.0464e-005,-0.00120942
5.0468e-005,0.00799248
5.0472e-005,0.0185238
5.0476e-005,0.0215498
5.048e-005,0.0256423
5.0484e-005,0.0295215
5.0488e-005,0.031466
5.0492e-005,0.0334006
5.0496e-005,0.0355783
5.05e-005,0.0371905
5.0504e-005,0.038773
5.0508e-005,0.0402165
5.0512e-005,0.0411292
5.0516e-005,0.0417543
5.052e-005,0.0431681
5.0524e-005,0.0441254
5.0528e-005,0.0450332
5.0532e-005,0.045192
5.0536e-005,0.0455839
5.054e-005,0.0470373
5.0544e-005,0.0464718
5.0548e-005,0.0464272
5.0552e-005,0.0475681
5.0556e-005,0.0476723
5.056e-005,0.0473598
5.0564e-005,0.0482973
5.0568e-005,0.048342
5.0572e-005,0.0483767
5.0576e-005,0.0480741
5.058e-005,0.0492001
5.0584e-005,0.0485205
5.0588e-005,0.0493936
5.0592e-005,0.0490464
5.0596e-005,0.0490116
5.06e-005,0.0493936
5.0604e-005,0.0490513
5.0608e-005,0.0487686
5.0612e-005,0.0499641
5.0616e-005,0.0496267
5.062e-005,0.0494581
5.0624e-005,0.0490712
5.0628e-005,0.0494333
5.0632e-005,0.0488479
5.0636e-005,0.0496962
5.064e-005,0.0497954
5.0644e-005,0.0490116
5.0648e-005,0.0502419
5.0652e-005,0.0498351
5.0656e-005,0.0494482
5.066e-005,0.049974
5.0664e-005,0.0495771
5.0668e-005,0.0489025
5.0672e-005,0.049845
5.0676e-005,0.0496664
5.068e-005,0.0497359
5.0684e-005,0.0497607
5.0688e-005,0.049726
5.0692e-005,0.0496069
5.0696e-005,0.0502766
5.07e-005,0.049473
5.0704e-005,0.0491853
5.0708e-005,0.0496515
5.0712e-005,0.049845
5.0716e-005,0.0493192
5.072e-005,0.0499045
5.0724e-005,0.0500484
5.0728e-005,0.049974
5.0732e-005,0.0499591
5.0736e-005,0.0497111
5.074e-005,0.0493986
5.0744e-005,0.0494978
5.0748e-005,0.0501228
5.0752e-005,0.0489124
5.0756e-005,0.0489025
5.076e-005,0.0496714
5.0764e-005,0.0499591
5.0768e-005,0.0504899
5.0772e-005,0.0498897
5.0776e-005,0.0496466
5.078e-005,0.0499393
5.0784e-005,0.0496069
5.0788e-005,0.0496317
5.0792e-005,0.0498649
5.0796e-005,0.0499095
5.08e-005,0.0496714
5.0804e-005,0.0498053
5.0808e-005,0.0501526
5.0812e-005,0.0497904
5.0816e-005,0.0500385
5.082e-005,0.050227
5.0824e-005,0.0498004
5.0828e-005,0.0500236
5.0832e-005,0.0498103
5.0836e-005,0.0497706
5.084e-005,0.0497706
5.0844e-005,0.0500385
5.0848e-005,0.0496714
5.0852e-005,0.0498996
5.0856e-005,0.0500782
5.086e-005,0.0496912
5.0864e-005,0.0492944
5.0868e-005,0.0503361
5.0872e-005,0.0492101
5.0876e-005,0.0495226
5.088e-005,0.0498847
5.0884e-005,0.0494184
5.0888e-005,0.049339
5.0892e-005,0.0498847
5.0896e-005,0.0490017
5.09e-005,0.0497111
5.0904e-005,0.0501278
5.0908e-005,0.0495077
5.0912e-005,0.0499492
5.0916e-005,0.0499095
5.092e-005,0.0498897
5.0924e-005,0.0503262
5.0928e-005,0.0501774
5.0932e-005,0.0495623
5.0936e-005,0.0501377
5.094e-005,0.0505891
5.0944e-005,0.0496763
5.0948e-005,0.0498599
5.0952e-005,0.0506883
5.0956e-005,0.0501625
5.096e-005,0.049716
5.0964e-005,0.0503907
5.0968e-005,0.0506288
5.0972e-005,0.0505445
5.0976e-005,0.0505643
5.098e-005,0.0499244
5.0984e-005,0.0504254
5.0988e-005,0.050098
5.0992e-005,0.04984
5.0996e-005,0.0498599
5.1e-005,0.0498351
5.1004e-005,0.0494085
5.1008e-005,0.0501278
5.1012e-005,0.0494878
5.1016e-005,0.0505593
5.102e-005,0.0502667
5.1024e-005,0.0504601
5.1028e-005,0.0494432
5.1032e-005,0.0498202
5.1036e-005,0.0506784
5.104e-005,0.0501526
5.1044e-005,0.0509711
5.1048e-005,0.0508322
5.1052e-005,0.0500633
5.1056e-005,0.0498004
5.106e-005,0.0500385
5.1064e-005,0.0501873
5.1068e-005,0.0503063
5.1072e-005,0.050728
5.1076e-005,0.0496466
5.108e-005,0.050222
5.1084e-005,0.0498996
5.1088e-005,0.0497111
5.1092e-005,0.0496763
5.1096e-005,0.0504651
5.11e-005,0.0494978
5.1104e-005,0.0501178
5.1108e-005,0.0505445
5.1112e-005,0.0499343
5.1116e-005,0.0501674
5.112e-005,0.0502865
5.1124e-005,0.0504601
5.1128e-005,0.0498996
5.1132e-005,0.0504998
5.1136e-005,0.0499988
5.114e-005,0.0496019
5.1144e-005,0.0492101
5.1148e-005,0.0442247
5.1152e-005,0.0402264
5.1156e-005,0.0384307
5.116e-005,0.0365457
5.1164e-005,0.035752
5.1168e-005,0.0350624
5.1172e-005,0.0274827
5.1176e-005,0.0215051
5.118e-005,0.0205477
5.1184e-005,0.0186528
5.1188e-005,0.0194911
5.1192e-005,0.0189405
5.1196e-005,0.011827
5.12e-005,0.00263008
5.1204e-005,0.000630958
5.1208e-005,-0.000837378
5.1212e-005,-0.000281792
5.1216e-005,0.000427573
5.122e-005,-0.000762969
5.1224e-005,-0.000629033
5.1228e-005,8.52922e-005
5.1232e-005,-0.00152194
5.1236e-005,0.00811153
5.124e-005,0.0177897
5.1244e-005,0.0191489
5.1248e-005,0.02026
5.1252e-005,0.0216391
5.1256e-005,0.0220905
5.126e-005,0.0234447
