Time,Ampl
4.126e-005,0.0360843
4.1264e-005,0.0367738
4.1268e-005,0.036501
4.1272e-005,0.0358214
4.1276e-005,0.0362331
4.128e-005,0.0362728
4.1284e-005,0.0366697
4.1288e-005,0.0360992
4.1292e-005,0.0366498
4.1296e-005,0.0362083
4.13e-005,0.0366598
4.1304e-005,0.0357619
4.1308e-005,0.0363324
4.1312e-005,0.0370864
4.1316e-005,0.036382
4.132e-005,0.0360347
4.1324e-005,0.0348888
4.1328e-005,0.0334999
4.1332e-005,0.0326169
4.1336e-005,0.0323788
4.134e-005,0.0319968
4.1344e-005,0.0316247
4.1348e-005,0.0265203
4.1352e-005,0.020389
4.1356e-005,0.0205973
4.136e-005,0.0193969
4.1364e-005,0.0189504
4.1368e-005,0.0193374
4.1372e-005,0.0125165
4.1376e-005,0.00242173
4.138e-005,0.000750012
4.1384e-005,-0.000455413
4.1388e-005,-0.000261949
4.1392e-005,0.000630958
4.1396e-005,-0.000445491
4.14e-005,-0.00051494
4.1404e-005,-0.000356201
4.1408e-005,-0.00129871
4.1412e-005,0.00548242
4.1416e-005,0.0176904
4.142e-005,0.0201261
4.1424e-005,0.0228891
4.1428e-005,0.0254687
4.1432e-005,0.0273686
4.1436e-005,0.028192
4.144e-005,0.0305086
4.1444e-005,0.0312577
4.1448e-005,0.032602
4.1452e-005,0.033485
4.1456e-005,0.0345961
4.146e-005,0.0347003
4.1464e-005,0.0359206
4.1468e-005,0.0362282
4.1472e-005,0.0362927
4.1476e-005,0.0368879
4.148e-005,0.0373344
4.1484e-005,0.0373939
4.1488e-005,0.0373245
4.1492e-005,0.0384555
4.1496e-005,0.0381975
4.15e-005,0.0385646
4.1504e-005,0.0383315
4.1508e-005,0.039021
4.1512e-005,0.0387035
4.1516e-005,0.0390012
4.152e-005,0.0385547
4.1524e-005,0.0385001
4.1528e-005,0.0391599
4.1532e-005,0.0390061
4.1536e-005,0.0384406
4.154e-005,0.0389912
4.1544e-005,0.0388523
4.1548e-005,0.0392839
4.1552e-005,0.0390855
4.1556e-005,0.0385745
4.156e-005,0.0385696
4.1564e-005,0.0390855
4.1568e-005,0.0391649
4.1572e-005,0.0392293
4.1576e-005,0.0386539
4.158e-005,0.0393137
4.1584e-005,0.0384208
4.1588e-005,0.039403
4.1592e-005,0.0385894
4.1596e-005,0.0386539
4.16e-005,0.0389119
4.1604e-005,0.0387978
4.1608e-005,0.0388623
4.1612e-005,0.0389019
4.1616e-005,0.0384208
4.162e-005,0.0394228
4.1624e-005,0.0388176
4.1628e-005,0.0386539
4.1632e-005,0.0392244
4.1636e-005,0.0383265
4.164e-005,0.038391
4.1644e-005,0.0382124
4.1648e-005,0.0385795
4.1652e-005,0.0385001
4.1656e-005,0.0388474
4.166e-005,0.0389912
4.1664e-005,0.0389019
4.1668e-005,0.0386192
4.1672e-005,0.0386837
4.1676e-005,0.0386341
4.168e-005,0.0382868
4.1684e-005,0.0391152
4.1688e-005,0.0389714
4.1692e-005,0.0393335
4.1696e-005,0.0390557
4.17e-005,0.0390607
4.1704e-005,0.0385448
4.1708e-005,0.0386886
4.1712e-005,0.0383513
4.1716e-005,0.0387482
4.172e-005,0.0389267
4.1724e-005,0.0389367
4.1728e-005,0.0384604
4.1732e-005,0.0386093
4.1736e-005,0.0385001
4.174e-005,0.0389565
4.1744e-005,0.0386241
4.1748e-005,0.0385448
4.1752e-005,0.0383116
4.1756e-005,0.0384753
4.176e-005,0.0383364
4.1764e-005,0.038644
4.1768e-005,0.0384307
4.1772e-005,0.0386291
4.1776e-005,0.0385993
4.178e-005,0.0384604
4.1784e-005,0.0384108
4.1788e-005,0.0385001
4.1792e-005,0.0386142
4.1796e-005,0.0384307
4.18e-005,0.0390954
4.1804e-005,0.0387234
4.1808e-005,0.038768
4.1812e-005,0.0387035
4.1816e-005,0.0388623
4.182e-005,0.0388027
4.1824e-005,0.0390359
4.1828e-005,0.0387779
4.1832e-005,0.0387333
4.1836e-005,0.0389267
4.184e-005,0.0390508
4.1844e-005,0.039026
4.1848e-005,0.0385299
4.1852e-005,0.0388226
4.1856e-005,0.0384505
4.186e-005,0.0383166
4.1864e-005,0.0383464
4.1868e-005,0.0388573
4.1872e-005,0.0384208
4.1876e-005,0.0391103
4.188e-005,0.038138
4.1884e-005,0.0385299
4.1888e-005,0.0393236
4.1892e-005,0.0391301
4.1896e-005,0.0385051
4.19e-005,0.0395518
4.1904e-005,0.0385349
4.1908e-005,0.0378404
4.1912e-005,0.0389714
4.1916e-005,0.0385646
4.192e-005,0.0382323
4.1924e-005,0.03852
4.1928e-005,0.0384654
4.1932e-005,0.0390111
4.1936e-005,0.0384406
4.194e-005,0.0385448
4.1944e-005,0.0384902
4.1948e-005,0.0385398
4.1952e-005,0.0385398
4.1956e-005,0.0392045
4.196e-005,0.0392641
4.1964e-005,0.0387531
4.1968e-005,0.0388027
4.1972e-005,0.0385597
4.1976e-005,0.0384158
4.198e-005,0.0389664
4.1984e-005,0.0392591
4.1988e-005,0.0384803
4.1992e-005,0.0384406
4.1996e-005,0.039393
4.2e-005,0.0386093
4.2004e-005,0.0387134
4.2008e-005,0.0387382
4.2012e-005,0.0382174
4.2016e-005,0.0384704
4.202e-005,0.0388375
4.2024e-005,0.0381182
4.2028e-005,0.0382075
4.2032e-005,0.0385051
4.2036e-005,0.0383712
4.204e-005,0.0391004
4.2044e-005,0.0383662
4.2048e-005,0.0385597
4.2052e-005,0.0384555
4.2056e-005,0.0391748
4.206e-005,0.0388871
4.2064e-005,0.0388523
4.2068e-005,0.0382323
4.2072e-005,0.0387581
4.2076e-005,0.0387581
4.208e-005,0.0394228
4.2084e-005,0.0386489
4.2088e-005,0.0381281
4.2092e-005,0.0369822
4.2096e-005,0.0354742
4.21e-005,0.0343779
4.2104e-005,0.0338372
4.2108e-005,0.0331477
4.2112e-005,0.0336884
4.2116e-005,0.0278299
4.212e-005,0.021024
4.2124e-005,0.020017
4.2128e-005,0.0193225
4.2132e-005,0.0189355
4.2136e-005,0.0190248
4.214e-005,0.0122834
4.2144e-005,0.00217866
4.2148e-005,0.0011667
4.2152e-005,-0.000232186
4.2156e-005,-0.000787772
4.216e-005,-0.000381004
4.2164e-005,-0.000192501
4.2168e-005,9.52134e-005
4.2172e-005,3.07256e-005
4.2176e-005,-0.00117966
4.218e-005,0.00559155
4.2184e-005,0.0173085
4.2188e-005,0.0191588
4.2192e-005,0.0214208
4.2196e-005,0.0234348
4.22e-005,0.0257018
4.2204e-005,0.0252454
4.2208e-005,0.0266046
4.2212e-005,0.0272247
4.2216e-005,0.0274678
4.222e-005,0.0283458
4.2224e-005,0.0296058
4.2228e-005,0.0294818
4.2232e-005,0.0302556
4.2236e-005,0.030087
4.224e-005,0.0304342
4.2244e-005,0.0305731
4.2248e-005,0.0311981
4.2252e-005,0.031337
4.2256e-005,0.0308856
4.226e-005,0.0314462
4.2264e-005,0.0307517
4.2268e-005,0.0306426
4.2272e-005,0.0312378
4.2276e-005,0.031724
4.228e-005,0.0314164
4.2284e-005,0.0311634
4.2288e-005,0.0316148
4.2292e-005,0.0308856
4.2296e-005,0.0306872
4.23e-005,0.0309005
4.2304e-005,0.0309848
4.2308e-005,0.0313569
4.2312e-005,0.0311585
4.2316e-005,0.0316396
4.232e-005,0.031471
4.2324e-005,0.0311485
4.2328e-005,0.0314809
4.2332e-005,0.0307368
4.2336e-005,0.0314362
4.234e-005,0.0308162
4.2344e-005,0.0309154
4.2348e-005,0.0303152
4.2352e-005,0.0305433
4.2356e-005,0.0307864
4.236e-005,0.0306376
4.2364e-005,0.0305731
4.2368e-005,0.030459
4.2372e-005,0.0308608
4.2376e-005,0.0301366
4.238e-005,0.0303499
4.2384e-005,0.0300473
4.2388e-005,0.0302011
4.2392e-005,0.0297397
4.2396e-005,0.0306773
4.24e-005,0.0303648
4.2404e-005,0.030077
4.2408e-005,0.0309501
4.2412e-005,0.030965
4.2416e-005,0.0304044
4.242e-005,0.0305037
4.2424e-005,0.0302953
4.2428e-005,0.0307616
4.2432e-005,0.0309551
4.2436e-005,0.0302804
4.244e-005,0.0301018
4.2444e-005,0.0309799
4.2448e-005,0.0306426
4.2452e-005,0.0299431
4.2456e-005,0.0305533
4.246e-005,0.0306227
4.2464e-005,0.0304937
4.2468e-005,0.0304987
4.2472e-005,0.0305185
4.2476e-005,0.030712
4.248e-005,0.0304789
4.2484e-005,0.0309055
4.2488e-005,0.0304937
4.2492e-005,0.0309501
4.2496e-005,0.0304193
4.25e-005,0.0305433
4.2504e-005,0.0307517
4.2508e-005,0.0310096
4.2512e-005,0.0308757
4.2516e-005,0.0308112
4.252e-005,0.0302606
4.2524e-005,0.031089
4.2528e-005,0.0298389
4.2532e-005,0.0301763
4.2536e-005,0.0304441
4.254e-005,0.029953
4.2544e-005,0.0302259
4.2548e-005,0.0302259
4.2552e-005,0.0305483
4.2556e-005,0.0303152
4.256e-005,0.0307814
4.2564e-005,0.0302259
4.2568e-005,0.0307566
4.2572e-005,0.0312577
4.2576e-005,0.0302606
4.258e-005,0.0304789
4.2584e-005,0.0307814
4.2588e-005,0.030841
4.2592e-005,0.0305681
4.2596e-005,0.0307318
4.26e-005,0.0301911
4.2604e-005,0.0306525
4.2608e-005,0.0311237
4.2612e-005,0.0304491
4.2616e-005,0.0302903
4.262e-005,0.0301961
4.2624e-005,0.0302854
4.2628e-005,0.0304987
4.2632e-005,0.0310444
4.2636e-005,0.0311436
4.264e-005,0.0306971
4.2644e-005,0.0309501
4.2648e-005,0.0307666
4.2652e-005,0.0309055
4.2656e-005,0.0309303
4.266e-005,0.030707
4.2664e-005,0.0311039
4.2668e-005,0.0306078
4.2672e-005,0.0304491
4.2676e-005,0.0303648
4.268e-005,0.0305384
4.2684e-005,0.0303052
4.2688e-005,0.0304044
4.2692e-005,0.0307616
4.2696e-005,0.0302507
4.27e-005,0.0303152
4.2704e-005,0.0301911
4.2708e-005,0.0307318
4.2712e-005,0.0305037
4.2716e-005,0.0301911
4.272e-005,0.0296256
4.2724e-005,0.0305681
4.2728e-005,0.03033
4.2732e-005,0.030583
4.2736e-005,0.0305731
4.274e-005,0.0305929
4.2744e-005,0.0309799
4.2748e-005,0.0299133
4.2752e-005,0.0307864
4.2756e-005,0.0303201
4.276e-005,0.0303449
4.2764e-005,0.0304441
4.2768e-005,0.0303945
4.2772e-005,0.0297744
4.2776e-005,0.0305681
4.278e-005,0.0307368
4.2784e-005,0.0305285
4.2788e-005,0.0310741
4.2792e-005,0.0297794
4.2796e-005,0.0301911
4.28e-005,0.0305285
4.2804e-005,0.030459
4.2808e-005,0.0308459
4.2812e-005,0.0304739
4.2816e-005,0.0300076
4.282e-005,0.0300522
4.2824e-005,0.0301515
4.2828e-005,0.030459
4.2832e-005,0.0306376
4.2836e-005,0.0310444
4.284e-005,0.0311237
4.2844e-005,0.0310642
4.2848e-005,0.030588
4.2852e-005,0.0301862
4.2856e-005,0.0294322
4.286e-005,0.0304044
4.2864e-005,0.0298489
4.2868e-005,0.0292238
4.2872e-005,0.0286831
4.2876e-005,0.0290552
4.288e-005,0.0292189
4.2884e-005,0.0245162
4.2888e-005,0.0200914
4.2892e-005,0.0189653
4.2896e-005,0.0189207
4.29e-005,0.0187669
4.2904e-005,0.0190794
4.2908e-005,0.0119858
4.2912e-005,0.00220347
4.2916e-005,0.000710327
4.292e-005,0.000120016
4.2924e-005,-0.000728245
4.2928e-005,-0.000629033
4.2932e-005,-0.00043557
4.2936e-005,-9.82498e-005
4.294e-005,-0.000261949
4.2944e-005,-0.00149218
4.2948e-005,0.00623643
4.2952e-005,0.0171547
4.2956e-005,0.0191538
4.296e-005,0.0213811
4.2964e-005,0.0233951
4.2968e-005,0.0250619
4.2972e-005,0.0261879
4.2976e-005,0.0265302
4.298e-005,0.0284649
4.2984e-005,0.0290899
4.2988e-005,0.0303003
4.2992e-005,0.0303995
4.2996e-005,0.0312279
4.3e-005,0.0315206
4.3004e-005,0.0325276
4.3008e-005,0.0323887
4.3012e-005,0.0321456
4.3016e-005,0.0332667
4.302e-005,0.0333858
4.3024e-005,0.0330038
4.3028e-005,0.033728
4.3032e-005,0.03348
4.3036e-005,0.0336983
4.304e-005,0.0338769
4.3044e-005,0.0340257
4.3048e-005,0.0337528
4.3052e-005,0.0334254
4.3056e-005,0.0333758
4.306e-005,0.0337231
4.3064e-005,0.0336536
4.3068e-005,0.0334651
4.3072e-005,0.0339116
4.3076e-005,0.0338124
4.308e-005,0.0342935
4.3084e-005,0.034105
4.3088e-005,0.0338372
4.3092e-005,0.0340604
4.3096e-005,0.0330683
4.31e-005,0.0332717
4.3104e-005,0.0337578
4.3108e-005,0.0338372
4.3112e-005,0.0337082
4.3116e-005,0.0340902
4.312e-005,0.0341199
4.3124e-005,0.0335594
4.3128e-005,0.0334155
4.3132e-005,0.0328996
4.3136e-005,0.0342092
4.314e-005,0.0336338
4.3144e-005,0.0330286
4.3148e-005,0.0337578
4.3152e-005,0.0340108
4.3156e-005,0.0333907
4.316e-005,0.0330484
4.3164e-005,0.0335296
4.3168e-005,0.0328153
4.3172e-005,0.0332419
4.3176e-005,0.0336487
4.318e-005,0.0332667
4.3184e-005,0.0332469
4.3188e-005,0.0330683
4.3192e-005,0.0330286
4.3196e-005,0.0330732
4.32e-005,0.0330336
4.3204e-005,0.0335147
4.3208e-005,0.0333064
4.3212e-005,0.0330683
4.3216e-005,0.0330286
4.322e-005,0.0333858
4.3224e-005,0.0338322
4.3228e-005,0.0332419
4.3232e-005,0.0333213
4.3236e-005,0.0334751
4.324e-005,0.0331377
4.3244e-005,0.0337032
4.3248e-005,0.0336586
4.3252e-005,0.0339165
4.3256e-005,0.0336288
4.326e-005,0.0335247
4.3264e-005,0.0336189
4.3268e-005,0.0337727
4.3272e-005,0.0335445
4.3276e-005,0.0336437
4.328e-005,0.0334056
4.3284e-005,0.0335346
4.3288e-005,0.0327657
4.3292e-005,0.0336884
4.3296e-005,0.0337231
4.33e-005,0.0339116
4.3304e-005,0.033604
4.3308e-005,0.0343233
4.3312e-005,0.0344275
4.3316e-005,0.0334751
4.332e-005,0.0339265
4.3324e-005,0.0331328
4.3328e-005,0.0337231
4.3332e-005,0.0334602
4.3336e-005,0.033991
4.334e-005,0.0337132
4.3344e-005,0.0335296
4.3348e-005,0.0338024
4.3352e-005,0.033728
4.3356e-005,0.0336487
4.336e-005,0.0334254
4.3364e-005,0.0340406
4.3368e-005,0.0331328
4.3372e-005,0.0336884
4.3376e-005,0.0335147
4.338e-005,0.0332766
4.3384e-005,0.033857
4.3388e-005,0.0341348
4.3392e-005,0.0334354
4.3396e-005,0.033981
4.34e-005,0.0331923
4.3404e-005,0.0340158
4.3408e-005,0.0340554
4.3412e-005,0.0332915
4.3416e-005,0.033986
4.342e-005,0.0338769
4.3424e-005,0.0333064
4.3428e-005,0.0340058
4.3432e-005,0.0337776
4.3436e-005,0.0330385
4.344e-005,0.0336784
4.3444e-005,0.0339364
4.3448e-005,0.032726
4.3452e-005,0.0334602
4.3456e-005,0.0330236
4.346e-005,0.0336933
4.3464e-005,0.0332369
4.3468e-005,0.0333758
4.3472e-005,0.0332965
4.3476e-005,0.0332617
4.348e-005,0.0331774
4.3484e-005,0.0329988
4.3488e-005,0.0330484
4.3492e-005,0.0327855
4.3496e-005,0.0330236
4.35e-005,0.0339314
4.3504e-005,0.0334453
4.3508e-005,0.0333659
4.3512e-005,0.0336784
4.3516e-005,0.033232
4.352e-005,0.0335247
4.3524e-005,0.0327706
4.3528e-005,0.0335445
4.3532e-005,0.033604
4.3536e-005,0.0338223
4.354e-005,0.0330931
4.3544e-005,0.0331873
4.3548e-005,0.0331328
4.3552e-005,0.0330832
4.3556e-005,0.0332865
4.356e-005,0.0334602
4.3564e-005,0.033733
4.3568e-005,0.0341547
4.3572e-005,0.0339116
4.3576e-005,0.0333907
4.358e-005,0.0335643
4.3584e-005,0.0332469
4.3588e-005,0.0331427
4.3592e-005,0.0333659
4.3596e-005,0.0333411
4.36e-005,0.0332915
4.3604e-005,0.0335048
4.3608e-005,0.0336487
4.3612e-005,0.033738
4.3616e-005,0.0337578
4.362e-005,0.0331377
4.3624e-005,0.0332469
4.3628e-005,0.0320414
4.3632e-005,0.031342
4.3636e-005,0.0307765
4.364e-005,0.0302705
4.3644e-005,0.0303747
4.3648e-005,0.0297199
4.3652e-005,0.0254389
4.3656e-005,0.0205725
4.366e-005,0.02026
4.3664e-005,0.0201211
4.3668e-005,0.0187123
4.3672e-005,0.0191439
4.3676e-005,0.0125215
4.368e-005,0.00178678
4.3684e-005,0.00102284
4.3688e-005,-0.000192501
4.3692e-005,-0.000614152
4.3696e-005,4.06468e-005
4.37e-005,-0.000132974
4.3704e-005,-0.000480216
4.3708e-005,2.08044e-005
4.3712e-005,-0.00110525
4.3716e-005,0.00542289
4.372e-005,0.0171349
4.3724e-005,0.0198929
4.3728e-005,0.0217383
4.3732e-005,0.0245807
4.3736e-005,0.0262772
4.374e-005,0.0275025
4.3744e-005,0.0278547
4.3748e-005,0.0302209
4.3752e-005,0.0303152
4.3756e-005,0.03159
4.376e-005,0.0323093
4.3764e-005,0.0325425
4.3768e-005,0.0334403
4.3772e-005,0.0337082
4.3776e-005,0.0339066
4.378e-005,0.034234
4.3784e-005,0.0355585
4.3788e-005,0.0352261
4.3792e-005,0.0349434
4.3796e-005,0.0355089
4.38e-005,0.0351914
4.3804e-005,0.0356825
4.3808e-005,0.0359802
4.3812e-005,0.0360794
4.3816e-005,0.0354742
4.382e-005,0.0358611
4.3824e-005,0.0367838
4.3828e-005,0.036382
4.3832e-005,0.036759
4.3836e-005,0.0363919
4.384e-005,0.0363472
4.3844e-005,0.0364167
4.3848e-005,0.0358413
4.3852e-005,0.036253
4.3856e-005,0.0355139
4.386e-005,0.0365308
4.3864e-005,0.0359653
4.3868e-005,0.0366201
4.3872e-005,0.0361637
4.3876e-005,0.0358512
4.388e-005,0.0359355
4.3884e-005,0.0359553
4.3888e-005,0.0364117
4.3892e-005,0.0362778
4.3896e-005,0.0359752
4.39e-005,0.0360843
4.3904e-005,0.0364266
4.3908e-005,0.0360794
4.3912e-005,0.0358561
4.3916e-005,0.0358809
4.392e-005,0.0364961
4.3924e-005,0.0353948
4.3928e-005,0.0359355
4.3932e-005,0.0363075
4.3936e-005,0.0358661
4.394e-005,0.0359454
4.3944e-005,0.0362431
4.3948e-005,0.0355734
4.3952e-005,0.0356676
4.3956e-005,0.0358115
4.396e-005,0.0364712
4.3964e-005,0.0358561
4.3968e-005,0.0361042
4.3972e-005,0.0366449
4.3976e-005,0.0364564
4.398e-005,0.0357321
4.3984e-005,0.0360397
4.3988e-005,0.0360992
4.3992e-005,0.0359157
4.3996e-005,0.0358214
4.4e-005,0.0358462
4.4004e-005,0.0365209
4.4008e-005,0.0359008
4.4012e-005,0.0362183
4.4016e-005,0.0358611
4.402e-005,0.0368532
4.4024e-005,0.0365853
4.4028e-005,0.0361042
4.4032e-005,0.0360446
4.4036e-005,0.0361141
4.404e-005,0.0360099
4.4044e-005,0.0357272
4.4048e-005,0.035752
4.4052e-005,0.0362133
4.4056e-005,0.036005
4.406e-005,0.0360446
4.4064e-005,0.0358611
4.4068e-005,0.0359206
4.4072e-005,0.0360992
4.4076e-005,0.0365754
4.408e-005,0.0357272
4.4084e-005,0.035747
4.4088e-005,0.0365308
4.4092e-005,0.0356776
4.4096e-005,0.0366349
4.41e-005,0.0362183
4.4104e-005,0.0358313
4.4108e-005,0.0362679
4.4112e-005,0.0366101
4.4116e-005,0.0362579
4.412e-005,0.0362083
4.4124e-005,0.0356627
4.4128e-005,0.0356825
4.4132e-005,0.0363224
4.4136e-005,0.0360546
4.414e-005,0.0363869
4.4144e-005,0.0363423
4.4148e-005,0.0359901
4.4152e-005,0.0362133
4.4156e-005,0.0362331
4.416e-005,0.0364415
4.4164e-005,0.0360694
4.4168e-005,0.0366399
4.4172e-005,0.0361885
4.4176e-005,0.0363472
4.418e-005,0.0361935
4.4184e-005,0.0361042
4.4188e-005,0.0361935
4.4192e-005,0.0362232
4.4196e-005,0.036382
4.42e-005,0.0360099
4.4204e-005,0.036248
4.4208e-005,0.0364167
4.4212e-005,0.0363522
4.4216e-005,0.0364018
4.422e-005,0.0361141
4.4224e-005,0.0362827
4.4228e-005,0.0363224
4.4232e-005,0.0364068
4.4236e-005,0.0363472
4.424e-005,0.0358214
4.4244e-005,0.0360546
4.4248e-005,0.0368284
4.4252e-005,0.036377
4.4256e-005,0.0367788
4.426e-005,0.0357668
4.4264e-005,0.0363472
4.4268e-005,0.0364018
4.4272e-005,0.0366994
4.4276e-005,0.0357966
4.428e-005,0.036377
4.4284e-005,0.0360347
4.4288e-005,0.0360248
4.4292e-005,0.0359355
4.4296e-005,0.0361637
4.43e-005,0.0357966
4.4304e-005,0.0360546
4.4308e-005,0.036119
4.4312e-005,0.0359157
4.4316e-005,0.036377
4.432e-005,0.0362083
4.4324e-005,0.0366052
4.4328e-005,0.0359901
4.4332e-005,0.0363671
4.4336e-005,0.0365159
4.434e-005,0.036129
4.4344e-005,0.0360843
4.4348e-005,0.036382
4.4352e-005,0.0365258
4.4356e-005,0.0363026
4.436e-005,0.0365853
4.4364e-005,0.0368135
4.4368e-005,0.036372
4.4372e-005,0.0364961
4.4376e-005,0.0362232
4.438e-005,0.0362183
4.4384e-005,0.0367738
4.4388e-005,0.0358115
4.4392e-005,0.0354196
4.4396e-005,0.0339959
4.44e-005,0.0327111
4.4404e-005,0.0317736
4.4408e-005,0.0311684
4.4412e-005,0.0310989
4.4416e-005,0.0311436
4.442e-005,0.0257514
4.4424e-005,0.0209595
4.4428e-005,0.0202352
4.4432e-005,0.0190744
4.4436e-005,0.0187818
4.444e-005,0.0183998
4.4444e-005,0.0128191
4.4448e-005,0.00292275
4.4452e-005,0.000437494
4.4456e-005,-0.000579427
4.446e-005,-0.000901866
4.4464e-005,5.0568e-005
4.4468e-005,0.000189465
4.4472e-005,-0.000614152
4.4476e-005,-0.000643915
4.448e-005,-0.000554624
4.4484e-005,0.00523439
4.4488e-005,0.0167529
4.4492e-005,0.0193225
4.4496e-005,0.0224278
4.45e-005,0.0254687
4.4504e-005,0.0268229
4.4508e-005,0.0278448
4.4512e-005,0.0299878
4.4516e-005,0.0304243
4.452e-005,0.0316942
4.4524e-005,0.0325375
4.4528e-005,0.033862
4.4532e-005,0.0349384
4.4536e-005,0.0355783
4.454e-005,0.0362579
4.4544e-005,0.0364216
4.4548e-005,0.0369673
4.4552e-005,0.0374386
4.4556e-005,0.0375923
4.456e-005,0.0370764
4.4564e-005,0.0378751
4.4568e-005,0.0384654
4.4572e-005,0.0384059
4.4576e-005,0.0382075
4.458e-005,0.0388176
4.4584e-005,0.0384356
4.4588e-005,0.0387978
4.4592e-005,0.0387928
4.4596e-005,0.0384406
4.46e-005,0.0384356
4.4604e-005,0.0387085
4.4608e-005,0.0387382
4.4612e-005,0.0387779
4.4616e-005,0.0389317
4.462e-005,0.0386291
4.4624e-005,0.0382819
4.4628e-005,0.0390508
4.4632e-005,0.0384208
4.4636e-005,0.0390656
4.464e-005,0.0386539
4.4644e-005,0.0389912
4.4648e-005,0.0387432
4.4652e-005,0.0388573
4.4656e-005,0.039016
4.466e-005,0.0393236
4.4664e-005,0.0391897
4.4668e-005,0.0386936
4.4672e-005,0.0389367
4.4676e-005,0.038897
4.468e-005,0.0389565
4.4684e-005,0.0392889
4.4688e-005,0.0386638
4.4692e-005,0.0388474
4.4696e-005,0.0389515
4.47e-005,0.0389317
4.4704e-005,0.0384704
4.4708e-005,0.0389317
4.4712e-005,0.0389119
4.4716e-005,0.0391946
4.472e-005,0.0389863
4.4724e-005,0.0387531
4.4728e-005,0.0390508
4.4732e-005,0.0394278
4.4736e-005,0.0390904
4.474e-005,0.0387878
4.4744e-005,0.0387779
4.4748e-005,0.0391698
4.4752e-005,0.0389466
4.4756e-005,0.0391649
4.476e-005,0.038391
4.4764e-005,0.0388077
4.4768e-005,0.0389218
4.4772e-005,0.0392194
4.4776e-005,0.0389615
4.478e-005,0.0383662
4.4784e-005,0.0385993
4.4788e-005,0.0387035
4.4792e-005,0.0388375
4.4796e-005,0.0388126
4.48e-005,0.0394178
4.4804e-005,0.0391847
4.4808e-005,0.0393434
4.4812e-005,0.0386688
4.4816e-005,0.0386787
4.482e-005,0.0386291
4.4824e-005,0.0383017
4.4828e-005,0.038391
4.4832e-005,0.0387234
4.4836e-005,0.038892
4.484e-005,0.0383364
4.4844e-005,0.0387035
4.4848e-005,0.0386043
4.4852e-005,0.0393831
4.4856e-005,0.0388573
4.486e-005,0.0391301
4.4864e-005,0.0392938
4.4868e-005,0.0394724
4.4872e-005,0.0391996
4.4876e-005,0.0386936
4.488e-005,0.038386
4.4884e-005,0.0390855
4.4888e-005,0.0391797
4.4892e-005,0.0387978
4.4896e-005,0.0392393
4.49e-005,0.0389218
4.4904e-005,0.0384853
4.4908e-005,0.0384356
4.4912e-005,0.0391698
4.4916e-005,0.0388027
4.492e-005,0.0388871
4.4924e-005,0.0390904
4.4928e-005,0.0390756
4.4932e-005,0.0382422
4.4936e-005,0.0386192
4.494e-005,0.0394724
4.4944e-005,0.0389168
4.4948e-005,0.0391649
4.4952e-005,0.0390756
4.4956e-005,0.0387283
4.496e-005,0.0393286
4.4964e-005,0.0389515
4.4968e-005,0.0394178
4.4972e-005,0.0396411
4.4976e-005,0.0389218
4.498e-005,0.0386192
4.4984e-005,0.0392393
4.4988e-005,0.0382174
4.4992e-005,0.0387878
4.4996e-005,0.0390607
4.5e-005,0.0384555
4.5004e-005,0.0387283
4.5008e-005,0.0391897
4.5012e-005,0.0387283
4.5016e-005,0.03852
4.502e-005,0.0387085
4.5024e-005,0.0388573
4.5028e-005,0.0386638
4.5032e-005,0.0388722
4.5036e-005,0.0388077
4.504e-005,0.0385795
4.5044e-005,0.0389813
4.5048e-005,0.0387482
4.5052e-005,0.0388722
4.5056e-005,0.039393
4.506e-005,0.0388722
4.5064e-005,0.0393534
4.5068e-005,0.0384406
4.5072e-005,0.0388176
4.5076e-005,0.039016
4.508e-005,0.0388722
4.5084e-005,0.0386936
4.5088e-005,0.0383761
4.5092e-005,0.0382967
4.5096e-005,0.0389416
4.51e-005,0.0389763
4.5104e-005,0.0386043
4.5108e-005,0.0388722
4.5112e-005,0.0388375
4.5116e-005,0.0389813
4.512e-005,0.0389813
4.5124e-005,0.0387085
4.5128e-005,0.0394129
4.5132e-005,0.0391152
4.5136e-005,0.0388523
4.514e-005,0.0389615
4.5144e-005,0.0388424
4.5148e-005,0.0388722
4.5152e-005,0.0390061
4.5156e-005,0.0382273
4.516e-005,0.0379545
4.5164e-005,0.0368433
4.5168e-005,0.0349731
4.5172e-005,0.0336983
4.5176e-005,0.0334453
4.518e-005,0.0325673
4.5184e-005,0.0328054
4.5188e-005,0.027815
4.5192e-005,0.0213266
4.5196e-005,0.0202203
4.52e-005,0.0198086
4.5204e-005,0.018504
4.5208e-005,0.0193175
4.5212e-005,0.012958
4.5216e-005,0.00248622
4.522e-005,0.000923633
4.5224e-005,-0.000445491
4.5228e-005,-0.0006836
4.5232e-005,0.000472218
4.5236e-005,-0.000559585
4.524e-005,-0.00010321
4.5244e-005,-0.000177619
4.5248e-005,-0.000847299
4.5252e-005,0.00573541
4.5256e-005,0.0172241
4.526e-005,0.0190248
4.5264e-005,0.0207164
4.5268e-005,0.0232215
4.5272e-005,0.0240995
4.5276e-005,0.0250123
4.528e-005,0.0262921
4.5284e-005,0.0273388
4.5288e-005,0.0276414
4.5292e-005,0.0286087
4.5296e-005,0.029333
4.53e-005,0.0294619
4.5304e-005,0.030206
4.5308e-005,0.0295859
4.5312e-005,0.0304044
4.5316e-005,0.0304937
4.532e-005,0.0309997
4.5324e-005,0.0307318
4.5328e-005,0.030707
4.5332e-005,0.0311039
4.5336e-005,0.0321307
4.534e-005,0.0304987
4.5344e-005,0.0311287
4.5348e-005,0.0316644
4.5352e-005,0.0317587
4.5356e-005,0.0311138
4.536e-005,0.031347
4.5364e-005,0.031466
4.5368e-005,0.0315652
4.5372e-005,0.0315503
4.5376e-005,0.0309154
4.538e-005,0.0315751
4.5384e-005,0.0319571
4.5388e-005,0.0311336
4.5392e-005,0.0313569
4.5396e-005,0.031218
4.54e-005,0.0313569
4.5404e-005,0.0306624
4.5408e-005,0.0310543
4.5412e-005,0.030712
4.5416e-005,0.0315652
4.542e-005,0.0312031
4.5424e-005,0.0309055
4.5428e-005,0.0319125
4.5432e-005,0.0311733
4.5436e-005,0.0310989
4.544e-005,0.0313916
4.5444e-005,0.0305582
4.5448e-005,0.0304292
4.5452e-005,0.0308013
4.5456e-005,0.031213
4.546e-005,0.0313271
4.5464e-005,0.0303995
4.5468e-005,0.0308311
4.5472e-005,0.030965
4.5476e-005,0.0311733
4.548e-005,0.0307418
4.5484e-005,0.0301614
4.5488e-005,0.0303499
4.5492e-005,0.031089
4.5496e-005,0.0304392
4.55e-005,0.0311585
4.5504e-005,0.0304987
4.5508e-005,0.0305285
4.5512e-005,0.0311585
4.5516e-005,0.0309402
4.552e-005,0.0307418
4.5524e-005,0.0310543
4.5528e-005,0.0307963
4.5532e-005,0.0308608
4.5536e-005,0.0309104
4.554e-005,0.0316049
4.5544e-005,0.0313618
4.5548e-005,0.0309948
4.5552e-005,0.030707
4.5556e-005,0.0312081
4.556e-005,0.0311336
4.5564e-005,0.0307269
4.5568e-005,0.030717
4.5572e-005,0.031218
4.5576e-005,0.0306822
4.558e-005,0.0306029
4.5584e-005,0.0309551
4.5588e-005,0.0303598
4.5592e-005,0.0309055
4.5596e-005,0.0314362
4.56e-005,0.0318182
4.5604e-005,0.0315553
4.5608e-005,0.0313073
4.5612e-005,0.0315702
4.5616e-005,0.0316992
4.562e-005,0.0311237
4.5624e-005,0.0311833
4.5628e-005,0.0311188
4.5632e-005,0.0308608
4.5636e-005,0.0308658
4.564e-005,0.030464
4.5644e-005,0.0312874
4.5648e-005,0.0308013
4.5652e-005,0.0307616
4.5656e-005,0.0316644
4.566e-005,0.0312626
4.5664e-005,0.0310642
4.5668e-005,0.031714
4.5672e-005,0.0314015
4.5676e-005,0.0309848
4.568e-005,0.0307765
4.5684e-005,0.0313222
4.5688e-005,0.0309352
4.5692e-005,0.0308013
4.5696e-005,0.0302804
4.57e-005,0.0311684
4.5704e-005,0.0305037
4.5708e-005,0.0305731
4.5712e-005,0.0309948
4.5716e-005,0.03096
4.572e-005,0.0309154
4.5724e-005,0.0310295
4.5728e-005,0.03097
4.5732e-005,0.0309253
4.5736e-005,0.0309501
4.574e-005,0.0306971
4.5744e-005,0.0312874
4.5748e-005,0.0309352
4.5752e-005,0.0301465
4.5756e-005,0.0307666
4.576e-005,0.0306624
4.5764e-005,0.0308063
4.5768e-005,0.0308013
4.5772e-005,0.0304292
4.5776e-005,0.0300919
4.578e-005,0.030082
4.5784e-005,0.0305731
4.5788e-005,0.0309551
4.5792e-005,0.0308013
4.5796e-005,0.030712
4.58e-005,0.0301862
4.5804e-005,0.0309005
4.5808e-005,0.0313718
4.5812e-005,0.0311188
4.5816e-005,0.0304243
4.582e-005,0.0309104
4.5824e-005,0.0312825
4.5828e-005,0.0309501
4.5832e-005,0.0308162
4.5836e-005,0.0309005
4.584e-005,0.0306177
4.5844e-005,0.0310493
4.5848e-005,0.031213
4.5852e-005,0.0309948
4.5856e-005,0.0310146
4.586e-005,0.0310096
4.5864e-005,0.0309551
4.5868e-005,0.0308211
4.5872e-005,0.0311039
4.5876e-005,0.030965
4.588e-005,0.0308757
4.5884e-005,0.0311386
4.5888e-005,0.0310146
4.5892e-005,0.0306723
4.5896e-005,0.0306723
4.59e-005,0.0307765
4.5904e-005,0.0310146
4.5908e-005,0.0310245
4.5912e-005,0.0308906
4.5916e-005,0.0306971
4.592e-005,0.0309551
4.5924e-005,0.0305781
4.5928e-005,0.0300423
4.5932e-005,0.0300423
4.5936e-005,0.0300126
4.594e-005,0.0291792
4.5944e-005,0.0294768
4.5948e-005,0.0295215
4.5952e-005,0.0289559
4.5956e-005,0.0248684
4.596e-005,0.0200219
4.5964e-005,0.019253
4.5968e-005,0.0189901
4.5972e-005,0.019258
4.5976e-005,0.0192133
4.598e-005,0.0122884
4.5984e-005,0.00257055
4.5988e-005,0.00102781
4.5992e-005,-0.000862181
4.5996e-005,-0.000172659
4.6e-005,-0.000167698
4.6004e-005,-0.000415728
4.6008e-005,-7.34468e-005
4.6012e-005,-0.000400846
4.6016e-005,-0.000772891
4.602e-005,0.00584454
4.6024e-005,0.0161279
4.6028e-005,0.019506
4.6032e-005,0.0214258
4.6036e-005,0.0234249
4.604e-005,0.0256472
4.6044e-005,0.0262177
4.6048e-005,0.0276464
4.6052e-005,0.0287426
4.6056e-005,0.0288518
4.606e-005,0.030464
4.6064e-005,0.0307616
4.6068e-005,0.0309551
4.6072e-005,0.0314015
4.6076e-005,0.0319174
4.608e-005,0.0322696
4.6084e-005,0.0322696
4.6088e-005,0.0328699
4.6092e-005,0.0336387
4.6096e-005,0.0330435
4.61e-005,0.0340554
4.6104e-005,0.0340505
4.6108e-005,0.0334106
4.6112e-005,0.0340406
4.6116e-005,0.0333758
4.612e-005,0.0335495
4.6124e-005,0.0342489
4.6128e-005,0.0345614
4.6132e-005,0.0340257
4.6136e-005,0.0344672
4.614e-005,0.0349483
4.6144e-005,0.0339413
4.6148e-005,0.0339612
4.6152e-005,0.0344821
4.6156e-005,0.0338967
4.616e-005,0.0343729
4.6164e-005,0.0339265
4.6168e-005,0.0342142
4.6172e-005,0.0341447
4.6176e-005,0.0342638
4.618e-005,0.0337132
4.6184e-005,0.0337677
4.6188e-005,0.0340852
4.6192e-005,0.0333362
4.6196e-005,0.0339314
4.62e-005,0.0338719
4.6204e-005,0.0336487
4.6208e-005,0.0341199
4.6212e-005,0.0335395
4.6216e-005,0.0331477
4.622e-005,0.0336685
4.6224e-005,0.0336784
4.6228e-005,0.0330088
4.6232e-005,0.0339562
4.6236e-005,0.0335891
4.624e-005,0.0334056
4.6244e-005,0.0336189
4.6248e-005,0.0340257
4.6252e-005,0.0336536
4.6256e-005,0.0335247
4.626e-005,0.0334056
4.6264e-005,0.0332221
4.6268e-005,0.0340108
4.6272e-005,0.0340306
4.6276e-005,0.0334651
4.628e-005,0.0334701
4.6284e-005,0.0333262
4.6288e-005,0.0332865
4.6292e-005,0.033604
4.6296e-005,0.0332518
4.63e-005,0.0333957
4.6304e-005,0.0334701
4.6308e-005,0.0338719
4.6312e-005,0.0328947
4.6316e-005,0.0336933
4.632e-005,0.0333808
4.6324e-005,0.0333411
4.6328e-005,0.0336536
4.6332e-005,0.0326218
4.6336e-005,0.0329443
4.634e-005,0.0337826
4.6344e-005,0.0330038
4.6348e-005,0.032478
4.6352e-005,0.0326367
4.6356e-005,0.0330385
4.636e-005,0.0330484
4.6364e-005,0.0329343
4.6368e-005,0.0330137
4.6372e-005,0.0328748
4.6376e-005,0.0330286
4.638e-005,0.0332766
4.6384e-005,0.0334354
4.6388e-005,0.033098
4.6392e-005,0.0326913
4.6396e-005,0.0327756
4.64e-005,0.0334006
4.6404e-005,0.0332121
4.6408e-005,0.0329195
4.6412e-005,0.0329691
4.6416e-005,0.0330286
4.642e-005,0.0327012
4.6424e-005,0.0329492
4.6428e-005,0.033103
4.6432e-005,0.0330286
4.6436e-005,0.0327558
4.644e-005,0.0328054
4.6444e-005,0.0330732
4.6448e-005,0.0334254
4.6452e-005,0.0329244
4.6456e-005,0.0331774
4.646e-005,0.0329691
4.6464e-005,0.0333709
4.6468e-005,0.0337181
4.6472e-005,0.0334602
4.6476e-005,0.0333411
4.648e-005,0.0330683
4.6484e-005,0.0334056
4.6488e-005,0.0334155
4.6492e-005,0.0336685
4.6496e-005,0.0327012
4.65e-005,0.0326119
4.6504e-005,0.0329046
4.6508e-005,0.0324383
4.6512e-005,0.0331824
4.6516e-005,0.0330336
4.652e-005,0.0334751
4.6524e-005,0.033098
4.6528e-005,0.0327855
4.6532e-005,0.0335048
4.6536e-005,0.0335247
4.654e-005,0.0325474
4.6544e-005,0.0333312
4.6548e-005,0.0339265
4.6552e-005,0.033738
4.6556e-005,0.0335197
4.656e-005,0.03348
4.6564e-005,0.0342836
4.6568e-005,0.033986
4.6572e-005,0.0334354
4.6576e-005,0.0330336
4.658e-005,0.0336586
4.6584e-005,0.033857
4.6588e-005,0.0329988
4.6592e-005,0.0340802
4.6596e-005,0.0329542
4.66e-005,0.0336189
4.6604e-005,0.0331576
4.6608e-005,0.0335941
4.6612e-005,0.033604
4.6616e-005,0.0335991
4.662e-005,0.0343878
4.6624e-005,0.0334701
4.6628e-005,0.032974
4.6632e-005,0.0335743
4.6636e-005,0.0331179
4.664e-005,0.0337578
4.6644e-005,0.0343779
4.6648e-005,0.0334552
4.6652e-005,0.0337578
4.6656e-005,0.0335048
4.666e-005,0.0334999
4.6664e-005,0.0334949
4.6668e-005,0.0330832
4.6672e-005,0.0334106
4.6676e-005,0.0334651
4.668e-005,0.0341844
4.6684e-005,0.03348
4.6688e-005,0.0344969
4.6692e-005,0.0334453
4.6696e-005,0.0333114
4.67e-005,0.0324631
4.6704e-005,0.0313916
4.6708e-005,0.030836
4.6712e-005,0.030206
4.6716e-005,0.0305433
4.672e-005,0.0304094
4.6724e-005,0.0254389
4.6728e-005,0.0205081
4.6732e-005,0.0193671
4.6736e-005,0.0197243
4.674e-005,0.0190645
4.6744e-005,0.0186478
4.6748e-005,0.0130076
4.6752e-005,0.00229772
4.6756e-005,0.000943475
4.676e-005,0.000353164
4.6764e-005,-0.000113132
4.6768e-005,0.000621036
4.6772e-005,-0.000316516
4.6776e-005,9.62069e-007
4.678e-005,-0.000986196
4.6784e-005,-0.00120942
4.6788e-005,0.00542785
4.6792e-005,0.0172936
4.6796e-005,0.0197491
4.68e-005,0.0217036
4.6804e-005,0.0246948
4.6808e-005,0.0264905
4.6812e-005,0.0272197
4.6816e-005,0.0287972
4.682e-005,0.0294669
4.6824e-005,0.0309749
4.6828e-005,0.0314164
4.6832e-005,0.032344
4.6836e-005,0.0333907
4.684e-005,0.0331179
4.6844e-005,0.0341001
4.6848e-005,0.0339612
4.6852e-005,0.0350972
4.6856e-005,0.0348343
4.686e-005,0.0355188
4.6864e-005,0.0356875
4.6868e-005,0.0361538
4.6872e-005,0.0358809
4.6876e-005,0.0360595
4.688e-005,0.0365556
4.6884e-005,0.0365357
4.6888e-005,0.0356081
4.6892e-005,0.0362431
4.6896e-005,0.0357123
4.69e-005,0.0359107
4.6904e-005,0.0357718
4.6908e-005,0.0361984
4.6912e-005,0.0361687
4.6916e-005,0.0360149
4.692e-005,0.0354642
4.6924e-005,0.0356279
4.6928e-005,0.0360347
4.6932e-005,0.0359405
4.6936e-005,0.0358909
4.694e-005,0.0353551
4.6944e-005,0.0355089
4.6948e-005,0.0357966
4.6952e-005,0.0359355
4.6956e-005,0.0359504
4.696e-005,0.0359008
4.6964e-005,0.0357817
4.6968e-005,0.0363522
4.6972e-005,0.0362827
4.6976e-005,0.0358909
4.698e-005,0.0361538
4.6984e-005,0.0357321
4.6988e-005,0.035742
4.6992e-005,0.0359008
4.6996e-005,0.0361587
4.7e-005,0.0361042
4.7004e-005,0.0364068
4.7008e-005,0.0356627
4.7012e-005,0.036372
4.7016e-005,0.036129
4.702e-005,0.0358909
4.7024e-005,0.0365308
4.7028e-005,0.0353799
4.7032e-005,0.0355387
4.7036e-005,0.035995
4.704e-005,0.0359901
4.7044e-005,0.0354246
4.7048e-005,0.0362728
4.7052e-005,0.0362183
4.7056e-005,0.0360496
4.706e-005,0.0356974
4.7064e-005,0.0353402
4.7068e-005,0.0359206
4.7072e-005,0.0365159
4.7076e-005,0.0363919
4.708e-005,0.0361141
4.7084e-005,0.0367143
4.7088e-005,0.0361736
4.7092e-005,0.0357867
4.7096e-005,0.0357073
4.71e-005,0.0362331
4.7104e-005,0.0360248
4.7108e-005,0.0356676
4.7112e-005,0.0355635
4.7116e-005,0.0357222
4.712e-005,0.0360248
4.7124e-005,0.035995
4.7128e-005,0.0353005
4.7132e-005,0.0353452
4.7136e-005,0.0359008
4.714e-005,0.0364266
4.7144e-005,0.0363423
4.7148e-005,0.0358115
4.7152e-005,0.0351914
4.7156e-005,0.0354394
4.716e-005,0.0360397
4.7164e-005,0.0356825
4.7168e-005,0.0359256
4.7172e-005,0.0364068
4.7176e-005,0.0363125
4.718e-005,0.0356627
4.7184e-005,0.0359206
4.7188e-005,0.036248
4.7192e-005,0.0356825
4.7196e-005,0.0355089
4.72e-005,0.0357619
4.7204e-005,0.0357619
4.7208e-005,0.0355684
4.7212e-005,0.0355188
4.7216e-005,0.0355932
4.722e-005,0.0359553
4.7224e-005,0.0360248
4.7228e-005,0.0359702
4.7232e-005,0.0354146
4.7236e-005,0.0356825
4.724e-005,0.0364861
4.7244e-005,0.0360942
4.7248e-005,0.0362629
4.7252e-005,0.035618
4.7256e-005,0.0353898
4.726e-005,0.0355833
4.7264e-005,0.0356974
4.7268e-005,0.0353849
4.7272e-005,0.0357916
4.7276e-005,0.03537
4.728e-005,0.035618
4.7284e-005,0.0359504
4.7288e-005,0.0361389
4.7292e-005,0.0359008
4.7296e-005,0.0357123
4.73e-005,0.0363572
4.7304e-005,0.035494
4.7308e-005,0.0364911
4.7312e-005,0.0362579
4.7316e-005,0.0358958
4.732e-005,0.0357916
4.7324e-005,0.0359405
4.7328e-005,0.0364861
4.7332e-005,0.0350972
4.7336e-005,0.0351865
4.734e-005,0.0354593
4.7344e-005,0.0360992
4.7348e-005,0.0363621
4.7352e-005,0.0358958
4.7356e-005,0.0348144
4.736e-005,0.0354246
4.7364e-005,0.0357569
4.7368e-005,0.0357718
4.7372e-005,0.0354444
4.7376e-005,0.0353998
4.738e-005,0.0355387
4.7384e-005,0.0357172
4.7388e-005,0.0355387
4.7392e-005,0.0362629
4.7396e-005,0.0357272
4.74e-005,0.0355238
4.7404e-005,0.0353799
4.7408e-005,0.0361736
4.7412e-005,0.035747
4.7416e-005,0.036506
4.742e-005,0.0356031
4.7424e-005,0.0359752
4.7428e-005,0.0354097
4.7432e-005,0.0361488
4.7436e-005,0.0355387
4.744e-005,0.0353502
4.7444e-005,0.0359603
4.7448e-005,0.0359454
4.7452e-005,0.035375
4.7456e-005,0.0364365
4.746e-005,0.035246
4.7464e-005,0.0357172
4.7468e-005,0.0342687
4.7472e-005,0.0323936
4.7476e-005,0.0320315
4.748e-005,0.0319521
4.7484e-005,0.0315355
4.7488e-005,0.0320712
4.7492e-005,0.0266741
4.7496e-005,0.0214158
4.75e-005,0.0200566
4.7504e-005,0.0197094
4.7508e-005,0.0192034
4.7512e-005,0.0184593
4.7516e-005,0.0143768
4.752e-005,0.00275905
4.7524e-005,0.0011667
4.7528e-005,2.5765e-005
4.7532e-005,-0.000728245
4.7536e-005,0.000139859
4.754e-005,-5.36045e-005
4.7544e-005,0.000134898
4.7548e-005,-0.000162738
4.7552e-005,-0.00105068
4.7556e-005,0.00606777
4.756e-005,0.0171745
4.7564e-005,0.020384
4.7568e-005,0.0217978
4.7572e-005,0.0257117
4.7576e-005,0.0269965
4.758e-005,0.0285045
4.7584e-005,0.0302407
4.7588e-005,0.0308856
4.7592e-005,0.0320117
4.7596e-005,0.0338372
4.76e-005,0.0344225
4.7604e-005,0.0346358
4.7608e-005,0.035365
4.7612e-005,0.0361339
4.7616e-005,0.0369673
4.762e-005,0.0372649
4.7624e-005,0.0381082
4.7628e-005,0.0380537
4.7632e-005,0.0382372
4.7636e-005,0.0385249
4.764e-005,0.0388523
4.7644e-005,0.0386837
4.7648e-005,0.038639
4.7652e-005,0.0383712
4.7656e-005,0.0390855
4.766e-005,0.0392641
4.7664e-005,0.0392442
4.7668e-005,0.0391946
4.7672e-005,0.0397056
4.7676e-005,0.0386638
4.768e-005,0.0396857
4.7684e-005,0.0395022
4.7688e-005,0.03915
4.7692e-005,0.039393
4.7696e-005,0.03977
4.77e-005,0.0393137
4.7704e-005,0.0387581
4.7708e-005,0.0399784
4.7712e-005,0.0394476
4.7716e-005,0.0391698
4.772e-005,0.0395319
4.7724e-005,0.0393484
4.7728e-005,0.0392194
4.7732e-005,0.0395518
4.7736e-005,0.0396212
4.774e-005,0.0395468
4.7744e-005,0.0395815
4.7748e-005,0.0392591
4.7752e-005,0.0393534
4.7756e-005,0.0394724
4.776e-005,0.0392988
4.7764e-005,0.038892
4.7768e-005,0.0387978
4.7772e-005,0.0391649
4.7776e-005,0.0393137
4.778e-005,0.038639
4.7784e-005,0.0388771
4.7788e-005,0.0389317
4.7792e-005,0.0394228
4.7796e-005,0.0395667
4.78e-005,0.0389416
4.7804e-005,0.0391103
4.7808e-005,0.0391252
4.7812e-005,0.0391996
4.7816e-005,0.0394724
4.782e-005,0.0396163
4.7824e-005,0.0388672
4.7828e-005,0.0389367
4.7832e-005,0.0398445
4.7836e-005,0.0385299
4.784e-005,0.0385944
4.7844e-005,0.0385795
4.7848e-005,0.0388672
4.7852e-005,0.0391152
4.7856e-005,0.0395667
4.786e-005,0.0388573
4.7864e-005,0.0395022
4.7868e-005,0.038897
4.7872e-005,0.038773
4.7876e-005,0.0389466
4.788e-005,0.0386738
4.7884e-005,0.0384604
4.7888e-005,0.0393186
4.7892e-005,0.0389367
4.7896e-005,0.0388077
4.79e-005,0.0394526
4.7904e-005,0.0389962
4.7908e-005,0.0389565
4.7912e-005,0.0391599
4.7916e-005,0.0390805
4.792e-005,0.0386638
4.7924e-005,0.0386142
4.7928e-005,0.0390408
4.7932e-005,0.0390706
4.7936e-005,0.0396014
4.794e-005,0.0387035
4.7944e-005,0.0387829
4.7948e-005,0.0390706
4.7952e-005,0.0393484
4.7956e-005,0.0392045
4.796e-005,0.0395171
4.7964e-005,0.0392789
4.7968e-005,0.0388027
4.7972e-005,0.0390111
4.7976e-005,0.0390805
4.798e-005,0.0393484
4.7984e-005,0.0395468
4.7988e-005,0.039646
4.7992e-005,0.0393385
4.7996e-005,0.0393583
4.8e-005,0.0388474
4.8004e-005,0.0393682
4.8008e-005,0.0396758
4.8012e-005,0.0392095
4.8016e-005,0.0384952
4.802e-005,0.0386589
4.8024e-005,0.0395716
4.8028e-005,0.039398
4.8032e-005,0.0386489
4.8036e-005,0.039646
4.804e-005,0.0395567
4.8044e-005,0.0395419
4.8048e-005,0.0392492
4.8052e-005,0.039398
4.8056e-005,0.03978
4.806e-005,0.0395716
4.8064e-005,0.0385547
4.8068e-005,0.0388325
4.8072e-005,0.0391698
4.8076e-005,0.0390756
4.808e-005,0.0393087
4.8084e-005,0.03914
4.8088e-005,0.0393335
4.8092e-005,0.0389218
4.8096e-005,0.0392591
4.81e-005,0.0389019
4.8104e-005,0.0388126
4.8108e-005,0.0389416
4.8112e-005,0.0396063
4.8116e-005,0.0392343
4.812e-005,0.038639
4.8124e-005,0.0393782
4.8128e-005,0.0389863
4.8132e-005,0.0391351
4.8136e-005,0.0382372
4.814e-005,0.0389565
4.8144e-005,0.0391897
4.8148e-005,0.0389119
4.8152e-005,0.0391599
4.8156e-005,0.0380983
4.816e-005,0.0388077
4.8164e-005,0.0389466
4.8168e-005,0.0388672
4.8172e-005,0.0386142
4.8176e-005,0.0386291
4.818e-005,0.0390855
4.8184e-005,0.0386093
4.8188e-005,0.0385894
4.8192e-005,0.0386142
4.8196e-005,0.0389416
4.82e-005,0.0394774
4.8204e-005,0.0387234
4.8208e-005,0.0392889
4.8212e-005,0.0396808
4.8216e-005,0.0392194
4.822e-005,0.0396609
4.8224e-005,0.0396212
4.8228e-005,0.0387035
4.8232e-005,0.0382868
4.8236e-005,0.0372451
4.824e-005,0.0350476
4.8244e-005,0.0333907
4.8248e-005,0.0333858
4.8252e-005,0.0322547
4.8256e-005,0.0322151
4.826e-005,0.0270412
4.8264e-005,0.020518
4.8268e-005,0.0202551
4.8272e-005,0.0191241
4.8276e-005,0.0189455
4.828e-005,0.0194515
4.8284e-005,0.0136128
4.8288e-005,0.00285826
4.8292e-005,0.00158835
4.8296e-005,-0.000653836
4.83e-005,-0.000633994
4.8304e-005,0.000179543
4.8308e-005,0.000497021
4.8312e-005,0.000209307
4.8316e-005,-0.000341319
4.832e-005,-0.00115982
4.8324e-005,0.00605785
4.8328e-005,0.016356
4.8332e-005,0.0188562
4.8336e-005,0.0209099
4.834e-005,0.0234001
4.8344e-005,0.0244617
4.8348e-005,0.0253992
4.8352e-005,0.0265153
4.8356e-005,0.0277456
4.836e-005,0.0276067
4.8364e-005,0.0280333
4.8368e-005,0.0292833
4.8372e-005,0.0291445
4.8376e-005,0.0295959
4.838e-005,0.029581
4.8384e-005,0.0304888
4.8388e-005,0.030841
4.8392e-005,0.0307368
4.8396e-005,0.031084
4.84e-005,0.0309501
4.8404e-005,0.0313321
4.8408e-005,0.0315801
4.8412e-005,0.0314462
4.8416e-005,0.0319422
4.842e-005,0.0311882
4.8424e-005,0.0313718
4.8428e-005,0.0314214
4.8432e-005,0.0315007
4.8436e-005,0.0305334
4.844e-005,0.0309997
4.8444e-005,0.0305086
4.8448e-005,0.0314164
4.8452e-005,0.0314859
4.8456e-005,0.0309253
4.846e-005,0.0313718
4.8464e-005,0.0313767
4.8468e-005,0.0312031
4.8472e-005,0.0313569
4.8476e-005,0.030965
4.848e-005,0.0313916
4.8484e-005,0.0307715
4.8488e-005,0.0308906
4.8492e-005,0.0311634
4.8496e-005,0.0311138
4.85e-005,0.0313321
4.8504e-005,0.0313122
4.8508e-005,0.0309997
4.8512e-005,0.0311535
4.8516e-005,0.0312825
4.852e-005,0.0318728
4.8524e-005,0.0313122
4.8528e-005,0.0313767
4.8532e-005,0.0313172
4.8536e-005,0.0310642
4.854e-005,0.0309997
4.8544e-005,0.0315851
4.8548e-005,0.031094
4.8552e-005,0.0311188
4.8556e-005,0.0312081
4.856e-005,0.0313321
4.8564e-005,0.0313866
4.8568e-005,0.0313618
4.8572e-005,0.0312825
4.8576e-005,0.0317736
4.858e-005,0.0317041
4.8584e-005,0.0314859
4.8588e-005,0.031347
4.8592e-005,0.0314164
4.8596e-005,0.0313817
4.86e-005,0.0312874
4.8604e-005,0.0311039
4.8608e-005,0.0317388
4.8612e-005,0.0314759
4.8616e-005,0.0314015
4.862e-005,0.0317984
4.8624e-005,0.0314511
4.8628e-005,0.0306674
4.8632e-005,0.0309203
4.8636e-005,0.0310444
4.864e-005,0.0313618
4.8644e-005,0.0315702
4.8648e-005,0.0320266
4.8652e-005,0.0315057
4.8656e-005,0.0307318
4.866e-005,0.0313023
4.8664e-005,0.0310196
4.8668e-005,0.031218
4.8672e-005,0.0314164
4.8676e-005,0.0314362
4.868e-005,0.0315751
4.8684e-005,0.0305285
4.8688e-005,0.0316049
4.8692e-005,0.0309501
4.8696e-005,0.0311783
4.87e-005,0.0315851
4.8704e-005,0.0315305
4.8708e-005,0.031347
4.8712e-005,0.0309997
4.8716e-005,0.0316694
4.872e-005,0.0314263
4.8724e-005,0.0313321
4.8728e-005,0.0316694
4.8732e-005,0.0312081
4.8736e-005,0.031461
4.874e-005,0.031466
4.8744e-005,0.0311485
4.8748e-005,0.0309303
4.8752e-005,0.031089
4.8756e-005,0.0315702
4.876e-005,0.0307467
4.8764e-005,0.0311237
4.8768e-005,0.0308906
4.8772e-005,0.0312775
4.8776e-005,0.031466
4.878e-005,0.0306426
4.8784e-005,0.0309997
4.8788e-005,0.0308162
4.8792e-005,0.0301515
4.8796e-005,0.030459
4.88e-005,0.0301911
4.8804e-005,0.0305731
4.8808e-005,0.0305285
4.8812e-005,0.0305731
4.8816e-005,0.0315057
4.882e-005,0.0306426
4.8824e-005,0.0309154
4.8828e-005,0.0306773
4.8832e-005,0.0307318
4.8836e-005,0.0308162
4.884e-005,0.0309005
4.8844e-005,0.0310245
4.8848e-005,0.0309948
4.8852e-005,0.0306872
4.8856e-005,0.0309948
4.886e-005,0.0309501
4.8864e-005,0.0312676
4.8868e-005,0.0310642
4.8872e-005,0.0315702
4.8876e-005,0.0318629
4.888e-005,0.0307517
4.8884e-005,0.0308955
4.8888e-005,0.0312577
4.8892e-005,0.0310245
4.8896e-005,0.0313519
4.89e-005,0.0306723
4.8904e-005,0.0310493
4.8908e-005,0.0311981
4.8912e-005,0.0315057
4.8916e-005,0.0313172
4.892e-005,0.0306822
4.8924e-005,0.0302209
4.8928e-005,0.0306227
4.8932e-005,0.0313817
4.8936e-005,0.0309402
4.894e-005,0.031337
4.8944e-005,0.0307616
4.8948e-005,0.0310444
4.8952e-005,0.0306922
4.8956e-005,0.031094
4.896e-005,0.0307864
4.8964e-005,0.0308311
4.8968e-005,0.031466
4.8972e-005,0.0312527
4.8976e-005,0.0309551
4.898e-005,0.0309451
4.8984e-005,0.0313767
4.8988e-005,0.0311585
4.8992e-005,0.0318083
4.8996e-005,0.0308856
4.9e-005,0.0306277
4.9004e-005,0.0307864
4.9008e-005,0.0299233
4.9012e-005,0.0295165
4.9016e-005,0.029581
4.902e-005,0.0294074
4.9024e-005,0.0296207
4.9028e-005,0.0256423
4.9032e-005,0.0205626
4.9036e-005,0.0197937
4.904e-005,0.0194068
4.9044e-005,0.0190794
4.9048e-005,0.0188314
4.9052e-005,0.0134343
4.9056e-005,0.00227787
4.906e-005,0.00104765
4.9064e-005,-0.000743127
4.9068e-005,-0.000242107
4.9072e-005,9.62069e-007
4.9076e-005,-0.000554624
4.908e-005,0.000209307
4.9084e-005,-0.000847299
4.9088e-005,-0.0011499
4.9092e-005,0.0060132
4.9096e-005,0.017239
4.91e-005,0.0194266
4.9104e-005,0.0214952
4.9108e-005,0.0237126
4.9112e-005,0.0261582
4.9116e-005,0.0262425
4.912e-005,0.0274827
4.9124e-005,0.0284103
4.9128e-005,0.0286732
4.9132e-005,0.0299282
4.9136e-005,0.0305433
4.914e-005,0.0313618
4.9144e-005,0.0315801
4.9148e-005,0.0325077
4.9152e-005,0.0324929
4.9156e-005,0.0327409
4.916e-005,0.0328996
4.9164e-005,0.0330187
4.9168e-005,0.0329542
4.9172e-005,0.0331675
4.9176e-005,0.0336487
4.918e-005,0.0336636
4.9184e-005,0.0335743
4.9188e-005,0.0334552
4.9192e-005,0.0333858
4.9196e-005,0.0335048
4.92e-005,0.0336487
4.9204e-005,0.033103
4.9208e-005,0.0340455
4.9212e-005,0.0338273
4.9216e-005,0.033604
4.922e-005,0.0334354
4.9224e-005,0.033857
4.9228e-005,0.0330931
4.9232e-005,0.0342787
4.9236e-005,0.0336437
4.924e-005,0.0338372
4.9244e-005,0.0337528
4.9248e-005,0.0335098
4.9252e-005,0.0343184
4.9256e-005,0.0337032
4.926e-005,0.0332617
4.9264e-005,0.0337231
4.9268e-005,0.0335594
4.9272e-005,0.0338024
4.9276e-005,0.033986
4.928e-005,0.0343828
4.9284e-005,0.0336139
4.9288e-005,0.0339314
4.9292e-005,0.0335743
4.9296e-005,0.0329343
4.93e-005,0.0339116
4.9304e-005,0.0332369
4.9308e-005,0.033857
4.9312e-005,0.0346061
4.9316e-005,0.0338074
4.932e-005,0.0336636
4.9324e-005,0.0329591
4.9328e-005,0.0332518
4.9332e-005,0.0336586
4.9336e-005,0.0336834
4.934e-005,0.0333461
4.9344e-005,0.0329542
4.9348e-005,0.0332717
4.9352e-005,0.0332816
4.9356e-005,0.0336189
4.936e-005,0.0336983
4.9364e-005,0.0332022
4.9368e-005,0.0337975
4.9372e-005,0.0334056
4.9376e-005,0.0337429
4.938e-005,0.0337231
4.9384e-005,0.032974
4.9388e-005,0.0331328
4.9392e-005,0.0334006
4.9396e-005,0.0332915
4.94e-005,0.0331328
4.9404e-005,0.0334602
4.9408e-005,0.0330534
4.9412e-005,0.0328897
4.9416e-005,0.0337876
4.942e-005,0.0333709
4.9424e-005,0.0333262
4.9428e-005,0.0331973
4.9432e-005,0.0331328
4.9436e-005,0.0333858
4.944e-005,0.0338124
4.9444e-005,0.0339612
4.9448e-005,0.0336189
4.9452e-005,0.0329393
4.9456e-005,0.0330832
4.946e-005,0.0336784
4.9464e-005,0.0332617
4.9468e-005,0.0328996
4.9472e-005,0.033232
4.9476e-005,0.0329591
4.948e-005,0.0337231
4.9484e-005,0.0326863
4.9488e-005,0.0332072
4.9492e-005,0.0330137
4.9496e-005,0.0330584
4.95e-005,0.0338124
4.9504e-005,0.0338074
4.9508e-005,0.0334056
4.9512e-005,0.0331625
4.9516e-005,0.0334155
4.952e-005,0.0333709
4.9524e-005,0.0337727
4.9528e-005,0.0335098
4.9532e-005,0.0335445
4.9536e-005,0.0336784
4.954e-005,0.0335842
4.9544e-005,0.0333064
4.9548e-005,0.0335991
4.9552e-005,0.0338769
4.9556e-005,0.033361
4.956e-005,0.0333312
4.9564e-005,0.0332419
4.9568e-005,0.0337677
4.9572e-005,0.0342787
4.9576e-005,0.0329195
4.958e-005,0.0328897
4.9584e-005,0.0335048
4.9588e-005,0.0332717
4.9592e-005,0.0337925
4.9596e-005,0.0337082
4.96e-005,0.0339562
4.9604e-005,0.0342687
4.9608e-005,0.0341348
4.9612e-005,0.0327508
4.9616e-005,0.0339364
4.962e-005,0.0326962
4.9624e-005,0.0334106
4.9628e-005,0.0338719
4.9632e-005,0.033862
4.9636e-005,0.0333957
4.964e-005,0.0338421
4.9644e-005,0.0334106
4.9648e-005,0.0336288
4.9652e-005,0.0327409
4.9656e-005,0.0334552
4.966e-005,0.0331129
4.9664e-005,0.0332667
4.9668e-005,0.0331129
4.9672e-005,0.0333907
4.9676e-005,0.0331278
4.968e-005,0.0329691
4.9684e-005,0.0326268
4.9688e-005,0.0331328
4.9692e-005,0.0332667
4.9696e-005,0.033485
4.97e-005,0.0337925
4.9704e-005,0.0331725
4.9708e-005,0.0328748
4.9712e-005,0.0331526
4.9716e-005,0.0332965
4.972e-005,0.0332617
4.9724e-005,0.0332469
4.9728e-005,0.0333064
4.9732e-005,0.0329343
4.9736e-005,0.0338124
4.974e-005,0.0339612
4.9744e-005,0.0338421
4.9748e-005,0.0340802
4.9752e-005,0.0334999
4.9756e-005,0.0332865
4.976e-005,0.033738
4.9764e-005,0.0330881
4.9768e-005,0.0327161
4.9772e-005,0.0320712
4.9776e-005,0.0310989
4.978e-005,0.0311981
4.9784e-005,0.0311188
4.9788e-005,0.0302854
4.9792e-005,0.029705
4.9796e-005,0.0261532
4.98e-005,0.0205825
4.9804e-005,0.0199078
4.9808e-005,0.0194118
4.9812e-005,0.0191538
4.9816e-005,0.0188711
4.982e-005,0.0129928
4.9824e-005,0.00271441
4.9828e-005,0.0011915
4.9832e-005,-0.000713363
4.9836e-005,-0.000450452
4.984e-005,-0.000311555
4.9844e-005,-0.00010321
4.9848e-005,-0.000837378
4.9852e-005,2.08044e-005
4.9856e-005,-0.00182454
4.986e-005,0.0054973
4.9864e-005,0.0170902
4.9868e-005,0.0199425
4.9872e-005,0.021649
4.9876e-005,0.0240747
4.988e-005,0.0267634
4.9884e-005,0.0272346
4.9888e-005,0.0289659
4.9892e-005,0.0299629
4.9896e-005,0.0311783
4.99e-005,0.0315255
4.9904e-005,0.0329145
4.9908e-005,0.0332965
4.9912e-005,0.0341547
4.9916e-005,0.034115
4.992e-005,0.0350724
4.9924e-005,0.0349285
4.9928e-005,0.0360198
4.9932e-005,0.0360446
4.9936e-005,0.0356031
4.994e-005,0.0364365
4.9944e-005,0.0365804
4.9948e-005,0.0364216
4.9952e-005,0.036129
4.9956e-005,0.0358661
4.996e-005,0.0365605
4.9964e-005,0.0363621
4.9968e-005,0.0367887
4.9972e-005,0.0371409
4.9976e-005,0.0367292
4.998e-005,0.0366052
4.9984e-005,0.0361141
4.9988e-005,0.0365109
4.9992e-005,0.0360645
4.9996e-005,0.0365407
5e-005,0.0361736
5.0004e-005,0.0365754
5.0008e-005,0.0366647
5.0012e-005,0.0365308
5.0016e-005,0.0366399
5.002e-005,0.0368582
5.0024e-005,0.0366647
5.0028e-005,0.0364514
5.0032e-005,0.0363125
5.0036e-005,0.0362232
5.004e-005,0.0364613
5.0044e-005,0.0364762
5.0048e-005,0.0366697
5.0052e-005,0.0360198
5.0056e-005,0.0364663
5.006e-005,0.0361488
5.0064e-005,0.0364216
5.0068e-005,0.0358363
5.0072e-005,0.0367441
5.0076e-005,0.0366052
5.008e-005,0.0366349
5.0084e-005,0.0359653
5.0088e-005,0.0361835
5.0092e-005,0.0367193
5.0096e-005,0.0360843
5.01e-005,0.0367242
5.0104e-005,0.0364316
5.0108e-005,0.0363224
5.0112e-005,0.0361587
5.0116e-005,0.0366201
5.012e-005,0.0363968
5.0124e-005,0.0359355
5.0128e-005,0.036372
5.0132e-005,0.0362579
5.0136e-005,0.0363621
5.014e-005,0.0359107
5.0144e-005,0.0366895
5.0148e-005,0.0364018
5.0152e-005,0.0365605
5.0156e-005,0.0363671
5.016e-005,0.0367986
5.0164e-005,0.0362431
5.0168e-005,0.0365655
5.0172e-005,0.0359206
5.0176e-005,0.036754
5.018e-005,0.0358611
5.0184e-005,0.036253
5.0188e-005,0.0364365
5.0192e-005,0.0361587
5.0196e-005,0.0360645
5.02e-005,0.0362827
5.0204e-005,0.0359653
5.0208e-005,0.0360744
5.0212e-005,0.0367441
5.0216e-005,0.0361042
5.022e-005,0.0365853
5.0224e-005,0.0363522
5.0228e-005,0.0361141
5.0232e-005,0.0361835
5.0236e-005,0.0357718
5.024e-005,0.0362778
5.0244e-005,0.0363324
5.0248e-005,0.0365506
5.0252e-005,0.0361091
5.0256e-005,0.0364365
5.026e-005,0.0357668
5.0264e-005,0.0359702
5.0268e-005,0.0357123
5.0272e-005,0.0358115
5.0276e-005,0.0364961
5.028e-005,0.0360645
5.0284e-005,0.0356627
5.0288e-005,0.037012
5.0292e-005,0.036506
5.0296e-005,0.0362034
5.03e-005,0.0365705
5.0304e-005,0.0361736
5.0308e-005,0.0361141
5.0312e-005,0.0363224
5.0316e-005,0.0367838
5.032e-005,0.0359653
5.0324e-005,0.0372302
5.0328e-005,0.0360992
5.0332e-005,0.0360347
5.0336e-005,0.036501
5.034e-005,0.0365804
5.0344e-005,0.0359305
5.0348e-005,0.0364018
5.0352e-005,0.0364365
5.0356e-005,0.036124
5.036e-005,0.0371112
5.0364e-005,0.0362827
5.0368e-005,0.0360347
5.0372e-005,0.0365754
5.0376e-005,0.0364564
5.038e-005,0.0360843
5.0384e-005,0.0364812
5.0388e-005,0.0360298
5.0392e-005,0.0364663
5.0396e-005,0.0362431
5.04e-005,0.0358065
5.0404e-005,0.0360744
5.0408e-005,0.0362827
5.0412e-005,0.0360446
5.0416e-005,0.0357668
5.042e-005,0.036119
5.0424e-005,0.0362034
5.0428e-005,0.0364464
5.0432e-005,0.0362381
5.0436e-005,0.0358859
5.044e-005,0.0359206
5.0444e-005,0.0357321
5.0448e-005,0.0365556
5.0452e-005,0.0362579
5.0456e-005,0.0358958
5.046e-005,0.0360446
5.0464e-005,0.0358661
5.0468e-005,0.0361438
5.0472e-005,0.0367391
5.0476e-005,0.0357668
5.048e-005,0.0360248
5.0484e-005,0.0355982
5.0488e-005,0.036
5.0492e-005,0.0358016
5.0496e-005,0.0362877
5.05e-005,0.0361042
5.0504e-005,0.0365705
5.0508e-005,0.0356081
5.0512e-005,0.0357619
5.0516e-005,0.0363175
5.052e-005,0.0364861
5.0524e-005,0.036248
5.0528e-005,0.0368681
5.0532e-005,0.0364663
5.0536e-005,0.035752
5.054e-005,0.0350376
5.0544e-005,0.033733
5.0548e-005,0.0330732
5.0552e-005,0.0327558
5.0556e-005,0.032468
5.056e-005,0.0321952
5.0564e-005,0.0265253
5.0568e-005,0.0206767
5.0572e-005,0.0202898
5.0576e-005,0.0195308
5.058e-005,0.0193126
5.0584e-005,0.018752
5.0588e-005,0.0130622
5.0592e-005,0.00258047
5.0596e-005,0.00127087
5.06e-005,-0.000733206
5.0604e-005,-0.000847299
5.0608e-005,-3.99852e-006
5.0612e-005,-5.85651e-005
5.0616e-005,-7.34468e-005
5.062e-005,0.00015474
5.0624e-005,-0.00076793
5.0628e-005,0.00575525
5.0632e-005,0.0178492
5.0636e-005,0.0201162
5.064e-005,0.0223931
5.0644e-005,0.0257117
5.0648e-005,0.0274578
5.0652e-005,0.0283805
5.0656e-005,0.0298092
5.066e-005,0.031714
5.0664e-005,0.0322895
5.0668e-005,0.033485
5.0672e-005,0.0344126
5.0676e-005,0.0351865
5.068e-005,0.0359355
5.0684e-005,0.0362778
5.0688e-005,0.0366449
5.0692e-005,0.0377362
5.0696e-005,0.0378453
5.07e-005,0.0378106
5.0704e-005,0.0379247
5.0708e-005,0.0389664
5.0712e-005,0.0386142
5.0716e-005,0.0383364
5.072e-005,0.0385398
5.0724e-005,0.039393
5.0728e-005,0.038773
5.0732e-005,0.0389168
5.0736e-005,0.038391
5.074e-005,0.0388077
5.0744e-005,0.03914
5.0748e-005,0.0391252
5.0752e-005,0.0387184
5.0756e-005,0.0390309
5.076e-005,0.0390359
5.0764e-005,0.0385398
5.0768e-005,0.0388722
5.0772e-005,0.0387878
5.0776e-005,0.0391004
5.078e-005,0.039145
5.0784e-005,0.0392194
5.0788e-005,0.0389218
5.0792e-005,0.0389912
5.0796e-005,0.0389615
5.08e-005,0.0390904
5.0804e-005,0.0394079
5.0808e-005,0.0390508
5.0812e-005,0.0391698
5.0816e-005,0.0387035
5.082e-005,0.0386241
5.0824e-005,0.0381678
5.0828e-005,0.0384257
5.0832e-005,0.0388126
5.0836e-005,0.038143
5.084e-005,0.0384505
5.0844e-005,0.0386787
5.0848e-005,0.0386738
5.0852e-005,0.0381975
5.0856e-005,0.0387035
5.086e-005,0.0382769
5.0864e-005,0.0389813
5.0868e-005,0.0394327
5.0872e-005,0.0381975
5.0876e-005,0.0387581
5.088e-005,0.0389119
5.0884e-005,0.0387581
5.0888e-005,0.0389019
5.0892e-005,0.0387283
5.0896e-005,0.0381727
5.09e-005,0.0386986
5.0904e-005,0.0388523
5.0908e-005,0.0388871
5.0912e-005,0.0383563
5.0916e-005,0.0384208
5.092e-005,0.0385547
5.0924e-005,0.0381926
5.0928e-005,0.0388573
5.0932e-005,0.0384753
5.0936e-005,0.0391946
5.094e-005,0.0384406
5.0944e-005,0.0386936
5.0948e-005,0.0390111
5.0952e-005,0.0390805
5.0956e-005,0.0383414
5.096e-005,0.0384604
5.0964e-005,0.0383662
5.0968e-005,0.0382025
5.0972e-005,0.0385051
5.0976e-005,0.0382372
5.098e-005,0.0378701
5.0984e-005,0.0386093
5.0988e-005,0.0384108
5.0992e-005,0.0385448
5.0996e-005,0.0386341
5.1e-005,0.0384257
5.1004e-005,0.0385696
5.1008e-005,0.0385993
5.1012e-005,0.038644
5.1016e-005,0.0391301
5.102e-005,0.0386341
5.1024e-005,0.0384356
5.1028e-005,0.0387085
5.1032e-005,0.0383116
5.1036e-005,0.0387085
5.104e-005,0.0387432
5.1044e-005,0.0388424
5.1048e-005,0.0387432
5.1052e-005,0.0384803
5.1056e-005,0.0384952
5.106e-005,0.0388523
5.1064e-005,0.0382571
5.1068e-005,0.0390061
5.1072e-005,0.038386
5.1076e-005,0.0385547
5.108e-005,0.0391797
5.1084e-005,0.0385249
5.1088e-005,0.0385547
5.1092e-005,0.0388176
5.1096e-005,0.0386291
5.11e-005,0.0388573
5.1104e-005,0.0390508
5.1108e-005,0.0386093
5.1112e-005,0.0392492
5.1116e-005,0.0390607
5.112e-005,0.0389615
5.1124e-005,0.038763
5.1128e-005,0.038892
5.1132e-005,0.0388623
5.1136e-005,0.0387779
5.114e-005,0.0390458
5.1144e-005,0.0384952
5.1148e-005,0.0384009
5.1152e-005,0.0385398
5.1156e-005,0.0383563
5.116e-005,0.0388573
5.1164e-005,0.0385101
5.1168e-005,0.0389466
5.1172e-005,0.0385101
5.1176e-005,0.0383612
5.118e-005,0.0379545
5.1184e-005,0.0382372
5.1188e-005,0.0384604
5.1192e-005,0.0375973
5.1196e-005,0.0384853
5.12e-005,0.0388573
5.1204e-005,0.0387829
5.1208e-005,0.0383563
5.1212e-005,0.038639
5.1216e-005,0.0385845
5.122e-005,0.0382967
5.1224e-005,0.0390012
5.1228e-005,0.0381678
5.1232e-005,0.0384108
5.1236e-005,0.0390012
5.124e-005,0.038515
5.1244e-005,0.038386
5.1248e-005,0.038143
5.1252e-005,0.0389168
5.1256e-005,0.0388275
5.126e-005,0.0383811
