LECROYWR104MXi,20621,Waveform
Segments,1,SegmentSize,501
Segment,TrigTime,TimeSinceSegment1
#1,22-May-2015 13:17:29,0                 
Time,Ampl
4.386e-005,0.0340554
4.388e-005,0.0338173
4.39e-005,0.0339661
4.392e-005,0.0343481
4.394e-005,0.0344969
4.396e-005,0.0344324
4.398e-005,0.0344076
4.4e-005,0.0343779
4.402e-005,0.0350376
4.404e-005,0.0342638
4.406e-005,0.0342539
4.408e-005,0.0347202
4.41e-005,0.0350922
4.412e-005,0.0349533
4.414e-005,0.0193026
4.416e-005,0.004654
4.418e-005,0.000888908
4.42e-005,0.01649
4.422e-005,0.026689
4.424e-005,0.0304987
4.426e-005,0.0325375
4.428e-005,0.0346954
4.43e-005,0.0359553
4.432e-005,0.0369971
4.434e-005,0.0374435
4.436e-005,0.0385249
4.438e-005,0.0391797
4.44e-005,0.0395766
4.442e-005,0.0402413
4.444e-005,0.040906
4.446e-005,0.0412979
4.448e-005,0.0410796
4.45e-005,0.0407274
4.452e-005,0.040782
4.454e-005,0.0412979
4.456e-005,0.0409457
4.458e-005,0.0410449
4.46e-005,0.041417
4.462e-005,0.0407622
4.464e-005,0.0406233
4.466e-005,0.0419229
4.468e-005,0.0415311
4.47e-005,0.0417096
4.472e-005,0.0408118
4.474e-005,0.0405687
4.476e-005,0.041154
4.478e-005,0.0409655
4.48e-005,0.0410052
4.482e-005,0.0411392
4.484e-005,0.0419874
4.486e-005,0.040658
4.488e-005,0.0420122
4.49e-005,0.0260887
4.492e-005,0.0107158
4.494e-005,0.00136016
4.496e-005,0.00969892
4.498e-005,0.0261532
4.5e-005,0.0331725
4.502e-005,0.0372897
4.504e-005,0.0400181
4.506e-005,0.0418585
4.508e-005,0.0435897
4.51e-005,0.0440709
4.512e-005,0.0450928
4.514e-005,0.046323
4.516e-005,0.0466553
4.518e-005,0.0472258
4.52e-005,0.0478459
4.522e-005,0.0472506
4.524e-005,0.0479997
4.526e-005,0.0488876
4.528e-005,0.0473399
4.53e-005,0.0479897
4.532e-005,0.0479947
4.534e-005,0.0483122
4.536e-005,0.0489075
4.538e-005,0.0490265
4.54e-005,0.0490216
4.542e-005,0.0489273
4.544e-005,0.0494382
4.546e-005,0.0488727
4.548e-005,0.048714
4.55e-005,0.0493738
4.552e-005,0.0479897
4.554e-005,0.0489967
4.556e-005,0.0486098
4.558e-005,0.0487289
4.56e-005,0.0485801
4.562e-005,0.0481783
4.564e-005,0.0466752
4.566e-005,0.0345069
4.568e-005,0.0183155
4.57e-005,0.00174213
4.572e-005,0.000412691
4.574e-005,0.0232066
4.576e-005,0.0357668
4.578e-005,0.0420767
4.58e-005,0.0459906
4.582e-005,0.0479897
4.584e-005,0.04985
4.586e-005,0.0512489
4.588e-005,0.0512241
4.59e-005,0.0526279
4.592e-005,0.0535754
4.594e-005,0.0543244
4.596e-005,0.0553463
4.598e-005,0.0554902
4.6e-005,0.0547709
4.602e-005,0.0559118
4.604e-005,0.0554703
4.606e-005,0.0551876
4.608e-005,0.0557035
4.61e-005,0.0557084
4.612e-005,0.0557977
4.614e-005,0.0563087
4.616e-005,0.0560309
4.618e-005,0.0558076
4.62e-005,0.0561995
4.622e-005,0.0558969
4.624e-005,0.0560061
4.626e-005,0.055887
4.628e-005,0.0561698
4.63e-005,0.0561202
4.632e-005,0.0558374
4.634e-005,0.0559416
4.636e-005,0.0557779
4.638e-005,0.0554852
4.64e-005,0.0546617
4.642e-005,0.0499145
4.644e-005,0.022026
4.646e-005,0.00803216
4.648e-005,0.00105261
4.65e-005,0.0111772
4.652e-005,0.0227999
4.654e-005,0.0249974
4.656e-005,0.0264558
4.658e-005,0.027944
4.66e-005,0.0292288
4.662e-005,0.0298836
4.664e-005,0.0306376
4.666e-005,0.0316744
4.668e-005,0.032096
4.67e-005,0.0331526
4.672e-005,0.0330931
4.674e-005,0.0334056
4.676e-005,0.0335693
4.678e-005,0.0338273
4.68e-005,0.0342092
4.682e-005,0.0340852
4.684e-005,0.0334453
4.686e-005,0.0329244
4.688e-005,0.0335842
4.69e-005,0.0336487
4.692e-005,0.0337776
4.694e-005,0.0340207
4.696e-005,0.0336239
4.698e-005,0.0338223
4.7e-005,0.0338223
4.702e-005,0.0345961
4.704e-005,0.0342489
4.706e-005,0.0337132
4.708e-005,0.0337429
4.71e-005,0.0338719
4.712e-005,0.0342588
4.714e-005,0.0340108
4.716e-005,0.0344523
4.718e-005,0.0357123
4.72e-005,0.0287079
4.722e-005,0.0130374
4.724e-005,0.000363085
4.726e-005,0.00513022
4.728e-005,0.0226858
4.73e-005,0.0287228
4.732e-005,0.0305433
4.734e-005,0.033232
4.736e-005,0.0348343
4.738e-005,0.0354494
4.74e-005,0.0368235
4.742e-005,0.0378305
4.744e-005,0.0383216
4.746e-005,0.0386539
4.748e-005,0.0391847
4.75e-005,0.0389664
4.752e-005,0.0399486
4.754e-005,0.0394129
4.756e-005,0.0395419
4.758e-005,0.0398048
4.76e-005,0.0399833
4.762e-005,0.0404893
4.764e-005,0.0400528
4.766e-005,0.0402264
4.768e-005,0.0401917
4.77e-005,0.0409953
4.772e-005,0.04041
4.774e-005,0.0401768
4.776e-005,0.0408614
4.778e-005,0.0411342
4.78e-005,0.0407522
4.782e-005,0.0408316
4.784e-005,0.0407671
4.786e-005,0.0404348
4.788e-005,0.0402562
4.79e-005,0.0404248
4.792e-005,0.0403306
4.794e-005,0.0399883
4.796e-005,0.0386142
4.798e-005,0.0187371
4.8e-005,0.00471353
4.802e-005,0.000963317
4.804e-005,0.0175317
4.806e-005,0.0297596
4.808e-005,0.0350029
4.81e-005,0.0378354
4.812e-005,0.03978
4.814e-005,0.0414616
4.816e-005,0.04229
4.818e-005,0.0427712
4.82e-005,0.0443239
4.822e-005,0.0447951
4.824e-005,0.045435
4.826e-005,0.0456087
4.828e-005,0.0458319
4.83e-005,0.0467992
4.832e-005,0.047072
4.834e-005,0.0464916
4.836e-005,0.0474838
4.838e-005,0.0468538
4.84e-005,0.0462337
4.842e-005,0.0471861
4.844e-005,0.047836
4.846e-005,0.0475532
4.848e-005,0.0463031
4.85e-005,0.0468687
4.852e-005,0.0471613
4.854e-005,0.0471117
4.856e-005,0.0469579
4.858e-005,0.0473349
4.86e-005,0.0464024
4.862e-005,0.0474292
4.864e-005,0.0477814
4.866e-005,0.0469282
4.868e-005,0.0464619
4.87e-005,0.0469431
4.872e-005,0.04607
4.874e-005,0.0272793
4.876e-005,0.0112913
4.878e-005,0.000660721
4.88e-005,0.00965924
4.882e-005,0.0298092
4.884e-005,0.0389863
4.886e-005,0.0429746
4.888e-005,0.0460849
4.89e-005,0.0482031
4.892e-005,0.0500633
4.894e-005,0.0514175
4.896e-005,0.0521616
4.898e-005,0.0528561
4.9e-005,0.0538929
4.902e-005,0.054503
4.904e-005,0.0545973
4.906e-005,0.0545377
4.908e-005,0.0548701
4.91e-005,0.0551826
4.912e-005,0.0549395
4.914e-005,0.055128
4.916e-005,0.0555547
4.918e-005,0.0555497
4.92e-005,0.0552471
4.922e-005,0.0551677
4.924e-005,0.0552917
4.926e-005,0.0553116
4.928e-005,0.0554554
4.93e-005,0.0556985
4.932e-005,0.0552273
4.934e-005,0.0557729
4.936e-005,0.0544683
4.938e-005,0.055128
4.94e-005,0.0561846
4.942e-005,0.0552223
4.944e-005,0.0549941
4.946e-005,0.056512
4.948e-005,0.052112
4.95e-005,0.0355684
4.952e-005,0.0187867
4.954e-005,0.00159331
4.956e-005,0.000849224
4.958e-005,0.0189852
4.96e-005,0.0230578
4.962e-005,0.0246551
4.964e-005,0.026555
4.966e-005,0.0279589
4.968e-005,0.0296504
4.97e-005,0.0301911
4.972e-005,0.0312775
4.974e-005,0.0318976
4.976e-005,0.0319075
4.978e-005,0.0328451
4.98e-005,0.0331774
4.982e-005,0.0334552
4.984e-005,0.033356
4.986e-005,0.0333709
4.988e-005,0.03411
4.99e-005,0.0332072
4.992e-005,0.0338273
4.994e-005,0.0338173
4.996e-005,0.0341943
4.998e-005,0.0335743
5e-005,0.0336685
5.002e-005,0.0335594
5.004e-005,0.0333758
5.006e-005,0.0339761
5.008e-005,0.0331725
5.01e-005,0.0335296
5.012e-005,0.034105
5.014e-005,0.0332419
5.016e-005,0.033604
5.018e-005,0.0331377
5.02e-005,0.033862
5.022e-005,0.0338967
5.024e-005,0.0340753
5.026e-005,0.0374782
5.028e-005,0.020761
5.03e-005,0.00771965
5.032e-005,0.000695445
5.034e-005,0.0124868
5.036e-005,0.0255579
5.038e-005,0.029333
5.04e-005,0.0320861
5.042e-005,0.0331526
5.044e-005,0.0345862
5.046e-005,0.0357569
5.048e-005,0.0370467
5.05e-005,0.0376221
5.052e-005,0.0381777
5.054e-005,0.0387432
5.056e-005,0.0391103
5.058e-005,0.039522
5.06e-005,0.0394972
5.062e-005,0.0397651
5.064e-005,0.0400776
5.066e-005,0.0398891
5.068e-005,0.0397304
5.07e-005,0.0399437
5.072e-005,0.0401917
5.074e-005,0.0408911
5.076e-005,0.0403207
5.078e-005,0.0400379
5.08e-005,0.0399486
5.082e-005,0.0404199
5.084e-005,0.0408564
5.086e-005,0.040276
5.088e-005,0.0396411
5.09e-005,0.0399784
5.092e-005,0.0404943
5.094e-005,0.0404
5.096e-005,0.0407423
5.098e-005,0.0404298
5.1e-005,0.0405042
5.102e-005,0.0404447
5.104e-005,0.0302556
5.106e-005,0.0135285
5.108e-005,0.00081946
5.11e-005,0.00533856
5.112e-005,0.0247543
5.114e-005,0.0324085
5.116e-005,0.0359504
5.118e-005,0.0387184
5.12e-005,0.0401024
5.122e-005,0.0414021
5.124e-005,0.043173
5.126e-005,0.043932
5.128e-005,0.0447604
5.13e-005,0.0447455
5.132e-005,0.045941
5.134e-005,0.0463031
5.136e-005,0.0469282
5.138e-005,0.0470274
5.14e-005,0.0474689
5.142e-005,0.0475681
5.144e-005,0.047082
5.146e-005,0.0476623
5.148e-005,0.0477913
5.15e-005,0.047826
5.152e-005,0.0472903
5.154e-005,0.047459
5.156e-005,0.0481237
5.158e-005,0.0472556
5.16e-005,0.0474242
5.162e-005,0.047836
5.164e-005,0.0475036
5.166e-005,0.0479153
5.168e-005,0.047707
5.17e-005,0.0474838
5.172e-005,0.0479501
5.174e-005,0.0474986
5.176e-005,0.0478955
5.178e-005,0.0465909
5.18e-005,0.0414666
5.182e-005,0.0183056
5.184e-005,0.00482266
5.186e-005,0.00102781
5.188e-005,0.0177053
5.19e-005,0.0330137
5.192e-005,0.0396808
5.194e-005,0.0440213
5.196e-005,0.0470324
5.198e-005,0.0483965
5.2e-005,0.0499194
5.202e-005,0.0510554
5.204e-005,0.0521914
5.206e-005,0.0522509
5.208e-005,0.0530148
5.21e-005,0.0541062
5.212e-005,0.0538383
5.214e-005,0.0546965
5.216e-005,0.0544931
5.218e-005,0.0550685
5.22e-005,0.0548056
5.222e-005,0.0552868
5.224e-005,0.0540466
5.226e-005,0.0550784
5.228e-005,0.0547709
5.23e-005,0.0549991
5.232e-005,0.055128
5.234e-005,0.0550239
5.236e-005,0.0551032
5.238e-005,0.0551826
5.24e-005,0.0551231
5.242e-005,0.0547213
5.244e-005,0.0553265
5.246e-005,0.0550933
5.248e-005,0.0549792
5.25e-005,0.0551528
5.252e-005,0.0553314
5.254e-005,0.0548056
5.256e-005,0.049969
5.258e-005,0.027309
5.26e-005,0.0105125
5.262e-005,0.000893869
5.264e-005,0.00893003
5.266e-005,0.0212472
5.268e-005,0.0241343
5.27e-005,0.0262227
5.272e-005,0.0273338
5.274e-005,0.0285789
5.276e-005,0.0299431
5.278e-005,0.0304838
5.28e-005,0.0325474
5.282e-005,0.0331526
5.284e-005,0.0331873
5.286e-005,0.033108
5.288e-005,0.0345465
5.29e-005,0.0336884
5.292e-005,0.0340852
5.294e-005,0.0339761
5.296e-005,0.0342836
5.298e-005,0.0343084
5.3e-005,0.0344374
5.302e-005,0.034358
5.304e-005,0.0344771
5.306e-005,0.034368
5.308e-005,0.0350079
5.31e-005,0.0347648
5.312e-005,0.0344473
5.314e-005,0.034611
5.316e-005,0.034998
5.318e-005,0.034993
5.32e-005,0.0345019
5.322e-005,0.0349583
5.324e-005,0.0347698
5.326e-005,0.0347499
5.328e-005,0.0349583
5.33e-005,0.0346557
5.332e-005,0.0340852
5.334e-005,0.0298737
5.336e-005,0.0191885
5.338e-005,0.00221339
5.34e-005,0.000323401
5.342e-005,0.0205031
5.344e-005,0.0270164
5.346e-005,0.0308559
5.348e-005,0.0331278
5.35e-005,0.0338917
5.352e-005,0.0354543
5.354e-005,0.0370368
5.356e-005,0.0380487
5.358e-005,0.038267
5.36e-005,0.0387184
5.362e-005,0.0393732
5.364e-005,0.0388771
5.366e-005,0.0398097
5.368e-005,0.0394724
5.37e-005,0.0395419
5.372e-005,0.040663
5.374e-005,0.040028
5.376e-005,0.0410747
5.378e-005,0.0408118
5.38e-005,0.0402115
5.382e-005,0.0406233
5.384e-005,0.0403554
5.386e-005,0.041154
