LECROYWR104MXi,20621,Waveform
Segments,1,SegmentSize,501
Segment,TrigTime,TimeSinceSegment1
#1,22-May-2015 13:17:29,0                 
Time,Ampl
4.386e-005,0.0379644
4.388e-005,0.0214357
4.39e-005,0.0117328
4.392e-005,0.000591273
4.394e-005,0.00777917
4.396e-005,0.0246502
4.398e-005,0.0298786
4.4e-005,0.0333213
4.402e-005,0.0351071
4.404e-005,0.0367193
4.406e-005,0.0381231
4.408e-005,0.0384059
4.41e-005,0.0393385
4.412e-005,0.0402959
4.414e-005,0.0412483
4.416e-005,0.0413277
4.418e-005,0.0413971
4.42e-005,0.0417741
4.422e-005,0.0417791
4.424e-005,0.0422751
4.426e-005,0.0421908
4.428e-005,0.0418188
4.43e-005,0.0423049
4.432e-005,0.0413773
4.434e-005,0.0415261
4.436e-005,0.0427117
4.438e-005,0.0420668
4.44e-005,0.0427216
4.442e-005,0.042667
4.444e-005,0.0423198
4.446e-005,0.0424587
4.448e-005,0.0426174
4.45e-005,0.0427514
4.452e-005,0.0428208
4.454e-005,0.0428704
4.456e-005,0.0422156
4.458e-005,0.0417989
4.46e-005,0.0424587
4.462e-005,0.0421759
4.464e-005,0.0362579
4.466e-005,0.0146893
4.468e-005,0.00136513
4.47e-005,0.0044903
4.472e-005,0.0230677
4.474e-005,0.0332667
4.476e-005,0.0370318
4.478e-005,0.040276
4.48e-005,0.0417047
4.482e-005,0.043178
4.484e-005,0.0455491
4.486e-005,0.0465214
4.488e-005,0.0472407
4.49e-005,0.047082
4.492e-005,0.0481038
4.494e-005,0.0486049
4.496e-005,0.0485404
4.498e-005,0.0486743
4.5e-005,0.0486098
4.502e-005,0.0498599
4.504e-005,0.0500137
4.506e-005,0.0500682
4.508e-005,0.0496863
4.51e-005,0.0498996
4.512e-005,0.0496962
4.514e-005,0.0501923
4.516e-005,0.0495226
4.518e-005,0.0495176
4.52e-005,0.0505445
4.522e-005,0.0497855
4.524e-005,0.0499293
4.526e-005,0.0496317
4.528e-005,0.0492597
4.53e-005,0.0498847
4.532e-005,0.0502419
4.534e-005,0.0494928
4.536e-005,0.0498599
4.538e-005,0.0490216
4.54e-005,0.0422603
4.542e-005,0.018251
4.544e-005,0.0080024
4.546e-005,0.00129072
4.548e-005,0.0134591
4.55e-005,0.0333312
4.552e-005,0.0412929
4.554e-005,0.0452366
4.556e-005,0.0485205
4.558e-005,0.0502567
4.56e-005,0.0524543
4.562e-005,0.0531984
4.564e-005,0.0535655
4.566e-005,0.0546121
4.568e-005,0.0554306
4.57e-005,0.056517
4.572e-005,0.056016
4.574e-005,0.0566361
4.576e-005,0.0562739
4.578e-005,0.0566559
4.58e-005,0.0566013
4.582e-005,0.0563037
4.584e-005,0.0568494
4.586e-005,0.0568295
4.588e-005,0.0572661
4.59e-005,0.0568841
4.592e-005,0.0569238
4.594e-005,0.0566509
4.596e-005,0.0574645
4.598e-005,0.0566113
4.6e-005,0.0569039
4.602e-005,0.0571371
4.604e-005,0.0567154
4.606e-005,0.0572065
4.608e-005,0.0561202
4.61e-005,0.0569436
4.612e-005,0.0567502
4.614e-005,0.0573653
4.616e-005,0.052871
4.618e-005,0.0338223
4.62e-005,0.0130721
4.622e-005,0.000953396
4.624e-005,0.00659359
4.626e-005,0.0210438
4.628e-005,0.0248535
4.63e-005,0.0265203
4.632e-005,0.0274529
4.634e-005,0.0288071
4.636e-005,0.0300671
4.638e-005,0.031595
4.64e-005,0.0318033
4.642e-005,0.0324036
4.644e-005,0.0326714
4.646e-005,0.0332022
4.648e-005,0.0335147
4.65e-005,0.0332419
4.652e-005,0.0336834
4.654e-005,0.0330137
4.656e-005,0.0336685
4.658e-005,0.0342687
4.66e-005,0.034105
4.662e-005,0.0348541
4.664e-005,0.0343828
4.666e-005,0.0348442
4.668e-005,0.0347747
4.67e-005,0.0345664
4.672e-005,0.0341497
4.674e-005,0.0347896
4.676e-005,0.03474
4.678e-005,0.0346656
4.68e-005,0.0341894
4.682e-005,0.0348243
4.684e-005,0.0340654
4.686e-005,0.0346358
4.688e-005,0.0346755
4.69e-005,0.0339215
4.692e-005,0.0347846
4.694e-005,0.0322994
4.696e-005,0.0181319
4.698e-005,0.00184134
4.7e-005,0.000457337
4.702e-005,0.0193126
4.704e-005,0.027066
4.706e-005,0.0305185
4.708e-005,0.032602
4.71e-005,0.0340356
4.712e-005,0.036382
4.714e-005,0.0371757
4.716e-005,0.0381281
4.718e-005,0.0385299
4.72e-005,0.0393286
4.722e-005,0.0398147
4.724e-005,0.0404893
4.726e-005,0.0404596
4.728e-005,0.040911
4.73e-005,0.0416104
4.732e-005,0.0412384
4.734e-005,0.0411044
4.736e-005,0.041159
4.738e-005,0.0413326
4.74e-005,0.0412483
4.742e-005,0.0417394
4.744e-005,0.0417741
4.746e-005,0.041918
4.748e-005,0.0420569
4.75e-005,0.0402512
4.752e-005,0.0411193
4.754e-005,0.0415807
4.756e-005,0.0412384
4.758e-005,0.0414021
4.76e-005,0.0412979
4.762e-005,0.0407473
4.764e-005,0.041794
4.766e-005,0.0413177
4.768e-005,0.0407473
4.77e-005,0.0425579
4.772e-005,0.0222641
4.774e-005,0.0115939
4.776e-005,0.00040277
4.778e-005,0.00774941
4.78e-005,0.0281523
4.782e-005,0.0349037
4.784e-005,0.0388722
4.786e-005,0.0407423
4.788e-005,0.0424686
4.79e-005,0.0445124
4.792e-005,0.0449142
4.794e-005,0.0453656
4.796e-005,0.046194
4.798e-005,0.0468587
4.8e-005,0.0469232
4.802e-005,0.0476921
4.804e-005,0.0483469
4.806e-005,0.0481336
4.808e-005,0.0487686
4.81e-005,0.0482477
4.812e-005,0.0488082
4.814e-005,0.0491753
4.816e-005,0.0483816
4.818e-005,0.049091
4.82e-005,0.0487239
4.822e-005,0.0490265
4.824e-005,0.0491307
4.826e-005,0.0496962
4.828e-005,0.0486644
4.83e-005,0.0486793
4.832e-005,0.0487239
4.834e-005,0.0481981
4.836e-005,0.0480642
4.838e-005,0.0491158
4.84e-005,0.0489471
4.842e-005,0.0491059
4.844e-005,0.0492349
4.846e-005,0.0473349
4.848e-005,0.0378751
4.85e-005,0.0147389
4.852e-005,0.000814499
4.854e-005,0.00417282
4.856e-005,0.0254736
4.858e-005,0.0378553
4.86e-005,0.0432127
4.862e-005,0.0476425
4.864e-005,0.0498748
4.866e-005,0.0510058
4.868e-005,0.0536696
4.87e-005,0.0532083
4.872e-005,0.0544782
4.874e-005,0.0557977
4.876e-005,0.0555547
4.878e-005,0.0555844
4.88e-005,0.0561499
4.882e-005,0.0564178
4.884e-005,0.0569684
4.886e-005,0.0572065
4.888e-005,0.057023
4.89e-005,0.057142
4.892e-005,0.0571867
4.894e-005,0.0564525
4.896e-005,0.0571718
4.898e-005,0.0575439
4.9e-005,0.057276
4.902e-005,0.0575389
4.904e-005,0.0579605
4.906e-005,0.0575935
4.908e-005,0.0574942
4.91e-005,0.0577026
4.912e-005,0.0574099
4.914e-005,0.0575637
4.916e-005,0.0575885
4.918e-005,0.0577869
4.92e-005,0.0577472
4.922e-005,0.0564872
4.924e-005,0.0453358
4.926e-005,0.0187123
4.928e-005,0.00808673
4.93e-005,0.0011915
4.932e-005,0.0114996
4.934e-005,0.0229834
4.936e-005,0.0255679
4.938e-005,0.0271056
4.94e-005,0.02907
4.942e-005,0.0295711
4.944e-005,0.0305979
4.946e-005,0.0318728
4.948e-005,0.0331675
4.95e-005,0.033604
4.952e-005,0.033738
4.954e-005,0.0338074
4.956e-005,0.0341001
4.958e-005,0.0344027
4.96e-005,0.0352162
4.962e-005,0.0349533
4.964e-005,0.0356081
4.966e-005,0.0351269
4.968e-005,0.0348094
4.97e-005,0.0351418
4.972e-005,0.0356528
4.974e-005,0.0351418
4.976e-005,0.0353898
4.978e-005,0.0350823
4.98e-005,0.0353303
4.982e-005,0.0349632
4.984e-005,0.0352261
4.986e-005,0.0352609
4.988e-005,0.0349136
4.99e-005,0.0355486
4.992e-005,0.0349087
4.994e-005,0.0353254
4.996e-005,0.0350376
4.998e-005,0.0344771
5e-005,0.0378106
5.002e-005,0.0287922
5.004e-005,0.0127348
5.006e-005,0.000874027
5.008e-005,0.00641005
5.01e-005,0.023916
5.012e-005,0.0293726
5.014e-005,0.0322994
5.016e-005,0.0345515
5.018e-005,0.0368135
5.02e-005,0.0370665
5.022e-005,0.0384307
5.024e-005,0.0395766
5.026e-005,0.0399635
5.028e-005,0.0406481
5.03e-005,0.0414666
5.032e-005,0.041541
5.034e-005,0.0419527
5.036e-005,0.0419676
5.038e-005,0.0417146
5.04e-005,0.0421511
5.042e-005,0.0415211
5.044e-005,0.0425976
5.046e-005,0.0420916
5.048e-005,0.0421561
5.05e-005,0.0418436
5.052e-005,0.0427861
5.054e-005,0.0429944
5.056e-005,0.0422503
5.058e-005,0.0425033
5.06e-005,0.0425678
5.062e-005,0.0428605
5.064e-005,0.0418783
5.066e-005,0.0425133
5.068e-005,0.0427414
5.07e-005,0.0417692
5.072e-005,0.0425728
5.074e-005,0.0416005
5.076e-005,0.0418188
5.078e-005,0.0356279
5.08e-005,0.017745
5.082e-005,0.00227291
5.084e-005,0.00110717
5.086e-005,0.0204981
5.088e-005,0.0310989
5.09e-005,0.0375179
5.092e-005,0.0395716
5.094e-005,0.0416997
5.096e-005,0.0435252
5.098e-005,0.0444231
5.1e-005,0.0463379
5.102e-005,0.0464966
5.104e-005,0.0475879
5.106e-005,0.0479302
5.108e-005,0.0490116
5.11e-005,0.048456
5.112e-005,0.0493787
5.114e-005,0.0494184
5.116e-005,0.0490067
5.118e-005,0.0494234
5.12e-005,0.0492993
5.122e-005,0.0497359
5.124e-005,0.0495027
5.126e-005,0.0495275
5.128e-005,0.0495474
5.13e-005,0.0497309
5.132e-005,0.0497408
5.134e-005,0.0492547
5.136e-005,0.0496615
5.138e-005,0.0499244
5.14e-005,0.0497061
5.142e-005,0.0490513
5.144e-005,0.0499839
5.146e-005,0.0495127
5.148e-005,0.0494134
5.15e-005,0.0498252
5.152e-005,0.048838
5.154e-005,0.0466355
5.156e-005,0.0221699
5.158e-005,0.0110532
5.16e-005,0.000953396
5.162e-005,0.00860263
5.164e-005,0.0314214
5.166e-005,0.0402165
5.168e-005,0.0459757
5.17e-005,0.0490513
5.172e-005,0.051358
5.174e-005,0.0527866
5.176e-005,0.0539623
5.178e-005,0.0549048
5.18e-005,0.0555795
5.182e-005,0.0560706
5.184e-005,0.0567204
5.186e-005,0.0573752
5.188e-005,0.0571321
5.19e-005,0.0575935
5.192e-005,0.057782
5.194e-005,0.0578316
5.196e-005,0.0574942
5.198e-005,0.057395
5.2e-005,0.0576183
5.202e-005,0.0571619
5.204e-005,0.0572859
5.206e-005,0.0574397
5.208e-005,0.0578266
5.21e-005,0.0577671
5.212e-005,0.0572413
5.214e-005,0.0575538
5.216e-005,0.0577324
5.218e-005,0.058025
5.22e-005,0.0569883
5.222e-005,0.0572909
5.224e-005,0.0571817
5.226e-005,0.0574694
5.228e-005,0.0575885
5.23e-005,0.0537837
5.232e-005,0.039403
5.234e-005,0.0142974
5.236e-005,0.000874027
5.238e-005,0.004654
5.24e-005,0.020637
5.242e-005,0.0250272
5.244e-005,0.0266245
5.246e-005,0.0282912
5.248e-005,0.0293974
5.25e-005,0.0311535
5.252e-005,0.031724
5.254e-005,0.0322399
5.256e-005,0.0329145
5.258e-005,0.0339017
5.26e-005,0.0339463
5.262e-005,0.0341001
5.264e-005,0.0358165
5.266e-005,0.0353154
5.268e-005,0.0355238
5.27e-005,0.0356974
5.272e-005,0.0354146
5.274e-005,0.0357024
5.276e-005,0.0358809
5.278e-005,0.0363175
5.28e-005,0.035747
5.282e-005,0.0353799
5.284e-005,0.0353799
5.286e-005,0.0355238
5.288e-005,0.0353799
5.29e-005,0.0356726
5.292e-005,0.0350525
5.294e-005,0.0364365
5.296e-005,0.0357321
5.298e-005,0.0359008
5.3e-005,0.0361339
5.302e-005,0.0356776
5.304e-005,0.0360595
5.306e-005,0.0362976
5.308e-005,0.0349781
5.31e-005,0.0187222
5.312e-005,0.00768492
5.314e-005,0.00073513
5.316e-005,0.0115145
5.318e-005,0.0267782
5.32e-005,0.031094
5.322e-005,0.0335147
5.324e-005,0.0350773
5.326e-005,0.0369623
5.328e-005,0.0378156
5.33e-005,0.0390458
5.332e-005,0.039904
5.334e-005,0.0401421
5.336e-005,0.0402264
5.338e-005,0.0404397
5.34e-005,0.0408663
5.342e-005,0.041665
5.344e-005,0.0415013
5.346e-005,0.0412384
5.348e-005,0.0420668
5.35e-005,0.0423744
5.352e-005,0.0423694
5.354e-005,0.0424636
5.356e-005,0.041794
5.358e-005,0.0420519
5.36e-005,0.0427762
5.362e-005,0.0426125
5.364e-005,0.0425232
5.366e-005,0.0432722
5.368e-005,0.0424934
5.37e-005,0.0430788
5.372e-005,0.0435054
5.374e-005,0.0421412
5.376e-005,0.0426025
5.378e-005,0.043178
5.38e-005,0.0422751
5.382e-005,0.0424289
5.384e-005,0.0419725
5.386e-005,0.0317736
