Time,Ampl
4.126e-005,0.0466057
4.1264e-005,0.0469083
4.1268e-005,0.0467149
4.1272e-005,0.0467843
4.1276e-005,0.0475582
4.128e-005,0.0469579
4.1284e-005,0.0468439
4.1288e-005,0.0471216
4.1292e-005,0.0471216
4.1296e-005,0.0470224
4.13e-005,0.0474044
4.1304e-005,0.0471713
4.1308e-005,0.0470125
4.1312e-005,0.0474342
4.1316e-005,0.0470224
4.132e-005,0.0472506
4.1324e-005,0.0472308
4.1328e-005,0.0465264
4.1332e-005,0.0471464
4.1336e-005,0.0466107
4.134e-005,0.0471266
4.1344e-005,0.0468786
4.1348e-005,0.0471167
4.1352e-005,0.0473746
4.1356e-005,0.0477764
4.136e-005,0.047449
4.1364e-005,0.0470274
4.1368e-005,0.0467347
4.1372e-005,0.0474738
4.1376e-005,0.0472655
4.138e-005,0.0471613
4.1384e-005,0.0471663
4.1388e-005,0.0468538
4.1392e-005,0.0468687
4.1396e-005,0.0469183
4.14e-005,0.0467744
4.1404e-005,0.0469381
4.1408e-005,0.0468389
4.1412e-005,0.047454
4.1416e-005,0.0472258
4.142e-005,0.0467794
4.1424e-005,0.046442
4.1428e-005,0.0466206
4.1432e-005,0.0472209
4.1436e-005,0.0470522
4.144e-005,0.0466603
4.1444e-005,0.0471861
4.1448e-005,0.0467794
4.1452e-005,0.0466851
4.1456e-005,0.0468538
4.146e-005,0.0465115
4.1464e-005,0.0471316
4.1468e-005,0.0471713
4.1472e-005,0.0473945
4.1476e-005,0.0464718
4.148e-005,0.0462436
4.1484e-005,0.0418882
4.1488e-005,0.0394228
4.1492e-005,0.0375923
4.1496e-005,0.0355734
4.15e-005,0.0350426
4.1504e-005,0.0345813
4.1508e-005,0.0276414
4.1512e-005,0.021897
4.1516e-005,0.0202848
4.152e-005,0.0197739
4.1524e-005,0.0185833
4.1528e-005,0.0184196
4.1532e-005,0.0132854
4.1536e-005,0.00330472
4.154e-005,0.00124607
4.1544e-005,-0.000564546
4.1548e-005,-0.000167698
4.1552e-005,0.000531746
4.1556e-005,3.56862e-005
4.156e-005,-5.85651e-005
4.1564e-005,-0.000356201
4.1568e-005,-0.000539743
4.1572e-005,0.006668
4.1576e-005,0.0171745
4.158e-005,0.0186826
4.1584e-005,0.017869
4.1588e-005,0.0198483
4.1592e-005,0.0202253
4.1596e-005,0.0195655
4.16e-005,0.0199624
4.1604e-005,0.0202104
4.1608e-005,0.0195209
4.1612e-005,0.0209099
4.1616e-005,0.0200864
4.162e-005,0.0200666
4.1624e-005,0.020017
4.1628e-005,0.0198235
4.1632e-005,0.0198483
4.1636e-005,0.0203146
4.164e-005,0.0195705
4.1644e-005,0.0198235
4.1648e-005,0.0198979
4.1652e-005,0.0201261
4.1656e-005,0.0198681
4.166e-005,0.0203493
4.1664e-005,0.0189802
4.1668e-005,0.0198384
4.1672e-005,0.0199624
4.1676e-005,0.0193324
4.168e-005,0.0198929
4.1684e-005,0.0198334
4.1688e-005,0.0196499
4.1692e-005,0.0199376
4.1696e-005,0.0198781
4.17e-005,0.0199723
4.1704e-005,0.0191935
4.1708e-005,0.0197987
4.1712e-005,0.0190844
4.1716e-005,0.0195308
4.172e-005,0.0189504
4.1724e-005,0.0194167
4.1728e-005,0.0196003
4.1732e-005,0.019
4.1736e-005,0.0193622
4.174e-005,0.0193622
4.1744e-005,0.018881
4.1748e-005,0.0197739
4.1752e-005,0.0192381
4.1756e-005,0.0189405
4.176e-005,0.0191042
4.1764e-005,0.0194564
4.1768e-005,0.0195407
4.1772e-005,0.0199078
4.1776e-005,0.0198334
4.178e-005,0.0197937
4.1784e-005,0.0196747
4.1788e-005,0.0197789
4.1792e-005,0.0198483
4.1796e-005,0.0194961
4.18e-005,0.020136
4.1804e-005,0.0194068
4.1808e-005,0.0196697
4.1812e-005,0.0199277
4.1816e-005,0.0194663
4.182e-005,0.0195308
4.1824e-005,0.0201559
4.1828e-005,0.0198334
4.1832e-005,0.0201608
4.1836e-005,0.019382
4.184e-005,0.0200418
4.1844e-005,0.0196499
4.1848e-005,0.0199525
4.1852e-005,0.0205329
4.1856e-005,0.0205825
4.186e-005,0.0197987
4.1864e-005,0.0202699
4.1868e-005,0.0194465
4.1872e-005,0.0192481
4.1876e-005,0.0195804
4.188e-005,0.0195308
4.1884e-005,0.0195209
4.1888e-005,0.0198285
4.1892e-005,0.0199475
4.1896e-005,0.0195308
4.19e-005,0.0191141
4.1904e-005,0.0196201
4.1908e-005,0.0196697
4.1912e-005,0.0203692
4.1916e-005,0.019754
4.192e-005,0.0193622
4.1924e-005,0.0201856
4.1928e-005,0.0195011
4.1932e-005,0.0195556
4.1936e-005,0.019635
4.194e-005,0.0196052
4.1944e-005,0.0197193
4.1948e-005,0.0196648
4.1952e-005,0.0198334
4.1956e-005,0.0198285
4.196e-005,0.0199277
4.1964e-005,0.0197342
4.1968e-005,0.0194118
4.1972e-005,0.0199376
4.1976e-005,0.0199723
4.198e-005,0.019764
4.1984e-005,0.0204932
4.1988e-005,0.0198582
4.1992e-005,0.0200219
4.1996e-005,0.0200368
4.2e-005,0.0199674
4.2004e-005,0.0198731
4.2008e-005,0.0198285
4.2012e-005,0.0201211
4.2016e-005,0.0197987
4.202e-005,0.0198185
4.2024e-005,0.0201559
4.2028e-005,0.0204188
4.2032e-005,0.0194515
4.2036e-005,0.0201013
4.204e-005,0.0202948
4.2044e-005,0.0199177
4.2048e-005,0.0197838
4.2052e-005,0.0200814
4.2056e-005,0.0195407
4.206e-005,0.0196846
4.2064e-005,0.0199822
4.2068e-005,0.0199177
4.2072e-005,0.0201459
4.2076e-005,0.0202253
4.208e-005,0.0203543
4.2084e-005,0.0202005
4.2088e-005,0.019888
4.2092e-005,0.0201608
4.2096e-005,0.0199971
4.21e-005,0.0198681
4.2104e-005,0.0197689
4.2108e-005,0.0202154
4.2112e-005,0.0200963
4.2116e-005,0.0203444
4.212e-005,0.0197441
4.2124e-005,0.0197193
4.2128e-005,0.0197243
4.2132e-005,0.0204386
4.2136e-005,0.0195655
4.214e-005,0.01964
4.2144e-005,0.0195606
4.2148e-005,0.0195507
4.2152e-005,0.020265
4.2156e-005,0.0202848
4.216e-005,0.0194018
4.2164e-005,0.0200715
4.2168e-005,0.0203444
4.2172e-005,0.0197193
4.2176e-005,0.0202303
4.218e-005,0.0191637
4.2184e-005,0.0203493
4.2188e-005,0.0201757
4.2192e-005,0.0196945
4.2196e-005,0.0203394
4.22e-005,0.0198235
4.2204e-005,0.0204336
4.2208e-005,0.0204585
4.2212e-005,0.0194415
4.2216e-005,0.020007
4.222e-005,0.0203543
4.2224e-005,0.0201608
4.2228e-005,0.0199475
4.2232e-005,0.0196102
4.2236e-005,0.01964
4.224e-005,0.0207263
4.2244e-005,0.0195854
4.2248e-005,0.0197838
4.2252e-005,0.0206817
4.2256e-005,0.0213365
4.226e-005,0.021897
4.2264e-005,0.0221847
4.2268e-005,0.0223633
4.2272e-005,0.0222691
4.2276e-005,0.0209446
4.228e-005,0.0198433
4.2284e-005,0.0191687
4.2288e-005,0.0181964
4.2292e-005,0.018122
4.2296e-005,0.0183601
4.23e-005,0.0119808
4.2304e-005,0.00277393
4.2308e-005,0.000521824
4.2312e-005,-0.000410767
4.2316e-005,-0.000549664
4.232e-005,0.000139859
4.2324e-005,2.5765e-005
4.2328e-005,5.0568e-005
4.2332e-005,-0.000172659
4.2336e-005,-0.00101596
4.234e-005,0.00604297
4.2344e-005,0.016366
4.2348e-005,0.0187768
4.2352e-005,0.0198086
4.2356e-005,0.0214158
4.236e-005,0.0224675
4.2364e-005,0.0231521
4.2368e-005,0.0246849
4.2372e-005,0.025429
4.2376e-005,0.0248486
4.238e-005,0.0259498
4.2384e-005,0.0269072
4.2388e-005,0.0271305
4.2392e-005,0.0268775
4.2396e-005,0.027939
4.24e-005,0.0273934
4.2404e-005,0.0280779
4.2408e-005,0.0283954
4.2412e-005,0.0282515
4.2416e-005,0.028569
4.242e-005,0.0277257
4.2424e-005,0.0284847
4.2428e-005,0.0282515
4.2432e-005,0.0281821
4.2436e-005,0.0288716
4.244e-005,0.0285988
4.2444e-005,0.0285988
4.2448e-005,0.0290502
4.2452e-005,0.0285541
4.2456e-005,0.0284004
4.246e-005,0.0288369
4.2464e-005,0.0286534
4.2468e-005,0.0279241
4.2472e-005,0.0286335
4.2476e-005,0.0283359
4.248e-005,0.0283805
4.2484e-005,0.0283111
4.2488e-005,0.0285045
4.2492e-005,0.0275918
4.2496e-005,0.0280581
4.25e-005,0.0283408
4.2504e-005,0.0285889
4.2508e-005,0.028192
4.2512e-005,0.0283706
4.2516e-005,0.0281722
4.252e-005,0.0283805
4.2524e-005,0.0284252
4.2528e-005,0.0280829
4.2532e-005,0.0277108
4.2536e-005,0.02844
4.254e-005,0.0282367
4.2544e-005,0.0280978
4.2548e-005,0.0287377
4.2552e-005,0.0282069
4.2556e-005,0.0281821
4.256e-005,0.0279291
4.2564e-005,0.0284797
4.2568e-005,0.0279142
4.2572e-005,0.0274033
4.2576e-005,0.0281275
4.258e-005,0.0284053
4.2584e-005,0.0281672
4.2588e-005,0.0280978
4.2592e-005,0.0279787
4.2596e-005,0.0278001
4.26e-005,0.027815
4.2604e-005,0.0281226
4.2608e-005,0.0275521
4.2612e-005,0.0279986
4.2616e-005,0.0279241
4.262e-005,0.0280234
4.2624e-005,0.0282019
4.2628e-005,0.0281722
4.2632e-005,0.0277009
4.2636e-005,0.0278547
4.264e-005,0.0279291
4.2644e-005,0.0281871
4.2648e-005,0.02782
4.2652e-005,0.0277952
4.2656e-005,0.027691
4.266e-005,0.0274132
4.2664e-005,0.0278349
4.2668e-005,0.0280432
4.2672e-005,0.0271106
4.2676e-005,0.0276315
4.268e-005,0.027696
4.2684e-005,0.027939
4.2688e-005,0.0284004
4.2692e-005,0.0277108
4.2696e-005,0.0279986
4.27e-005,0.0276612
4.2704e-005,0.028326
4.2708e-005,0.0273586
4.2712e-005,0.0278001
4.2716e-005,0.0281722
4.272e-005,0.0280482
4.2724e-005,0.0277009
4.2728e-005,0.027696
4.2732e-005,0.0279043
4.2736e-005,0.0282714
4.274e-005,0.0276166
4.2744e-005,0.0279539
4.2748e-005,0.0274479
4.2752e-005,0.0274231
4.2756e-005,0.0274727
4.276e-005,0.0283111
4.2764e-005,0.0278448
4.2768e-005,0.0272842
4.2772e-005,0.0277852
4.2776e-005,0.0276315
4.278e-005,0.0277654
4.2784e-005,0.0281226
4.2788e-005,0.0281325
4.2792e-005,0.0283805
4.2796e-005,0.0282416
4.28e-005,0.027939
4.2804e-005,0.0279638
4.2808e-005,0.0281077
4.2812e-005,0.0284103
4.2816e-005,0.0281523
4.282e-005,0.0288468
4.2824e-005,0.0290552
4.2828e-005,0.0280878
4.2832e-005,0.0285293
4.2836e-005,0.0282565
4.284e-005,0.0277505
4.2844e-005,0.0283359
4.2848e-005,0.0277356
4.2852e-005,0.0275422
4.2856e-005,0.0280035
4.286e-005,0.0279638
4.2864e-005,0.0281325
4.2868e-005,0.0279787
4.2872e-005,0.0276712
4.2876e-005,0.0279043
4.288e-005,0.0279787
4.2884e-005,0.0276563
4.2888e-005,0.0285095
4.2892e-005,0.0284649
4.2896e-005,0.0277456
4.29e-005,0.0280035
4.2904e-005,0.0278944
4.2908e-005,0.0282218
4.2912e-005,0.0278646
4.2916e-005,0.0283458
4.292e-005,0.0280085
4.2924e-005,0.0277704
4.2928e-005,0.0277059
4.2932e-005,0.0277406
4.2936e-005,0.0280878
4.294e-005,0.0282317
4.2944e-005,0.0278944
4.2948e-005,0.0277902
4.2952e-005,0.0275868
4.2956e-005,0.027691
4.296e-005,0.027433
4.2964e-005,0.0274578
4.2968e-005,0.0277406
4.2972e-005,0.0276017
4.2976e-005,0.0279489
4.298e-005,0.0284202
4.2984e-005,0.0281375
4.2988e-005,0.0279192
4.2992e-005,0.0278101
4.2996e-005,0.0276712
4.3e-005,0.0282168
4.3004e-005,0.0281275
4.3008e-005,0.0280234
4.3012e-005,0.0284004
4.3016e-005,0.0274975
4.302e-005,0.0284152
4.3024e-005,0.0272346
4.3028e-005,0.0279936
4.3032e-005,0.0276067
4.3036e-005,0.0277604
4.304e-005,0.0281424
4.3044e-005,0.0239755
4.3048e-005,0.0205825
4.3052e-005,0.0196152
4.3056e-005,0.0191241
4.306e-005,0.0189256
4.3064e-005,0.0187867
4.3068e-005,0.0127894
4.3072e-005,0.00239693
4.3076e-005,0.000591273
4.308e-005,-0.000554624
4.3084e-005,-0.000490137
4.3088e-005,3.56862e-005
4.3092e-005,-0.000217304
4.3096e-005,-0.000197462
4.31e-005,-0.000624073
4.3104e-005,-0.001011
4.3108e-005,0.00632076
4.3112e-005,0.0169166
4.3116e-005,0.0201013
4.312e-005,0.0216341
4.3124e-005,0.0252107
4.3128e-005,0.0268279
4.3132e-005,0.0281871
4.3136e-005,0.0302507
4.314e-005,0.0308707
4.3144e-005,0.0321109
4.3148e-005,0.0330236
4.3152e-005,0.0342489
4.3156e-005,0.0346805
4.316e-005,0.0353898
4.3164e-005,0.0358115
4.3168e-005,0.0362381
4.3172e-005,0.0362232
4.3176e-005,0.0362133
4.318e-005,0.0374038
4.3184e-005,0.0371509
4.3188e-005,0.0372798
4.3192e-005,0.0379098
4.3196e-005,0.0380041
4.32e-005,0.0378106
4.3204e-005,0.0379049
4.3208e-005,0.0383116
4.3212e-005,0.0379396
4.3216e-005,0.0377858
4.322e-005,0.0384158
4.3224e-005,0.0378652
4.3228e-005,0.0381926
4.3232e-005,0.0379297
4.3236e-005,0.0384208
4.324e-005,0.0381678
4.3244e-005,0.0385993
4.3248e-005,0.0381231
4.3252e-005,0.0381579
4.3256e-005,0.038892
4.326e-005,0.0382223
4.3264e-005,0.038763
4.3268e-005,0.0382075
4.3272e-005,0.0375576
4.3276e-005,0.0386489
4.328e-005,0.0389615
4.3284e-005,0.0382719
4.3288e-005,0.0383612
4.3292e-005,0.0386241
4.3296e-005,0.0379594
4.33e-005,0.0384853
4.3304e-005,0.0382868
4.3308e-005,0.038515
4.3312e-005,0.0378652
4.3316e-005,0.0387333
4.332e-005,0.0379644
4.3324e-005,0.0384356
4.3328e-005,0.0383464
4.3332e-005,0.0383414
4.3336e-005,0.0386192
4.334e-005,0.0390557
4.3344e-005,0.0382422
4.3348e-005,0.038143
4.3352e-005,0.0380388
4.3356e-005,0.0379098
4.336e-005,0.0387878
4.3364e-005,0.0380239
4.3368e-005,0.0382868
4.3372e-005,0.0383811
4.3376e-005,0.0378453
4.338e-005,0.0384753
4.3384e-005,0.0381975
4.3388e-005,0.0383067
4.3392e-005,0.0375477
4.3396e-005,0.0377362
4.34e-005,0.0384307
4.3404e-005,0.0379842
4.3408e-005,0.0379445
4.3412e-005,0.0384009
4.3416e-005,0.0378503
4.342e-005,0.0380289
4.3424e-005,0.0379942
4.3428e-005,0.0383116
4.3432e-005,0.0374485
4.3436e-005,0.0379693
4.344e-005,0.0377957
4.3444e-005,0.0377015
4.3448e-005,0.0378751
4.3452e-005,0.0379594
4.3456e-005,0.0377461
4.346e-005,0.0376221
4.3464e-005,0.0376717
4.3468e-005,0.0377511
4.3472e-005,0.0378503
4.3476e-005,0.0377263
4.348e-005,0.0378453
4.3484e-005,0.0377213
4.3488e-005,0.0369772
4.3492e-005,0.0376668
4.3496e-005,0.0377511
4.35e-005,0.0376221
4.3504e-005,0.0380934
4.3508e-005,0.038014
4.3512e-005,0.0375725
4.3516e-005,0.0374683
4.352e-005,0.0375923
4.3524e-005,0.0375576
4.3528e-005,0.0372352
4.3532e-005,0.0378949
4.3536e-005,0.0376072
4.354e-005,0.0376519
4.3544e-005,0.0373939
4.3548e-005,0.0374832
4.3552e-005,0.0379892
4.3556e-005,0.0382918
4.356e-005,0.0375973
4.3564e-005,0.0375477
4.3568e-005,0.0377461
4.3572e-005,0.0378602
4.3576e-005,0.0375923
4.358e-005,0.0376469
4.3584e-005,0.0376072
4.3588e-005,0.0378305
4.3592e-005,0.0373145
4.3596e-005,0.0376965
4.36e-005,0.0377312
4.3604e-005,0.0375279
4.3608e-005,0.0373245
4.3612e-005,0.037766
4.3616e-005,0.0378949
4.362e-005,0.0378156
4.3624e-005,0.0380438
4.3628e-005,0.0380289
4.3632e-005,0.0367887
4.3636e-005,0.0378056
4.364e-005,0.0378453
4.3644e-005,0.0371062
4.3648e-005,0.0379098
4.3652e-005,0.0377015
4.3656e-005,0.0374138
4.366e-005,0.0377312
4.3664e-005,0.0379743
4.3668e-005,0.0377808
4.3672e-005,0.0374386
4.3676e-005,0.0372997
4.368e-005,0.0376419
4.3684e-005,0.0377064
4.3688e-005,0.037384
4.3692e-005,0.0376866
4.3696e-005,0.0378106
4.37e-005,0.0374931
4.3704e-005,0.0378999
4.3708e-005,0.0375576
4.3712e-005,0.0380239
4.3716e-005,0.0375626
4.372e-005,0.0383563
4.3724e-005,0.0375973
4.3728e-005,0.0379346
4.3732e-005,0.0383364
4.3736e-005,0.0382372
4.374e-005,0.0377461
4.3744e-005,0.038138
4.3748e-005,0.0379495
4.3752e-005,0.0377064
4.3756e-005,0.0375328
4.376e-005,0.0381975
4.3764e-005,0.037389
4.3768e-005,0.0371806
4.3772e-005,0.0373245
4.3776e-005,0.0380735
4.378e-005,0.037766
4.3784e-005,0.036883
4.3788e-005,0.0355436
4.3792e-005,0.0344821
4.3796e-005,0.0331129
4.38e-005,0.0325177
4.3804e-005,0.0331526
4.3808e-005,0.0319571
4.3812e-005,0.0265848
4.3816e-005,0.0208404
4.382e-005,0.0196548
4.3824e-005,0.0189157
4.3828e-005,0.0189058
4.3832e-005,0.0185734
4.3836e-005,0.0125513
4.384e-005,0.00264992
4.3844e-005,0.00136513
4.3848e-005,-0.000842339
4.3852e-005,-0.000559585
4.3856e-005,0.000204346
4.386e-005,0.000110095
4.3864e-005,-0.000569506
4.3868e-005,-0.000192501
4.3872e-005,-0.000886984
4.3876e-005,0.00534848
4.388e-005,0.0165098
4.3884e-005,0.0203642
4.3888e-005,0.0237176
4.3892e-005,0.0273785
4.3896e-005,0.0302953
4.39e-005,0.0321307
4.3904e-005,0.0338421
4.3908e-005,0.0355387
4.3912e-005,0.0368483
4.3916e-005,0.0377213
4.392e-005,0.0392641
4.3924e-005,0.0399883
4.3928e-005,0.0406977
4.3932e-005,0.041159
4.3936e-005,0.0425976
4.394e-005,0.0431978
4.3944e-005,0.0439617
4.3948e-005,0.0444231
4.3952e-005,0.0441751
4.3956e-005,0.044691
4.396e-005,0.0450432
4.3964e-005,0.0450382
4.3968e-005,0.0453259
4.3972e-005,0.0457575
4.3976e-005,0.0458716
4.398e-005,0.0458815
4.3984e-005,0.0457872
4.3988e-005,0.0465809
4.3992e-005,0.0462337
4.3996e-005,0.0463875
4.4e-005,0.0465363
4.4004e-005,0.0460402
4.4008e-005,0.0472556
4.4012e-005,0.0477467
4.4016e-005,0.0470373
4.402e-005,0.0471068
4.4024e-005,0.0474044
4.4028e-005,0.0463031
4.4032e-005,0.0470869
4.4036e-005,0.0472754
4.404e-005,0.0468637
4.4044e-005,0.0472357
4.4048e-005,0.0474441
4.4052e-005,0.0469282
4.4056e-005,0.0470472
4.406e-005,0.0477864
4.4064e-005,0.047449
4.4068e-005,0.0471068
4.4072e-005,0.0476574
4.4076e-005,0.0470125
4.408e-005,0.0471812
4.4084e-005,0.0479699
4.4088e-005,0.0475879
4.4092e-005,0.0470919
4.4096e-005,0.0478608
4.41e-005,0.0481435
4.4104e-005,0.0473945
4.4108e-005,0.0473598
4.4112e-005,0.0472804
4.4116e-005,0.0476276
4.412e-005,0.0471117
4.4124e-005,0.047082
4.4128e-005,0.0468736
4.4132e-005,0.0475483
4.4136e-005,0.0471961
4.414e-005,0.0474738
4.4144e-005,0.0480741
4.4148e-005,0.0469579
4.4152e-005,0.0470274
4.4156e-005,0.0474044
4.416e-005,0.0472605
4.4164e-005,0.0471117
4.4168e-005,0.0474094
4.4172e-005,0.0468736
4.4176e-005,0.047082
4.418e-005,0.0472903
4.4184e-005,0.0466752
4.4188e-005,0.0472258
4.4192e-005,0.047454
4.4196e-005,0.0478905
4.42e-005,0.0475185
4.4204e-005,0.0481138
4.4208e-005,0.0470671
4.4212e-005,0.0468389
4.4216e-005,0.0471514
4.422e-005,0.046819
4.4224e-005,0.0474639
4.4228e-005,0.047831
4.4232e-005,0.047583
4.4236e-005,0.0476623
4.424e-005,0.0473598
4.4244e-005,0.0477368
4.4248e-005,0.0480146
4.4252e-005,0.0475036
4.4256e-005,0.0470671
4.426e-005,0.0472705
4.4264e-005,0.0473548
4.4268e-005,0.0468885
4.4272e-005,0.0476524
4.4276e-005,0.0473101
4.428e-005,0.047077
4.4284e-005,0.0475631
4.4288e-005,0.0472903
4.4292e-005,0.0471464
4.4296e-005,0.0479501
4.43e-005,0.0471663
4.4304e-005,0.0474887
4.4308e-005,0.0471514
4.4312e-005,0.0473548
4.4316e-005,0.0478459
4.432e-005,0.0473399
4.4324e-005,0.047583
4.4328e-005,0.0469183
4.4332e-005,0.0472903
4.4336e-005,0.0478657
4.434e-005,0.0478657
4.4344e-005,0.0475681
4.4348e-005,0.0472109
4.4352e-005,0.0469778
4.4356e-005,0.0477268
4.436e-005,0.0476326
4.4364e-005,0.047082
4.4368e-005,0.0473399
4.4372e-005,0.0474788
4.4376e-005,0.04733
4.438e-005,0.0477417
4.4384e-005,0.047459
4.4388e-005,0.047454
4.4392e-005,0.0476475
4.4396e-005,0.0473151
4.44e-005,0.0472754
4.4404e-005,0.0475582
4.4408e-005,0.0476772
4.4412e-005,0.0475532
4.4416e-005,0.0473151
4.442e-005,0.0474044
4.4424e-005,0.0473647
4.4428e-005,0.0474986
4.4432e-005,0.0471117
4.4436e-005,0.0467843
4.444e-005,0.04733
4.4444e-005,0.0479302
4.4448e-005,0.0468786
4.4452e-005,0.0476227
4.4456e-005,0.0470175
4.446e-005,0.0476276
4.4464e-005,0.0478112
4.4468e-005,0.0477516
4.4472e-005,0.0471216
4.4476e-005,0.0469431
4.448e-005,0.0473945
4.4484e-005,0.0466305
4.4488e-005,0.0471167
4.4492e-005,0.0473498
4.4496e-005,0.0469629
4.45e-005,0.0463776
4.4504e-005,0.047459
4.4508e-005,0.0472209
4.4512e-005,0.0476623
4.4516e-005,0.0474887
4.452e-005,0.0471068
4.4524e-005,0.0474986
4.4528e-005,0.0473846
4.4532e-005,0.0474143
4.4536e-005,0.0468587
4.454e-005,0.0476127
4.4544e-005,0.04796
4.4548e-005,0.0464321
4.4552e-005,0.0462188
4.4556e-005,0.0424041
4.456e-005,0.0393037
4.4564e-005,0.0376717
4.4568e-005,0.0360843
4.4572e-005,0.0357718
4.4576e-005,0.0350426
4.458e-005,0.0287724
4.4584e-005,0.0214208
4.4588e-005,0.0208206
4.4592e-005,0.0191489
4.4596e-005,0.0183651
4.46e-005,0.018504
4.4604e-005,0.0122586
4.4608e-005,0.00308149
4.4612e-005,0.000933554
4.4616e-005,-0.000395885
4.462e-005,0.00023411
4.4624e-005,0.000164662
4.4628e-005,-0.000113132
4.4632e-005,-9.32892e-005
4.4636e-005,-0.000505019
4.464e-005,-0.000663758
4.4644e-005,0.00674241
4.4648e-005,0.0170803
4.4652e-005,0.0183452
4.4656e-005,0.0184742
4.466e-005,0.0196697
4.4664e-005,0.0189256
4.4668e-005,0.019635
4.4672e-005,0.0193522
4.4676e-005,0.0203394
4.468e-005,0.019754
4.4684e-005,0.0200467
4.4688e-005,0.0198334
4.4692e-005,0.0203791
4.4696e-005,0.0207511
4.47e-005,0.0204535
4.4704e-005,0.0204932
4.4708e-005,0.0198979
4.4712e-005,0.0201955
4.4716e-005,0.0206817
4.472e-005,0.0204783
4.4724e-005,0.0198433
4.4728e-005,0.0197689
4.4732e-005,0.0201856
4.4736e-005,0.0199822
4.474e-005,0.0207015
4.4744e-005,0.0206668
4.4748e-005,0.0199376
4.4752e-005,0.0203146
4.4756e-005,0.0202551
4.476e-005,0.0203444
4.4764e-005,0.0204833
4.4768e-005,0.0198086
4.4772e-005,0.0205874
4.4776e-005,0.0194316
4.478e-005,0.0199922
4.4784e-005,0.0201856
4.4788e-005,0.0198533
4.4792e-005,0.0200864
4.4796e-005,0.0196598
4.48e-005,0.0197838
4.4804e-005,0.0201906
4.4808e-005,0.0204783
4.4812e-005,0.0197937
4.4816e-005,0.0203592
4.482e-005,0.0196251
4.4824e-005,0.0208851
4.4828e-005,0.0198483
4.4832e-005,0.0207759
4.4836e-005,0.0198285
4.484e-005,0.0201608
4.4844e-005,0.019754
4.4848e-005,0.0204237
4.4852e-005,0.0202005
4.4856e-005,0.0198285
4.486e-005,0.0202154
4.4864e-005,0.0204833
4.4868e-005,0.0202154
4.4872e-005,0.0201707
4.4876e-005,0.0204634
4.488e-005,0.0204684
4.4884e-005,0.0204733
4.4888e-005,0.0200666
4.4892e-005,0.0203741
4.4896e-005,0.0203196
4.49e-005,0.0199773
4.4904e-005,0.0201608
4.4908e-005,0.0200814
4.4912e-005,0.0201856
4.4916e-005,0.0198235
4.492e-005,0.0205279
4.4924e-005,0.0202005
4.4928e-005,0.0197193
4.4932e-005,0.0206767
4.4936e-005,0.0201807
4.494e-005,0.0198235
4.4944e-005,0.0204336
4.4948e-005,0.0201658
4.4952e-005,0.0202303
4.4956e-005,0.020141
4.496e-005,0.0202451
4.4964e-005,0.0208652
4.4968e-005,0.0202997
4.4972e-005,0.020642
4.4976e-005,0.0204386
4.498e-005,0.0202898
4.4984e-005,0.0202699
4.4988e-005,0.020637
4.4992e-005,0.0205279
4.4996e-005,0.0198433
4.5e-005,0.0197987
4.5004e-005,0.0198334
4.5008e-005,0.0203394
4.5012e-005,0.0202154
4.5016e-005,0.0201906
4.502e-005,0.0201459
4.5024e-005,0.0196648
4.5028e-005,0.0203295
4.5032e-005,0.0202402
4.5036e-005,0.0200219
4.504e-005,0.0202501
4.5044e-005,0.0200864
4.5048e-005,0.0202203
4.5052e-005,0.019754
4.5056e-005,0.0199227
4.506e-005,0.0204981
4.5064e-005,0.0202253
4.5068e-005,0.0200715
4.5072e-005,0.020017
4.5076e-005,0.0199971
4.508e-005,0.0204485
4.5084e-005,0.0200368
4.5088e-005,0.0204436
4.5092e-005,0.0203047
4.5096e-005,0.0203444
4.51e-005,0.0201658
4.5104e-005,0.0201509
4.5108e-005,0.020265
4.5112e-005,0.0199922
4.5116e-005,0.0211033
4.512e-005,0.0200666
4.5124e-005,0.0207065
4.5128e-005,0.0203394
4.5132e-005,0.0203047
4.5136e-005,0.0200418
4.514e-005,0.020265
4.5144e-005,0.0199525
4.5148e-005,0.0204684
4.5152e-005,0.0204981
4.5156e-005,0.019764
4.516e-005,0.0199922
4.5164e-005,0.0208603
4.5168e-005,0.0203791
4.5172e-005,0.020141
4.5176e-005,0.0197689
4.518e-005,0.0204138
4.5184e-005,0.020766
4.5188e-005,0.020012
4.5192e-005,0.019883
4.5196e-005,0.0197937
4.52e-005,0.020017
4.5204e-005,0.0203196
4.5208e-005,0.0204882
4.5212e-005,0.0207958
4.5216e-005,0.0203295
4.522e-005,0.0204634
4.5224e-005,0.0206866
4.5228e-005,0.0194564
4.5232e-005,0.0205329
4.5236e-005,0.0194961
4.524e-005,0.0202154
4.5244e-005,0.0202749
4.5248e-005,0.0203394
4.5252e-005,0.0205676
4.5256e-005,0.0207164
4.526e-005,0.0203444
4.5264e-005,0.0201707
4.5268e-005,0.0206519
4.5272e-005,0.0209744
4.5276e-005,0.0201707
4.528e-005,0.0200864
4.5284e-005,0.0204287
4.5288e-005,0.0205081
4.5292e-005,0.0203692
4.5296e-005,0.0197044
4.53e-005,0.0201707
4.5304e-005,0.0200864
4.5308e-005,0.0208156
4.5312e-005,0.0208404
4.5316e-005,0.0199822
4.532e-005,0.0198384
4.5324e-005,0.0203196
4.5328e-005,0.021024
4.5332e-005,0.0217482
4.5336e-005,0.0219913
4.534e-005,0.0221153
4.5344e-005,0.0213762
4.5348e-005,0.0200566
4.5352e-005,0.0190298
4.5356e-005,0.0195606
4.536e-005,0.0186131
4.5364e-005,0.0184395
4.5368e-005,0.0181716
4.5372e-005,0.0114202
4.5376e-005,0.00216874
4.538e-005,0.00129072
4.5384e-005,-0.000753048
4.5388e-005,-0.000281792
4.5392e-005,-4.36833e-005
4.5396e-005,-0.000946511
4.54e-005,-0.000772891
4.5404e-005,-1.88803e-005
4.5408e-005,-0.00139296
4.5412e-005,0.00626619
4.5416e-005,0.0167628
4.542e-005,0.0180823
4.5424e-005,0.0194763
4.5428e-005,0.0212472
4.5432e-005,0.0226659
4.5436e-005,0.0229983
4.544e-005,0.0245807
4.5444e-005,0.0251413
4.5448e-005,0.0258705
4.5452e-005,0.0263616
4.5456e-005,0.0265848
4.546e-005,0.0268229
4.5464e-005,0.0270858
4.5468e-005,0.0275422
4.5472e-005,0.0282367
4.5476e-005,0.0283111
4.548e-005,0.0280432
4.5484e-005,0.0284599
4.5488e-005,0.0285194
4.5492e-005,0.0283508
4.5496e-005,0.0290304
4.55e-005,0.0287526
4.5504e-005,0.0283458
4.5508e-005,0.0289063
4.5512e-005,0.0287575
4.5516e-005,0.0285393
4.552e-005,0.0288617
4.5524e-005,0.0286037
4.5528e-005,0.0284252
4.5532e-005,0.0286434
4.5536e-005,0.0286434
4.554e-005,0.0288022
4.5544e-005,0.0283557
4.5548e-005,0.0285641
4.5552e-005,0.0282813
4.5556e-005,0.02845
4.556e-005,0.0279539
4.5564e-005,0.028445
4.5568e-005,0.0279291
4.5572e-005,0.0283359
4.5576e-005,0.0279589
4.558e-005,0.0285988
4.5584e-005,0.0278745
4.5588e-005,0.0276811
4.5592e-005,0.0283111
4.5596e-005,0.0280234
4.56e-005,0.0280878
4.5604e-005,0.0285194
4.5608e-005,0.0280035
4.5612e-005,0.0275471
4.5616e-005,0.0283458
4.562e-005,0.0278993
4.5624e-005,0.0276761
4.5628e-005,0.0279192
4.5632e-005,0.0278349
4.5636e-005,0.028073
4.564e-005,0.0279688
4.5644e-005,0.0287228
4.5648e-005,0.0283706
4.5652e-005,0.0281375
4.5656e-005,0.027686
4.566e-005,0.0282416
4.5664e-005,0.0283557
4.5668e-005,0.0280283
4.5672e-005,0.0278795
4.5676e-005,0.028063
4.568e-005,0.0280333
4.5684e-005,0.0278845
4.5688e-005,0.0279986
4.5692e-005,0.0283359
4.5696e-005,0.0279192
4.57e-005,0.0278597
4.5704e-005,0.0278051
4.5708e-005,0.0274975
4.5712e-005,0.0278497
4.5716e-005,0.0279936
4.572e-005,0.0280184
4.5724e-005,0.0277406
4.5728e-005,0.0279688
4.5732e-005,0.0273289
4.5736e-005,0.0279638
4.574e-005,0.0276414
4.5744e-005,0.0276464
4.5748e-005,0.0276712
4.5752e-005,0.0279688
4.5756e-005,0.0275323
4.576e-005,0.0276513
4.5764e-005,0.0279142
4.5768e-005,0.0275521
4.5772e-005,0.0284053
4.5776e-005,0.0280283
4.578e-005,0.0278299
4.5784e-005,0.0277108
4.5788e-005,0.0276364
4.5792e-005,0.0279936
4.5796e-005,0.0280829
4.58e-005,0.0280333
4.5804e-005,0.0281672
4.5808e-005,0.0285839
4.5812e-005,0.0278001
4.5816e-005,0.0278993
4.582e-005,0.028068
4.5824e-005,0.0279539
4.5828e-005,0.0276215
4.5832e-005,0.0277852
4.5836e-005,0.0279192
4.584e-005,0.0279638
4.5844e-005,0.0279093
4.5848e-005,0.0283706
4.5852e-005,0.0276612
4.5856e-005,0.0279142
4.586e-005,0.0282069
4.5864e-005,0.0273884
4.5868e-005,0.0279093
4.5872e-005,0.0280482
4.5876e-005,0.0273884
4.588e-005,0.0277704
4.5884e-005,0.0277852
4.5888e-005,0.0274926
4.5892e-005,0.0277852
4.5896e-005,0.0280035
4.59e-005,0.0280333
4.5904e-005,0.027686
4.5908e-005,0.0278944
4.5912e-005,0.0281871
4.5916e-005,0.0275422
4.592e-005,0.0282267
4.5924e-005,0.0279291
4.5928e-005,0.0276712
4.5932e-005,0.0279539
4.5936e-005,0.0276761
4.594e-005,0.0281077
4.5944e-005,0.0278646
4.5948e-005,0.0277604
4.5952e-005,0.0281771
4.5956e-005,0.028068
4.596e-005,0.0276811
4.5964e-005,0.0281871
4.5968e-005,0.0279688
4.5972e-005,0.0282367
4.5976e-005,0.0284996
4.598e-005,0.0281126
4.5984e-005,0.0278597
4.5988e-005,0.0278894
4.5992e-005,0.027939
4.5996e-005,0.0279738
4.6e-005,0.0279738
4.6004e-005,0.0278448
4.6008e-005,0.0278349
4.6012e-005,0.0278894
4.6016e-005,0.0277108
4.602e-005,0.027696
4.6024e-005,0.0283557
4.6028e-005,0.0275918
4.6032e-005,0.0276414
4.6036e-005,0.0277505
4.604e-005,0.0277406
4.6044e-005,0.0278398
4.6048e-005,0.0282367
4.6052e-005,0.0279936
4.6056e-005,0.0281821
4.606e-005,0.0275422
4.6064e-005,0.0279886
4.6068e-005,0.0281573
4.6072e-005,0.0279589
4.6076e-005,0.0283855
4.608e-005,0.0283359
4.6084e-005,0.0276265
4.6088e-005,0.026937
4.6092e-005,0.027443
4.6096e-005,0.0271007
4.61e-005,0.0277406
4.6104e-005,0.0270461
4.6108e-005,0.0273636
4.6112e-005,0.0273735
4.6116e-005,0.0233604
4.612e-005,0.0197838
4.6124e-005,0.0202005
4.6128e-005,0.0189157
4.6132e-005,0.0183353
4.6136e-005,0.0184246
4.614e-005,0.0120552
4.6144e-005,0.00270449
4.6148e-005,0.00090379
4.6152e-005,-0.000534782
4.6156e-005,-0.000500058
4.616e-005,0.000313479
4.6164e-005,-0.000381004
4.6168e-005,4.06468e-005
4.6172e-005,0.000263874
4.6176e-005,-0.00163107
4.618e-005,0.00540305
4.6184e-005,0.0166537
4.6188e-005,0.0198929
4.6192e-005,0.0219069
4.6196e-005,0.0246502
4.62e-005,0.0267286
4.6204e-005,0.0267981
4.6208e-005,0.0293082
4.6212e-005,0.030707
4.6216e-005,0.0326268
4.622e-005,0.0329343
4.6224e-005,0.0335891
4.6228e-005,0.0339314
4.6232e-005,0.0357172
4.6236e-005,0.0352807
4.624e-005,0.0361687
4.6244e-005,0.0368631
4.6248e-005,0.0363324
4.6252e-005,0.0369028
4.6256e-005,0.0371757
4.626e-005,0.0374584
4.6264e-005,0.0379644
4.6268e-005,0.0376568
4.6272e-005,0.0379445
4.6276e-005,0.0379197
4.628e-005,0.038262
4.6284e-005,0.0385547
4.6288e-005,0.03852
4.6292e-005,0.0388226
4.6296e-005,0.038386
4.63e-005,0.0380388
4.6304e-005,0.038639
4.6308e-005,0.0385349
4.6312e-005,0.0385249
4.6316e-005,0.0384853
4.632e-005,0.0382223
4.6324e-005,0.0380586
4.6328e-005,0.0378999
4.6332e-005,0.0377709
4.6336e-005,0.0379396
4.634e-005,0.0380735
4.6344e-005,0.038009
4.6348e-005,0.0382372
4.6352e-005,0.0381777
4.6356e-005,0.0379049
4.636e-005,0.0377957
4.6364e-005,0.0381926
4.6368e-005,0.0377015
4.6372e-005,0.037637
4.6376e-005,0.0383216
4.638e-005,0.0381281
4.6384e-005,0.0383662
4.6388e-005,0.0387928
4.6392e-005,0.0380884
4.6396e-005,0.0382124
4.64e-005,0.0385993
4.6404e-005,0.0386787
4.6408e-005,0.0385745
4.6412e-005,0.0381727
4.6416e-005,0.0380289
4.642e-005,0.0390012
4.6424e-005,0.0381827
4.6428e-005,0.0385448
4.6432e-005,0.0380686
4.6436e-005,0.0384406
4.644e-005,0.0378602
4.6444e-005,0.0381876
4.6448e-005,0.0390458
4.6452e-005,0.0378205
4.6456e-005,0.0385101
4.646e-005,0.0389416
4.6464e-005,0.0383811
4.6468e-005,0.0385051
4.6472e-005,0.0380537
4.6476e-005,0.0384803
4.648e-005,0.0387581
4.6484e-005,0.0384604
4.6488e-005,0.0384952
4.6492e-005,0.0379644
4.6496e-005,0.0384456
4.65e-005,0.0375527
4.6504e-005,0.0379197
4.6508e-005,0.0386489
4.6512e-005,0.0383811
4.6516e-005,0.0383612
4.652e-005,0.0386738
4.6524e-005,0.0383116
4.6528e-005,0.0380537
4.6532e-005,0.0385101
4.6536e-005,0.0381033
4.654e-005,0.0381281
4.6544e-005,0.0385696
4.6548e-005,0.0382819
4.6552e-005,0.0380735
4.6556e-005,0.0380239
4.656e-005,0.0377957
4.6564e-005,0.0388176
4.6568e-005,0.03852
4.6572e-005,0.0382719
4.6576e-005,0.0383414
4.658e-005,0.0384208
4.6584e-005,0.0384803
4.6588e-005,0.0385696
4.6592e-005,0.0381926
4.6596e-005,0.038009
4.66e-005,0.0386489
4.6604e-005,0.0380983
4.6608e-005,0.037885
4.6612e-005,0.0381529
4.6616e-005,0.0383265
4.662e-005,0.0383364
4.6624e-005,0.0379396
4.6628e-005,0.038391
4.6632e-005,0.0381231
4.6636e-005,0.0378106
4.664e-005,0.0383265
4.6644e-005,0.0378106
4.6648e-005,0.038133
4.6652e-005,0.0385349
4.6656e-005,0.0383464
4.666e-005,0.0378404
4.6664e-005,0.0380537
4.6668e-005,0.0380735
4.6672e-005,0.0377511
4.6676e-005,0.0378801
4.668e-005,0.0381231
4.6684e-005,0.038014
4.6688e-005,0.0384456
4.6692e-005,0.038138
4.6696e-005,0.0380983
4.67e-005,0.0385349
4.6704e-005,0.0387283
4.6708e-005,0.0379247
4.6712e-005,0.0378999
4.6716e-005,0.0377312
4.672e-005,0.0375378
4.6724e-005,0.0375031
4.6728e-005,0.0377114
4.6732e-005,0.0372649
4.6736e-005,0.0378701
4.674e-005,0.0378652
4.6744e-005,0.0378503
4.6748e-005,0.0384456
4.6752e-005,0.0378106
4.6756e-005,0.0382174
4.676e-005,0.0378553
4.6764e-005,0.0382372
4.6768e-005,0.0383364
4.6772e-005,0.0379892
4.6776e-005,0.0383612
4.678e-005,0.0388275
4.6784e-005,0.038386
4.6788e-005,0.0378255
4.6792e-005,0.0379396
4.6796e-005,0.0384803
4.68e-005,0.0385993
4.6804e-005,0.0382719
4.6808e-005,0.0391797
4.6812e-005,0.0380388
4.6816e-005,0.0382819
4.682e-005,0.0387432
4.6824e-005,0.0379743
4.6828e-005,0.0379892
4.6832e-005,0.0383761
4.6836e-005,0.038396
4.684e-005,0.0378453
4.6844e-005,0.0376271
4.6848e-005,0.0383811
4.6852e-005,0.0378553
4.6856e-005,0.0379346
4.686e-005,0.0362331
4.6864e-005,0.033986
4.6868e-005,0.0334999
4.6872e-005,0.0322994
4.6876e-005,0.032602
4.688e-005,0.0319174
4.6884e-005,0.0265451
4.6888e-005,0.0213166
4.6892e-005,0.0202104
4.6896e-005,0.0192034
4.69e-005,0.0184792
4.6904e-005,0.019382
4.6908e-005,0.0124818
4.6912e-005,0.00208441
4.6916e-005,0.000978199
4.692e-005,-0.000361161
4.6924e-005,-0.000792733
4.6928e-005,-0.000252028
4.6932e-005,0.000313479
4.6936e-005,6.54498e-005
4.694e-005,-0.000400846
4.6944e-005,-0.000867142
4.6948e-005,0.00560147
4.6952e-005,0.0180278
4.6956e-005,0.0208057
4.696e-005,0.0246353
4.6964e-005,0.0272842
4.6968e-005,0.0297596
4.6972e-005,0.031967
4.6976e-005,0.0343878
4.698e-005,0.0355337
4.6984e-005,0.0369227
4.6988e-005,0.0379892
4.6992e-005,0.0388226
4.6996e-005,0.0406332
4.7e-005,0.0412334
4.7004e-005,0.0415608
4.7008e-005,0.042042
4.7012e-005,0.0431085
4.7016e-005,0.0434954
4.702e-005,0.0441949
4.7024e-005,0.0444528
4.7028e-005,0.044562
4.7032e-005,0.0454499
4.7036e-005,0.0452515
4.704e-005,0.0452961
4.7044e-005,0.0459906
4.7048e-005,0.0460898
4.7052e-005,0.0462982
4.7056e-005,0.0467198
4.706e-005,0.0459609
4.7064e-005,0.0459261
4.7068e-005,0.046452
4.7072e-005,0.0466206
4.7076e-005,0.0473895
4.708e-005,0.0463776
4.7084e-005,0.0465512
4.7088e-005,0.0469679
4.7092e-005,0.0473846
4.7096e-005,0.0465413
4.71e-005,0.0461593
4.7104e-005,0.0469629
4.7108e-005,0.0469232
4.7112e-005,0.0465512
4.7116e-005,0.0471266
4.712e-005,0.0466752
4.7124e-005,0.046824
4.7128e-005,0.0470423
4.7132e-005,0.0477516
4.7136e-005,0.0467496
4.714e-005,0.0475731
4.7144e-005,0.0479848
4.7148e-005,0.0472159
4.7152e-005,0.0468984
4.7156e-005,0.0475433
4.716e-005,0.0475086
4.7164e-005,0.0470026
4.7168e-005,0.0471961
4.7172e-005,0.0473945
4.7176e-005,0.0468835
4.718e-005,0.0474937
4.7184e-005,0.0474738
4.7188e-005,0.046953
4.7192e-005,0.0469728
4.7196e-005,0.0473796
4.72e-005,0.0470671
4.7204e-005,0.0471861
4.7208e-005,0.0468984
4.7212e-005,0.0472853
4.7216e-005,0.0471167
4.722e-005,0.0474986
4.7224e-005,0.0467744
4.7228e-005,0.0471663
4.7232e-005,0.0472407
4.7236e-005,0.0476276
4.724e-005,0.047583
4.7244e-005,0.0471068
4.7248e-005,0.0475582
4.7252e-005,0.0476971
4.7256e-005,0.0479749
4.726e-005,0.047831
4.7264e-005,0.0479203
4.7268e-005,0.0473598
4.7272e-005,0.0475135
4.7276e-005,0.0473151
4.728e-005,0.0480443
4.7284e-005,0.0479401
4.7288e-005,0.0478856
4.7292e-005,0.0480741
4.7296e-005,0.047325
4.73e-005,0.0482427
4.7304e-005,0.0476921
4.7308e-005,0.0474788
4.7312e-005,0.0474838
4.7316e-005,0.0472308
4.732e-005,0.0480542
4.7324e-005,0.047826
4.7328e-005,0.0477417
4.7332e-005,0.0473052
4.7336e-005,0.047955
4.734e-005,0.047449
4.7344e-005,0.0481038
4.7348e-005,0.0472209
4.7352e-005,0.0472506
4.7356e-005,0.047449
4.736e-005,0.0482427
4.7364e-005,0.0473399
4.7368e-005,0.0474639
4.7372e-005,0.0481237
4.7376e-005,0.0477715
4.738e-005,0.047459
4.7384e-005,0.0477467
4.7388e-005,0.0472109
4.7392e-005,0.0477913
4.7396e-005,0.0474292
4.74e-005,0.0475582
4.7404e-005,0.0479203
4.7408e-005,0.0475433
4.7412e-005,0.0477715
4.7416e-005,0.047707
4.742e-005,0.0477368
4.7424e-005,0.0476127
4.7428e-005,0.0483866
4.7432e-005,0.0473945
4.7436e-005,0.0475185
4.744e-005,0.0473548
4.7444e-005,0.0481386
4.7448e-005,0.0475383
4.7452e-005,0.0474689
4.7456e-005,0.0483568
4.746e-005,0.0476574
4.7464e-005,0.0472804
4.7468e-005,0.0476772
4.7472e-005,0.0476574
4.7476e-005,0.0473151
4.748e-005,0.0474143
4.7484e-005,0.047325
4.7488e-005,0.0470869
4.7492e-005,0.0477268
4.7496e-005,0.0475681
4.75e-005,0.0476475
4.7504e-005,0.0473548
4.7508e-005,0.0470671
4.7512e-005,0.047077
4.7516e-005,0.0479153
4.752e-005,0.0472159
4.7524e-005,0.0478459
4.7528e-005,0.0477913
4.7532e-005,0.0477318
4.7536e-005,0.0476177
4.754e-005,0.047072
4.7544e-005,0.0476475
4.7548e-005,0.0472705
4.7552e-005,0.047454
4.7556e-005,0.0472357
4.756e-005,0.0472605
4.7564e-005,0.047201
4.7568e-005,0.0474044
4.7572e-005,0.0474242
4.7576e-005,0.0476078
4.758e-005,0.0474887
4.7584e-005,0.047707
4.7588e-005,0.0469183
4.7592e-005,0.0479501
4.7596e-005,0.0472457
4.76e-005,0.0477318
4.7604e-005,0.0475681
4.7608e-005,0.0471613
4.7612e-005,0.0479699
4.7616e-005,0.0471812
4.762e-005,0.0471514
4.7624e-005,0.0471861
4.7628e-005,0.0425083
4.7632e-005,0.039021
4.7636e-005,0.0364961
4.764e-005,0.0353353
4.7644e-005,0.0351368
4.7648e-005,0.034358
4.7652e-005,0.0279093
4.7656e-005,0.0218127
4.766e-005,0.0197491
4.7664e-005,0.0190893
4.7668e-005,0.0185635
4.7672e-005,0.0176607
4.7676e-005,0.0122735
4.768e-005,0.00264992
4.7684e-005,0.00127087
4.7688e-005,-0.000584388
4.7692e-005,-0.00035124
4.7696e-005,-0.000212343
4.77e-005,-0.000366122
4.7704e-005,0.000511903
4.7708e-005,0.000189465
4.7712e-005,-0.00181958
4.7716e-005,0.00621163
4.772e-005,0.0170803
4.7724e-005,0.0188512
4.7728e-005,0.0186776
4.7732e-005,0.0188611
4.7736e-005,0.0197342
4.774e-005,0.019005
4.7744e-005,0.0199773
4.7748e-005,0.0195705
4.7752e-005,0.0192927
4.7756e-005,0.0199227
4.776e-005,0.0197144
4.7764e-005,0.0195358
4.7768e-005,0.019883
4.7772e-005,0.0197193
4.7776e-005,0.0195259
4.778e-005,0.0199277
4.7784e-005,0.0192629
4.7788e-005,0.0197789
4.7792e-005,0.0196003
4.7796e-005,0.0202551
4.78e-005,0.0199475
4.7804e-005,0.0195308
4.7808e-005,0.0197739
4.7812e-005,0.0200715
4.7816e-005,0.019382
4.782e-005,0.019511
4.7824e-005,0.0196251
4.7828e-005,0.0199674
4.7832e-005,0.0194961
4.7836e-005,0.0202948
4.784e-005,0.0200666
4.7844e-005,0.0203245
4.7848e-005,0.0197193
4.7852e-005,0.0198632
4.7856e-005,0.0199574
4.786e-005,0.019253
4.7864e-005,0.019754
4.7868e-005,0.0197987
4.7872e-005,0.0199277
4.7876e-005,0.0201608
4.788e-005,0.0200914
4.7884e-005,0.0197838
4.7888e-005,0.0195903
4.7892e-005,0.019883
4.7896e-005,0.0194465
4.79e-005,0.0195159
4.7904e-005,0.0199525
4.7908e-005,0.0196796
4.7912e-005,0.0196896
4.7916e-005,0.0200219
4.792e-005,0.0201459
4.7924e-005,0.0200616
4.7928e-005,0.0199227
4.7932e-005,0.0199128
4.7936e-005,0.0196003
4.794e-005,0.0194713
4.7944e-005,0.0203196
4.7948e-005,0.0199922
4.7952e-005,0.0192927
4.7956e-005,0.0198681
4.796e-005,0.0195804
4.7964e-005,0.0200219
4.7968e-005,0.0199674
4.7972e-005,0.019764
4.7976e-005,0.0202451
4.798e-005,0.019754
4.7984e-005,0.0198136
4.7988e-005,0.0202154
4.7992e-005,0.0200517
4.7996e-005,0.0204237
4.8e-005,0.0194713
4.8004e-005,0.0203444
4.8008e-005,0.0196995
4.8012e-005,0.0200914
4.8016e-005,0.020265
4.802e-005,0.0201955
4.8024e-005,0.0193324
4.8028e-005,0.0195159
4.8032e-005,0.0196995
4.8036e-005,0.0199822
4.804e-005,0.0196796
4.8044e-005,0.0198483
4.8048e-005,0.0196201
4.8052e-005,0.0197739
4.8056e-005,0.0198681
4.806e-005,0.0202997
4.8064e-005,0.0194118
4.8068e-005,0.0209297
4.8072e-005,0.0198781
4.8076e-005,0.0193126
4.808e-005,0.0202551
4.8084e-005,0.0194266
4.8088e-005,0.020017
4.8092e-005,0.0195159
4.8096e-005,0.0193225
4.81e-005,0.0197044
4.8104e-005,0.0199277
4.8108e-005,0.0201707
4.8112e-005,0.0193969
4.8116e-005,0.0195358
4.812e-005,0.0201261
4.8124e-005,0.0197243
4.8128e-005,0.0206073
4.8132e-005,0.0202005
4.8136e-005,0.0192481
4.814e-005,0.0197491
4.8144e-005,0.019883
4.8148e-005,0.0201906
4.8152e-005,0.0202055
4.8156e-005,0.0201707
4.816e-005,0.0199674
4.8164e-005,0.0199475
4.8168e-005,0.0202303
4.8172e-005,0.0204039
4.8176e-005,0.020007
4.818e-005,0.0195804
4.8184e-005,0.0201856
4.8188e-005,0.0200616
4.8192e-005,0.0200666
4.8196e-005,0.0202055
4.82e-005,0.0206073
4.8204e-005,0.0205477
4.8208e-005,0.0209247
4.8212e-005,0.0203642
4.8216e-005,0.0204287
4.822e-005,0.020141
4.8224e-005,0.0199971
4.8228e-005,0.0198979
4.8232e-005,0.0200864
4.8236e-005,0.020017
4.824e-005,0.0201112
4.8244e-005,0.0197888
4.8248e-005,0.0193026
4.8252e-005,0.0196995
4.8256e-005,0.0203543
4.826e-005,0.020136
4.8264e-005,0.0199822
4.8268e-005,0.0200864
4.8272e-005,0.0201955
4.8276e-005,0.0199822
4.828e-005,0.0200914
4.8284e-005,0.0203047
4.8288e-005,0.0202699
4.8292e-005,0.0202352
4.8296e-005,0.019759
4.83e-005,0.0197044
4.8304e-005,0.0201757
4.8308e-005,0.0200021
4.8312e-005,0.020007
4.8316e-005,0.0200269
4.832e-005,0.0207511
4.8324e-005,0.019888
4.8328e-005,0.0193572
4.8332e-005,0.0204088
4.8336e-005,0.0196995
4.834e-005,0.0202303
4.8344e-005,0.0205626
4.8348e-005,0.0194663
4.8352e-005,0.0197292
4.8356e-005,0.0200715
4.836e-005,0.0195308
4.8364e-005,0.0193721
4.8368e-005,0.0200765
4.8372e-005,0.0196995
4.8376e-005,0.0201261
4.838e-005,0.0196896
4.8384e-005,0.0201459
4.8388e-005,0.0198681
4.8392e-005,0.0192481
4.8396e-005,0.0212025
4.84e-005,0.0211728
4.8404e-005,0.0223534
4.8408e-005,0.0219863
4.8412e-005,0.0220954
4.8416e-005,0.0223534
4.842e-005,0.0203989
4.8424e-005,0.0193374
4.8428e-005,0.0197789
4.8432e-005,0.0190893
4.8436e-005,0.0191687
4.844e-005,0.019134
4.8444e-005,0.0120999
4.8448e-005,0.00320055
4.8452e-005,0.00101292
4.8456e-005,-0.000381004
4.846e-005,-0.000906827
4.8464e-005,0.000184504
4.8468e-005,-0.000445491
4.8472e-005,-0.000192501
4.8476e-005,-7.84074e-005
4.848e-005,-0.00106061
4.8484e-005,0.00692595
4.8488e-005,0.0160931
4.8492e-005,0.019511
4.8496e-005,0.020012
4.85e-005,0.0217631
4.8504e-005,0.0229735
4.8508e-005,0.0233604
4.8512e-005,0.0244269
4.8516e-005,0.0252801
4.852e-005,0.0254389
4.8524e-005,0.0257266
4.8528e-005,0.0268675
4.8532e-005,0.0267882
4.8536e-005,0.0270263
4.854e-005,0.0270808
4.8544e-005,0.0282317
4.8548e-005,0.0277059
4.8552e-005,0.0278349
4.8556e-005,0.0280382
4.856e-005,0.0286385
4.8564e-005,0.028063
4.8568e-005,0.0281275
4.8572e-005,0.0291941
4.8576e-005,0.0280928
4.858e-005,0.0286137
4.8584e-005,0.0285244
4.8588e-005,0.0280432
4.8592e-005,0.0284301
4.8596e-005,0.0286534
4.86e-005,0.0288964
4.8604e-005,0.0283954
4.8608e-005,0.0282267
4.8612e-005,0.0284053
4.8616e-005,0.0284897
4.862e-005,0.0280482
4.8624e-005,0.0279539
4.8628e-005,0.0285045
4.8632e-005,0.0282962
4.8636e-005,0.0284797
4.864e-005,0.0282664
4.8644e-005,0.0279638
4.8648e-005,0.0280531
4.8652e-005,0.0280085
4.8656e-005,0.0284897
4.866e-005,0.0281821
4.8664e-005,0.0285591
4.8668e-005,0.0282168
4.8672e-005,0.0281771
4.8676e-005,0.02844
4.868e-005,0.0281573
4.8684e-005,0.0279638
4.8688e-005,0.0282912
4.8692e-005,0.0278398
4.8696e-005,0.0277852
4.87e-005,0.0282466
4.8704e-005,0.0283607
4.8708e-005,0.0280829
4.8712e-005,0.0285591
4.8716e-005,0.0281722
4.872e-005,0.0272793
4.8724e-005,0.0276315
4.8728e-005,0.0279489
4.8732e-005,0.0284004
4.8736e-005,0.0278696
4.874e-005,0.0287129
4.8744e-005,0.0284748
4.8748e-005,0.0275471
4.8752e-005,0.0275025
4.8756e-005,0.0282267
4.876e-005,0.0282763
4.8764e-005,0.0274727
4.8768e-005,0.0276612
4.8772e-005,0.027815
4.8776e-005,0.0282962
4.878e-005,0.0278944
4.8784e-005,0.0277059
4.8788e-005,0.0277257
4.8792e-005,0.0278398
4.8796e-005,0.0280928
4.88e-005,0.0281573
4.8804e-005,0.0277555
4.8808e-005,0.0281523
4.8812e-005,0.0274281
4.8816e-005,0.0277555
4.882e-005,0.0282069
4.8824e-005,0.0280878
4.8828e-005,0.0279638
4.8832e-005,0.0284053
4.8836e-005,0.0284103
4.884e-005,0.028445
4.8844e-005,0.0276414
4.8848e-005,0.0276811
4.8852e-005,0.0285045
4.8856e-005,0.0279738
4.886e-005,0.0278795
4.8864e-005,0.027443
4.8868e-005,0.0278349
4.8872e-005,0.027815
4.8876e-005,0.0278894
4.888e-005,0.027319
4.8884e-005,0.0278299
4.8888e-005,0.0277952
4.8892e-005,0.0275174
4.8896e-005,0.0276761
4.89e-005,0.0277604
4.8904e-005,0.0276612
4.8908e-005,0.0280382
4.8912e-005,0.0274033
4.8916e-005,0.0272445
4.892e-005,0.0278547
4.8924e-005,0.0275025
4.8928e-005,0.0275075
4.8932e-005,0.0278001
4.8936e-005,0.02782
4.894e-005,0.0277803
4.8944e-005,0.0281176
4.8948e-005,0.0281027
4.8952e-005,0.0280531
4.8956e-005,0.0281722
4.896e-005,0.0279738
4.8964e-005,0.0276811
4.8968e-005,0.0281325
4.8972e-005,0.027567
4.8976e-005,0.0277902
4.898e-005,0.0276464
4.8984e-005,0.0275025
4.8988e-005,0.0280779
4.8992e-005,0.0281722
4.8996e-005,0.0283309
4.9e-005,0.0274876
4.9004e-005,0.0279489
4.9008e-005,0.0280779
4.9012e-005,0.0279986
4.9016e-005,0.0281672
4.902e-005,0.027309
4.9024e-005,0.0276414
4.9028e-005,0.0283061
4.9032e-005,0.0276067
4.9036e-005,0.028063
4.904e-005,0.0283408
4.9044e-005,0.0280482
4.9048e-005,0.0284946
4.9052e-005,0.0274182
4.9056e-005,0.0279986
4.906e-005,0.0276811
4.9064e-005,0.0279341
4.9068e-005,0.0282863
4.9072e-005,0.0277952
4.9076e-005,0.0287228
4.908e-005,0.0274578
4.9084e-005,0.0278845
4.9088e-005,0.0285591
4.9092e-005,0.0282664
4.9096e-005,0.0283557
4.91e-005,0.0277852
4.9104e-005,0.0281722
4.9108e-005,0.0274926
4.9112e-005,0.0278249
4.9116e-005,0.0276563
4.912e-005,0.0276811
4.9124e-005,0.0279539
4.9128e-005,0.0279837
4.9132e-005,0.0280134
4.9136e-005,0.0275223
4.914e-005,0.0280184
4.9144e-005,0.0278597
4.9148e-005,0.0279886
4.9152e-005,0.0283805
4.9156e-005,0.0277803
4.916e-005,0.0277604
4.9164e-005,0.0276315
4.9168e-005,0.0277257
4.9172e-005,0.0276067
4.9176e-005,0.0269072
4.918e-005,0.0268378
4.9184e-005,0.0275868
4.9188e-005,0.0236134
4.9192e-005,0.0204188
4.9196e-005,0.0195804
4.92e-005,0.0192381
4.9204e-005,0.0183204
4.9208e-005,0.0183452
4.9212e-005,0.0125513
4.9216e-005,0.00298724
4.922e-005,0.00111214
4.9224e-005,-0.000480216
4.9228e-005,-0.000619112
4.9232e-005,-0.000222265
4.9236e-005,0.000229149
4.924e-005,-0.000624073
4.9244e-005,-0.000807615
4.9248e-005,-0.00128879
4.9252e-005,0.0061273
4.9256e-005,0.016614
4.926e-005,0.0196796
4.9264e-005,0.0215498
4.9268e-005,0.0242533
4.9272e-005,0.0261681
4.9276e-005,0.0277654
4.928e-005,0.0290254
4.9284e-005,0.030583
4.9288e-005,0.0307021
4.9292e-005,0.0318976
4.9296e-005,0.0337628
4.93e-005,0.0338769
4.9304e-005,0.0346011
4.9308e-005,0.0348442
4.9312e-005,0.0365357
4.9316e-005,0.036124
4.932e-005,0.0364167
4.9324e-005,0.0367689
4.9328e-005,0.0372401
4.9332e-005,0.0373493
4.9336e-005,0.0373642
4.934e-005,0.0372253
4.9344e-005,0.0368979
4.9348e-005,0.0373294
4.9352e-005,0.0381926
4.9356e-005,0.0378056
4.936e-005,0.037766
4.9364e-005,0.0379346
4.9368e-005,0.0380785
4.9372e-005,0.0382967
4.9376e-005,0.0381132
4.938e-005,0.03789
4.9384e-005,0.0379396
4.9388e-005,0.0385398
4.9392e-005,0.0380785
4.9396e-005,0.0380537
4.94e-005,0.0378701
4.9404e-005,0.0382372
4.9408e-005,0.0378007
4.9412e-005,0.0386291
4.9416e-005,0.0383166
4.942e-005,0.0384505
4.9424e-005,0.0380686
4.9428e-005,0.0383364
4.9432e-005,0.0379644
4.9436e-005,0.0381182
4.944e-005,0.0380834
4.9444e-005,0.0384753
4.9448e-005,0.0385944
4.9452e-005,0.0380537
4.9456e-005,0.0379495
4.946e-005,0.0380785
4.9464e-005,0.0382868
4.9468e-005,0.0382521
4.9472e-005,0.0382223
4.9476e-005,0.038262
4.948e-005,0.0382521
4.9484e-005,0.0384108
4.9488e-005,0.0378652
4.9492e-005,0.0386341
4.9496e-005,0.0382372
4.95e-005,0.0383315
4.9504e-005,0.0375675
4.9508e-005,0.0386638
4.9512e-005,0.0382521
4.9516e-005,0.0378205
4.952e-005,0.0380884
4.9524e-005,0.0382223
4.9528e-005,0.0380239
4.9532e-005,0.0381975
4.9536e-005,0.0379594
4.954e-005,0.0379148
4.9544e-005,0.0378404
4.9548e-005,0.0374683
4.9552e-005,0.0378106
4.9556e-005,0.0376519
4.956e-005,0.0384604
4.9564e-005,0.0380983
4.9568e-005,0.0384456
4.9572e-005,0.0381281
4.9576e-005,0.0380586
4.958e-005,0.0380785
4.9584e-005,0.0379445
4.9588e-005,0.0379892
4.9592e-005,0.0383116
4.9596e-005,0.0383662
4.96e-005,0.0390359
4.9604e-005,0.0385944
4.9608e-005,0.0379495
4.9612e-005,0.0382819
4.9616e-005,0.0383612
4.962e-005,0.0379495
4.9624e-005,0.0375031
4.9628e-005,0.0380239
4.9632e-005,0.0382719
4.9636e-005,0.0387184
4.964e-005,0.0385349
4.9644e-005,0.0379247
4.9648e-005,0.0385249
4.9652e-005,0.038644
4.9656e-005,0.0374336
4.966e-005,0.0379743
4.9664e-005,0.0385299
4.9668e-005,0.038262
4.9672e-005,0.0388821
4.9676e-005,0.0389714
4.968e-005,0.0381628
4.9684e-005,0.0386093
4.9688e-005,0.0383712
4.9692e-005,0.0386738
4.9696e-005,0.0385795
4.97e-005,0.0390855
4.9704e-005,0.0384009
4.9708e-005,0.0381132
4.9712e-005,0.0390359
4.9716e-005,0.0380983
4.972e-005,0.038768
4.9724e-005,0.03852
4.9728e-005,0.0380983
4.9732e-005,0.0393186
4.9736e-005,0.0384902
4.974e-005,0.0382571
4.9744e-005,0.038515
4.9748e-005,0.0385894
4.9752e-005,0.0384952
4.9756e-005,0.038019
4.976e-005,0.0384704
4.9764e-005,0.0384208
4.9768e-005,0.0387581
4.9772e-005,0.0388126
4.9776e-005,0.0383563
4.978e-005,0.0385993
4.9784e-005,0.0383067
4.9788e-005,0.0381628
4.9792e-005,0.0383712
4.9796e-005,0.0382174
4.98e-005,0.0381678
4.9804e-005,0.0385001
4.9808e-005,0.0386688
4.9812e-005,0.038133
4.9816e-005,0.0383017
4.982e-005,0.0385249
4.9824e-005,0.0380934
4.9828e-005,0.038133
4.9832e-005,0.0381082
4.9836e-005,0.0379545
4.984e-005,0.0387531
4.9844e-005,0.0381182
4.9848e-005,0.0382471
4.9852e-005,0.0387283
4.9856e-005,0.0384604
4.986e-005,0.0378205
4.9864e-005,0.0380934
4.9868e-005,0.0384009
4.9872e-005,0.0382273
4.9876e-005,0.0375328
4.988e-005,0.0379197
4.9884e-005,0.038138
4.9888e-005,0.0380537
4.9892e-005,0.0384753
4.9896e-005,0.0374187
4.99e-005,0.0386986
4.9904e-005,0.0383563
4.9908e-005,0.0385497
4.9912e-005,0.0379297
4.9916e-005,0.0380834
4.992e-005,0.0387482
4.9924e-005,0.0373642
4.9928e-005,0.0383761
4.9932e-005,0.0358859
4.9936e-005,0.0340604
4.994e-005,0.0335842
4.9944e-005,0.0331923
4.9948e-005,0.0321555
4.9952e-005,0.0319918
4.9956e-005,0.0268775
4.996e-005,0.0206966
4.9964e-005,0.0196102
4.9968e-005,0.0190844
4.9972e-005,0.0189455
4.9976e-005,0.0190844
4.998e-005,0.012705
4.9984e-005,0.00333448
4.9988e-005,0.00101292
4.9992e-005,-0.000698482
4.9996e-005,-0.000301634
5e-005,-0.000356201
5.0004e-005,-0.000500058
5.0008e-005,-0.000490137
5.0012e-005,2.5765e-005
5.0016e-005,-0.000872102
5.002e-005,0.00691107
5.0024e-005,0.0173482
5.0028e-005,0.0206519
5.0032e-005,0.0242533
5.0036e-005,0.0277902
5.004e-005,0.0299233
5.0044e-005,0.031337
5.0048e-005,0.0338421
5.0052e-005,0.0353154
5.0056e-005,0.0368284
5.006e-005,0.0385944
5.0064e-005,0.0384158
5.0068e-005,0.0396361
5.0072e-005,0.0410598
5.0076e-005,0.0409358
5.008e-005,0.0420718
5.0084e-005,0.0416203
5.0088e-005,0.0432821
5.0092e-005,0.0437435
5.0096e-005,0.0438377
5.01e-005,0.0442693
5.0104e-005,0.0453358
5.0108e-005,0.0453805
5.0112e-005,0.0452912
5.0116e-005,0.0453259
5.012e-005,0.0453309
5.0124e-005,0.0456781
5.0128e-005,0.0457029
5.0132e-005,0.0459956
5.0136e-005,0.0459757
5.014e-005,0.0467149
5.0144e-005,0.0462486
5.0148e-005,0.0462238
5.0152e-005,0.0460254
5.0156e-005,0.0459807
5.016e-005,0.0459063
5.0164e-005,0.0467248
5.0168e-005,0.0467546
5.0172e-005,0.045812
5.0176e-005,0.0465958
5.018e-005,0.0466553
5.0184e-005,0.0470076
5.0188e-005,0.046695
5.0192e-005,0.0467397
5.0196e-005,0.0463478
5.02e-005,0.0467198
5.0204e-005,0.0469877
5.0208e-005,0.0469778
5.0212e-005,0.0470671
5.0216e-005,0.0470224
5.022e-005,0.0470869
5.0224e-005,0.0468042
5.0228e-005,0.0466206
5.0232e-005,0.046819
5.0236e-005,0.0472109
5.024e-005,0.047201
5.0244e-005,0.0472109
5.0248e-005,0.0470919
5.0252e-005,0.0471415
5.0256e-005,0.0465809
5.026e-005,0.0470572
5.0264e-005,0.0468389
5.0268e-005,0.047206
5.0272e-005,0.0474044
5.0276e-005,0.046571
5.028e-005,0.0475036
5.0284e-005,0.0470175
5.0288e-005,0.0472605
5.0292e-005,0.0469579
5.0296e-005,0.0466305
5.03e-005,0.0469282
5.0304e-005,0.0466256
5.0308e-005,0.0468141
5.0312e-005,0.0474689
5.0316e-005,0.0474689
5.032e-005,0.0470919
5.0324e-005,0.0468687
5.0328e-005,0.0474342
5.0332e-005,0.0472556
5.0336e-005,0.0478558
5.034e-005,0.047206
5.0344e-005,0.0469282
5.0348e-005,0.0474094
5.0352e-005,0.0471812
5.0356e-005,0.0473002
5.036e-005,0.047082
5.0364e-005,0.0474838
5.0368e-005,0.0469679
5.0372e-005,0.0472308
5.0376e-005,0.0477764
5.038e-005,0.0476425
5.0384e-005,0.0475532
5.0388e-005,0.0472705
5.0392e-005,0.0469133
5.0396e-005,0.0479501
5.04e-005,0.0466702
5.0404e-005,0.0475979
5.0408e-005,0.047325
5.0412e-005,0.0470968
5.0416e-005,0.0472506
5.042e-005,0.0479848
5.0424e-005,0.0471911
5.0428e-005,0.0470224
5.0432e-005,0.0470373
5.0436e-005,0.0473201
5.044e-005,0.0476524
5.0444e-005,0.0474838
5.0448e-005,0.0471018
5.0452e-005,0.0469431
5.0456e-005,0.0477516
5.046e-005,0.0466901
5.0464e-005,0.0471167
5.0468e-005,0.0469282
5.0472e-005,0.0469679
5.0476e-005,0.0476673
5.048e-005,0.0472804
5.0484e-005,0.0473746
5.0488e-005,0.047459
5.0492e-005,0.0469381
5.0496e-005,0.0469431
5.05e-005,0.0465611
5.0504e-005,0.0472804
5.0508e-005,0.0470522
5.0512e-005,0.0474292
5.0516e-005,0.0473052
5.052e-005,0.0471068
5.0524e-005,0.0471911
5.0528e-005,0.0468736
5.0532e-005,0.0472953
5.0536e-005,0.0479352
5.054e-005,0.0476574
5.0544e-005,0.0473697
5.0548e-005,0.0472109
5.0552e-005,0.0477566
5.0556e-005,0.0469381
5.056e-005,0.047449
5.0564e-005,0.0476723
5.0568e-005,0.0467496
5.0572e-005,0.0476028
5.0576e-005,0.0473945
5.058e-005,0.0466157
5.0584e-005,0.0472209
5.0588e-005,0.0475582
5.0592e-005,0.0467248
5.0596e-005,0.0472754
5.06e-005,0.0474143
5.0604e-005,0.0474887
5.0608e-005,0.0472407
5.0612e-005,0.0475681
5.0616e-005,0.0472853
5.062e-005,0.0478558
5.0624e-005,0.0476276
5.0628e-005,0.0472903
5.0632e-005,0.0472258
5.0636e-005,0.0473548
5.064e-005,0.0473647
5.0644e-005,0.0472705
5.0648e-005,0.0475483
5.0652e-005,0.0466901
5.0656e-005,0.046819
5.066e-005,0.047578
5.0664e-005,0.0470869
5.0668e-005,0.0470324
5.0672e-005,0.0471316
5.0676e-005,0.0472308
5.068e-005,0.0476971
5.0684e-005,0.0474044
5.0688e-005,0.0477665
5.0692e-005,0.0472457
5.0696e-005,0.0467446
5.07e-005,0.0428803
5.0704e-005,0.040023
5.0708e-005,0.0378652
5.0712e-005,0.0364961
5.0716e-005,0.0357123
5.072e-005,0.0357619
5.0724e-005,0.0281126
5.0728e-005,0.0215299
5.0732e-005,0.0204833
5.0736e-005,0.0195556
5.074e-005,0.0187222
5.0744e-005,0.0187272
5.0748e-005,0.0140146
5.0752e-005,0.00369164
5.0756e-005,0.00141473
5.076e-005,0.00014978
5.0764e-005,-0.000187541
5.0768e-005,0.00023411
5.0772e-005,0.000124977
5.0776e-005,-0.00043557
5.078e-005,0.000100174
5.0784e-005,-0.000633994
5.0788e-005,0.00643485
5.0792e-005,0.0165445
5.0796e-005,0.0186974
5.08e-005,0.0191439
5.0804e-005,0.0198235
5.0808e-005,0.0199574
5.0812e-005,0.0194316
5.0816e-005,0.020389
5.082e-005,0.020017
5.0824e-005,0.0196548
5.0828e-005,0.0198235
5.0832e-005,0.0197888
5.0836e-005,0.0202203
5.084e-005,0.0207859
5.0844e-005,0.0201509
5.0848e-005,0.0203295
5.0852e-005,0.0199624
5.0856e-005,0.0205081
5.086e-005,0.0201658
5.0864e-005,0.0201559
5.0868e-005,0.0200963
5.0872e-005,0.0197342
5.0876e-005,0.0198037
5.088e-005,0.0202303
5.0884e-005,0.020384
5.0888e-005,0.0206519
5.0892e-005,0.0202551
5.0896e-005,0.0203791
5.09e-005,0.0207859
5.0904e-005,0.0198483
5.0908e-005,0.0199277
5.0912e-005,0.0206321
5.0916e-005,0.0196003
5.092e-005,0.0204932
5.0924e-005,0.0198582
5.0928e-005,0.0200914
5.0932e-005,0.0197491
5.0936e-005,0.0199376
5.094e-005,0.0203096
5.0944e-005,0.0203444
5.0948e-005,0.0206817
5.0952e-005,0.0203096
5.0956e-005,0.0203493
5.096e-005,0.0207412
5.0964e-005,0.020384
5.0968e-005,0.0206122
5.0972e-005,0.0204684
5.0976e-005,0.0198483
5.098e-005,0.0202055
5.0984e-005,0.0200914
5.0988e-005,0.0200864
5.0992e-005,0.0199574
5.0996e-005,0.0199425
5.1e-005,0.0199922
5.1004e-005,0.020761
5.1008e-005,0.0202451
5.1012e-005,0.0193622
5.1016e-005,0.0197491
5.102e-005,0.0205279
5.1024e-005,0.0200467
5.1028e-005,0.0198086
5.1032e-005,0.0202203
5.1036e-005,0.0196251
5.104e-005,0.0198483
5.1044e-005,0.0198632
5.1048e-005,0.0199326
5.1052e-005,0.0195953
5.1056e-005,0.0191241
5.106e-005,0.0197441
5.1064e-005,0.0200666
5.1068e-005,0.0198781
5.1072e-005,0.0199574
5.1076e-005,0.0199078
5.108e-005,0.0197888
5.1084e-005,0.02026
5.1088e-005,0.0201807
5.1092e-005,0.0208503
5.1096e-005,0.0204833
5.11e-005,0.0196995
5.1104e-005,0.0200566
5.1108e-005,0.0202997
5.1112e-005,0.0201856
5.1116e-005,0.0203245
5.112e-005,0.0201856
5.1124e-005,0.0198037
5.1128e-005,0.0204188
5.1132e-005,0.0204981
5.1136e-005,0.0201311
5.114e-005,0.020642
5.1144e-005,0.0199525
5.1148e-005,0.0195159
5.1152e-005,0.0205477
5.1156e-005,0.0194663
5.116e-005,0.0199624
5.1164e-005,0.019382
5.1168e-005,0.0199078
5.1172e-005,0.0200467
5.1176e-005,0.0204684
5.118e-005,0.0206569
5.1184e-005,0.0200318
5.1188e-005,0.0208751
5.1192e-005,0.0196846
5.1196e-005,0.01963
5.12e-005,0.0197739
5.1204e-005,0.0201112
5.1208e-005,0.0203692
5.1212e-005,0.0202749
5.1216e-005,0.0205081
5.122e-005,0.0203692
5.1224e-005,0.0200963
5.1228e-005,0.0198533
5.1232e-005,0.0199475
5.1236e-005,0.0199872
5.124e-005,0.0200368
5.1244e-005,0.0203245
5.1248e-005,0.0200914
5.1252e-005,0.0201559
5.1256e-005,0.0202997
5.126e-005,0.0199078
