Time,Ampl
4.126e-005,0.0491406
4.1264e-005,0.0489025
4.1268e-005,0.0488975
4.1272e-005,0.0498053
4.1276e-005,0.0487636
4.128e-005,0.0483568
4.1284e-005,0.0487686
4.1288e-005,0.0481187
4.1292e-005,0.0486445
4.1296e-005,0.0492745
4.13e-005,0.0486793
4.1304e-005,0.0485751
4.1308e-005,0.0494432
4.1312e-005,0.0487785
4.1316e-005,0.0485056
4.132e-005,0.0491902
4.1324e-005,0.0488628
4.1328e-005,0.0490662
4.1332e-005,0.049215
4.1336e-005,0.0485602
4.134e-005,0.0486396
4.1344e-005,0.0487636
4.1348e-005,0.0487388
4.1352e-005,0.0488827
4.1356e-005,0.048967
4.136e-005,0.0487834
4.1364e-005,0.048714
4.1368e-005,0.049592
4.1372e-005,0.049091
4.1376e-005,0.0493886
4.138e-005,0.0495722
4.1384e-005,0.0487884
4.1388e-005,0.0485652
4.1392e-005,0.0497508
4.1396e-005,0.0490364
4.14e-005,0.0489372
4.1404e-005,0.0498698
4.1408e-005,0.0482874
4.1412e-005,0.0488281
4.1416e-005,0.0491902
4.142e-005,0.0488231
4.1424e-005,0.0487438
4.1428e-005,0.0498103
4.1432e-005,0.0479947
4.1436e-005,0.0489571
4.144e-005,0.0498549
4.1444e-005,0.0485255
4.1448e-005,0.0491803
4.1452e-005,0.0493291
4.1456e-005,0.0491753
4.146e-005,0.0486148
4.1464e-005,0.0488579
4.1468e-005,0.0485801
4.1472e-005,0.0491406
4.1476e-005,0.0494085
4.148e-005,0.0487785
4.1484e-005,0.0488033
4.1488e-005,0.0490662
4.1492e-005,0.0489174
4.1496e-005,0.0489918
4.15e-005,0.0500583
4.1504e-005,0.0486495
4.1508e-005,0.0489769
4.1512e-005,0.0493093
4.1516e-005,0.0483618
4.152e-005,0.0483568
4.1524e-005,0.0495871
4.1528e-005,0.0488579
4.1532e-005,0.0487735
4.1536e-005,0.0490364
4.154e-005,0.0492696
4.1544e-005,0.0492696
4.1548e-005,0.048962
4.1552e-005,0.0488082
4.1556e-005,0.0490364
4.156e-005,0.0490761
4.1564e-005,0.0495027
4.1568e-005,0.0488827
4.1572e-005,0.0492051
4.1576e-005,0.0483767
4.158e-005,0.0489025
4.1584e-005,0.0488727
4.1588e-005,0.0482874
4.1592e-005,0.048456
4.1596e-005,0.049339
4.16e-005,0.0491108
4.1604e-005,0.0489174
4.1608e-005,0.0492001
4.1612e-005,0.0485106
4.1616e-005,0.048833
4.162e-005,0.0491356
4.1624e-005,0.0487884
4.1628e-005,0.0490662
4.1632e-005,0.0496565
4.1636e-005,0.0485255
4.164e-005,0.0490761
4.1644e-005,0.0494531
4.1648e-005,0.0486545
4.1652e-005,0.0485999
4.1656e-005,0.0489918
4.166e-005,0.0488033
4.1664e-005,0.0491059
4.1668e-005,0.0495375
4.1672e-005,0.048466
4.1676e-005,0.0489124
4.168e-005,0.0489769
4.1684e-005,0.0487586
4.1688e-005,0.0487934
4.1692e-005,0.0491009
4.1696e-005,0.04859
4.17e-005,0.0488926
4.1704e-005,0.0492249
4.1708e-005,0.0481882
4.1712e-005,0.0486942
4.1716e-005,0.0491803
4.172e-005,0.0486942
4.1724e-005,0.0493837
4.1728e-005,0.0498946
4.1732e-005,0.0484263
4.1736e-005,0.0483072
4.174e-005,0.0456037
4.1744e-005,0.0410499
4.1748e-005,0.0382471
4.1752e-005,0.0369475
4.1756e-005,0.0348888
4.176e-005,0.0343382
4.1764e-005,0.0309253
4.1768e-005,0.0226907
4.1772e-005,0.0202848
4.1776e-005,0.0192034
4.178e-005,0.0190992
4.1784e-005,0.0188909
4.1788e-005,0.0163709
4.1792e-005,0.00468872
4.1796e-005,0.00137505
4.18e-005,-0.000420688
4.1804e-005,-0.000450452
4.1808e-005,0.000199386
4.1812e-005,0.000184504
4.1816e-005,-8.95912e-006
4.182e-005,-0.000271871
4.1824e-005,0.000303558
4.1828e-005,0.00197032
4.1832e-005,0.0151556
4.1836e-005,0.0183452
4.184e-005,0.0185337
4.1844e-005,0.0201459
4.1848e-005,0.0215795
4.1852e-005,0.0210785
4.1856e-005,0.0218772
4.186e-005,0.0224625
4.1864e-005,0.0226163
4.1868e-005,0.0231521
4.1872e-005,0.0235638
4.1876e-005,0.0230231
4.188e-005,0.0231967
4.1884e-005,0.0238416
4.1888e-005,0.0239061
4.1892e-005,0.0231322
4.1896e-005,0.0242682
4.19e-005,0.0238664
4.1904e-005,0.0241987
4.1908e-005,0.0243872
4.1912e-005,0.0232661
4.1916e-005,0.0233306
4.192e-005,0.0237176
4.1924e-005,0.0236779
4.1928e-005,0.0237572
4.1932e-005,0.0239557
4.1936e-005,0.0237275
4.194e-005,0.0238713
4.1944e-005,0.0238317
4.1948e-005,0.0238614
4.1952e-005,0.0237672
4.1956e-005,0.0244567
4.196e-005,0.023792
4.1964e-005,0.0241739
4.1968e-005,0.0241491
4.1972e-005,0.0238267
4.1976e-005,0.0238565
4.198e-005,0.0246551
4.1984e-005,0.0238614
4.1988e-005,0.023415
4.1992e-005,0.0242384
4.1996e-005,0.0229983
4.2e-005,0.0232165
4.2004e-005,0.0238168
4.2008e-005,0.0238317
4.2012e-005,0.0237374
4.2016e-005,0.0241541
4.202e-005,0.0236878
4.2024e-005,0.0240499
4.2028e-005,0.0233852
4.2032e-005,0.0245261
4.2036e-005,0.023415
4.204e-005,0.0242632
4.2044e-005,0.0232314
4.2048e-005,0.0235539
4.2052e-005,0.0232711
4.2056e-005,0.023539
4.206e-005,0.0238168
4.2064e-005,0.0236878
4.2068e-005,0.0236729
4.2072e-005,0.0237969
4.2076e-005,0.024045
4.208e-005,0.0233158
4.2084e-005,0.0238069
4.2088e-005,0.0241392
4.2092e-005,0.0233058
4.2096e-005,0.0239309
4.21e-005,0.0242037
4.2104e-005,0.0237672
4.2108e-005,0.0237771
4.2112e-005,0.0238565
4.2116e-005,0.0232612
4.212e-005,0.0236729
4.2124e-005,0.0239011
4.2128e-005,0.0236382
4.2132e-005,0.0235539
4.2136e-005,0.0238664
4.214e-005,0.0228098
4.2144e-005,0.0236035
4.2148e-005,0.0241839
4.2152e-005,0.0233703
4.2156e-005,0.023033
4.216e-005,0.0237275
4.2164e-005,0.0234943
4.2168e-005,0.0236729
4.2172e-005,0.0240152
4.2176e-005,0.0240053
4.218e-005,0.0235191
4.2184e-005,0.0239854
4.2188e-005,0.0234993
4.2192e-005,0.0232215
4.2196e-005,0.0239457
4.22e-005,0.0238366
4.2204e-005,0.0231719
4.2208e-005,0.0238862
4.2212e-005,0.0233902
4.2216e-005,0.0232215
4.222e-005,0.0235687
4.2224e-005,0.0231769
4.2228e-005,0.02341
4.2232e-005,0.0237721
4.2236e-005,0.0233902
4.224e-005,0.0235836
4.2244e-005,0.0239805
4.2248e-005,0.0235539
4.2252e-005,0.0232711
4.2256e-005,0.0243476
4.226e-005,0.0240499
4.2264e-005,0.023415
4.2268e-005,0.0239408
4.2272e-005,0.0239557
4.2276e-005,0.0234547
4.228e-005,0.0245559
4.2284e-005,0.0240747
4.2288e-005,0.0238118
4.2292e-005,0.0243128
4.2296e-005,0.0240251
4.23e-005,0.0232066
4.2304e-005,0.0240499
4.2308e-005,0.0242533
4.2312e-005,0.0234447
4.2316e-005,0.0241045
4.232e-005,0.0239755
4.2324e-005,0.0238912
4.2328e-005,0.0240202
4.2332e-005,0.0240251
4.2336e-005,0.0237424
4.234e-005,0.0237672
4.2344e-005,0.0232017
4.2348e-005,0.0235092
4.2352e-005,0.0238118
4.2356e-005,0.0237324
4.236e-005,0.0234398
4.2364e-005,0.0239309
4.2368e-005,0.0236481
4.2372e-005,0.0233356
4.2376e-005,0.0241243
4.238e-005,0.0231322
4.2384e-005,0.0235638
4.2388e-005,0.0233852
4.2392e-005,0.0234695
4.2396e-005,0.0242483
4.24e-005,0.0241987
4.2404e-005,0.0234745
4.2408e-005,0.0239457
4.2412e-005,0.0242235
4.2416e-005,0.023792
4.242e-005,0.0241789
4.2424e-005,0.0242037
4.2428e-005,0.0236134
4.2432e-005,0.0238813
4.2436e-005,0.023782
4.244e-005,0.0235886
4.2444e-005,0.0228792
4.2448e-005,0.0238366
4.2452e-005,0.0240846
4.2456e-005,0.0234348
4.246e-005,0.023405
4.2464e-005,0.0229139
4.2468e-005,0.0235241
4.2472e-005,0.0239904
4.2476e-005,0.0237721
4.248e-005,0.023415
4.2484e-005,0.0241938
4.2488e-005,0.0229189
4.2492e-005,0.0231818
4.2496e-005,0.0244368
4.25e-005,0.0232364
4.2504e-005,0.0233108
4.2508e-005,0.023291
4.2512e-005,0.0243277
4.2516e-005,0.024298
4.252e-005,0.0249379
4.2524e-005,0.0248734
4.2528e-005,0.0243525
4.2532e-005,0.0232116
4.2536e-005,0.0199822
4.254e-005,0.0188463
4.2544e-005,0.0188909
4.2548e-005,0.0182808
4.2552e-005,0.017745
4.2556e-005,0.0149572
4.256e-005,0.00477305
4.2564e-005,0.00073513
4.2568e-005,-0.000202422
4.2572e-005,-0.000668718
4.2576e-005,-0.000252028
4.258e-005,-0.000594309
4.2584e-005,-0.000882024
4.2588e-005,-0.000500058
4.2592e-005,-0.000247068
4.2596e-005,0.00202984
4.26e-005,0.0147042
4.2604e-005,0.0185585
4.2608e-005,0.0195457
4.2612e-005,0.0223286
4.2616e-005,0.024298
4.262e-005,0.0251264
4.2624e-005,0.0261532
4.2628e-005,0.0268874
4.2632e-005,0.0281573
4.2636e-005,0.0282515
4.264e-005,0.0292288
4.2644e-005,0.02971
4.2648e-005,0.0298042
4.2652e-005,0.0307814
4.2656e-005,0.030707
4.266e-005,0.0314214
4.2664e-005,0.0322399
4.2668e-005,0.031714
4.2672e-005,0.031595
4.2676e-005,0.0321109
4.268e-005,0.0321307
4.2684e-005,0.0321357
4.2688e-005,0.0323936
4.2692e-005,0.0325573
4.2696e-005,0.0318926
4.27e-005,0.0330385
4.2704e-005,0.0327359
4.2708e-005,0.0321704
4.2712e-005,0.0330584
4.2716e-005,0.0323043
4.272e-005,0.0321158
4.2724e-005,0.0329889
4.2728e-005,0.0322151
4.2732e-005,0.0320861
4.2736e-005,0.03285
4.274e-005,0.0327111
4.2744e-005,0.0322795
4.2748e-005,0.0318133
4.2752e-005,0.032344
4.2756e-005,0.0315553
4.276e-005,0.0326268
4.2764e-005,0.0321307
4.2768e-005,0.0325276
4.2772e-005,0.0319819
4.2776e-005,0.0324532
4.278e-005,0.0319422
4.2784e-005,0.0326466
4.2788e-005,0.0323936
4.2792e-005,0.0320414
4.2796e-005,0.0321555
4.28e-005,0.0317587
4.2804e-005,0.0319273
4.2808e-005,0.0321655
4.2812e-005,0.0319521
4.2816e-005,0.0317488
4.282e-005,0.0320365
4.2824e-005,0.0317736
4.2828e-005,0.0322746
4.2832e-005,0.032096
4.2836e-005,0.0321109
4.284e-005,0.0325375
4.2844e-005,0.0324829
4.2848e-005,0.0317041
4.2852e-005,0.0322547
4.2856e-005,0.0322101
4.286e-005,0.0320662
4.2864e-005,0.0320563
4.2868e-005,0.0316099
4.2872e-005,0.031843
4.2876e-005,0.031972
4.288e-005,0.0322696
4.2884e-005,0.0314958
4.2888e-005,0.0313023
4.2892e-005,0.0320861
4.2896e-005,0.03159
4.29e-005,0.0316942
4.2904e-005,0.0321158
4.2908e-005,0.0322151
4.2912e-005,0.031848
4.2916e-005,0.0317785
4.292e-005,0.0317636
4.2924e-005,0.0312725
4.2928e-005,0.0321158
4.2932e-005,0.031089
4.2936e-005,0.0317785
4.294e-005,0.0320662
4.2944e-005,0.0315355
4.2948e-005,0.0316049
4.2952e-005,0.0315255
4.2956e-005,0.0319373
4.296e-005,0.0310295
4.2964e-005,0.0314214
4.2968e-005,0.0320166
4.2972e-005,0.0313519
4.2976e-005,0.031466
4.298e-005,0.0312279
4.2984e-005,0.031471
4.2988e-005,0.0318331
4.2992e-005,0.0323143
4.2996e-005,0.0319373
4.3e-005,0.0318976
4.3004e-005,0.031466
4.3008e-005,0.0310444
4.3012e-005,0.0316297
4.3016e-005,0.0315553
4.302e-005,0.0318579
4.3024e-005,0.031972
4.3028e-005,0.0316892
4.3032e-005,0.0319125
4.3036e-005,0.0320414
4.304e-005,0.0319075
4.3044e-005,0.0319025
4.3048e-005,0.0322547
4.3052e-005,0.0320315
4.3056e-005,0.0311386
4.306e-005,0.032096
4.3064e-005,0.0320216
4.3068e-005,0.0315851
4.3072e-005,0.0320266
4.3076e-005,0.0320514
4.308e-005,0.0314164
4.3084e-005,0.0326069
4.3088e-005,0.0314015
4.3092e-005,0.0317289
4.3096e-005,0.0319918
4.31e-005,0.0318976
4.3104e-005,0.0313271
4.3108e-005,0.0320464
4.3112e-005,0.0313817
4.3116e-005,0.031347
4.312e-005,0.0317091
4.3124e-005,0.0315305
4.3128e-005,0.0316744
4.3132e-005,0.0316694
4.3136e-005,0.0311039
4.314e-005,0.0315007
4.3144e-005,0.0322448
4.3148e-005,0.0313966
4.3152e-005,0.0313222
4.3156e-005,0.0320613
4.316e-005,0.0325673
4.3164e-005,0.0318381
4.3168e-005,0.0318281
4.3172e-005,0.0320365
4.3176e-005,0.0312428
4.318e-005,0.0324135
4.3184e-005,0.0318976
4.3188e-005,0.0321208
4.3192e-005,0.0326516
4.3196e-005,0.0320563
4.32e-005,0.0317289
4.3204e-005,0.0321803
4.3208e-005,0.0318678
4.3212e-005,0.03159
4.3216e-005,0.0319323
4.322e-005,0.0316892
4.3224e-005,0.0316644
4.3228e-005,0.0319422
4.3232e-005,0.0318331
4.3236e-005,0.0317289
4.324e-005,0.0329641
4.3244e-005,0.0321506
4.3248e-005,0.0314015
4.3252e-005,0.0323788
4.3256e-005,0.0315652
4.326e-005,0.0316049
4.3264e-005,0.0322845
4.3268e-005,0.031471
4.3272e-005,0.0308955
4.3276e-005,0.0312229
4.328e-005,0.030841
4.3284e-005,0.0299431
4.3288e-005,0.029447
4.3292e-005,0.0300622
4.3296e-005,0.0290006
4.33e-005,0.026808
4.3304e-005,0.0213414
4.3308e-005,0.0195259
4.3312e-005,0.0186181
4.3316e-005,0.0185635
4.332e-005,0.018127
4.3324e-005,0.0158302
4.3328e-005,0.00403889
4.3332e-005,0.0011419
4.3336e-005,-0.000336358
4.334e-005,-0.000872102
4.3344e-005,-0.000187541
4.3348e-005,-0.000395885
4.3352e-005,-0.000827457
4.3356e-005,-0.000713363
4.336e-005,-0.000956433
4.3364e-005,0.00192567
4.3368e-005,0.0149323
4.3372e-005,0.0193919
4.3376e-005,0.0215498
4.338e-005,0.024045
4.3384e-005,0.0273636
4.3388e-005,0.0285393
4.3392e-005,0.0296256
4.3396e-005,0.0320315
4.34e-005,0.0328699
4.3404e-005,0.0338322
4.3408e-005,0.0350178
4.3412e-005,0.0360149
4.3416e-005,0.0359603
4.342e-005,0.0375179
4.3424e-005,0.037389
4.3428e-005,0.037885
4.3432e-005,0.0386936
4.3436e-005,0.0384059
4.344e-005,0.0390111
4.3444e-005,0.0396708
4.3448e-005,0.0394823
4.3452e-005,0.0393534
4.3456e-005,0.0404546
4.346e-005,0.0400677
4.3464e-005,0.0412037
4.3468e-005,0.0411441
4.3472e-005,0.0409011
4.3476e-005,0.0408614
4.348e-005,0.0414914
4.3484e-005,0.0401967
4.3488e-005,0.040658
4.3492e-005,0.0411739
4.3496e-005,0.0401967
4.35e-005,0.0403455
4.3504e-005,0.0415311
4.3508e-005,0.0402512
4.3512e-005,0.0407026
4.3516e-005,0.0410449
4.352e-005,0.0401669
4.3524e-005,0.0409556
4.3528e-005,0.0408167
4.3532e-005,0.0402165
4.3536e-005,0.0409011
4.354e-005,0.0407175
4.3544e-005,0.0402016
4.3548e-005,0.0402066
4.3552e-005,0.0410796
4.3556e-005,0.0397105
4.356e-005,0.0405042
4.3564e-005,0.0409705
4.3568e-005,0.0404893
4.3572e-005,0.0407572
4.3576e-005,0.0410697
4.358e-005,0.0402562
4.3584e-005,0.0405389
4.3588e-005,0.0414021
4.3592e-005,0.0405588
4.3596e-005,0.0404744
4.36e-005,0.0413971
4.3604e-005,0.0403504
4.3608e-005,0.0408961
4.3612e-005,0.0413525
4.3616e-005,0.041288
4.362e-005,0.0413128
4.3624e-005,0.0410251
4.3628e-005,0.0405885
4.3632e-005,0.0407969
4.3636e-005,0.040658
4.364e-005,0.0405042
4.3644e-005,0.0408663
4.3648e-005,0.0412483
4.3652e-005,0.0405737
4.3656e-005,0.0398147
4.366e-005,0.0412533
4.3664e-005,0.0407721
4.3668e-005,0.0407473
4.3672e-005,0.0408663
4.3676e-005,0.0408862
4.368e-005,0.04041
4.3684e-005,0.0403752
4.3688e-005,0.0403901
4.3692e-005,0.0404298
4.3696e-005,0.04166
4.37e-005,0.0407919
4.3704e-005,0.040906
4.3708e-005,0.0412929
4.3712e-005,0.04041
4.3716e-005,0.0407721
4.372e-005,0.041536
4.3724e-005,0.0408366
4.3728e-005,0.0405786
4.3732e-005,0.0411342
4.3736e-005,0.040276
4.374e-005,0.0401074
4.3744e-005,0.0410003
4.3748e-005,0.0408167
4.3752e-005,0.0410598
4.3756e-005,0.0410003
4.376e-005,0.040147
4.3764e-005,0.0401222
4.3768e-005,0.0406282
4.3772e-005,0.0407274
4.3776e-005,0.0404943
4.378e-005,0.0411491
4.3784e-005,0.0404496
4.3788e-005,0.0411937
4.3792e-005,0.0410598
4.3796e-005,0.0401619
4.38e-005,0.0407274
4.3804e-005,0.0407026
4.3808e-005,0.0397452
4.3812e-005,0.0408415
4.3816e-005,0.0406679
4.382e-005,0.0400578
4.3824e-005,0.0405637
4.3828e-005,0.0411292
4.3832e-005,0.0408663
4.3836e-005,0.040777
4.384e-005,0.0412334
4.3844e-005,0.0408316
4.3848e-005,0.0406183
4.3852e-005,0.0409804
4.3856e-005,0.0402611
4.386e-005,0.040777
4.3864e-005,0.0417096
4.3868e-005,0.0400429
4.3872e-005,0.0406282
4.3876e-005,0.0409804
4.388e-005,0.0404943
4.3884e-005,0.0405637
4.3888e-005,0.0409358
4.3892e-005,0.0406828
4.3896e-005,0.0405637
4.39e-005,0.0412929
4.3904e-005,0.0401669
4.3908e-005,0.0403455
4.3912e-005,0.0407721
4.3916e-005,0.0407126
4.392e-005,0.0402165
4.3924e-005,0.0408961
4.3928e-005,0.0407572
4.3932e-005,0.0405687
4.3936e-005,0.0414566
4.394e-005,0.0411739
4.3944e-005,0.0405885
4.3948e-005,0.0412483
4.3952e-005,0.0408465
4.3956e-005,0.0409854
4.396e-005,0.0417196
4.3964e-005,0.0399585
4.3968e-005,0.041154
4.3972e-005,0.042037
4.3976e-005,0.0405935
4.398e-005,0.0409953
4.3984e-005,0.0420073
4.3988e-005,0.0402066
4.3992e-005,0.0405489
4.3996e-005,0.0419924
4.4e-005,0.0406233
4.4004e-005,0.0414418
4.4008e-005,0.0413277
4.4012e-005,0.0409556
4.4016e-005,0.0403455
4.402e-005,0.0415707
4.4024e-005,0.0411094
4.4028e-005,0.0408614
4.4032e-005,0.0421313
4.4036e-005,0.040534
4.404e-005,0.0401917
4.4044e-005,0.0394575
4.4048e-005,0.0358363
4.4052e-005,0.0346507
4.4056e-005,0.0336636
4.406e-005,0.0333957
4.4064e-005,0.0330931
4.4068e-005,0.0301614
4.4072e-005,0.0222095
4.4076e-005,0.0201658
4.408e-005,0.0193126
4.4084e-005,0.0193274
4.4088e-005,0.0188909
4.4092e-005,0.0161725
4.4096e-005,0.00438613
4.41e-005,0.00156851
4.4104e-005,0.000323401
4.4108e-005,0.000348204
4.4112e-005,0.000497021
4.4116e-005,0.000774815
4.412e-005,-0.000415728
4.4124e-005,0.000199386
4.4128e-005,-0.000232186
4.4132e-005,0.00240685
4.4136e-005,0.0157409
4.414e-005,0.0202451
4.4144e-005,0.0238366
4.4148e-005,0.027309
4.4152e-005,0.030717
4.4156e-005,0.0311386
4.416e-005,0.0334006
4.4164e-005,0.036005
4.4168e-005,0.0372798
4.4172e-005,0.0383513
4.4176e-005,0.0407225
4.418e-005,0.0403107
4.4184e-005,0.0417295
4.4188e-005,0.042414
4.4192e-005,0.0437137
4.4196e-005,0.0435748
4.42e-005,0.0445818
4.4204e-005,0.0442395
4.4208e-005,0.0455243
4.4212e-005,0.0460353
4.4216e-005,0.0463279
4.422e-005,0.0471266
4.4224e-005,0.0474689
4.4228e-005,0.0470522
4.4232e-005,0.0471415
4.4236e-005,0.0479501
4.424e-005,0.04733
4.4244e-005,0.0476921
4.4248e-005,0.0484957
4.4252e-005,0.0480443
4.4256e-005,0.0478955
4.426e-005,0.048332
4.4264e-005,0.0479649
4.4268e-005,0.0485056
4.4272e-005,0.0489967
4.4276e-005,0.0477516
4.428e-005,0.048962
4.4284e-005,0.0487338
4.4288e-005,0.0476177
4.4292e-005,0.0488529
4.4296e-005,0.0496912
4.43e-005,0.0485553
4.4304e-005,0.0488678
4.4308e-005,0.0487735
4.4312e-005,0.0481832
4.4316e-005,0.048709
4.432e-005,0.0493093
4.4324e-005,0.0479501
4.4328e-005,0.0482328
4.4332e-005,0.048838
4.4336e-005,0.0482626
4.434e-005,0.0487289
4.4344e-005,0.0489719
4.4348e-005,0.048709
4.4352e-005,0.0483816
4.4356e-005,0.0497656
4.436e-005,0.0486594
4.4364e-005,0.0487388
4.4368e-005,0.0486445
4.4372e-005,0.0482031
4.4376e-005,0.0478757
4.438e-005,0.0491208
4.4384e-005,0.0485255
4.4388e-005,0.0491406
4.4392e-005,0.0489819
4.4396e-005,0.0491009
4.44e-005,0.0492547
4.4404e-005,0.0495474
4.4408e-005,0.0491803
4.4412e-005,0.0489372
4.4416e-005,0.0495127
4.442e-005,0.0488281
4.4424e-005,0.0492944
4.4428e-005,0.0494134
4.4432e-005,0.0485801
4.4436e-005,0.0489571
4.444e-005,0.0495176
4.4444e-005,0.04922
4.4448e-005,0.0490414
4.4452e-005,0.0495027
4.4456e-005,0.0492448
4.446e-005,0.0483816
4.4464e-005,0.0490662
4.4468e-005,0.0489323
4.4472e-005,0.0490166
4.4476e-005,0.0494531
4.448e-005,0.0489819
4.4484e-005,0.0486594
4.4488e-005,0.0493192
4.4492e-005,0.0487636
4.4496e-005,0.0490414
4.45e-005,0.0488231
4.4504e-005,0.0488231
4.4508e-005,0.0492249
4.4512e-005,0.0498599
4.4516e-005,0.0492745
4.452e-005,0.0492646
4.4524e-005,0.0491108
4.4528e-005,0.0487537
4.4532e-005,0.0495672
4.4536e-005,0.0491307
4.454e-005,0.0492249
4.4544e-005,0.0490216
4.4548e-005,0.0491505
4.4552e-005,0.0494085
4.4556e-005,0.0497954
4.456e-005,0.0493589
4.4564e-005,0.049091
4.4568e-005,0.0494779
4.4572e-005,0.0495226
4.4576e-005,0.0485652
4.458e-005,0.0491456
4.4584e-005,0.0493043
4.4588e-005,0.048213
4.4592e-005,0.0492497
4.4596e-005,0.0493837
4.46e-005,0.048332
4.4604e-005,0.0493043
4.4608e-005,0.0493291
4.4612e-005,0.0484015
4.4616e-005,0.0482874
4.462e-005,0.049463
4.4624e-005,0.0490067
4.4628e-005,0.0496615
4.4632e-005,0.049721
4.4636e-005,0.0493539
4.464e-005,0.0486098
4.4644e-005,0.0491803
4.4648e-005,0.0480939
4.4652e-005,0.0486793
4.4656e-005,0.0488231
4.466e-005,0.0481931
4.4664e-005,0.0489075
4.4668e-005,0.0494432
4.4672e-005,0.0477616
4.4676e-005,0.0488281
4.468e-005,0.0485305
4.4684e-005,0.0481634
4.4688e-005,0.0485949
4.4692e-005,0.0486892
4.4696e-005,0.0483171
4.47e-005,0.0489323
4.4704e-005,0.0492646
4.4708e-005,0.048342
4.4712e-005,0.0482427
4.4716e-005,0.0486297
4.472e-005,0.0479302
4.4724e-005,0.048833
4.4728e-005,0.0487934
4.4732e-005,0.0479749
4.4736e-005,0.0483717
4.474e-005,0.048709
4.4744e-005,0.048714
4.4748e-005,0.0485553
4.4752e-005,0.0493986
4.4756e-005,0.0485751
4.476e-005,0.0487239
4.4764e-005,0.049215
4.4768e-005,0.0480344
4.4772e-005,0.0483122
4.4776e-005,0.0488876
4.478e-005,0.0484858
4.4784e-005,0.0487239
4.4788e-005,0.0491356
4.4792e-005,0.0490017
4.4796e-005,0.0482824
4.48e-005,0.0494234
4.4804e-005,0.0485255
4.4808e-005,0.0487686
4.4812e-005,0.0456732
4.4816e-005,0.0405439
4.482e-005,0.0375378
4.4824e-005,0.0367193
4.4828e-005,0.0348938
4.4832e-005,0.033356
4.4836e-005,0.0309451
4.484e-005,0.0216043
4.4844e-005,0.0201112
4.4848e-005,0.0189604
4.4852e-005,0.0185536
4.4856e-005,0.0178839
4.486e-005,0.0160336
4.4864e-005,0.00505085
4.4868e-005,0.00128576
4.4872e-005,0.000229149
4.4876e-005,-0.000762969
4.488e-005,0.000169622
4.4884e-005,7.04104e-005
4.4888e-005,-0.000614152
4.4892e-005,0.000124977
4.4896e-005,-0.000336358
4.49e-005,0.00218858
4.4904e-005,0.0155871
4.4908e-005,0.0181468
4.4912e-005,0.0191836
4.4916e-005,0.0205973
4.492e-005,0.021019
4.4924e-005,0.0213613
4.4928e-005,0.0222542
4.4932e-005,0.023281
4.4936e-005,0.0235539
4.494e-005,0.0226461
4.4944e-005,0.023415
4.4948e-005,0.0229586
4.4952e-005,0.0234497
4.4956e-005,0.0234795
4.496e-005,0.0236084
4.4964e-005,0.0240896
4.4968e-005,0.0241392
4.4972e-005,0.025176
4.4976e-005,0.0237225
4.498e-005,0.0245956
4.4984e-005,0.0247196
4.4988e-005,0.0243079
4.4992e-005,0.0244567
4.4996e-005,0.0243476
4.5e-005,0.0239606
4.5004e-005,0.0243872
4.5008e-005,0.0247394
4.5012e-005,0.0243277
4.5016e-005,0.0249279
4.502e-005,0.024546
4.5024e-005,0.0239259
4.5028e-005,0.0247047
4.5032e-005,0.0244269
4.5036e-005,0.0243277
4.504e-005,0.0240598
4.5044e-005,0.0237275
4.5048e-005,0.0240995
4.5052e-005,0.0244765
4.5056e-005,0.0233951
4.506e-005,0.0239061
4.5064e-005,0.0243525
4.5068e-005,0.0234695
4.5072e-005,0.0245013
4.5076e-005,0.0241144
4.508e-005,0.0238019
4.5084e-005,0.0237324
4.5088e-005,0.0242583
4.5092e-005,0.0238118
4.5096e-005,0.0238614
4.51e-005,0.0240549
4.5104e-005,0.02404
4.5108e-005,0.0243525
4.5112e-005,0.0245708
4.5116e-005,0.0239805
4.512e-005,0.0245708
4.5124e-005,0.024923
4.5128e-005,0.0241938
4.5132e-005,0.0247146
4.5136e-005,0.0246303
4.514e-005,0.0239954
4.5144e-005,0.0240102
4.5148e-005,0.0244617
4.5152e-005,0.0239557
4.5156e-005,0.0243823
4.516e-005,0.0242037
4.5164e-005,0.0243922
4.5168e-005,0.0247494
4.5172e-005,0.0247394
4.5176e-005,0.0247742
4.518e-005,0.0236233
4.5184e-005,0.0243376
4.5188e-005,0.0242136
4.5192e-005,0.0240499
4.5196e-005,0.0241293
4.52e-005,0.0238267
4.5204e-005,0.0242235
4.5208e-005,0.0238267
4.5212e-005,0.0233703
4.5216e-005,0.0242037
4.522e-005,0.0241144
4.5224e-005,0.0244666
4.5228e-005,0.0238465
4.5232e-005,0.0244468
4.5236e-005,0.0240152
4.524e-005,0.0238515
4.5244e-005,0.0241045
4.5248e-005,0.0239011
4.5252e-005,0.0242583
4.5256e-005,0.0243823
4.526e-005,0.0241094
4.5264e-005,0.0242682
4.5268e-005,0.0242235
4.5272e-005,0.0241789
4.5276e-005,0.0238912
4.528e-005,0.024417
4.5284e-005,0.0242483
4.5288e-005,0.0242533
4.5292e-005,0.0245113
4.5296e-005,0.0234547
4.53e-005,0.0240102
4.5304e-005,0.0235836
4.5308e-005,0.0239656
4.5312e-005,0.0236084
4.5316e-005,0.0245559
4.532e-005,0.0237672
4.5324e-005,0.0233108
4.5328e-005,0.0244517
4.5332e-005,0.0239457
4.5336e-005,0.0236977
4.534e-005,0.0237324
4.5344e-005,0.0242682
4.5348e-005,0.0241442
4.5352e-005,0.0239706
4.5356e-005,0.0239011
4.536e-005,0.0237771
4.5364e-005,0.0237721
4.5368e-005,0.0235439
4.5372e-005,0.0234348
4.5376e-005,0.0243773
4.538e-005,0.0237771
4.5384e-005,0.0232215
4.5388e-005,0.0236977
4.5392e-005,0.0234943
4.5396e-005,0.0236183
4.54e-005,0.0236035
4.5404e-005,0.0240598
4.5408e-005,0.0247196
4.5412e-005,0.0246204
4.5416e-005,0.0238614
4.542e-005,0.0238366
4.5424e-005,0.0243327
4.5428e-005,0.0239954
4.5432e-005,0.0234745
4.5436e-005,0.0243624
4.544e-005,0.0243079
4.5444e-005,0.0238317
4.5448e-005,0.0241293
4.5452e-005,0.0246303
4.5456e-005,0.0234596
4.546e-005,0.0238614
4.5464e-005,0.0237622
4.5468e-005,0.0236283
4.5472e-005,0.0241293
4.5476e-005,0.0239656
4.548e-005,0.023291
4.5484e-005,0.0238664
4.5488e-005,0.0233753
4.5492e-005,0.0236183
4.5496e-005,0.0238465
4.55e-005,0.0232562
4.5504e-005,0.0235092
4.5508e-005,0.0242533
4.5512e-005,0.0239606
4.5516e-005,0.0236332
4.552e-005,0.024422
4.5524e-005,0.0236729
4.5528e-005,0.0238317
4.5532e-005,0.0246154
4.5536e-005,0.0238565
4.554e-005,0.0239457
4.5544e-005,0.0239805
4.5548e-005,0.0239854
4.5552e-005,0.0240747
4.5556e-005,0.0237225
4.556e-005,0.0235539
4.5564e-005,0.0241293
4.5568e-005,0.0240797
4.5572e-005,0.0239358
4.5576e-005,0.0236928
4.558e-005,0.0241243
4.5584e-005,0.0240797
4.5588e-005,0.0246898
4.5592e-005,0.0250073
4.5596e-005,0.0252603
4.56e-005,0.0242831
4.5604e-005,0.0231521
4.5608e-005,0.0200864
4.5612e-005,0.0191489
4.5616e-005,0.0186429
4.562e-005,0.0183304
4.5624e-005,0.0175019
4.5628e-005,0.0154731
4.5632e-005,0.00433156
4.5636e-005,0.000958357
4.564e-005,-0.000177619
4.5644e-005,-0.000802654
4.5648e-005,-0.000420688
4.5652e-005,0.00015474
4.5656e-005,-0.000643915
4.566e-005,-0.000777851
4.5664e-005,-0.0011499
4.5668e-005,0.00258047
4.5672e-005,0.0141238
4.5676e-005,0.0182907
4.568e-005,0.020141
4.5684e-005,0.0224675
4.5688e-005,0.0246105
4.5692e-005,0.0251561
4.5696e-005,0.0258357
4.57e-005,0.0273338
4.5704e-005,0.0270908
4.5708e-005,0.0278001
4.5712e-005,0.0294619
4.5716e-005,0.0298092
4.572e-005,0.0299927
4.5724e-005,0.0305979
4.5728e-005,0.031337
4.5732e-005,0.0307765
4.5736e-005,0.0314263
4.574e-005,0.0313767
4.5744e-005,0.0317835
4.5748e-005,0.0316694
4.5752e-005,0.0313718
4.5756e-005,0.0311585
4.576e-005,0.0318083
4.5764e-005,0.0326218
4.5768e-005,0.0320662
4.5772e-005,0.0324432
4.5776e-005,0.032468
4.578e-005,0.0324284
4.5784e-005,0.0328153
4.5788e-005,0.0323986
4.5792e-005,0.0321555
4.5796e-005,0.0325325
4.58e-005,0.0325623
4.5804e-005,0.032597
4.5808e-005,0.0327657
4.5812e-005,0.0322349
4.5816e-005,0.031848
4.582e-005,0.0321357
4.5824e-005,0.0323192
4.5828e-005,0.0321655
4.5832e-005,0.0323292
4.5836e-005,0.032101
4.584e-005,0.0320117
4.5844e-005,0.032597
4.5848e-005,0.0322944
4.5852e-005,0.0322895
4.5856e-005,0.0329939
4.586e-005,0.0319869
4.5864e-005,0.0322151
4.5868e-005,0.0325573
4.5872e-005,0.0321506
4.5876e-005,0.031977
4.588e-005,0.0324036
4.5884e-005,0.0320563
4.5888e-005,0.031843
4.5892e-005,0.0319373
4.5896e-005,0.0318529
4.59e-005,0.0318678
4.5904e-005,0.0322597
4.5908e-005,0.0319472
4.5912e-005,0.0315503
4.5916e-005,0.032731
4.592e-005,0.0316347
4.5924e-005,0.031337
4.5928e-005,0.0316396
4.5932e-005,0.0322299
4.5936e-005,0.0314313
4.594e-005,0.0328153
4.5944e-005,0.0318381
4.5948e-005,0.0321952
4.5952e-005,0.0328351
4.5956e-005,0.0320861
4.596e-005,0.032101
4.5964e-005,0.0322944
4.5968e-005,0.0321357
4.5972e-005,0.0322994
4.5976e-005,0.0329095
4.598e-005,0.0322448
4.5984e-005,0.0323341
4.5988e-005,0.0327855
4.5992e-005,0.0320365
4.5996e-005,0.0326466
4.6e-005,0.0324879
4.6004e-005,0.0321754
4.6008e-005,0.0320464
4.6012e-005,0.0323093
4.6016e-005,0.0324234
4.602e-005,0.0320216
4.6024e-005,0.0324581
4.6028e-005,0.0317984
4.6032e-005,0.0323589
4.6036e-005,0.0326466
4.604e-005,0.0326317
4.6044e-005,0.0323242
4.6048e-005,0.0322498
4.6052e-005,0.0329244
4.6056e-005,0.032344
4.606e-005,0.0326119
4.6064e-005,0.0322944
4.6068e-005,0.0317091
4.6072e-005,0.0321853
4.6076e-005,0.0323639
4.608e-005,0.0322151
4.6084e-005,0.0323936
4.6088e-005,0.0322002
4.6092e-005,0.0319025
4.6096e-005,0.032468
4.61e-005,0.0323341
4.6104e-005,0.0323936
4.6108e-005,0.0325821
4.6112e-005,0.0322944
4.6116e-005,0.0325772
4.612e-005,0.0329542
4.6124e-005,0.0320414
4.6128e-005,0.0322051
4.6132e-005,0.0331129
4.6136e-005,0.0320662
4.614e-005,0.0319472
4.6144e-005,0.0317438
4.6148e-005,0.031848
4.6152e-005,0.0319025
4.6156e-005,0.0324333
4.616e-005,0.0321258
4.6164e-005,0.0319571
4.6168e-005,0.0327855
4.6172e-005,0.0320365
4.6176e-005,0.0318381
4.618e-005,0.0321506
4.6184e-005,0.0317438
4.6188e-005,0.0323341
4.6192e-005,0.0323043
4.6196e-005,0.0323192
4.62e-005,0.0321357
4.6204e-005,0.0331576
4.6208e-005,0.0317984
4.6212e-005,0.0321208
4.6216e-005,0.0324631
4.622e-005,0.0321754
4.6224e-005,0.0318728
4.6228e-005,0.0324085
4.6232e-005,0.0321803
4.6236e-005,0.0315454
4.624e-005,0.0323688
4.6244e-005,0.0316545
4.6248e-005,0.0313519
4.6252e-005,0.0325722
4.6256e-005,0.0319125
4.626e-005,0.0317785
4.6264e-005,0.0321407
4.6268e-005,0.0322895
4.6272e-005,0.031977
4.6276e-005,0.0323986
4.628e-005,0.0319918
4.6284e-005,0.033485
4.6288e-005,0.032473
4.6292e-005,0.0314809
4.6296e-005,0.0309253
4.63e-005,0.0325276
4.6304e-005,0.0314214
4.6308e-005,0.0317835
4.6312e-005,0.0323688
4.6316e-005,0.031347
4.632e-005,0.0314462
4.6324e-005,0.0322101
4.6328e-005,0.032096
4.6332e-005,0.0322547
4.6336e-005,0.0328103
4.634e-005,0.032096
4.6344e-005,0.0310444
4.6348e-005,0.0309799
4.6352e-005,0.0298489
4.6356e-005,0.0296306
4.636e-005,0.0290403
4.6364e-005,0.0291395
4.6368e-005,0.0289758
4.6372e-005,0.0266394
4.6376e-005,0.0211827
4.638e-005,0.0197193
4.6384e-005,0.019387
4.6388e-005,0.019005
4.6392e-005,0.0179782
4.6396e-005,0.016862
4.64e-005,0.00419762
4.6404e-005,0.00148418
4.6408e-005,-0.000162738
4.6412e-005,-0.00108045
4.6416e-005,-0.000271871
4.642e-005,-5.85651e-005
4.6424e-005,-0.000420688
4.6428e-005,-0.000108171
4.6432e-005,0.000100174
4.6436e-005,0.00210425
4.644e-005,0.014724
4.6444e-005,0.0192481
4.6448e-005,0.0211728
4.6452e-005,0.0242781
4.6456e-005,0.027319
4.646e-005,0.0288369
4.6464e-005,0.0299778
4.6468e-005,0.0321655
4.6472e-005,0.0327954
4.6476e-005,0.0336487
4.648e-005,0.036005
4.6484e-005,0.0357768
4.6488e-005,0.0361885
4.6492e-005,0.0382025
4.6496e-005,0.0377015
4.65e-005,0.0383017
4.6504e-005,0.0395964
4.6508e-005,0.0390458
4.6512e-005,0.0389714
4.6516e-005,0.0399238
4.652e-005,0.0399337
4.6524e-005,0.0401024
4.6528e-005,0.0410697
4.6532e-005,0.0408614
4.6536e-005,0.0404993
4.654e-005,0.041159
4.6544e-005,0.0406828
4.6548e-005,0.0409755
4.6552e-005,0.0415063
4.6556e-005,0.0396907
4.656e-005,0.0412037
4.6564e-005,0.0407572
4.6568e-005,0.0409606
4.6572e-005,0.0409854
4.6576e-005,0.0414368
4.658e-005,0.0406679
4.6584e-005,0.0412235
4.6588e-005,0.0412185
4.6592e-005,0.0407622
4.6596e-005,0.0413723
4.66e-005,0.0415559
4.6604e-005,0.0406927
4.6608e-005,0.0407126
4.6612e-005,0.0413376
4.6616e-005,0.0409953
4.662e-005,0.0410697
4.6624e-005,0.0421759
4.6628e-005,0.0411392
4.6632e-005,0.0413426
4.6636e-005,0.0417146
4.664e-005,0.0406729
4.6644e-005,0.0404893
4.6648e-005,0.041417
4.6652e-005,0.041164
4.6656e-005,0.0406927
4.666e-005,0.0409804
4.6664e-005,0.0405092
4.6668e-005,0.0405439
4.6672e-005,0.0408564
4.6676e-005,0.0399933
4.668e-005,0.0406183
4.6684e-005,0.0404546
4.6688e-005,0.0404893
4.6692e-005,0.0403604
4.6696e-005,0.0410747
4.67e-005,0.0402512
4.6704e-005,0.0405191
4.6708e-005,0.0412582
4.6712e-005,0.039899
4.6716e-005,0.0412483
4.672e-005,0.040906
4.6724e-005,0.0403653
4.6728e-005,0.0407919
4.6732e-005,0.0413971
4.6736e-005,0.0403752
4.674e-005,0.0404546
4.6744e-005,0.0416501
4.6748e-005,0.0409358
4.6752e-005,0.0410697
4.6756e-005,0.0415608
4.676e-005,0.0411144
4.6764e-005,0.041407
4.6768e-005,0.0408663
4.6772e-005,0.0416848
4.6776e-005,0.0415261
4.678e-005,0.0416055
4.6784e-005,0.0410201
4.6788e-005,0.0407175
4.6792e-005,0.0419279
4.6796e-005,0.0408515
4.68e-005,0.041288
4.6804e-005,0.0416501
4.6808e-005,0.0409308
4.6812e-005,0.0412185
4.6816e-005,0.0414467
4.682e-005,0.0412285
4.6824e-005,0.041164
4.6828e-005,0.0415559
4.6832e-005,0.0407522
4.6836e-005,0.040906
4.684e-005,0.0416104
4.6844e-005,0.0402264
4.6848e-005,0.0406282
4.6852e-005,0.0409407
4.6856e-005,0.0405885
4.686e-005,0.0408663
4.6864e-005,0.0418783
4.6868e-005,0.0405637
4.6872e-005,0.041283
4.6876e-005,0.0418287
4.688e-005,0.0410201
4.6884e-005,0.0415856
4.6888e-005,0.0413177
4.6892e-005,0.0411937
4.6896e-005,0.0410102
4.69e-005,0.0416551
4.6904e-005,0.0409804
4.6908e-005,0.0412037
4.6912e-005,0.0404893
4.6916e-005,0.0404596
4.692e-005,0.0409606
4.6924e-005,0.0416501
4.6928e-005,0.0404844
4.6932e-005,0.0412136
4.6936e-005,0.0411937
4.694e-005,0.0404199
4.6944e-005,0.0405241
4.6948e-005,0.0411739
4.6952e-005,0.0406679
4.6956e-005,0.0402611
4.696e-005,0.0406679
4.6964e-005,0.0400032
4.6968e-005,0.0407572
4.6972e-005,0.0413624
4.6976e-005,0.0405737
4.698e-005,0.0400627
4.6984e-005,0.0406133
4.6988e-005,0.0404844
4.6992e-005,0.0407274
4.6996e-005,0.0412533
4.7e-005,0.0405092
4.7004e-005,0.0403008
4.7008e-005,0.0409259
4.7012e-005,0.0405885
4.7016e-005,0.0406778
4.702e-005,0.0412334
4.7024e-005,0.0401024
4.7028e-005,0.0402016
4.7032e-005,0.0419329
4.7036e-005,0.0403504
4.704e-005,0.0407522
4.7044e-005,0.0413426
4.7048e-005,0.0402512
4.7052e-005,0.0408911
4.7056e-005,0.0412781
4.706e-005,0.0408366
4.7064e-005,0.0409407
4.7068e-005,0.040782
4.7072e-005,0.0409457
4.7076e-005,0.0403703
4.708e-005,0.0412433
4.7084e-005,0.041283
4.7088e-005,0.0416253
4.7092e-005,0.041536
4.7096e-005,0.04104
4.71e-005,0.0409308
4.7104e-005,0.0419874
4.7108e-005,0.040653
4.7112e-005,0.0407076
4.7116e-005,0.0390656
4.712e-005,0.0364167
4.7124e-005,0.0352162
4.7128e-005,0.034115
4.7132e-005,0.0331923
4.7136e-005,0.0321158
4.714e-005,0.0301465
4.7144e-005,0.0225816
4.7148e-005,0.0199277
4.7152e-005,0.0192431
4.7156e-005,0.0188611
4.716e-005,0.0187173
4.7164e-005,0.0165197
4.7168e-005,0.00422739
4.7172e-005,0.00126095
4.7176e-005,-0.000197462
4.718e-005,-0.000336358
4.7184e-005,0.000343243
4.7188e-005,-3.99852e-006
4.7192e-005,-0.000306595
4.7196e-005,0.000110095
4.72e-005,-0.000108171
4.7204e-005,0.00210425
4.7208e-005,0.0150216
4.7212e-005,0.0195556
4.7216e-005,0.022909
4.722e-005,0.0269965
4.7224e-005,0.0296703
4.7228e-005,0.0316595
4.7232e-005,0.0334006
4.7236e-005,0.0356428
4.724e-005,0.0367094
4.7244e-005,0.0384604
4.7248e-005,0.0400032
4.7252e-005,0.0400082
4.7256e-005,0.0411838
4.726e-005,0.0430788
4.7264e-005,0.0431135
4.7268e-005,0.0433913
4.7272e-005,0.0452813
4.7276e-005,0.0448795
4.728e-005,0.0453606
4.7284e-005,0.0465313
4.7288e-005,0.0456384
4.7292e-005,0.0467347
4.7296e-005,0.0467298
4.73e-005,0.0463974
4.7304e-005,0.0468091
4.7308e-005,0.0474986
4.7312e-005,0.0470274
4.7316e-005,0.0472853
4.732e-005,0.0477764
4.7324e-005,0.0476822
4.7328e-005,0.0477368
4.7332e-005,0.0483618
4.7336e-005,0.0472903
4.734e-005,0.0475185
4.7344e-005,0.0482576
4.7348e-005,0.0479451
4.7352e-005,0.0484362
4.7356e-005,0.0487884
4.736e-005,0.0469381
4.7364e-005,0.0479947
4.7368e-005,0.0491009
4.7372e-005,0.0480195
4.7376e-005,0.0482973
4.738e-005,0.0495325
4.7384e-005,0.0481733
4.7388e-005,0.0486644
4.7392e-005,0.048833
4.7396e-005,0.0484213
4.74e-005,0.048962
4.7404e-005,0.0493986
4.7408e-005,0.0486297
4.7412e-005,0.0489769
4.7416e-005,0.0489967
4.742e-005,0.0484164
4.7424e-005,0.04922
4.7428e-005,0.0491654
4.7432e-005,0.0485801
4.7436e-005,0.0490513
4.744e-005,0.0492944
4.7444e-005,0.0488678
4.7448e-005,0.0486148
4.7452e-005,0.0486693
4.7456e-005,0.0490761
4.746e-005,0.0488281
4.7464e-005,0.0493738
4.7468e-005,0.0488033
4.7472e-005,0.0486842
4.7476e-005,0.0491654
4.748e-005,0.0486594
4.7484e-005,0.0488975
4.7488e-005,0.0489323
4.7492e-005,0.0481584
4.7496e-005,0.0493539
4.75e-005,0.0491753
4.7504e-005,0.0483618
4.7508e-005,0.0485255
4.7512e-005,0.0498202
4.7516e-005,0.0492101
4.752e-005,0.0489967
4.7524e-005,0.0497904
4.7528e-005,0.0489918
4.7532e-005,0.0489819
4.7536e-005,0.0497706
4.754e-005,0.0488628
4.7544e-005,0.0488082
4.7548e-005,0.0491853
4.7552e-005,0.0492001
4.7556e-005,0.0491257
4.756e-005,0.0496962
4.7564e-005,0.0489372
4.7568e-005,0.049592
4.7572e-005,0.049726
4.7576e-005,0.0486991
4.758e-005,0.0488926
4.7584e-005,0.0494928
4.7588e-005,0.0495176
4.7592e-005,0.0485156
4.7596e-005,0.0492051
4.76e-005,0.0490464
4.7604e-005,0.0484858
4.7608e-005,0.0495623
4.7612e-005,0.04922
4.7616e-005,0.0484957
4.762e-005,0.0496069
4.7624e-005,0.0488281
4.7628e-005,0.0495474
4.7632e-005,0.0494234
4.7636e-005,0.0487735
4.764e-005,0.0490761
4.7644e-005,0.049349
4.7648e-005,0.0489819
4.7652e-005,0.0492497
4.7656e-005,0.0495027
4.766e-005,0.0489967
4.7664e-005,0.0492696
4.7668e-005,0.0495027
4.7672e-005,0.0490166
4.7676e-005,0.0490216
4.768e-005,0.0490216
4.7684e-005,0.0490216
4.7688e-005,0.04859
4.7692e-005,0.0495027
4.7696e-005,0.0491704
4.77e-005,0.0497904
4.7704e-005,0.0500037
4.7708e-005,0.0492448
4.7712e-005,0.0495325
4.7716e-005,0.0500782
4.772e-005,0.048709
4.7724e-005,0.0495722
4.7728e-005,0.0494035
4.7732e-005,0.0487686
4.7736e-005,0.0485553
4.774e-005,0.0488579
4.7744e-005,0.0489571
4.7748e-005,0.0489422
4.7752e-005,0.0492845
4.7756e-005,0.0490364
4.776e-005,0.0493539
4.7764e-005,0.049096
4.7768e-005,0.0484808
4.7772e-005,0.0488975
4.7776e-005,0.0493539
4.778e-005,0.0486842
4.7784e-005,0.0486892
4.7788e-005,0.0497756
4.7792e-005,0.0484164
4.7796e-005,0.0485652
4.78e-005,0.0494382
4.7804e-005,0.0492299
4.7808e-005,0.0496069
4.7812e-005,0.049721
4.7816e-005,0.0481534
4.782e-005,0.0491704
4.7824e-005,0.0493241
4.7828e-005,0.0486892
4.7832e-005,0.0484957
4.7836e-005,0.0492398
4.784e-005,0.0490265
4.7844e-005,0.0497061
4.7848e-005,0.0490265
4.7852e-005,0.0492101
4.7856e-005,0.0493738
4.786e-005,0.0498004
4.7864e-005,0.0488479
4.7868e-005,0.0494184
4.7872e-005,0.0497607
4.7876e-005,0.0480195
4.788e-005,0.0485156
4.7884e-005,0.0455144
4.7888e-005,0.040529
4.7892e-005,0.0378255
4.7896e-005,0.0359653
4.79e-005,0.0354791
4.7904e-005,0.0345168
4.7908e-005,0.0307269
4.7912e-005,0.0222988
4.7916e-005,0.0200318
4.792e-005,0.0192729
4.7924e-005,0.0187371
4.7928e-005,0.017874
4.7932e-005,0.0166388
4.7936e-005,0.00509549
4.794e-005,0.00178678
4.7944e-005,1.58439e-005
4.7948e-005,-0.000381004
4.7952e-005,-0.000619112
4.7956e-005,0.000551588
4.796e-005,-0.000797694
4.7964e-005,-0.000802654
4.7968e-005,-0.000554624
4.7972e-005,0.00224315
4.7976e-005,0.0149125
4.798e-005,0.0182262
4.7984e-005,0.0183651
4.7988e-005,0.0201658
4.7992e-005,0.020895
4.7996e-005,0.0209247
4.8e-005,0.0218276
4.8004e-005,0.022775
4.8008e-005,0.0226411
4.8012e-005,0.0228098
4.8016e-005,0.0235588
4.802e-005,0.023539
4.8024e-005,0.0236878
4.8028e-005,0.0236432
4.8032e-005,0.0235588
4.8036e-005,0.0240152
4.804e-005,0.0247295
4.8044e-005,0.0241194
4.8048e-005,0.0235489
4.8052e-005,0.0240747
4.8056e-005,0.024045
4.806e-005,0.0240053
4.8064e-005,0.0242632
4.8068e-005,0.0245311
4.8072e-005,0.0242285
4.8076e-005,0.0249329
4.808e-005,0.0238912
4.8084e-005,0.0241839
4.8088e-005,0.0237572
4.8092e-005,0.024298
4.8096e-005,0.0247692
4.81e-005,0.0243972
4.8104e-005,0.0242632
4.8108e-005,0.0240747
4.8112e-005,0.0242632
4.8116e-005,0.0239557
4.812e-005,0.0234249
4.8124e-005,0.0237523
4.8128e-005,0.0238565
4.8132e-005,0.0238118
4.8136e-005,0.024298
4.814e-005,0.0235588
4.8144e-005,0.0233356
4.8148e-005,0.0239805
4.8152e-005,0.0246055
4.8156e-005,0.0239854
4.816e-005,0.0243773
4.8164e-005,0.0237721
4.8168e-005,0.0234348
4.8172e-005,0.0239011
4.8176e-005,0.0238069
4.818e-005,0.0230429
4.8184e-005,0.0236828
4.8188e-005,0.0235439
4.8192e-005,0.0230181
4.8196e-005,0.0236332
4.82e-005,0.0229784
4.8204e-005,0.0235687
4.8208e-005,0.0238565
4.8212e-005,0.0238317
4.8216e-005,0.0231521
4.822e-005,0.0237275
4.8224e-005,0.0232314
4.8228e-005,0.023028
4.8232e-005,0.0239061
4.8236e-005,0.0230231
4.824e-005,0.0232513
4.8244e-005,0.0240846
4.8248e-005,0.0239706
4.8252e-005,0.023405
4.8256e-005,0.0237374
4.826e-005,0.0238713
4.8264e-005,0.0238664
4.8268e-005,0.0233604
4.8272e-005,0.0233058
4.8276e-005,0.0235241
4.828e-005,0.0238565
4.8284e-005,0.0238614
4.8288e-005,0.0238019
4.8292e-005,0.0236332
4.8296e-005,0.023534
4.83e-005,0.0240152
4.8304e-005,0.0243426
4.8308e-005,0.0229636
4.8312e-005,0.0236828
4.8316e-005,0.0234795
4.832e-005,0.0238862
4.8324e-005,0.023157
4.8328e-005,0.0235985
4.8332e-005,0.0236729
4.8336e-005,0.0232513
4.834e-005,0.0234596
4.8344e-005,0.0233753
4.8348e-005,0.0231024
4.8352e-005,0.0238763
4.8356e-005,0.0238019
4.836e-005,0.0232612
4.8364e-005,0.0235043
4.8368e-005,0.0232165
4.8372e-005,0.0239904
4.8376e-005,0.0236134
4.838e-005,0.0235985
4.8384e-005,0.0242335
4.8388e-005,0.0241392
4.8392e-005,0.0239209
4.8396e-005,0.0236828
4.84e-005,0.0244617
4.8404e-005,0.0238317
4.8408e-005,0.0232215
4.8412e-005,0.0241591
4.8416e-005,0.0230231
4.842e-005,0.0238416
4.8424e-005,0.023539
4.8428e-005,0.0228544
4.8432e-005,0.0236878
4.8436e-005,0.0236332
4.844e-005,0.0242235
4.8444e-005,0.0229536
4.8448e-005,0.0237126
4.8452e-005,0.0241293
4.8456e-005,0.0233505
4.846e-005,0.0237473
4.8464e-005,0.023539
4.8468e-005,0.0225915
4.8472e-005,0.0238168
4.8476e-005,0.0238763
4.848e-005,0.0232612
4.8484e-005,0.0235489
4.8488e-005,0.0240053
4.8492e-005,0.023286
4.8496e-005,0.0238614
4.85e-005,0.0235439
4.8504e-005,0.0234547
4.8508e-005,0.0236084
4.8512e-005,0.0233604
4.8516e-005,0.0234646
4.852e-005,0.0237969
4.8524e-005,0.0233455
4.8528e-005,0.0235043
4.8532e-005,0.0240698
4.8536e-005,0.0231669
4.854e-005,0.0234993
4.8544e-005,0.0236183
4.8548e-005,0.0234001
4.8552e-005,0.023534
4.8556e-005,0.0237275
4.856e-005,0.0238168
4.8564e-005,0.0234795
4.8568e-005,0.0234844
4.8572e-005,0.0236977
4.8576e-005,0.0236183
4.858e-005,0.0241094
4.8584e-005,0.0229933
4.8588e-005,0.0228395
4.8592e-005,0.0240648
4.8596e-005,0.0227552
4.86e-005,0.0233505
4.8604e-005,0.0238019
4.8608e-005,0.0235886
4.8612e-005,0.0228991
4.8616e-005,0.0229884
4.862e-005,0.0237473
4.8624e-005,0.0234447
4.8628e-005,0.0238912
4.8632e-005,0.0229834
4.8636e-005,0.0237572
4.864e-005,0.0244319
4.8644e-005,0.0231173
4.8648e-005,0.0230181
4.8652e-005,0.0230181
4.8656e-005,0.023405
4.866e-005,0.0238961
4.8664e-005,0.0240053
4.8668e-005,0.0248635
4.8672e-005,0.0245212
4.8676e-005,0.0229139
4.868e-005,0.0197292
4.8684e-005,0.0192034
4.8688e-005,0.0187222
4.8692e-005,0.0182659
4.8696e-005,0.0182609
4.87e-005,0.0161775
4.8704e-005,0.00417778
4.8708e-005,0.00107245
4.8712e-005,-0.000247068
4.8716e-005,-0.00105068
4.872e-005,-0.000162738
4.8724e-005,-0.000668718
4.8728e-005,-0.000713363
4.8732e-005,-0.000653836
4.8736e-005,-0.000758009
4.874e-005,0.00125599
4.8744e-005,0.0149423
4.8748e-005,0.0177301
4.8752e-005,0.0201311
4.8756e-005,0.022021
4.876e-005,0.0239557
4.8764e-005,0.0248486
4.8768e-005,0.0254389
4.8772e-005,0.0270164
4.8776e-005,0.0274281
4.878e-005,0.0278349
4.8784e-005,0.0290204
4.8788e-005,0.029323
4.8792e-005,0.0298935
4.8796e-005,0.0309203
4.88e-005,0.0306525
4.8804e-005,0.0314809
4.8808e-005,0.0315355
4.8812e-005,0.0315404
4.8816e-005,0.0319869
4.882e-005,0.0317289
4.8824e-005,0.0317934
4.8828e-005,0.0321903
4.8832e-005,0.0326417
4.8836e-005,0.0324482
4.884e-005,0.0318232
4.8844e-005,0.0326466
4.8848e-005,0.032597
4.8852e-005,0.0325375
4.8856e-005,0.0328203
4.886e-005,0.0328897
4.8864e-005,0.0323093
4.8868e-005,0.0326566
4.8872e-005,0.0330633
4.8876e-005,0.0322845
4.888e-005,0.0334651
4.8884e-005,0.0321059
4.8888e-005,0.0322498
4.8892e-005,0.0325673
4.8896e-005,0.0316595
4.89e-005,0.0326218
4.8904e-005,0.0327508
4.8908e-005,0.0320811
4.8912e-005,0.0321258
4.8916e-005,0.0327855
4.892e-005,0.0322845
4.8924e-005,0.0318678
4.8928e-005,0.0325375
4.8932e-005,0.0322498
4.8936e-005,0.0321853
4.894e-005,0.0319125
4.8944e-005,0.0320514
4.8948e-005,0.0321754
4.8952e-005,0.0322547
4.8956e-005,0.0322845
4.896e-005,0.0318678
4.8964e-005,0.0328699
4.8968e-005,0.0328302
4.8972e-005,0.0328252
4.8976e-005,0.0328798
4.898e-005,0.0322845
4.8984e-005,0.0327954
4.8988e-005,0.0328004
4.8992e-005,0.0323788
4.8996e-005,0.0328847
4.9e-005,0.0325077
4.9004e-005,0.0321903
4.9008e-005,0.032855
4.9012e-005,0.0329294
4.9016e-005,0.0324036
4.902e-005,0.0325474
4.9024e-005,0.0326814
4.9028e-005,0.0318877
4.9032e-005,0.0321803
4.9036e-005,0.032349
4.904e-005,0.0317934
4.9044e-005,0.0316644
4.9048e-005,0.031843
4.9052e-005,0.0320216
4.9056e-005,0.032349
4.906e-005,0.0324532
4.9064e-005,0.0322845
4.9068e-005,0.0324432
4.9072e-005,0.0324234
4.9076e-005,0.0324383
4.908e-005,0.0311882
4.9084e-005,0.0327012
4.9088e-005,0.032225
4.9092e-005,0.0322299
4.9096e-005,0.0324234
4.91e-005,0.0322795
4.9104e-005,0.0312031
4.9108e-005,0.0316099
4.9112e-005,0.0317091
4.9116e-005,0.0313618
4.912e-005,0.0323738
4.9124e-005,0.0318381
4.9128e-005,0.031595
4.9132e-005,0.032344
4.9136e-005,0.0318728
4.914e-005,0.031714
4.9144e-005,0.0315007
4.9148e-005,0.0318926
4.9152e-005,0.0313321
4.9156e-005,0.0325226
4.916e-005,0.0322002
4.9164e-005,0.032096
4.9168e-005,0.032101
4.9172e-005,0.031977
4.9176e-005,0.0314362
4.918e-005,0.0321307
4.9184e-005,0.0313271
4.9188e-005,0.0318579
4.9192e-005,0.0321952
4.9196e-005,0.0318777
4.92e-005,0.0321208
4.9204e-005,0.0325127
4.9208e-005,0.032478
4.9212e-005,0.0321952
4.9216e-005,0.0326714
4.922e-005,0.0324581
4.9224e-005,0.032473
4.9228e-005,0.0330187
4.9232e-005,0.0322151
4.9236e-005,0.0322895
4.924e-005,0.0323242
4.9244e-005,0.0321903
4.9248e-005,0.0323341
4.9252e-005,0.0323738
4.9256e-005,0.0320266
4.926e-005,0.0325028
4.9264e-005,0.0322002
4.9268e-005,0.0315999
4.9272e-005,0.0330236
4.9276e-005,0.0318728
4.928e-005,0.0324135
4.9284e-005,0.0321456
4.9288e-005,0.0322299
4.9292e-005,0.0321109
4.9296e-005,0.03222
4.93e-005,0.0319521
4.9304e-005,0.0314759
4.9308e-005,0.0318777
4.9312e-005,0.0326218
4.9316e-005,0.0322795
4.932e-005,0.0324631
4.9324e-005,0.032101
4.9328e-005,0.0322051
4.9332e-005,0.0318133
4.9336e-005,0.032597
4.934e-005,0.0326615
4.9344e-005,0.0322101
4.9348e-005,0.0323688
4.9352e-005,0.0317636
4.9356e-005,0.0321258
4.936e-005,0.0321704
4.9364e-005,0.0324581
4.9368e-005,0.0323341
4.9372e-005,0.0321655
4.9376e-005,0.032731
4.938e-005,0.0327409
4.9384e-005,0.0324532
4.9388e-005,0.0318777
4.9392e-005,0.0317934
4.9396e-005,0.0324135
4.94e-005,0.0315603
4.9404e-005,0.0322498
4.9408e-005,0.032354
4.9412e-005,0.0318678
4.9416e-005,0.0316148
4.942e-005,0.0310096
4.9424e-005,0.0309551
4.9428e-005,0.0294917
4.9432e-005,0.0298092
4.9436e-005,0.0300671
4.944e-005,0.029452
4.9444e-005,0.0271007
4.9448e-005,0.0208751
4.9452e-005,0.0194763
4.9456e-005,0.0190794
4.946e-005,0.0187718
4.9464e-005,0.0183948
4.9468e-005,0.0163957
4.9472e-005,0.00474329
4.9476e-005,0.000878987
4.948e-005,-0.000252028
4.9484e-005,-0.000505019
4.9488e-005,-0.00026691
4.9492e-005,0.000105135
4.9496e-005,-0.000108171
4.95e-005,-0.000490137
4.9504e-005,1.58439e-005
4.9508e-005,0.00241677
4.9512e-005,0.0154532
4.9516e-005,0.0196003
4.952e-005,0.0217135
4.9524e-005,0.0242583
4.9528e-005,0.0272743
4.9532e-005,0.02845
4.9536e-005,0.0293131
4.954e-005,0.0321456
4.9544e-005,0.0326169
4.9548e-005,0.0333858
4.9552e-005,0.034869
4.9556e-005,0.036372
4.956e-005,0.0363919
4.9564e-005,0.0375477
4.9568e-005,0.0379247
4.9572e-005,0.0381033
4.9576e-005,0.0390557
4.958e-005,0.0387978
4.9584e-005,0.0394129
4.9588e-005,0.0395915
4.9592e-005,0.0394625
4.9596e-005,0.0398792
4.96e-005,0.0405241
4.9604e-005,0.0398593
4.9608e-005,0.0405389
4.9612e-005,0.0406332
4.9616e-005,0.0404397
4.962e-005,0.0406381
4.9624e-005,0.0405836
4.9628e-005,0.0407274
4.9632e-005,0.0412582
4.9636e-005,0.0409854
4.964e-005,0.0404496
4.9644e-005,0.0408564
4.9648e-005,0.0409259
4.9652e-005,0.0399536
4.9656e-005,0.0410995
4.966e-005,0.0410499
4.9664e-005,0.0407522
4.9668e-005,0.0406828
4.9672e-005,0.0418882
4.9676e-005,0.040787
4.968e-005,0.0412632
4.9684e-005,0.0417444
4.9688e-005,0.04103
4.9692e-005,0.0410697
4.9696e-005,0.041164
4.97e-005,0.0411392
4.9704e-005,0.0406927
4.9708e-005,0.0414616
4.9712e-005,0.0407423
4.9716e-005,0.0416402
4.972e-005,0.041154
4.9724e-005,0.0408465
4.9728e-005,0.0406679
4.9732e-005,0.0412136
4.9736e-005,0.0405588
4.974e-005,0.0409953
4.9744e-005,0.0415807
4.9748e-005,0.0405637
4.9752e-005,0.0408267
4.9756e-005,0.0419229
4.976e-005,0.0403901
4.9764e-005,0.0411689
4.9768e-005,0.0411937
4.9772e-005,0.0407026
4.9776e-005,0.0413872
4.978e-005,0.0413525
4.9784e-005,0.0410102
4.9788e-005,0.0404199
4.9792e-005,0.0416055
4.9796e-005,0.0412632
4.98e-005,0.0408812
4.9804e-005,0.0411491
4.9808e-005,0.0406729
4.9812e-005,0.0404943
4.9816e-005,0.0411193
4.982e-005,0.0403554
4.9824e-005,0.0404199
4.9828e-005,0.0408961
4.9832e-005,0.0407919
4.9836e-005,0.040787
4.984e-005,0.0418932
4.9844e-005,0.0403008
4.9848e-005,0.0403207
4.9852e-005,0.0418485
4.9856e-005,0.0401322
4.986e-005,0.0403058
4.9864e-005,0.0413574
4.9868e-005,0.0408068
4.9872e-005,0.040777
4.9876e-005,0.0414318
4.988e-005,0.0407622
4.9884e-005,0.0407374
4.9888e-005,0.0411193
4.9892e-005,0.0402016
4.9896e-005,0.0405637
4.99e-005,0.0414814
4.9904e-005,0.0405637
4.9908e-005,0.0408217
4.9912e-005,0.0412731
4.9916e-005,0.0410945
4.992e-005,0.0410499
4.9924e-005,0.0411987
4.9928e-005,0.0399833
4.9932e-005,0.0407969
4.9936e-005,0.0409259
4.994e-005,0.0406084
4.9944e-005,0.0409209
4.9948e-005,0.0408018
4.9952e-005,0.0405489
4.9956e-005,0.0403306
4.996e-005,0.0409159
4.9964e-005,0.0405389
4.9968e-005,0.0412929
4.9972e-005,0.0412384
4.9976e-005,0.0402215
4.998e-005,0.0407572
4.9984e-005,0.0415211
4.9988e-005,0.0410648
4.9992e-005,0.0405687
4.9996e-005,0.0414666
5e-005,0.0399685
5.0004e-005,0.0405042
5.0008e-005,0.0407225
5.0012e-005,0.0403455
5.0016e-005,0.0408961
5.002e-005,0.0410201
5.0024e-005,0.0403951
5.0028e-005,0.0404199
5.0032e-005,0.0406282
5.0036e-005,0.0406034
5.004e-005,0.0404248
5.0044e-005,0.0409407
5.0048e-005,0.0407076
5.0052e-005,0.040529
5.0056e-005,0.0414566
5.006e-005,0.0402165
5.0064e-005,0.0407522
5.0068e-005,0.0413574
5.0072e-005,0.0402363
5.0076e-005,0.0407522
5.008e-005,0.0415261
5.0084e-005,0.0404943
5.0088e-005,0.040276
5.0092e-005,0.0412681
5.0096e-005,0.0409507
5.01e-005,0.0412781
5.0104e-005,0.0416997
5.0108e-005,0.0408465
5.0112e-005,0.0408465
5.0116e-005,0.0416005
5.012e-005,0.0409407
5.0124e-005,0.0411243
5.0128e-005,0.0421214
5.0132e-005,0.0408713
5.0136e-005,0.0414269
5.014e-005,0.0417592
5.0144e-005,0.0410697
5.0148e-005,0.0410201
5.0152e-005,0.0405588
5.0156e-005,0.0409308
5.016e-005,0.0405985
5.0164e-005,0.041164
5.0168e-005,0.0407076
5.0172e-005,0.0409655
5.0176e-005,0.0417592
5.018e-005,0.0407324
5.0184e-005,0.0403752
5.0188e-005,0.0396758
5.0192e-005,0.0365109
5.0196e-005,0.0354494
5.02e-005,0.0340505
5.0204e-005,0.0328153
5.0208e-005,0.0326516
5.0212e-005,0.0303201
5.0216e-005,0.0220607
5.022e-005,0.0200269
5.0224e-005,0.0191737
5.0228e-005,0.0191637
5.0232e-005,0.0180972
5.0236e-005,0.016609
5.024e-005,0.00518478
5.0244e-005,0.0013552
5.0248e-005,0.000606155
5.0252e-005,-0.000614152
5.0256e-005,0.000179543
5.026e-005,0.00014978
5.0264e-005,-0.000410767
5.0268e-005,0.000139859
5.0272e-005,-0.000529821
5.0276e-005,0.00240189
5.028e-005,0.0156665
5.0284e-005,0.0193225
5.0288e-005,0.0227552
5.0292e-005,0.026431
5.0296e-005,0.0297546
5.03e-005,0.0312031
5.0304e-005,0.0335991
5.0308e-005,0.0359752
5.0312e-005,0.0372005
5.0316e-005,0.0384009
5.032e-005,0.0401867
5.0324e-005,0.0403058
5.0328e-005,0.0411441
5.0332e-005,0.0427166
5.0336e-005,0.0429895
5.034e-005,0.0434657
5.0344e-005,0.0445322
5.0348e-005,0.0445669
5.0352e-005,0.0453656
5.0356e-005,0.0467694
5.036e-005,0.0465313
5.0364e-005,0.0459509
5.0368e-005,0.0472804
5.0372e-005,0.0469034
5.0376e-005,0.0471216
5.038e-005,0.0475532
5.0384e-005,0.0475532
5.0388e-005,0.0468637
5.0392e-005,0.0475631
5.0396e-005,0.0468141
5.04e-005,0.048084
5.0404e-005,0.0481832
5.0408e-005,0.047712
5.0412e-005,0.0476623
5.0416e-005,0.0483221
5.042e-005,0.047454
5.0424e-005,0.0482279
5.0428e-005,0.0481336
5.0432e-005,0.0480294
5.0436e-005,0.047826
5.044e-005,0.0486148
5.0444e-005,0.0481286
5.0448e-005,0.0483767
5.0452e-005,0.0491059
5.0456e-005,0.0478558
5.046e-005,0.0479104
5.0464e-005,0.048719
5.0468e-005,0.048342
5.0472e-005,0.0487289
5.0476e-005,0.048967
5.048e-005,0.0477764
5.0484e-005,0.0485453
5.0488e-005,0.0489868
5.0492e-005,0.0484213
5.0496e-005,0.0482378
5.05e-005,0.0482427
5.0504e-005,0.0481286
5.0508e-005,0.0491505
5.0512e-005,0.0492993
5.0516e-005,0.0486942
5.052e-005,0.048466
5.0524e-005,0.0491604
5.0528e-005,0.0486991
5.0532e-005,0.0485751
5.0536e-005,0.0491803
5.054e-005,0.0481683
5.0544e-005,0.0486892
5.0548e-005,0.0493192
5.0552e-005,0.0487239
5.0556e-005,0.0482179
5.056e-005,0.0496069
5.0564e-005,0.048456
5.0568e-005,0.0486297
5.0572e-005,0.0488678
5.0576e-005,0.0479005
5.058e-005,0.0483171
5.0584e-005,0.0490017
5.0588e-005,0.049096
5.0592e-005,0.0491356
5.0596e-005,0.049468
5.06e-005,0.048461
5.0604e-005,0.0489174
5.0608e-005,0.0496466
5.0612e-005,0.0491307
5.0616e-005,0.0491704
5.062e-005,0.0491952
5.0624e-005,0.0488479
5.0628e-005,0.049344
5.0632e-005,0.0493291
5.0636e-005,0.0489521
5.064e-005,0.0488926
5.0644e-005,0.048962
5.0648e-005,0.0481683
5.0652e-005,0.0484362
5.0656e-005,0.049086
5.066e-005,0.0485255
5.0664e-005,0.048962
5.0668e-005,0.0495275
5.0672e-005,0.0482328
5.0676e-005,0.0486842
5.068e-005,0.0492597
5.0684e-005,0.0484114
5.0688e-005,0.0483221
5.0692e-005,0.0492993
5.0696e-005,0.0484263
5.07e-005,0.0490563
5.0704e-005,0.0499789
5.0708e-005,0.0491158
5.0712e-005,0.0489223
5.0716e-005,0.0493886
5.072e-005,0.0484263
5.0724e-005,0.0488827
5.0728e-005,0.0488579
5.0732e-005,0.0477715
5.0736e-005,0.0480691
5.074e-005,0.0488628
5.0744e-005,0.0483122
5.0748e-005,0.0487239
5.0752e-005,0.0492497
5.0756e-005,0.048461
5.076e-005,0.0480146
5.0764e-005,0.0494878
5.0768e-005,0.0485701
5.0772e-005,0.0489918
5.0776e-005,0.0490265
5.078e-005,0.0483122
5.0784e-005,0.0486148
5.0788e-005,0.0490166
5.0792e-005,0.0482626
5.0796e-005,0.0486892
5.08e-005,0.0486892
5.0804e-005,0.0483767
5.0808e-005,0.0481485
5.0812e-005,0.0491753
5.0816e-005,0.0486545
5.082e-005,0.0487041
5.0824e-005,0.0487487
5.0828e-005,0.0484362
5.0832e-005,0.048208
5.0836e-005,0.049096
5.084e-005,0.0481832
5.0844e-005,0.0488281
5.0848e-005,0.0486991
5.0852e-005,0.0478161
5.0856e-005,0.0482378
5.086e-005,0.0486693
5.0864e-005,0.0479253
5.0868e-005,0.0489719
5.0872e-005,0.0488628
5.0876e-005,0.0481336
5.088e-005,0.048337
5.0884e-005,0.0486445
5.0888e-005,0.0484114
5.0892e-005,0.0483767
5.0896e-005,0.0489372
5.09e-005,0.0480493
5.0904e-005,0.0486396
5.0908e-005,0.0492696
5.0912e-005,0.049215
5.0916e-005,0.0486892
5.092e-005,0.0491902
5.0924e-005,0.0492944
5.0928e-005,0.0490116
5.0932e-005,0.0488827
5.0936e-005,0.0485255
5.094e-005,0.0484412
5.0944e-005,0.0494482
5.0948e-005,0.0485949
5.0952e-005,0.0478012
5.0956e-005,0.0450977
5.096e-005,0.0406381
5.0964e-005,0.0385944
5.0968e-005,0.0364861
5.0972e-005,0.0356528
5.0976e-005,0.034368
5.098e-005,0.0313321
5.0984e-005,0.0227155
5.0988e-005,0.0201311
5.0992e-005,0.019506
5.0996e-005,0.018876
5.1e-005,0.0181171
5.1004e-005,0.0160336
5.1008e-005,0.00477305
5.1012e-005,0.0022878
5.1016e-005,-8.3368e-005
5.102e-005,-0.000371082
5.1024e-005,-0.000539743
5.1028e-005,0.000258913
5.1032e-005,-0.000356201
5.1036e-005,-0.000465334
5.104e-005,-0.00010321
5.1044e-005,0.00221339
5.1048e-005,0.0157012
5.1052e-005,0.0176607
5.1056e-005,0.0190496
5.106e-005,0.0210041
5.1064e-005,0.0223534
5.1068e-005,0.0220558
5.1072e-005,0.0218573
5.1076e-005,0.0227651
5.108e-005,0.0230479
5.1084e-005,0.0231967
5.1088e-005,0.0236233
5.1092e-005,0.0240946
5.1096e-005,0.0240698
5.11e-005,0.0248783
5.1104e-005,0.0242384
5.1108e-005,0.0241839
5.1112e-005,0.0243674
5.1116e-005,0.02467
5.112e-005,0.0239209
5.1124e-005,0.0247444
5.1128e-005,0.0244567
5.1132e-005,0.0241243
5.1136e-005,0.0245113
5.114e-005,0.0249776
5.1144e-005,0.0248883
5.1148e-005,0.0242186
5.1152e-005,0.0245113
5.1156e-005,0.0240797
5.116e-005,0.0246105
5.1164e-005,0.024293
5.1168e-005,0.0244269
5.1172e-005,0.0244865
5.1176e-005,0.0244368
5.118e-005,0.0245013
5.1184e-005,0.0247494
5.1188e-005,0.0242781
5.1192e-005,0.0239309
5.1196e-005,0.024417
5.12e-005,0.0245509
5.1204e-005,0.0241045
5.1208e-005,0.0245906
5.1212e-005,0.0241888
5.1216e-005,0.0234844
5.122e-005,0.0243277
5.1224e-005,0.0241343
5.1228e-005,0.0241293
5.1232e-005,0.0236481
5.1236e-005,0.0240301
5.124e-005,0.0238614
5.1244e-005,0.0243476
5.1248e-005,0.0238912
5.1252e-005,0.024035
5.1256e-005,0.0243773
5.126e-005,0.0241839
