Time,Ampl
4.126e-005,0.0463924
4.1264e-005,0.0466851
4.1268e-005,0.0461097
4.1272e-005,0.046824
4.1276e-005,0.0475185
4.128e-005,0.0476475
4.1284e-005,0.0483171
4.1288e-005,0.0471365
4.1292e-005,0.0481882
4.1296e-005,0.0485056
4.13e-005,0.0487289
4.1304e-005,0.0482923
4.1308e-005,0.0486842
4.1312e-005,0.0483816
4.1316e-005,0.0485949
4.132e-005,0.0489025
4.1324e-005,0.048833
4.1328e-005,0.0492646
4.1332e-005,0.048714
4.1336e-005,0.0488876
4.134e-005,0.0493936
4.1344e-005,0.0489819
4.1348e-005,0.0486594
4.1352e-005,0.0491555
4.1356e-005,0.0490315
4.136e-005,0.0491059
4.1364e-005,0.0493738
4.1368e-005,0.0494928
4.1372e-005,0.0486396
4.1376e-005,0.0495771
4.138e-005,0.049096
4.1384e-005,0.0487487
4.1388e-005,0.0491108
4.1392e-005,0.0495523
4.1396e-005,0.0495623
4.14e-005,0.0494878
4.1404e-005,0.0494382
4.1408e-005,0.0492993
4.1412e-005,0.0491257
4.1416e-005,0.0492497
4.142e-005,0.0493341
4.1424e-005,0.0498252
4.1428e-005,0.0493787
4.1432e-005,0.0492497
4.1436e-005,0.0496565
4.144e-005,0.0493787
4.1444e-005,0.0487884
4.1448e-005,0.0492249
4.1452e-005,0.0496367
4.1456e-005,0.0488132
4.146e-005,0.0493688
4.1464e-005,0.0496664
4.1468e-005,0.0501178
4.1472e-005,0.0495127
4.1476e-005,0.0496763
4.148e-005,0.0503659
4.1484e-005,0.0502667
4.1488e-005,0.0499194
4.1492e-005,0.0494234
4.1496e-005,0.0492051
4.15e-005,0.0499145
4.1504e-005,0.0497061
4.1508e-005,0.0500335
4.1512e-005,0.0499145
4.1516e-005,0.0498202
4.152e-005,0.0492051
4.1524e-005,0.0496664
4.1528e-005,0.0500881
4.1532e-005,0.0497557
4.1536e-005,0.0500782
4.154e-005,0.0499988
4.1544e-005,0.0498549
4.1548e-005,0.0488777
4.1552e-005,0.0500137
4.1556e-005,0.0500335
4.156e-005,0.0497458
4.1564e-005,0.0502964
4.1568e-005,0.0491208
4.1572e-005,0.049721
4.1576e-005,0.0495325
4.158e-005,0.0492349
4.1584e-005,0.0496218
4.1588e-005,0.0494085
4.1592e-005,0.0502369
4.1596e-005,0.0495424
4.16e-005,0.049463
4.1604e-005,0.0494978
4.1608e-005,0.0501625
4.1612e-005,0.0497607
4.1616e-005,0.04984
4.162e-005,0.0491853
4.1624e-005,0.0492001
4.1628e-005,0.0494283
4.1632e-005,0.0502716
4.1636e-005,0.0491902
4.164e-005,0.049721
4.1644e-005,0.0491853
4.1648e-005,0.0497656
4.1652e-005,0.0497756
4.1656e-005,0.0496367
4.166e-005,0.049468
4.1664e-005,0.0500385
4.1668e-005,0.0495077
4.1672e-005,0.0500087
4.1676e-005,0.0502369
4.168e-005,0.0496218
4.1684e-005,0.0498053
4.1688e-005,0.0499789
4.1692e-005,0.0505147
4.1696e-005,0.0495226
4.17e-005,0.0499442
4.1704e-005,0.0497458
4.1708e-005,0.0499145
4.1712e-005,0.0494482
4.1716e-005,0.0502716
4.172e-005,0.0500037
4.1724e-005,0.0497656
4.1728e-005,0.0500782
4.1732e-005,0.049716
4.1736e-005,0.0503113
4.174e-005,0.0499045
4.1744e-005,0.0498004
4.1748e-005,0.0493837
4.1752e-005,0.0495375
4.1756e-005,0.0501923
4.176e-005,0.049339
4.1764e-005,0.0498004
4.1768e-005,0.0502369
4.1772e-005,0.0499244
4.1776e-005,0.0494928
4.178e-005,0.0492696
4.1784e-005,0.0496466
4.1788e-005,0.0501178
4.1792e-005,0.049716
4.1796e-005,0.0500534
4.18e-005,0.0493936
4.1804e-005,0.0496267
4.1808e-005,0.0498897
4.1812e-005,0.0497954
4.1816e-005,0.0500434
4.182e-005,0.0495722
4.1824e-005,0.0498797
4.1828e-005,0.0491059
4.1832e-005,0.0496714
4.1836e-005,0.0498549
4.184e-005,0.0496267
4.1844e-005,0.0496466
4.1848e-005,0.0498103
4.1852e-005,0.0495771
4.1856e-005,0.050098
4.186e-005,0.0496367
4.1864e-005,0.0493787
4.1868e-005,0.044185
4.1872e-005,0.0406977
4.1876e-005,0.0378156
4.188e-005,0.0372501
4.1884e-005,0.0356081
4.1888e-005,0.0358809
4.1892e-005,0.0274082
4.1896e-005,0.0214555
4.19e-005,0.0200318
4.1904e-005,0.0190943
4.1908e-005,0.0184593
4.1912e-005,0.0190794
4.1916e-005,0.0114153
4.192e-005,0.00255071
4.1924e-005,0.00167764
4.1928e-005,-0.000336358
4.1932e-005,-0.000916748
4.1936e-005,-5.36045e-005
4.194e-005,-0.000594309
4.1944e-005,-0.000708403
4.1948e-005,-8.95912e-006
4.1952e-005,-0.00119454
4.1956e-005,0.00723351
4.196e-005,0.0175565
4.1964e-005,0.0196003
4.1968e-005,0.0196003
4.1972e-005,0.0218524
4.1976e-005,0.022021
4.198e-005,0.0228941
4.1984e-005,0.0238565
4.1988e-005,0.02404
4.1992e-005,0.0247593
4.1996e-005,0.0245063
4.2e-005,0.0248287
4.2004e-005,0.0256125
4.2008e-005,0.0253397
4.2012e-005,0.0263814
4.2016e-005,0.0253347
4.202e-005,0.0257316
4.2024e-005,0.0257117
4.2028e-005,0.025672
4.2032e-005,0.026183
4.2036e-005,0.0269171
4.204e-005,0.0261036
4.2044e-005,0.0258308
4.2048e-005,0.0260788
4.2052e-005,0.0262921
4.2056e-005,0.0266195
4.206e-005,0.0259101
4.2064e-005,0.0258457
4.2068e-005,0.0256423
4.2072e-005,0.0264012
4.2076e-005,0.0263219
4.208e-005,0.0257663
4.2084e-005,0.0259598
4.2088e-005,0.0261334
4.2092e-005,0.0264608
4.2096e-005,0.0257365
4.21e-005,0.0258159
4.2104e-005,0.0258655
4.2108e-005,0.0259945
4.2112e-005,0.026059
4.2116e-005,0.0257365
4.212e-005,0.0257415
4.2124e-005,0.0263864
4.2128e-005,0.0260242
4.2132e-005,0.0266394
4.2136e-005,0.0260143
4.214e-005,0.0267683
4.2144e-005,0.0262623
4.2148e-005,0.0260986
4.2152e-005,0.0261284
4.2156e-005,0.0262772
4.216e-005,0.0262177
4.2164e-005,0.026808
4.2168e-005,0.0265897
4.2172e-005,0.0265401
4.2176e-005,0.0262574
4.218e-005,0.0267832
4.2184e-005,0.0256324
4.2188e-005,0.0264856
4.2192e-005,0.0263368
4.2196e-005,0.0260391
4.22e-005,0.0255381
4.2204e-005,0.0262276
4.2208e-005,0.0258853
4.2212e-005,0.0257712
4.2216e-005,0.0256671
4.222e-005,0.0262227
4.2224e-005,0.0265104
4.2228e-005,0.0262772
4.2232e-005,0.0255232
4.2236e-005,0.0255827
4.224e-005,0.026183
4.2244e-005,0.025806
4.2248e-005,0.0255282
4.2252e-005,0.0258457
4.2256e-005,0.0253496
4.226e-005,0.0262177
4.2264e-005,0.0255282
4.2268e-005,0.0255778
4.2272e-005,0.0255827
4.2276e-005,0.0257117
4.228e-005,0.0257861
4.2284e-005,0.0248585
4.2288e-005,0.0254786
4.2292e-005,0.025925
4.2296e-005,0.0261284
4.23e-005,0.0259647
4.2304e-005,0.0251859
4.2308e-005,0.0251809
4.2312e-005,0.026059
4.2316e-005,0.0256373
4.232e-005,0.0260639
4.2324e-005,0.0256671
4.2328e-005,0.025925
4.2332e-005,0.0253992
4.2336e-005,0.0253843
4.234e-005,0.0259449
4.2344e-005,0.025553
4.2348e-005,0.0257613
4.2352e-005,0.0262177
4.2356e-005,0.0258308
4.236e-005,0.0257712
4.2364e-005,0.0253794
4.2368e-005,0.0256274
4.2372e-005,0.0252305
4.2376e-005,0.0264012
4.238e-005,0.0257514
4.2384e-005,0.0257961
4.2388e-005,0.0250768
4.2392e-005,0.0257464
4.2396e-005,0.0263318
4.24e-005,0.0255827
4.2404e-005,0.0258853
4.2408e-005,0.0256671
4.2412e-005,0.0265203
4.2416e-005,0.0258357
4.242e-005,0.0258209
4.2424e-005,0.025801
4.2428e-005,0.0249776
4.2432e-005,0.0257712
4.2436e-005,0.0257911
4.244e-005,0.0258407
4.2444e-005,0.0252107
4.2448e-005,0.025419
4.2452e-005,0.0254835
4.2456e-005,0.0261631
4.246e-005,0.0260639
4.2464e-005,0.0257564
4.2468e-005,0.0260292
4.2472e-005,0.0257762
4.2476e-005,0.0254687
4.248e-005,0.0261086
4.2484e-005,0.0259349
4.2488e-005,0.0254736
4.2492e-005,0.0259548
4.2496e-005,0.0260143
4.25e-005,0.026049
4.2504e-005,0.0253992
4.2508e-005,0.0255431
4.2512e-005,0.0258407
4.2516e-005,0.025677
4.252e-005,0.0258605
4.2524e-005,0.0251462
4.2528e-005,0.0257068
4.2532e-005,0.0255034
4.2536e-005,0.0257068
4.254e-005,0.0252603
4.2544e-005,0.0253893
4.2548e-005,0.0251413
4.2552e-005,0.0258209
4.2556e-005,0.0257266
4.256e-005,0.0253298
4.2564e-005,0.0253694
4.2568e-005,0.025682
4.2572e-005,0.0251561
4.2576e-005,0.0254885
4.258e-005,0.0252752
4.2584e-005,0.0253099
4.2588e-005,0.0255331
4.2592e-005,0.025672
4.2596e-005,0.0255827
4.26e-005,0.0251809
4.2604e-005,0.0255381
4.2608e-005,0.0256373
4.2612e-005,0.0251661
4.2616e-005,0.0258506
4.262e-005,0.0257316
4.2624e-005,0.0263318
4.2628e-005,0.0254141
4.2632e-005,0.0248287
4.2636e-005,0.0250768
4.264e-005,0.0263913
4.2644e-005,0.026178
4.2648e-005,0.0262227
4.2652e-005,0.0268824
4.2656e-005,0.0269469
4.266e-005,0.0225617
4.2664e-005,0.0202799
4.2668e-005,0.0200021
4.2672e-005,0.0192084
4.2676e-005,0.0187074
4.268e-005,0.0184593
4.2684e-005,0.0104877
4.2688e-005,0.00172229
4.2692e-005,0.00107741
4.2696e-005,-0.000137935
4.27e-005,-0.000212343
4.2704e-005,-0.000708403
4.2708e-005,-0.000549664
4.2712e-005,-0.000118092
4.2716e-005,-5.36045e-005
4.272e-005,-0.00144753
4.2724e-005,0.0069954
4.2728e-005,0.0176508
4.2732e-005,0.0190893
4.2736e-005,0.021143
4.274e-005,0.0239805
4.2744e-005,0.0252851
4.2748e-005,0.025672
4.2752e-005,0.0275323
4.2756e-005,0.0286434
4.276e-005,0.0288121
4.2764e-005,0.0295066
4.2768e-005,0.0302606
4.2772e-005,0.0310096
4.2776e-005,0.0315107
4.278e-005,0.0321357
4.2784e-005,0.0332022
4.2788e-005,0.0328103
4.2792e-005,0.0334155
4.2796e-005,0.0332171
4.28e-005,0.0329294
4.2804e-005,0.0342787
4.2808e-005,0.0339513
4.2812e-005,0.0343828
4.2816e-005,0.0342638
4.282e-005,0.0348094
4.2824e-005,0.0342935
4.2828e-005,0.0343729
4.2832e-005,0.0346557
4.2836e-005,0.0344424
4.284e-005,0.0337776
4.2844e-005,0.0343432
4.2848e-005,0.0344324
4.2852e-005,0.03411
4.2856e-005,0.0336586
4.286e-005,0.0346458
4.2864e-005,0.0339165
4.2868e-005,0.0342539
4.2872e-005,0.0340802
4.2876e-005,0.0344374
4.288e-005,0.0343828
4.2884e-005,0.0342638
4.2888e-005,0.0342836
4.2892e-005,0.0343084
4.2896e-005,0.0341249
4.29e-005,0.0344225
4.2904e-005,0.0344622
4.2908e-005,0.0343729
4.2912e-005,0.0337132
4.2916e-005,0.0342291
4.292e-005,0.0340158
4.2924e-005,0.0341993
4.2928e-005,0.0341298
4.2932e-005,0.0339959
4.2936e-005,0.0342985
4.294e-005,0.0341199
4.2944e-005,0.0335693
4.2948e-005,0.034239
4.2952e-005,0.0340257
4.2956e-005,0.0338024
4.296e-005,0.0340158
4.2964e-005,0.0341695
4.2968e-005,0.0342191
4.2972e-005,0.0335743
4.2976e-005,0.0339562
4.298e-005,0.0338223
4.2984e-005,0.033609
4.2988e-005,0.0335048
4.2992e-005,0.0334552
4.2996e-005,0.0340009
4.3e-005,0.033986
4.3004e-005,0.0336586
4.3008e-005,0.0339513
4.3012e-005,0.0334453
4.3016e-005,0.0339413
4.302e-005,0.0333758
4.3024e-005,0.0339215
4.3028e-005,0.0337032
4.3032e-005,0.0332717
4.3036e-005,0.0338868
4.304e-005,0.0340257
4.3044e-005,0.0338173
4.3048e-005,0.0340406
4.3052e-005,0.0337628
4.3056e-005,0.0339314
4.306e-005,0.0341249
4.3064e-005,0.0347598
4.3068e-005,0.0343432
4.3072e-005,0.0338124
4.3076e-005,0.0342142
4.308e-005,0.0345763
4.3084e-005,0.0339661
4.3088e-005,0.0340554
4.3092e-005,0.033728
4.3096e-005,0.0338372
4.31e-005,0.0347499
4.3104e-005,0.0338769
4.3108e-005,0.0332865
4.3112e-005,0.0342439
4.3116e-005,0.0341199
4.312e-005,0.0339513
4.3124e-005,0.0346805
4.3128e-005,0.0349434
4.3132e-005,0.034363
4.3136e-005,0.0338124
4.314e-005,0.0343432
4.3144e-005,0.0352113
4.3148e-005,0.0338273
4.3152e-005,0.0341447
4.3156e-005,0.0341745
4.316e-005,0.0341844
4.3164e-005,0.0340257
4.3168e-005,0.0341547
4.3172e-005,0.0340406
4.3176e-005,0.0338521
4.318e-005,0.0343283
4.3184e-005,0.0339959
4.3188e-005,0.0346606
4.3192e-005,0.0337132
4.3196e-005,0.0333362
4.32e-005,0.0340009
4.3204e-005,0.0334056
4.3208e-005,0.0340852
4.3212e-005,0.0338521
4.3216e-005,0.0333411
4.322e-005,0.0334999
4.3224e-005,0.0334006
4.3228e-005,0.0336536
4.3232e-005,0.0344672
4.3236e-005,0.0339364
4.324e-005,0.0343878
4.3244e-005,0.0340009
4.3248e-005,0.0337628
4.3252e-005,0.0338471
4.3256e-005,0.0345317
4.326e-005,0.0340406
4.3264e-005,0.0338868
4.3268e-005,0.0335594
4.3272e-005,0.0344324
4.3276e-005,0.0348491
4.328e-005,0.0344622
4.3284e-005,0.0347251
4.3288e-005,0.0339661
4.3292e-005,0.0339017
4.3296e-005,0.0341497
4.33e-005,0.0338917
4.3304e-005,0.0338917
4.3308e-005,0.0346805
4.3312e-005,0.0338521
4.3316e-005,0.0338322
4.332e-005,0.0340455
4.3324e-005,0.0344126
4.3328e-005,0.0340455
4.3332e-005,0.0346061
4.3336e-005,0.034492
4.334e-005,0.0340802
4.3344e-005,0.0341199
4.3348e-005,0.0348591
4.3352e-005,0.0338719
4.3356e-005,0.0339364
4.336e-005,0.0340951
4.3364e-005,0.0343332
4.3368e-005,0.0345565
4.3372e-005,0.0334502
4.3376e-005,0.0337975
4.338e-005,0.0335495
4.3384e-005,0.0341745
4.3388e-005,0.0341497
4.3392e-005,0.034616
4.3396e-005,0.0335395
4.34e-005,0.0333163
4.3404e-005,0.0325623
4.3408e-005,0.0318232
4.3412e-005,0.0312626
4.3416e-005,0.0313618
4.342e-005,0.0312577
4.3424e-005,0.0308509
4.3428e-005,0.0248734
4.3432e-005,0.0209198
4.3436e-005,0.0202253
4.344e-005,0.0196796
4.3444e-005,0.0194266
4.3448e-005,0.0189455
4.3452e-005,0.01082
4.3456e-005,0.00191575
4.346e-005,0.00098316
4.3464e-005,-0.00093163
4.3468e-005,-0.000614152
4.3472e-005,-4.36833e-005
4.3476e-005,-0.000619112
4.348e-005,-1.88803e-005
4.3484e-005,9.62069e-007
4.3488e-005,-0.00109037
4.3492e-005,0.00731288
4.3496e-005,0.017869
4.35e-005,0.0209744
4.3504e-005,0.0235935
4.3508e-005,0.0262127
4.3512e-005,0.0286236
4.3516e-005,0.0296256
4.352e-005,0.0313271
4.3524e-005,0.0333858
4.3528e-005,0.0343283
4.3532e-005,0.0350823
4.3536e-005,0.0371856
4.354e-005,0.0372352
4.3544e-005,0.0378404
4.3548e-005,0.0387234
4.3552e-005,0.0383612
4.3556e-005,0.0394625
4.356e-005,0.0395766
4.3564e-005,0.0404149
4.3568e-005,0.0401867
4.3572e-005,0.0406878
4.3576e-005,0.0413277
4.358e-005,0.0411491
4.3584e-005,0.0414368
4.3588e-005,0.0416005
4.3592e-005,0.0411987
4.3596e-005,0.0419477
4.36e-005,0.0422702
4.3604e-005,0.0420073
4.3608e-005,0.0423744
4.3612e-005,0.0421462
4.3616e-005,0.0419974
4.362e-005,0.0422255
4.3624e-005,0.0417692
4.3628e-005,0.0415459
4.3632e-005,0.0423049
4.3636e-005,0.041541
4.364e-005,0.0423545
4.3644e-005,0.0422702
4.3648e-005,0.0418634
4.3652e-005,0.0422454
4.3656e-005,0.0418733
4.366e-005,0.0421114
4.3664e-005,0.0422404
4.3668e-005,0.0420668
4.3672e-005,0.0421362
4.3676e-005,0.0421263
4.368e-005,0.0418783
4.3684e-005,0.0422503
4.3688e-005,0.0419229
4.3692e-005,0.0424388
4.3696e-005,0.0420569
4.37e-005,0.041913
4.3704e-005,0.0419626
4.3708e-005,0.0414864
4.3712e-005,0.0423644
4.3716e-005,0.0416352
4.372e-005,0.0422702
4.3724e-005,0.0421561
4.3728e-005,0.0419378
4.3732e-005,0.0422603
4.3736e-005,0.0414914
4.374e-005,0.0424388
4.3744e-005,0.0420172
4.3748e-005,0.0414914
4.3752e-005,0.0420668
4.3756e-005,0.0417444
4.376e-005,0.042171
4.3764e-005,0.0416749
4.3768e-005,0.0419825
4.3772e-005,0.0421263
4.3776e-005,0.0418287
4.378e-005,0.0422751
4.3784e-005,0.0427216
4.3788e-005,0.0413475
4.3792e-005,0.0423644
4.3796e-005,0.0414616
4.38e-005,0.0423198
4.3804e-005,0.0415955
4.3808e-005,0.0412285
4.3812e-005,0.0420866
4.3816e-005,0.0418337
4.382e-005,0.0412384
4.3824e-005,0.0415459
4.3828e-005,0.0415063
4.3832e-005,0.0425331
4.3836e-005,0.0421015
4.384e-005,0.0423446
4.3844e-005,0.041417
4.3848e-005,0.0417245
4.3852e-005,0.0417642
4.3856e-005,0.0417592
4.386e-005,0.0419527
4.3864e-005,0.0422751
4.3868e-005,0.0420222
4.3872e-005,0.042047
4.3876e-005,0.0417344
4.388e-005,0.0418088
4.3884e-005,0.0418337
4.3888e-005,0.0419874
4.3892e-005,0.0419329
4.3896e-005,0.0416055
4.39e-005,0.0420023
4.3904e-005,0.0419825
4.3908e-005,0.0419825
4.3912e-005,0.0420073
4.3916e-005,0.0415707
4.392e-005,0.0423545
4.3924e-005,0.0418634
4.3928e-005,0.0423198
4.3932e-005,0.0422751
4.3936e-005,0.0418783
4.394e-005,0.0414269
4.3944e-005,0.0417146
4.3948e-005,0.0417146
4.3952e-005,0.0413574
4.3956e-005,0.0416303
4.396e-005,0.0414318
4.3964e-005,0.041665
4.3968e-005,0.041536
4.3972e-005,0.0417146
4.3976e-005,0.0415707
4.398e-005,0.0414418
4.3984e-005,0.0417642
4.3988e-005,0.0419676
4.3992e-005,0.041794
4.3996e-005,0.0421511
4.4e-005,0.0420618
4.4004e-005,0.0423198
4.4008e-005,0.0423148
4.4012e-005,0.0413872
4.4016e-005,0.0418535
4.402e-005,0.0418535
4.4024e-005,0.0416352
4.4028e-005,0.0418535
4.4032e-005,0.0421611
4.4036e-005,0.0415559
4.404e-005,0.0419378
4.4044e-005,0.0418882
4.4048e-005,0.0419081
4.4052e-005,0.0419924
4.4056e-005,0.0415559
4.406e-005,0.0417245
4.4064e-005,0.0417592
4.4068e-005,0.0416451
4.4072e-005,0.0421611
4.4076e-005,0.0422454
4.408e-005,0.0421015
4.4084e-005,0.0418088
4.4088e-005,0.0415856
4.4092e-005,0.0416303
4.4096e-005,0.0417295
4.41e-005,0.042042
4.4104e-005,0.0417096
4.4108e-005,0.0412334
4.4112e-005,0.0414765
4.4116e-005,0.0415955
4.412e-005,0.0417344
4.4124e-005,0.0422652
4.4128e-005,0.0414914
4.4132e-005,0.0416203
4.4136e-005,0.0416451
4.414e-005,0.0423793
4.4144e-005,0.0415063
4.4148e-005,0.0424537
4.4152e-005,0.0415261
4.4156e-005,0.0422801
4.416e-005,0.0428407
4.4164e-005,0.0416501
4.4168e-005,0.0410052
4.4172e-005,0.0393137
4.4176e-005,0.0368879
4.418e-005,0.0352311
4.4184e-005,0.0351269
4.4188e-005,0.0336387
4.4192e-005,0.0342638
4.4196e-005,0.026431
4.42e-005,0.02089
4.4204e-005,0.0202948
4.4208e-005,0.0196449
4.4212e-005,0.0187272
4.4216e-005,0.0190298
4.422e-005,0.0113161
4.4224e-005,0.00210425
4.4228e-005,0.000759933
4.4232e-005,-0.000549664
4.4236e-005,-0.000911787
4.424e-005,2.08044e-005
4.4244e-005,-0.000162738
4.4248e-005,-2.88015e-005
4.4252e-005,0.00023411
4.4256e-005,-0.00120446
4.426e-005,0.00694579
4.4264e-005,0.017998
4.4268e-005,0.0210785
4.4272e-005,0.0245956
4.4276e-005,0.0290155
4.428e-005,0.0309898
4.4284e-005,0.0332369
4.4288e-005,0.0345961
4.4292e-005,0.0370814
4.4296e-005,0.0379049
4.43e-005,0.0395617
4.4304e-005,0.0413723
4.4308e-005,0.0415906
4.4312e-005,0.0428059
4.4316e-005,0.0436492
4.432e-005,0.0442544
4.4324e-005,0.0445025
4.4328e-005,0.0451176
4.4332e-005,0.0460601
4.4336e-005,0.0463825
4.434e-005,0.0461146
4.4344e-005,0.0468389
4.4348e-005,0.0475036
4.4352e-005,0.0474986
4.4356e-005,0.0475185
4.436e-005,0.0479253
4.4364e-005,0.0478409
4.4368e-005,0.0482427
4.4372e-005,0.0484064
4.4376e-005,0.0481237
4.438e-005,0.0482626
4.4384e-005,0.0483171
4.4388e-005,0.0486793
4.4392e-005,0.0492051
4.4396e-005,0.0489124
4.44e-005,0.0491952
4.4404e-005,0.0497012
4.4408e-005,0.0496218
4.4412e-005,0.0498301
4.4416e-005,0.0491902
4.442e-005,0.0494482
4.4424e-005,0.0493638
4.4428e-005,0.0493192
4.4432e-005,0.0499988
4.4436e-005,0.0492398
4.444e-005,0.0499045
4.4444e-005,0.0494085
4.4448e-005,0.0489769
4.4452e-005,0.049473
4.4456e-005,0.0496367
4.446e-005,0.0494085
4.4464e-005,0.0494333
4.4468e-005,0.0500831
4.4472e-005,0.0496763
4.4476e-005,0.0497656
4.448e-005,0.0493142
4.4484e-005,0.0492249
4.4488e-005,0.0496168
4.4492e-005,0.0498946
4.4496e-005,0.0495771
4.45e-005,0.0496515
4.4504e-005,0.0498698
4.4508e-005,0.0491555
4.4512e-005,0.0498103
4.4516e-005,0.0500037
4.452e-005,0.0496515
4.4524e-005,0.0492696
4.4528e-005,0.0491604
4.4532e-005,0.0496218
4.4536e-005,0.0493688
4.454e-005,0.0496565
4.4544e-005,0.049721
4.4548e-005,0.0493093
4.4552e-005,0.049597
4.4556e-005,0.0497061
4.456e-005,0.0493837
4.4564e-005,0.0493341
4.4568e-005,0.0501377
4.4572e-005,0.0491009
4.4576e-005,0.0497111
4.458e-005,0.049468
4.4584e-005,0.0497706
4.4588e-005,0.0494878
4.4592e-005,0.0493638
4.4596e-005,0.0495424
4.46e-005,0.0496168
4.4604e-005,0.0499889
4.4608e-005,0.0500137
4.4612e-005,0.049716
4.4616e-005,0.0490513
4.462e-005,0.0499442
4.4624e-005,0.0494134
4.4628e-005,0.0497111
4.4632e-005,0.0497656
4.4636e-005,0.049086
4.464e-005,0.0496962
4.4644e-005,0.0495127
4.4648e-005,0.0492745
4.4652e-005,0.0495474
4.4656e-005,0.0496466
4.466e-005,0.0498053
4.4664e-005,0.0497309
4.4668e-005,0.0497508
4.4672e-005,0.0495226
4.4676e-005,0.0494184
4.468e-005,0.049716
4.4684e-005,0.0493638
4.4688e-005,0.0497508
4.4692e-005,0.0493936
4.4696e-005,0.0498847
4.47e-005,0.0493241
4.4704e-005,0.0493043
4.4708e-005,0.0498549
4.4712e-005,0.0500137
4.4716e-005,0.0491555
4.472e-005,0.0499393
4.4724e-005,0.0492597
4.4728e-005,0.0491902
4.4732e-005,0.049597
4.4736e-005,0.0495821
4.474e-005,0.0498847
4.4744e-005,0.0496962
4.4748e-005,0.049845
4.4752e-005,0.0495226
4.4756e-005,0.0492696
4.476e-005,0.0490315
4.4764e-005,0.0497359
4.4768e-005,0.0502667
4.4772e-005,0.0491853
4.4776e-005,0.0497359
4.478e-005,0.0495672
4.4784e-005,0.0495771
4.4788e-005,0.0498252
4.4792e-005,0.0491704
4.4796e-005,0.0491009
4.48e-005,0.0495623
4.4804e-005,0.0502071
4.4808e-005,0.0500087
4.4812e-005,0.0493986
4.4816e-005,0.0494035
4.482e-005,0.0499889
4.4824e-005,0.0494928
4.4828e-005,0.0499591
4.4832e-005,0.04922
4.4836e-005,0.0497557
4.484e-005,0.0496218
4.4844e-005,0.0492051
4.4848e-005,0.0493688
4.4852e-005,0.0495275
4.4856e-005,0.0502567
4.486e-005,0.0501526
4.4864e-005,0.0500236
4.4868e-005,0.0501178
4.4872e-005,0.0491555
4.4876e-005,0.048714
4.488e-005,0.0495871
4.4884e-005,0.0494829
4.4888e-005,0.0491803
4.4892e-005,0.0494978
4.4896e-005,0.0496267
4.49e-005,0.0498897
4.4904e-005,0.0490811
4.4908e-005,0.0495176
4.4912e-005,0.0500385
4.4916e-005,0.0493291
4.492e-005,0.049721
4.4924e-005,0.0505941
4.4928e-005,0.050103
4.4932e-005,0.0494878
4.4936e-005,0.0490811
4.494e-005,0.0440114
4.4944e-005,0.0399635
4.4948e-005,0.038143
4.4952e-005,0.0362331
4.4956e-005,0.0354543
4.496e-005,0.0343283
4.4964e-005,0.0271404
4.4968e-005,0.0208553
4.4972e-005,0.0202699
4.4976e-005,0.0194217
4.498e-005,0.0188611
4.4984e-005,0.0186578
4.4988e-005,0.0117179
4.4992e-005,0.00194551
4.4996e-005,0.000859145
4.5e-005,-0.000395885
4.5004e-005,-0.00060423
4.5008e-005,0.000526785
4.5012e-005,-5.36045e-005
4.5016e-005,8.52922e-005
4.502e-005,0.000204346
4.5024e-005,-0.000926669
4.5028e-005,0.00774941
4.5032e-005,0.01649
4.5036e-005,0.0195308
4.504e-005,0.0199227
4.5044e-005,0.0219764
4.5048e-005,0.0230429
4.5052e-005,0.0223236
4.5056e-005,0.0239507
4.506e-005,0.0245757
4.5064e-005,0.024422
4.5068e-005,0.0250668
4.5072e-005,0.0256869
4.5076e-005,0.0254141
4.508e-005,0.0266046
4.5084e-005,0.0263368
4.5088e-005,0.0265749
4.5092e-005,0.0262177
4.5096e-005,0.0268328
4.51e-005,0.0271255
4.5104e-005,0.0269171
4.5108e-005,0.0265749
4.5112e-005,0.0275571
4.5116e-005,0.0265947
4.512e-005,0.0266443
4.5124e-005,0.0273289
4.5128e-005,0.0266096
4.5132e-005,0.0266493
4.5136e-005,0.0267237
4.514e-005,0.0262871
4.5144e-005,0.0263913
4.5148e-005,0.0264905
4.5152e-005,0.027185
4.5156e-005,0.0265649
4.516e-005,0.0265203
4.5164e-005,0.0259498
4.5168e-005,0.0266046
4.5172e-005,0.0270213
4.5176e-005,0.0263764
4.518e-005,0.0267981
4.5184e-005,0.0264558
4.5188e-005,0.0259002
4.5192e-005,0.0259647
4.5196e-005,0.0263864
4.52e-005,0.0265104
4.5204e-005,0.026813
4.5208e-005,0.0261433
4.5212e-005,0.0265997
4.5216e-005,0.0261731
4.522e-005,0.0263219
4.5224e-005,0.0265203
4.5228e-005,0.0265253
4.5232e-005,0.0262475
4.5236e-005,0.0265253
4.524e-005,0.0257167
4.5244e-005,0.0264806
4.5248e-005,0.0259846
4.5252e-005,0.026059
4.5256e-005,0.0257068
4.526e-005,0.025925
4.5264e-005,0.0262971
4.5268e-005,0.0260094
4.5272e-005,0.0264856
4.5276e-005,0.0259895
4.528e-005,0.0259201
4.5284e-005,0.0261929
4.5288e-005,0.0265649
4.5292e-005,0.0255927
4.5296e-005,0.0260143
4.53e-005,0.0262673
4.5304e-005,0.0268973
4.5308e-005,0.0263566
4.5312e-005,0.0266046
4.5316e-005,0.0263963
4.532e-005,0.0263764
4.5324e-005,0.0259349
4.5328e-005,0.0265153
4.5332e-005,0.0254091
4.5336e-005,0.0260044
4.534e-005,0.0260937
4.5344e-005,0.0265947
4.5348e-005,0.0260441
4.5352e-005,0.0257861
4.5356e-005,0.0257514
4.536e-005,0.0261185
4.5364e-005,0.0252702
4.5368e-005,0.025672
4.5372e-005,0.0263467
4.5376e-005,0.0260044
4.538e-005,0.0258556
4.5384e-005,0.0258853
4.5388e-005,0.0260441
4.5392e-005,0.0259201
4.5396e-005,0.026049
4.54e-005,0.0254935
4.5404e-005,0.0256522
4.5408e-005,0.0256869
4.5412e-005,0.0259796
4.5416e-005,0.0264757
4.542e-005,0.0255877
4.5424e-005,0.026436
4.5428e-005,0.0265749
4.5432e-005,0.0265947
4.5436e-005,0.0261929
4.544e-005,0.0261284
4.5444e-005,0.0258754
4.5448e-005,0.0260342
4.5452e-005,0.0262227
4.5456e-005,0.0262871
4.546e-005,0.0263764
4.5464e-005,0.0261731
4.5468e-005,0.0263318
4.5472e-005,0.026312
4.5476e-005,0.0263814
4.548e-005,0.0258357
4.5484e-005,0.0263318
4.5488e-005,0.0261185
4.5492e-005,0.0261979
4.5496e-005,0.0260738
4.55e-005,0.0266245
4.5504e-005,0.0258556
4.5508e-005,0.0257117
4.5512e-005,0.0259994
4.5516e-005,0.0261383
4.552e-005,0.025806
4.5524e-005,0.0259449
4.5528e-005,0.0261631
4.5532e-005,0.026684
4.5536e-005,0.0254835
4.554e-005,0.0263318
4.5544e-005,0.0258804
4.5548e-005,0.0268427
4.5552e-005,0.0261879
4.5556e-005,0.026183
4.556e-005,0.0257812
4.5564e-005,0.0264012
4.5568e-005,0.0261185
4.5572e-005,0.0258754
4.5576e-005,0.0264062
4.558e-005,0.0257712
4.5584e-005,0.0263318
4.5588e-005,0.0264955
4.5592e-005,0.0258953
4.5596e-005,0.0260193
4.56e-005,0.0262326
4.5604e-005,0.0257812
4.5608e-005,0.0261731
4.5612e-005,0.026054
4.5616e-005,0.0257861
4.562e-005,0.0258953
4.5624e-005,0.0260292
4.5628e-005,0.0263268
4.5632e-005,0.0261582
4.5636e-005,0.0257514
4.564e-005,0.0259449
4.5644e-005,0.0257216
4.5648e-005,0.0259349
4.5652e-005,0.0259895
4.5656e-005,0.0262524
4.566e-005,0.0249924
4.5664e-005,0.0261086
4.5668e-005,0.0255431
4.5672e-005,0.0250619
4.5676e-005,0.0255034
4.568e-005,0.0261433
4.5684e-005,0.0259846
4.5688e-005,0.026178
4.5692e-005,0.0257564
4.5696e-005,0.026679
4.57e-005,0.0256621
4.5704e-005,0.0256373
4.5708e-005,0.0255381
4.5712e-005,0.0260342
4.5716e-005,0.0262326
4.572e-005,0.026059
4.5724e-005,0.0262276
4.5728e-005,0.026431
4.5732e-005,0.0226758
4.5736e-005,0.0195407
4.574e-005,0.0192381
4.5744e-005,0.0187867
4.5748e-005,0.0186181
4.5752e-005,0.0186429
4.5756e-005,0.0104976
4.576e-005,0.00167764
4.5764e-005,0.000616076
4.5768e-005,-0.000276831
4.5772e-005,-0.000152816
4.5776e-005,-0.000336358
4.578e-005,-0.000445491
4.5784e-005,-0.000331398
4.5788e-005,-6.84862e-005
4.5792e-005,-0.00111021
4.5796e-005,0.00727319
4.58e-005,0.0175565
4.5804e-005,0.0190893
4.5808e-005,0.0216639
4.5812e-005,0.0243476
4.5816e-005,0.0249478
4.582e-005,0.026436
4.5824e-005,0.027185
4.5828e-005,0.0284748
4.5832e-005,0.0291941
4.5836e-005,0.0298538
4.584e-005,0.0307021
4.5844e-005,0.03097
4.5848e-005,0.0311535
4.5852e-005,0.0313817
4.5856e-005,0.0322448
4.586e-005,0.0322002
4.5864e-005,0.0328252
4.5868e-005,0.0340058
4.5872e-005,0.0334651
4.5876e-005,0.0342985
4.588e-005,0.0342191
4.5884e-005,0.0342142
4.5888e-005,0.0345713
4.5892e-005,0.0343035
4.5896e-005,0.0338471
4.59e-005,0.0341298
4.5904e-005,0.0347598
4.5908e-005,0.0343084
4.5912e-005,0.0343283
4.5916e-005,0.0339562
4.592e-005,0.0341795
4.5924e-005,0.0347301
4.5928e-005,0.0349533
4.5932e-005,0.0346606
4.5936e-005,0.0349136
4.594e-005,0.0346507
4.5944e-005,0.0345069
4.5948e-005,0.0338669
4.5952e-005,0.0344821
4.5956e-005,0.0347648
4.596e-005,0.0346557
4.5964e-005,0.0343332
4.5968e-005,0.0343878
4.5972e-005,0.0337677
4.5976e-005,0.0335743
4.598e-005,0.0338868
4.5984e-005,0.0342439
4.5988e-005,0.0334106
4.5992e-005,0.0347301
4.5996e-005,0.0341795
4.6e-005,0.0340554
4.6004e-005,0.0343134
4.6008e-005,0.0349037
4.6012e-005,0.033356
4.6016e-005,0.0338173
4.602e-005,0.0347251
4.6024e-005,0.0337479
4.6028e-005,0.0337429
4.6032e-005,0.0342787
4.6036e-005,0.0343084
4.604e-005,0.0343283
4.6044e-005,0.0338471
4.6048e-005,0.0340257
4.6052e-005,0.0340852
4.6056e-005,0.0339165
4.606e-005,0.0341894
4.6064e-005,0.0338024
4.6068e-005,0.0333957
4.6072e-005,0.0333064
4.6076e-005,0.0336239
4.608e-005,0.0340554
4.6084e-005,0.0336735
4.6088e-005,0.0338124
4.6092e-005,0.0337826
4.6096e-005,0.0344225
4.61e-005,0.0343134
4.6104e-005,0.0340604
4.6108e-005,0.034492
4.6112e-005,0.0342787
4.6116e-005,0.0343531
4.612e-005,0.0343134
4.6124e-005,0.0343084
4.6128e-005,0.0340207
4.6132e-005,0.0342043
4.6136e-005,0.0341745
4.614e-005,0.0343481
4.6144e-005,0.0347896
4.6148e-005,0.0345614
4.6152e-005,0.0336239
4.6156e-005,0.0343184
4.616e-005,0.0338074
4.6164e-005,0.0341844
4.6168e-005,0.0342836
4.6172e-005,0.0337826
4.6176e-005,0.0337578
4.618e-005,0.0341844
4.6184e-005,0.0340257
4.6188e-005,0.0344225
4.6192e-005,0.034115
4.6196e-005,0.0343134
4.62e-005,0.0342241
4.6204e-005,0.0343283
4.6208e-005,0.034492
4.6212e-005,0.0338917
4.6216e-005,0.0341745
4.622e-005,0.0336834
4.6224e-005,0.0336834
4.6228e-005,0.0343084
4.6232e-005,0.0347152
4.6236e-005,0.0345813
4.624e-005,0.0344572
4.6244e-005,0.033485
4.6248e-005,0.0342539
4.6252e-005,0.0342886
4.6256e-005,0.0344126
4.626e-005,0.0344126
4.6264e-005,0.0341646
4.6268e-005,0.0347598
4.6272e-005,0.0335891
4.6276e-005,0.0341447
4.628e-005,0.0344374
4.6284e-005,0.0345813
4.6288e-005,0.0345317
4.6292e-005,0.0343531
4.6296e-005,0.0345118
4.63e-005,0.0340753
4.6304e-005,0.0337876
4.6308e-005,0.03411
4.6312e-005,0.034115
4.6316e-005,0.0340802
4.632e-005,0.0337876
4.6324e-005,0.0335891
4.6328e-005,0.0336536
4.6332e-005,0.0343332
4.6336e-005,0.0339711
4.634e-005,0.0342539
4.6344e-005,0.0338669
4.6348e-005,0.0341398
4.6352e-005,0.0345118
4.6356e-005,0.0335495
4.636e-005,0.0337628
4.6364e-005,0.0341547
4.6368e-005,0.0343184
4.6372e-005,0.0336487
4.6376e-005,0.0334701
4.638e-005,0.0332816
4.6384e-005,0.0337231
4.6388e-005,0.0338769
4.6392e-005,0.0343184
4.6396e-005,0.033733
4.64e-005,0.0338917
4.6404e-005,0.0342886
4.6408e-005,0.0338967
4.6412e-005,0.0334552
4.6416e-005,0.0335197
4.642e-005,0.0342935
4.6424e-005,0.0337479
4.6428e-005,0.0341695
4.6432e-005,0.0338868
4.6436e-005,0.0343729
4.644e-005,0.0341001
4.6444e-005,0.0344672
4.6448e-005,0.0342291
4.6452e-005,0.034363
4.6456e-005,0.0340009
4.646e-005,0.0338372
4.6464e-005,0.0343531
4.6468e-005,0.0343928
4.6472e-005,0.0336834
4.6476e-005,0.03285
4.648e-005,0.0323093
4.6484e-005,0.0307467
4.6488e-005,0.0308459
4.6492e-005,0.0306078
4.6496e-005,0.0303945
4.65e-005,0.0252752
4.6504e-005,0.0208454
4.6508e-005,0.0197342
4.6512e-005,0.0194366
4.6516e-005,0.0186578
4.652e-005,0.0191092
4.6524e-005,0.0110184
4.6528e-005,0.00248126
4.6532e-005,0.000824421
4.6536e-005,-0.000713363
4.654e-005,0.000184504
4.6544e-005,0.00015474
4.6548e-005,0.000134898
4.6552e-005,-0.000445491
4.6556e-005,-0.000500058
4.656e-005,-0.00113005
4.6564e-005,0.00774941
4.6568e-005,0.0177053
4.6572e-005,0.0199971
4.6576e-005,0.022656
4.658e-005,0.0264905
4.6584e-005,0.0282565
4.6588e-005,0.0294322
4.6592e-005,0.031719
4.6596e-005,0.0325276
4.66e-005,0.0341547
4.6604e-005,0.0353601
4.6608e-005,0.0364117
4.6612e-005,0.0371657
4.6616e-005,0.0375477
4.662e-005,0.0387085
4.6624e-005,0.0386638
4.6628e-005,0.0394129
4.6632e-005,0.0398048
4.6636e-005,0.0406828
4.664e-005,0.0405588
4.6644e-005,0.0412979
4.6648e-005,0.0410648
4.6652e-005,0.04104
4.6656e-005,0.0409358
4.666e-005,0.0417493
4.6664e-005,0.0419725
4.6668e-005,0.0416005
4.6672e-005,0.0418833
4.6676e-005,0.0419229
4.668e-005,0.0417741
4.6684e-005,0.0415459
4.6688e-005,0.0420668
4.6692e-005,0.0424835
4.6696e-005,0.0414864
4.67e-005,0.0415112
4.6704e-005,0.0419229
4.6708e-005,0.0418783
4.6712e-005,0.0417791
4.6716e-005,0.0427266
4.672e-005,0.0426273
4.6724e-005,0.0413872
4.6728e-005,0.0415459
4.6732e-005,0.0423347
4.6736e-005,0.0419031
4.674e-005,0.0420569
4.6744e-005,0.0422206
4.6748e-005,0.0420916
4.6752e-005,0.0427166
4.6756e-005,0.0423049
4.676e-005,0.0424587
4.6764e-005,0.0424835
4.6768e-005,0.0424041
4.6772e-005,0.0425281
4.6776e-005,0.0427712
4.678e-005,0.0419477
4.6784e-005,0.0423099
4.6788e-005,0.0427166
4.6792e-005,0.0418436
4.6796e-005,0.0416253
4.68e-005,0.0418237
4.6804e-005,0.0418287
4.6808e-005,0.0423545
4.6812e-005,0.0424835
4.6816e-005,0.0431383
4.682e-005,0.0425381
4.6824e-005,0.0422801
4.6828e-005,0.0421859
4.6832e-005,0.0422801
4.6836e-005,0.0423793
4.684e-005,0.0422553
4.6844e-005,0.042166
4.6848e-005,0.0425381
4.6852e-005,0.0418138
4.6856e-005,0.0422255
4.686e-005,0.0426571
4.6864e-005,0.0423793
4.6868e-005,0.0420519
4.6872e-005,0.0419329
4.6876e-005,0.0419825
4.688e-005,0.0421958
4.6884e-005,0.0423545
4.6888e-005,0.0424686
4.6892e-005,0.041918
4.6896e-005,0.0421809
4.69e-005,0.0426224
4.6904e-005,0.0420817
4.6908e-005,0.0428655
4.6912e-005,0.0424736
4.6916e-005,0.0427514
4.692e-005,0.0423148
4.6924e-005,0.0425529
4.6928e-005,0.042419
4.6932e-005,0.0433863
4.6936e-005,0.0425877
4.694e-005,0.0429101
4.6944e-005,0.0428506
4.6948e-005,0.0428853
4.6952e-005,0.0421015
4.6956e-005,0.0427216
4.696e-005,0.0431383
4.6964e-005,0.0424587
4.6968e-005,0.0426125
4.6972e-005,0.0427662
4.6976e-005,0.0425827
4.698e-005,0.0429002
4.6984e-005,0.0426621
4.6988e-005,0.0429101
4.6992e-005,0.0427613
4.6996e-005,0.0430143
4.7e-005,0.0429498
4.7004e-005,0.0425728
4.7008e-005,0.0425381
4.7012e-005,0.0424934
4.7016e-005,0.0431482
4.702e-005,0.0430192
4.7024e-005,0.0430192
4.7028e-005,0.043054
4.7032e-005,0.0420767
4.7036e-005,0.0422652
4.704e-005,0.04229
4.7044e-005,0.0424884
4.7048e-005,0.0423347
4.7052e-005,0.0426025
4.7056e-005,0.0419031
4.706e-005,0.0422156
4.7064e-005,0.0427464
4.7068e-005,0.0426968
4.7072e-005,0.0418485
4.7076e-005,0.0423595
4.708e-005,0.0423992
4.7084e-005,0.0422603
4.7088e-005,0.0421412
4.7092e-005,0.0423942
4.7096e-005,0.0425777
4.71e-005,0.0424091
4.7104e-005,0.0425579
4.7108e-005,0.0420222
4.7112e-005,0.0423545
4.7116e-005,0.0426521
4.712e-005,0.0426075
4.7124e-005,0.0430936
4.7128e-005,0.0423347
4.7132e-005,0.0431681
4.7136e-005,0.0427067
4.714e-005,0.0426472
4.7144e-005,0.0428059
4.7148e-005,0.0422156
4.7152e-005,0.0422107
4.7156e-005,0.0424388
4.716e-005,0.04229
4.7164e-005,0.0427365
4.7168e-005,0.0420222
4.7172e-005,0.0423942
4.7176e-005,0.0426819
4.718e-005,0.0425579
4.7184e-005,0.0426472
4.7188e-005,0.042667
4.7192e-005,0.0426075
4.7196e-005,0.0422255
4.72e-005,0.0423297
4.7204e-005,0.0424934
4.7208e-005,0.0419924
4.7212e-005,0.0421214
4.7216e-005,0.0424488
4.722e-005,0.0422801
4.7224e-005,0.0426224
4.7228e-005,0.0429647
4.7232e-005,0.0428407
4.7236e-005,0.0418535
4.724e-005,0.0414368
4.7244e-005,0.0394625
4.7248e-005,0.0365953
4.7252e-005,0.0357668
4.7256e-005,0.0341993
4.726e-005,0.0345267
4.7264e-005,0.0326665
4.7268e-005,0.0262524
4.7272e-005,0.0211132
4.7276e-005,0.0203543
4.728e-005,0.0194911
4.7284e-005,0.0192729
4.7288e-005,0.0185585
4.7292e-005,0.0120254
4.7296e-005,0.00243661
4.73e-005,0.000953396
4.7304e-005,-0.000137935
4.7308e-005,-0.000549664
4.7312e-005,0.000105135
4.7316e-005,1.08833e-005
4.732e-005,0.000110095
4.7324e-005,-0.000356201
4.7328e-005,-0.00108045
4.7332e-005,0.00725831
4.7336e-005,0.0178789
4.734e-005,0.0218573
4.7344e-005,0.0251264
4.7348e-005,0.0287476
4.7352e-005,0.0315751
4.7356e-005,0.0331129
4.736e-005,0.0353452
4.7364e-005,0.037389
4.7368e-005,0.038262
4.7372e-005,0.0393434
4.7376e-005,0.0413426
4.738e-005,0.0413128
4.7384e-005,0.0424984
4.7388e-005,0.0436443
4.7392e-005,0.0430044
4.7396e-005,0.0438973
4.74e-005,0.0453061
4.7404e-005,0.045822
4.7408e-005,0.0457228
4.7412e-005,0.0463726
4.7416e-005,0.0469679
4.742e-005,0.047325
4.7424e-005,0.0470968
4.7428e-005,0.0476475
4.7432e-005,0.048089
4.7436e-005,0.0475135
4.744e-005,0.0478211
4.7444e-005,0.0483618
4.7448e-005,0.0486842
4.7452e-005,0.048213
4.7456e-005,0.0486049
4.746e-005,0.0488628
4.7464e-005,0.0490414
4.7468e-005,0.0489571
4.7472e-005,0.0491108
4.7476e-005,0.0495722
4.748e-005,0.0488827
4.7484e-005,0.0495176
4.7488e-005,0.0490364
4.7492e-005,0.0491902
4.7496e-005,0.0492993
4.75e-005,0.0494382
4.7504e-005,0.0495474
4.7508e-005,0.049721
4.7512e-005,0.0488132
4.7516e-005,0.0494482
4.752e-005,0.0495127
4.7524e-005,0.049597
4.7528e-005,0.0491654
4.7532e-005,0.049339
4.7536e-005,0.0491356
4.754e-005,0.0494085
4.7544e-005,0.0493192
4.7548e-005,0.0497656
4.7552e-005,0.04985
4.7556e-005,0.0498351
4.756e-005,0.0495375
4.7564e-005,0.0493837
4.7568e-005,0.049344
4.7572e-005,0.0496119
4.7576e-005,0.0497061
4.758e-005,0.048962
4.7584e-005,0.0498004
4.7588e-005,0.0493539
4.7592e-005,0.049726
4.7596e-005,0.0493787
4.76e-005,0.0491505
4.7604e-005,0.049344
4.7608e-005,0.0493986
4.7612e-005,0.0496813
4.7616e-005,0.0495176
4.762e-005,0.0495325
4.7624e-005,0.0498004
4.7628e-005,0.0489471
4.7632e-005,0.0491059
4.7636e-005,0.0496168
4.764e-005,0.0496317
4.7644e-005,0.0495771
4.7648e-005,0.0491208
4.7652e-005,0.0489174
4.7656e-005,0.0497458
4.766e-005,0.0494779
4.7664e-005,0.0493341
4.7668e-005,0.0497557
4.7672e-005,0.049215
4.7676e-005,0.0496218
4.768e-005,0.0492646
4.7684e-005,0.0499492
4.7688e-005,0.0489372
4.7692e-005,0.0499194
4.7696e-005,0.0491356
4.77e-005,0.0495375
4.7704e-005,0.04985
4.7708e-005,0.0502667
4.7712e-005,0.0493539
4.7716e-005,0.049592
4.772e-005,0.0496317
4.7724e-005,0.0496962
4.7728e-005,0.0488827
4.7732e-005,0.0500186
4.7736e-005,0.0498698
4.774e-005,0.0494432
4.7744e-005,0.0487487
4.7748e-005,0.0492001
4.7752e-005,0.0491902
4.7756e-005,0.0502667
4.776e-005,0.0498649
4.7764e-005,0.0495871
4.7768e-005,0.0500385
4.7772e-005,0.0498797
4.7776e-005,0.0495424
4.778e-005,0.0489372
4.7784e-005,0.0498996
4.7788e-005,0.0498549
4.7792e-005,0.0497756
4.7796e-005,0.0502419
4.78e-005,0.0495275
4.7804e-005,0.049969
4.7808e-005,0.0497061
4.7812e-005,0.0494829
4.7816e-005,0.0499492
4.782e-005,0.0491753
4.7824e-005,0.0493688
4.7828e-005,0.0498748
4.7832e-005,0.0498847
4.7836e-005,0.0495424
4.784e-005,0.0494234
4.7844e-005,0.049215
4.7848e-005,0.0495325
4.7852e-005,0.0496615
4.7856e-005,0.0497805
4.786e-005,0.0494978
4.7864e-005,0.0492001
4.7868e-005,0.050098
4.7872e-005,0.0496863
4.7876e-005,0.0492894
4.788e-005,0.0495275
4.7884e-005,0.0497607
4.7888e-005,0.0499194
4.7892e-005,0.0500484
4.7896e-005,0.0493936
4.79e-005,0.0502667
4.7904e-005,0.0500534
4.7908e-005,0.0495722
4.7912e-005,0.0493886
4.7916e-005,0.0498897
4.792e-005,0.0497656
4.7924e-005,0.0502915
4.7928e-005,0.0499641
4.7932e-005,0.0498053
4.7936e-005,0.0499789
4.794e-005,0.0497508
4.7944e-005,0.0502121
4.7948e-005,0.04984
4.7952e-005,0.0501178
4.7956e-005,0.050475
4.796e-005,0.0497408
4.7964e-005,0.0501426
4.7968e-005,0.04984
4.7972e-005,0.0498946
4.7976e-005,0.0502369
4.798e-005,0.0501923
4.7984e-005,0.0501625
4.7988e-005,0.0508123
4.7992e-005,0.0502022
4.7996e-005,0.0500434
4.8e-005,0.0506387
4.8004e-005,0.049721
4.8008e-005,0.0490513
4.8012e-005,0.0448646
4.8016e-005,0.0406183
4.802e-005,0.0379942
4.8024e-005,0.0366846
4.8028e-005,0.0353601
4.8032e-005,0.0355139
4.8036e-005,0.027815
4.804e-005,0.0215795
4.8044e-005,0.0197491
4.8048e-005,0.0192729
4.8052e-005,0.0185536
4.8056e-005,0.0188859
4.806e-005,0.0118072
4.8064e-005,0.00200504
4.8068e-005,0.00107245
4.8072e-005,-0.000137935
4.8076e-005,-0.000381004
4.808e-005,0.000358125
4.8084e-005,-0.000147856
4.8088e-005,9.52134e-005
4.8092e-005,0.000184504
4.8096e-005,-0.00113997
4.81e-005,0.00722855
4.8104e-005,0.0175416
4.8108e-005,0.0184196
4.8112e-005,0.0198681
4.8116e-005,0.0214853
4.812e-005,0.022155
4.8124e-005,0.02278
4.8128e-005,0.0237473
4.8132e-005,0.024422
4.8136e-005,0.024412
4.814e-005,0.0241293
4.8144e-005,0.0255927
4.8148e-005,0.0257812
4.8152e-005,0.0255827
4.8156e-005,0.0256075
4.816e-005,0.0261979
4.8164e-005,0.026049
4.8168e-005,0.0266046
4.8172e-005,0.0263516
4.8176e-005,0.0258258
4.818e-005,0.0269866
4.8184e-005,0.0265997
4.8188e-005,0.0263318
4.8192e-005,0.0259697
4.8196e-005,0.0271949
4.82e-005,0.0268378
4.8204e-005,0.02656
4.8208e-005,0.0260342
4.8212e-005,0.0258705
4.8216e-005,0.0267782
4.822e-005,0.0263417
4.8224e-005,0.026684
4.8228e-005,0.0260937
4.8232e-005,0.0260788
4.8236e-005,0.0260937
4.824e-005,0.0257415
4.8244e-005,0.0264608
4.8248e-005,0.0263566
4.8252e-005,0.0263814
4.8256e-005,0.026178
4.826e-005,0.0263417
4.8264e-005,0.0257564
4.8268e-005,0.0260143
4.8272e-005,0.0257514
4.8276e-005,0.0257911
4.828e-005,0.0262028
4.8284e-005,0.0257961
4.8288e-005,0.0258506
4.8292e-005,0.0257961
4.8296e-005,0.026312
4.83e-005,0.0258804
4.8304e-005,0.0260689
4.8308e-005,0.0259201
4.8312e-005,0.0251809
4.8316e-005,0.0265203
4.832e-005,0.0253546
4.8324e-005,0.0259399
4.8328e-005,0.0256324
4.8332e-005,0.0254538
4.8336e-005,0.0258605
4.834e-005,0.025925
4.8344e-005,0.02593
4.8348e-005,0.0253397
4.8352e-005,0.0255431
4.8356e-005,0.0258655
4.836e-005,0.0256175
4.8364e-005,0.0255381
4.8368e-005,0.0250768
4.8372e-005,0.0260094
4.8376e-005,0.0251512
4.838e-005,0.0250172
4.8384e-005,0.0254141
4.8388e-005,0.0250172
4.8392e-005,0.0257167
4.8396e-005,0.0254488
4.84e-005,0.0256423
4.8404e-005,0.0253248
4.8408e-005,0.0253893
4.8412e-005,0.0250272
4.8416e-005,0.0254835
4.842e-005,0.0251958
4.8424e-005,0.0257415
4.8428e-005,0.0257514
4.8432e-005,0.0259052
4.8436e-005,0.025925
4.844e-005,0.0255331
4.8444e-005,0.0250867
4.8448e-005,0.0257117
4.8452e-005,0.0249478
4.8456e-005,0.025553
4.846e-005,0.025801
4.8464e-005,0.026049
4.8468e-005,0.0252107
4.8472e-005,0.0255927
4.8476e-005,0.0250222
4.848e-005,0.0250916
4.8484e-005,0.0260689
4.8488e-005,0.0255827
4.8492e-005,0.0255431
4.8496e-005,0.0257812
4.85e-005,0.025672
4.8504e-005,0.0254786
4.8508e-005,0.0253843
4.8512e-005,0.0247345
4.8516e-005,0.024546
4.852e-005,0.024923
4.8524e-005,0.0246502
4.8528e-005,0.0249279
4.8532e-005,0.0253446
4.8536e-005,0.0249527
4.854e-005,0.0246898
4.8544e-005,0.0253694
4.8548e-005,0.025176
4.8552e-005,0.0251164
4.8556e-005,0.0252801
4.856e-005,0.0250123
4.8564e-005,0.0256274
4.8568e-005,0.0254885
4.8572e-005,0.0254339
4.8576e-005,0.0256472
4.858e-005,0.0255827
4.8584e-005,0.0251313
4.8588e-005,0.0253446
4.8592e-005,0.0248139
4.8596e-005,0.0256175
4.86e-005,0.0251859
4.8604e-005,0.0253546
4.8608e-005,0.025672
4.8612e-005,0.0253347
4.8616e-005,0.0257117
4.862e-005,0.0253744
4.8624e-005,0.0254091
4.8628e-005,0.0254538
4.8632e-005,0.0252008
4.8636e-005,0.0252355
4.864e-005,0.0250718
4.8644e-005,0.0253248
4.8648e-005,0.0256026
4.8652e-005,0.025925
4.8656e-005,0.0250371
4.866e-005,0.0259101
4.8664e-005,0.0258308
4.8668e-005,0.0260044
4.8672e-005,0.0251462
4.8676e-005,0.0256324
4.868e-005,0.0252057
4.8684e-005,0.0254587
4.8688e-005,0.0249825
4.8692e-005,0.0251214
4.8696e-005,0.0253546
4.87e-005,0.0249924
4.8704e-005,0.0255232
4.8708e-005,0.0254091
4.8712e-005,0.0257663
4.8716e-005,0.0253843
4.872e-005,0.0255034
4.8724e-005,0.0257514
4.8728e-005,0.0255877
4.8732e-005,0.0256572
4.8736e-005,0.0253843
4.874e-005,0.0252206
4.8744e-005,0.0251909
4.8748e-005,0.0255183
4.8752e-005,0.0252405
4.8756e-005,0.0246303
4.876e-005,0.0252355
4.8764e-005,0.0256125
4.8768e-005,0.0261433
4.8772e-005,0.0252107
4.8776e-005,0.0250817
4.878e-005,0.0250916
4.8784e-005,0.025548
4.8788e-005,0.0258754
4.8792e-005,0.0264856
4.8796e-005,0.0260887
4.88e-005,0.0260292
4.8804e-005,0.0219119
4.8808e-005,0.0199128
4.8812e-005,0.0201559
4.8816e-005,0.0191836
4.882e-005,0.0182063
4.8824e-005,0.0190695
4.8828e-005,0.0113458
4.8832e-005,0.00190583
4.8836e-005,0.000789697
4.884e-005,-0.000366122
4.8844e-005,-0.000574467
4.8848e-005,0.000174583
4.8852e-005,-0.000524861
4.8856e-005,-8.95912e-006
4.886e-005,0.000159701
4.8864e-005,-0.000797694
4.8868e-005,0.0078635
4.8872e-005,0.0181468
4.8876e-005,0.0199773
4.888e-005,0.020761
4.8884e-005,0.0237076
4.8888e-005,0.0249924
4.8892e-005,0.025806
4.8896e-005,0.0272197
4.89e-005,0.0286484
4.8904e-005,0.0292883
4.8908e-005,0.0300274
4.8912e-005,0.0307864
4.8916e-005,0.0304094
4.892e-005,0.0316545
4.8924e-005,0.0314809
4.8928e-005,0.0321158
4.8932e-005,0.0322051
4.8936e-005,0.0334651
4.894e-005,0.0340455
4.8944e-005,0.0340158
4.8948e-005,0.0335693
4.8952e-005,0.0345912
4.8956e-005,0.0339463
4.896e-005,0.0342142
4.8964e-005,0.0345465
4.8968e-005,0.0348392
4.8972e-005,0.0343928
4.8976e-005,0.0344225
4.898e-005,0.0350277
4.8984e-005,0.0341695
4.8988e-005,0.0345416
4.8992e-005,0.0346606
4.8996e-005,0.0346755
4.9e-005,0.0346061
4.9004e-005,0.0337727
4.9008e-005,0.0343729
4.9012e-005,0.0342489
4.9016e-005,0.0339364
4.902e-005,0.0345317
4.9024e-005,0.0345515
4.9028e-005,0.0335048
4.9032e-005,0.034611
4.9036e-005,0.0338868
4.904e-005,0.0343432
4.9044e-005,0.0340902
4.9048e-005,0.0342985
4.9052e-005,0.0331278
4.9056e-005,0.0340158
4.906e-005,0.0342142
4.9064e-005,0.0335594
4.9068e-005,0.0338471
4.9072e-005,0.0340554
4.9076e-005,0.0341993
4.908e-005,0.0339711
4.9084e-005,0.0337628
4.9088e-005,0.034105
4.9092e-005,0.0343828
4.9096e-005,0.0344225
4.91e-005,0.0341695
4.9104e-005,0.0345565
4.9108e-005,0.0344473
4.9112e-005,0.0340753
4.9116e-005,0.0339562
4.912e-005,0.0338818
4.9124e-005,0.0346606
4.9128e-005,0.0341745
4.9132e-005,0.0346854
4.9136e-005,0.0348491
4.914e-005,0.0345317
4.9144e-005,0.0344076
4.9148e-005,0.0339265
4.9152e-005,0.0343035
4.9156e-005,0.0343332
4.916e-005,0.034487
4.9164e-005,0.0346656
4.9168e-005,0.0338421
4.9172e-005,0.0337429
4.9176e-005,0.0340753
4.918e-005,0.0344771
4.9184e-005,0.0338967
4.9188e-005,0.0342142
4.9192e-005,0.0343233
4.9196e-005,0.0339513
4.92e-005,0.0338719
4.9204e-005,0.0339463
4.9208e-005,0.0341844
4.9212e-005,0.0342836
4.9216e-005,0.0344969
4.922e-005,0.0341596
4.9224e-005,0.0344572
4.9228e-005,0.0341199
4.9232e-005,0.034363
4.9236e-005,0.0344324
4.924e-005,0.0343134
4.9244e-005,0.0339711
4.9248e-005,0.0338818
4.9252e-005,0.0339413
4.9256e-005,0.0343928
4.926e-005,0.0339265
4.9264e-005,0.0345614
4.9268e-005,0.0341943
4.9272e-005,0.034487
4.9276e-005,0.0340654
4.928e-005,0.0342935
4.9284e-005,0.033986
4.9288e-005,0.0340455
4.9292e-005,0.0347946
4.9296e-005,0.034492
4.93e-005,0.0342787
4.9304e-005,0.0343332
4.9308e-005,0.0348094
4.9312e-005,0.0339661
4.9316e-005,0.0328054
4.932e-005,0.0341249
4.9324e-005,0.0338818
4.9328e-005,0.0343035
4.9332e-005,0.0337925
4.9336e-005,0.0339562
4.934e-005,0.033991
4.9344e-005,0.0340356
4.9348e-005,0.0342687
4.9352e-005,0.0337479
4.9356e-005,0.0336784
4.936e-005,0.0344721
4.9364e-005,0.0342291
4.9368e-005,0.0336933
4.9372e-005,0.0341001
4.9376e-005,0.0338322
4.938e-005,0.0345366
4.9384e-005,0.0341298
4.9388e-005,0.0344176
4.9392e-005,0.0343283
4.9396e-005,0.0342787
4.94e-005,0.0341596
4.9404e-005,0.0342886
4.9408e-005,0.0338471
4.9412e-005,0.0339413
4.9416e-005,0.0338868
4.942e-005,0.0335247
4.9424e-005,0.0340753
4.9428e-005,0.0343233
4.9432e-005,0.0341795
4.9436e-005,0.0334999
4.944e-005,0.0337677
4.9444e-005,0.0339265
4.9448e-005,0.0338967
4.9452e-005,0.0337132
4.9456e-005,0.0338769
4.946e-005,0.0342439
4.9464e-005,0.0342291
4.9468e-005,0.0341795
4.9472e-005,0.0344126
4.9476e-005,0.0341894
4.948e-005,0.034745
4.9484e-005,0.0340802
4.9488e-005,0.0343481
4.9492e-005,0.0344076
4.9496e-005,0.0340852
4.95e-005,0.0341348
4.9504e-005,0.0344771
4.9508e-005,0.0337578
4.9512e-005,0.0341745
4.9516e-005,0.0332469
4.952e-005,0.0344027
4.9524e-005,0.0335743
4.9528e-005,0.0337429
4.9532e-005,0.0339612
4.9536e-005,0.03411
4.954e-005,0.0324879
4.9544e-005,0.0329145
4.9548e-005,0.0321605
4.9552e-005,0.0304292
4.9556e-005,0.0306376
4.956e-005,0.0306128
4.9564e-005,0.0307318
4.9568e-005,0.0299927
4.9572e-005,0.0252305
4.9576e-005,0.0208702
4.958e-005,0.0193522
4.9584e-005,0.0192878
4.9588e-005,0.0179484
4.9592e-005,0.0187371
4.9596e-005,0.0116187
4.96e-005,0.00222331
4.9604e-005,0.000888908
4.9608e-005,-0.000202422
4.9612e-005,-0.000381004
4.9616e-005,-0.000261949
4.962e-005,-3.87227e-005
4.9624e-005,-0.000544703
4.9628e-005,-0.000529821
4.9632e-005,-0.00159139
4.9636e-005,0.00733768
4.964e-005,0.0176557
4.9644e-005,0.0203146
4.9648e-005,0.0227602
4.9652e-005,0.0263616
4.9656e-005,0.0281027
4.966e-005,0.0300473
4.9664e-005,0.031347
4.9668e-005,0.0338074
4.9672e-005,0.0342539
4.9676e-005,0.035246
4.968e-005,0.036749
4.9684e-005,0.0371707
4.9688e-005,0.0379098
4.9692e-005,0.0386837
4.9696e-005,0.0397254
4.97e-005,0.0396758
4.9704e-005,0.0398196
4.9708e-005,0.0404645
4.9712e-005,0.040658
4.9716e-005,0.0404744
4.972e-005,0.0409308
4.9724e-005,0.0412731
4.9728e-005,0.0417692
4.9732e-005,0.0417543
4.9736e-005,0.0416848
4.974e-005,0.0412235
4.9744e-005,0.04167
4.9748e-005,0.0424587
4.9752e-005,0.0423644
4.9756e-005,0.0421263
4.976e-005,0.0418535
4.9764e-005,0.0422305
4.9768e-005,0.0426472
4.9772e-005,0.042677
4.9776e-005,0.0424091
4.978e-005,0.0421362
4.9784e-005,0.0418337
4.9788e-005,0.0417096
4.9792e-005,0.0420073
4.9796e-005,0.0417592
4.98e-005,0.0427712
4.9804e-005,0.0422553
4.9808e-005,0.0423793
4.9812e-005,0.0425331
4.9816e-005,0.0425579
4.982e-005,0.0418733
4.9824e-005,0.0424438
4.9828e-005,0.0422503
4.9832e-005,0.0422751
4.9836e-005,0.0419626
4.984e-005,0.0419279
4.9844e-005,0.0418485
4.9848e-005,0.0423992
4.9852e-005,0.0427464
4.9856e-005,0.0427414
4.986e-005,0.0424984
4.9864e-005,0.0422206
4.9868e-005,0.0417394
4.9872e-005,0.0415211
4.9876e-005,0.0422206
4.988e-005,0.0422553
4.9884e-005,0.0427117
4.9888e-005,0.0430242
4.9892e-005,0.0423496
4.9896e-005,0.0428655
4.99e-005,0.0418436
4.9904e-005,0.0418436
4.9908e-005,0.0418783
4.9912e-005,0.0423049
4.9916e-005,0.0418932
4.992e-005,0.0422355
4.9924e-005,0.0418386
4.9928e-005,0.0418932
4.9932e-005,0.0427018
4.9936e-005,0.0424934
4.994e-005,0.0421015
4.9944e-005,0.0426125
4.9948e-005,0.0421759
4.9952e-005,0.0424041
4.9956e-005,0.0419477
4.996e-005,0.0418287
4.9964e-005,0.0424835
4.9968e-005,0.0420271
4.9972e-005,0.0425678
4.9976e-005,0.0421462
4.998e-005,0.0423496
4.9984e-005,0.042171
4.9988e-005,0.0423545
4.9992e-005,0.04229
4.9996e-005,0.0419676
5e-005,0.0425678
5.0004e-005,0.0427662
5.0008e-005,0.0428605
5.0012e-005,0.0432821
5.0016e-005,0.0423892
5.002e-005,0.0420966
5.0024e-005,0.0432921
5.0028e-005,0.0421958
5.0032e-005,0.0425232
5.0036e-005,0.0432871
5.004e-005,0.0426869
5.0044e-005,0.0423496
5.0048e-005,0.0422206
5.0052e-005,0.0424835
5.0056e-005,0.0429895
5.006e-005,0.0422851
5.0064e-005,0.0419229
5.0068e-005,0.0423347
5.0072e-005,0.0427117
5.0076e-005,0.0423148
5.008e-005,0.0424884
5.0084e-005,0.0418981
5.0088e-005,0.0427861
5.0092e-005,0.0421511
5.0096e-005,0.042171
5.01e-005,0.0426968
5.0104e-005,0.0427662
5.0108e-005,0.0425033
5.0112e-005,0.042543
5.0116e-005,0.0419775
5.012e-005,0.042677
5.0124e-005,0.0420618
5.0128e-005,0.0426174
5.0132e-005,0.0421015
5.0136e-005,0.0431482
5.014e-005,0.0426174
5.0144e-005,0.0427514
5.0148e-005,0.0423297
5.0152e-005,0.0423347
5.0156e-005,0.0425777
5.016e-005,0.0423992
5.0164e-005,0.0425777
5.0168e-005,0.0420767
5.0172e-005,0.0428655
5.0176e-005,0.0424041
5.018e-005,0.0419825
5.0184e-005,0.0426472
5.0188e-005,0.0429696
5.0192e-005,0.0424587
5.0196e-005,0.0423595
5.02e-005,0.042419
5.0204e-005,0.0422255
5.0208e-005,0.0422503
5.0212e-005,0.0422305
5.0216e-005,0.0424537
5.022e-005,0.0429349
5.0224e-005,0.0424984
5.0228e-005,0.0423049
5.0232e-005,0.0421759
5.0236e-005,0.0422553
5.024e-005,0.0427662
5.0244e-005,0.0419577
5.0248e-005,0.0411937
5.0252e-005,0.0418138
5.0256e-005,0.0423992
5.026e-005,0.0426174
5.0264e-005,0.0420569
5.0268e-005,0.0421412
5.0272e-005,0.042548
5.0276e-005,0.0423595
5.028e-005,0.0425331
5.0284e-005,0.0427018
5.0288e-005,0.0426373
5.0292e-005,0.0424934
5.0296e-005,0.0419527
5.03e-005,0.0425877
5.0304e-005,0.0428952
5.0308e-005,0.0422652
5.0312e-005,0.0416848
5.0316e-005,0.0390061
5.032e-005,0.0365308
5.0324e-005,0.0357718
5.0328e-005,0.0344721
5.0332e-005,0.0346061
5.0336e-005,0.0335743
5.034e-005,0.0268675
5.0344e-005,0.0213067
5.0348e-005,0.0198334
5.0352e-005,0.0195011
5.0356e-005,0.0184643
5.036e-005,0.0186478
5.0364e-005,0.0109738
5.0368e-005,0.00206457
5.0372e-005,0.000616076
5.0376e-005,-0.000331398
5.038e-005,-0.000609191
5.0384e-005,0.000273795
5.0388e-005,5.0568e-005
5.0392e-005,0.000244031
5.0396e-005,-0.000906827
5.04e-005,-0.00146737
5.0404e-005,0.00708469
5.0408e-005,0.0168174
5.0412e-005,0.0212769
5.0416e-005,0.024675
5.042e-005,0.0285442
5.0424e-005,0.0307566
5.0428e-005,0.0333163
5.0432e-005,0.0357718
5.0436e-005,0.0370764
5.044e-005,0.0378701
5.0444e-005,0.0394129
5.0448e-005,0.0401421
5.0452e-005,0.0415261
5.0456e-005,0.0424884
5.046e-005,0.0431829
5.0464e-005,0.043798
5.0468e-005,0.0443189
5.0472e-005,0.0457029
5.0476e-005,0.0460452
5.048e-005,0.0462982
5.0484e-005,0.0464768
5.0488e-005,0.0467992
5.0492e-005,0.04733
5.0496e-005,0.0471911
5.05e-005,0.0476822
5.0504e-005,0.0481832
5.0508e-005,0.0476127
5.0512e-005,0.0483618
5.0516e-005,0.0479997
5.052e-005,0.0483668
5.0524e-005,0.0494283
5.0528e-005,0.0487338
5.0532e-005,0.0484858
5.0536e-005,0.0486098
5.054e-005,0.0486693
5.0544e-005,0.0490166
5.0548e-005,0.0492051
5.0552e-005,0.0487586
5.0556e-005,0.0489967
5.056e-005,0.0490414
5.0564e-005,0.0489372
5.0568e-005,0.0488876
5.0572e-005,0.0489471
5.0576e-005,0.0492745
5.058e-005,0.0492398
5.0584e-005,0.0495672
5.0588e-005,0.049086
5.0592e-005,0.0493787
5.0596e-005,0.0492101
5.06e-005,0.0494234
5.0604e-005,0.0494978
5.0608e-005,0.0494184
5.0612e-005,0.0497111
5.0616e-005,0.0491505
5.062e-005,0.0492845
5.0624e-005,0.0494134
5.0628e-005,0.0493787
5.0632e-005,0.0492845
5.0636e-005,0.0497012
5.064e-005,0.0493539
5.0644e-005,0.0494234
5.0648e-005,0.0495226
5.0652e-005,0.0495672
5.0656e-005,0.04985
5.066e-005,0.0495027
5.0664e-005,0.049721
5.0668e-005,0.0491604
5.0672e-005,0.048833
5.0676e-005,0.0489571
5.068e-005,0.0496267
5.0684e-005,0.0504849
5.0688e-005,0.0496763
5.0692e-005,0.0499641
5.0696e-005,0.0494283
5.07e-005,0.0489422
5.0704e-005,0.0499244
5.0708e-005,0.0493837
5.0712e-005,0.0494283
5.0716e-005,0.0492993
5.072e-005,0.0499442
5.0724e-005,0.0496416
5.0728e-005,0.0496069
5.0732e-005,0.0491158
5.0736e-005,0.0496962
5.074e-005,0.0494581
5.0744e-005,0.0506486
5.0748e-005,0.0499095
5.0752e-005,0.0494581
5.0756e-005,0.0498252
5.076e-005,0.0498053
5.0764e-005,0.0502667
5.0768e-005,0.0504601
5.0772e-005,0.0501526
5.0776e-005,0.0500484
5.078e-005,0.0497706
5.0784e-005,0.0497508
5.0788e-005,0.0496119
5.0792e-005,0.0496813
5.0796e-005,0.0497458
5.08e-005,0.049463
5.0804e-005,0.0500186
5.0808e-005,0.0492745
5.0812e-005,0.0496515
5.0816e-005,0.0497012
5.082e-005,0.0496714
5.0824e-005,0.0500881
5.0828e-005,0.0494134
5.0832e-005,0.0496863
5.0836e-005,0.0493936
5.084e-005,0.0492398
5.0844e-005,0.0495771
5.0848e-005,0.0486842
5.0852e-005,0.0492795
5.0856e-005,0.0498004
5.086e-005,0.0491108
5.0864e-005,0.0496218
5.0868e-005,0.0492001
5.0872e-005,0.0497458
5.0876e-005,0.0499343
5.088e-005,0.0496218
5.0884e-005,0.049845
5.0888e-005,0.0491356
5.0892e-005,0.0493241
5.0896e-005,0.0497904
5.09e-005,0.0497656
5.0904e-005,0.0503212
5.0908e-005,0.0497012
5.0912e-005,0.0494482
5.0916e-005,0.0501178
5.092e-005,0.0491555
5.0924e-005,0.0496168
5.0928e-005,0.0499145
5.0932e-005,0.049974
5.0936e-005,0.0502419
5.094e-005,0.0496168
5.0944e-005,0.0494333
5.0948e-005,0.0496317
5.0952e-005,0.0498252
5.0956e-005,0.0499145
5.096e-005,0.0494531
5.0964e-005,0.0496119
5.0968e-005,0.0498202
5.0972e-005,0.0493886
5.0976e-005,0.0492795
5.098e-005,0.0495127
5.0984e-005,0.0501426
5.0988e-005,0.0504601
5.0992e-005,0.0496615
5.0996e-005,0.0497458
5.1e-005,0.0503063
5.1004e-005,0.0499591
5.1008e-005,0.0495573
5.1012e-005,0.0496416
5.1016e-005,0.0494978
5.102e-005,0.0497111
5.1024e-005,0.0493043
5.1028e-005,0.0495821
5.1032e-005,0.0501426
5.1036e-005,0.0498004
5.104e-005,0.0501575
5.1044e-005,0.0497954
5.1048e-005,0.0501774
5.1052e-005,0.0498897
5.1056e-005,0.0495871
5.106e-005,0.0500831
5.1064e-005,0.049468
5.1068e-005,0.049716
5.1072e-005,0.0505147
5.1076e-005,0.04985
5.108e-005,0.048709
5.1084e-005,0.0442643
5.1088e-005,0.0409705
5.1092e-005,0.0381975
5.1096e-005,0.0366052
5.11e-005,0.0363373
5.1104e-005,0.0359405
5.1108e-005,0.0278398
5.1112e-005,0.0214506
5.1116e-005,0.0203791
5.112e-005,0.0198334
5.1124e-005,0.0183948
5.1128e-005,0.0189802
5.1132e-005,0.0121991
5.1136e-005,0.00221835
5.114e-005,0.000824421
5.1144e-005,0.000189465
5.1148e-005,-0.000559585
5.1152e-005,-0.000252028
5.1156e-005,-0.00035124
5.116e-005,-0.000420688
5.1164e-005,-5.36045e-005
5.1168e-005,-0.000643915
5.1172e-005,0.00777421
5.1176e-005,0.0179037
5.118e-005,0.0186925
5.1184e-005,0.0202203
5.1188e-005,0.0215994
5.1192e-005,0.022408
5.1196e-005,0.0227304
5.12e-005,0.0233455
5.1204e-005,0.0243327
5.1208e-005,0.0246055
5.1212e-005,0.0246601
5.1216e-005,0.0262276
5.122e-005,0.0259101
5.1224e-005,0.0259796
5.1228e-005,0.0271255
5.1232e-005,0.0264409
5.1236e-005,0.0267683
5.124e-005,0.0277654
5.1244e-005,0.0270858
5.1248e-005,0.0267088
5.1252e-005,0.0271503
5.1256e-005,0.0271056
5.126e-005,0.0272148
