Time,Ampl
4.126e-005,0.0391004
4.1264e-005,0.0402215
4.1268e-005,0.0394377
4.1272e-005,0.0386936
4.1276e-005,0.0387531
4.128e-005,0.0388623
4.1284e-005,0.0386787
4.1288e-005,0.0391897
4.1292e-005,0.039269
4.1296e-005,0.0390111
4.13e-005,0.0394972
4.1304e-005,0.0391053
4.1308e-005,0.0394823
4.1312e-005,0.0388672
4.1316e-005,0.0393682
4.132e-005,0.0387382
4.1324e-005,0.03914
4.1328e-005,0.0391897
4.1332e-005,0.0388871
4.1336e-005,0.0391748
4.134e-005,0.0394674
4.1344e-005,0.0395915
4.1348e-005,0.0391252
4.1352e-005,0.0386738
4.1356e-005,0.0390954
4.136e-005,0.039651
4.1364e-005,0.0394476
4.1368e-005,0.0394079
4.1372e-005,0.0395716
4.1376e-005,0.0393186
4.138e-005,0.0386688
4.1384e-005,0.0390756
4.1388e-005,0.0391897
4.1392e-005,0.0390954
4.1396e-005,0.03915
4.14e-005,0.0388077
4.1404e-005,0.0394129
4.1408e-005,0.0397552
4.1412e-005,0.0392393
4.1416e-005,0.0393037
4.142e-005,0.0398196
4.1424e-005,0.039646
4.1428e-005,0.0393484
4.1432e-005,0.0399288
4.1436e-005,0.0396113
4.144e-005,0.0395518
4.1444e-005,0.0395022
4.1448e-005,0.0392045
4.1452e-005,0.0364464
4.1456e-005,0.0355188
4.146e-005,0.0342241
4.1464e-005,0.0332766
4.1468e-005,0.0330633
4.1472e-005,0.0323292
4.1476e-005,0.0260838
4.148e-005,0.0212521
4.1484e-005,0.0203444
4.1488e-005,0.01901
4.1492e-005,0.0187074
4.1496e-005,0.0184494
4.15e-005,0.0121941
4.1504e-005,0.00273425
4.1508e-005,0.000407731
4.1512e-005,-0.000643915
4.1516e-005,-0.000554624
4.152e-005,0.0004871
4.1524e-005,-8.3368e-005
4.1528e-005,-0.000460373
4.1532e-005,-0.000192501
4.1536e-005,-0.00137808
4.154e-005,0.00661343
4.1544e-005,0.0175119
4.1548e-005,0.0195755
4.1552e-005,0.0232066
4.1556e-005,0.027185
4.156e-005,0.0292486
4.1564e-005,0.0304144
4.1568e-005,0.032602
4.1572e-005,0.0340257
4.1576e-005,0.0356478
4.158e-005,0.0361141
4.1584e-005,0.0373046
4.1588e-005,0.0388027
4.1592e-005,0.039527
4.1596e-005,0.03977
4.16e-005,0.0403554
4.1604e-005,0.0403653
4.1608e-005,0.0411987
4.1612e-005,0.041918
4.1616e-005,0.0416997
4.162e-005,0.0421908
4.1624e-005,0.0428109
4.1628e-005,0.0424339
4.1632e-005,0.042414
4.1636e-005,0.0435252
4.164e-005,0.0430837
4.1644e-005,0.0429051
4.1648e-005,0.0439369
4.1652e-005,0.0439915
4.1656e-005,0.0437187
4.166e-005,0.044805
4.1664e-005,0.0443288
4.1668e-005,0.0438774
4.1672e-005,0.0446017
4.1676e-005,0.0441205
4.168e-005,0.0445223
4.1684e-005,0.0442346
4.1688e-005,0.0438675
4.1692e-005,0.0434111
4.1696e-005,0.0451424
4.17e-005,0.0445967
4.1704e-005,0.044562
4.1708e-005,0.0443239
4.1712e-005,0.0446165
4.1716e-005,0.0442495
4.172e-005,0.0448943
4.1724e-005,0.0452763
4.1728e-005,0.0439965
4.1732e-005,0.044691
4.1736e-005,0.044304
4.174e-005,0.0445223
4.1744e-005,0.0449588
4.1748e-005,0.0440957
4.1752e-005,0.043927
4.1756e-005,0.044691
4.176e-005,0.0441651
4.1764e-005,0.0439717
4.1768e-005,0.0440907
4.1772e-005,0.0447654
4.1776e-005,0.0440362
4.178e-005,0.0440709
4.1784e-005,0.0447108
4.1788e-005,0.0440213
4.1792e-005,0.0445769
4.1796e-005,0.0444082
4.18e-005,0.0441899
4.1804e-005,0.0444876
4.1808e-005,0.044686
4.1812e-005,0.0443437
4.1816e-005,0.044815
4.182e-005,0.0446761
4.1824e-005,0.0441354
4.1828e-005,0.0445917
4.1832e-005,0.0440808
4.1836e-005,0.0440907
4.184e-005,0.0445471
4.1844e-005,0.0438824
4.1848e-005,0.044309
4.1852e-005,0.0446066
4.1856e-005,0.0444528
4.186e-005,0.0446562
4.1864e-005,0.0446215
4.1868e-005,0.0440808
4.1872e-005,0.044061
4.1876e-005,0.0452862
4.188e-005,0.0449787
4.1884e-005,0.0443983
4.1888e-005,0.0448745
4.1892e-005,0.0433913
4.1896e-005,0.0439518
4.19e-005,0.0446612
4.1904e-005,0.0443834
4.1908e-005,0.0438923
4.1912e-005,0.0448298
4.1916e-005,0.0441254
4.192e-005,0.0442147
4.1924e-005,0.0446066
4.1928e-005,0.0445322
4.1932e-005,0.0444032
4.1936e-005,0.0445223
4.194e-005,0.0442643
4.1944e-005,0.0446513
4.1948e-005,0.0443586
4.1952e-005,0.0442048
4.1956e-005,0.0447207
4.196e-005,0.0447902
4.1964e-005,0.0445074
4.1968e-005,0.0443983
4.1972e-005,0.0446215
4.1976e-005,0.0448547
4.198e-005,0.0443189
4.1984e-005,0.0454648
4.1988e-005,0.0448695
4.1992e-005,0.0445421
4.1996e-005,0.0448646
4.2e-005,0.0441354
4.2004e-005,0.0444727
4.2008e-005,0.0449539
4.2012e-005,0.0442445
4.2016e-005,0.0446761
4.202e-005,0.0448844
4.2024e-005,0.0444132
4.2028e-005,0.0438328
4.2032e-005,0.0442693
4.2036e-005,0.044934
4.204e-005,0.0439617
4.2044e-005,0.0450828
4.2048e-005,0.0449737
4.2052e-005,0.0443586
4.2056e-005,0.0446215
4.206e-005,0.0441949
4.2064e-005,0.0443189
4.2068e-005,0.0449638
4.2072e-005,0.044309
4.2076e-005,0.0447654
4.208e-005,0.0449687
4.2084e-005,0.04418
4.2088e-005,0.0441403
4.2092e-005,0.044939
4.2096e-005,0.0446364
4.21e-005,0.0448447
4.2104e-005,0.0447306
4.2108e-005,0.0446761
4.2112e-005,0.0446513
4.2116e-005,0.0447554
4.212e-005,0.0447852
4.2124e-005,0.0444181
4.2128e-005,0.0443983
4.2132e-005,0.0441304
4.2136e-005,0.0443636
4.214e-005,0.044681
4.2144e-005,0.044681
4.2148e-005,0.0447058
4.2152e-005,0.0443834
4.2156e-005,0.0443536
4.216e-005,0.044438
4.2164e-005,0.0444181
4.2168e-005,0.0447604
4.2172e-005,0.0441701
4.2176e-005,0.0448547
4.218e-005,0.0451176
4.2184e-005,0.044433
4.2188e-005,0.044805
4.2192e-005,0.0446364
4.2196e-005,0.0441205
4.22e-005,0.0445669
4.2204e-005,0.0448001
4.2208e-005,0.0453458
4.2212e-005,0.0448943
4.2216e-005,0.0438725
4.222e-005,0.0405836
4.2224e-005,0.0391797
4.2228e-005,0.0362728
4.2232e-005,0.0359206
4.2236e-005,0.034864
4.224e-005,0.0341894
4.2244e-005,0.0274479
4.2248e-005,0.0214903
4.2252e-005,0.0197838
4.2256e-005,0.0189455
4.226e-005,0.0184048
4.2264e-005,0.0185437
4.2268e-005,0.010825
4.2272e-005,0.00271937
4.2276e-005,0.00122623
4.228e-005,-0.000673679
4.2284e-005,-0.000326437
4.2288e-005,0.000477179
4.2292e-005,0.000100174
4.2296e-005,0.000224189
4.23e-005,0.000169622
4.2304e-005,-0.00159635
4.2308e-005,0.00678209
4.2312e-005,0.0167529
4.2316e-005,0.0206569
4.232e-005,0.0246303
4.2324e-005,0.0284748
4.2328e-005,0.0305731
4.2332e-005,0.0327905
4.2336e-005,0.0348442
4.234e-005,0.0362629
4.2344e-005,0.0381628
4.2348e-005,0.0392194
4.2352e-005,0.0411243
4.2356e-005,0.0415013
4.236e-005,0.0418981
4.2364e-005,0.042037
4.2368e-005,0.0443636
4.2372e-005,0.0445173
4.2376e-005,0.0447207
4.238e-005,0.0455888
4.2384e-005,0.045569
4.2388e-005,0.0460005
4.2392e-005,0.0467694
4.2396e-005,0.0467198
4.24e-005,0.0468389
4.2404e-005,0.0478657
4.2408e-005,0.0474193
4.2412e-005,0.047578
4.2416e-005,0.0473796
4.242e-005,0.0474391
4.2424e-005,0.0470968
4.2428e-005,0.0479947
4.2432e-005,0.0482725
4.2436e-005,0.0480344
4.244e-005,0.0491753
4.2444e-005,0.0482725
4.2448e-005,0.0486594
4.2452e-005,0.0491902
4.2456e-005,0.0485056
4.246e-005,0.0486346
4.2464e-005,0.0490761
4.2468e-005,0.0486743
4.2472e-005,0.0479649
4.2476e-005,0.0490067
4.248e-005,0.0488975
4.2484e-005,0.0482576
4.2488e-005,0.0496565
4.2492e-005,0.0486594
4.2496e-005,0.0484164
4.25e-005,0.0487487
4.2504e-005,0.0488579
4.2508e-005,0.0486644
4.2512e-005,0.0489223
4.2516e-005,0.0489223
4.252e-005,0.0482378
4.2524e-005,0.0488827
4.2528e-005,0.0484213
4.2532e-005,0.0482031
4.2536e-005,0.0485553
4.254e-005,0.0486495
4.2544e-005,0.0484164
4.2548e-005,0.0488182
4.2552e-005,0.0485106
4.2556e-005,0.0484015
4.256e-005,0.048456
4.2564e-005,0.0486991
4.2568e-005,0.0489223
4.2572e-005,0.0487487
4.2576e-005,0.0486743
4.258e-005,0.0486445
4.2584e-005,0.0493589
4.2588e-005,0.0486545
4.2592e-005,0.0486545
4.2596e-005,0.0488876
4.26e-005,0.0488231
4.2604e-005,0.0486942
4.2608e-005,0.0492993
4.2612e-005,0.0492845
4.2616e-005,0.0485156
4.262e-005,0.0491803
4.2624e-005,0.0490315
4.2628e-005,0.0493341
4.2632e-005,0.0492349
4.2636e-005,0.0492051
4.264e-005,0.0488033
4.2644e-005,0.048714
4.2648e-005,0.0483023
4.2652e-005,0.0489174
4.2656e-005,0.0494283
4.266e-005,0.0487934
4.2664e-005,0.0489521
4.2668e-005,0.0490216
4.2672e-005,0.0495474
4.2676e-005,0.0483866
4.268e-005,0.049344
4.2684e-005,0.0491009
4.2688e-005,0.0487041
4.2692e-005,0.0494382
4.2696e-005,0.0488876
4.27e-005,0.0489868
4.2704e-005,0.0487983
4.2708e-005,0.0494531
4.2712e-005,0.048719
4.2716e-005,0.0498797
4.272e-005,0.0496615
4.2724e-005,0.0492448
4.2728e-005,0.0492249
4.2732e-005,0.0491704
4.2736e-005,0.0487438
4.274e-005,0.0490414
4.2744e-005,0.0494581
4.2748e-005,0.0491307
4.2752e-005,0.0489868
4.2756e-005,0.0488876
4.276e-005,0.049463
4.2764e-005,0.0497706
4.2768e-005,0.0488827
4.2772e-005,0.0488727
4.2776e-005,0.0497359
4.278e-005,0.0491009
4.2784e-005,0.0495325
4.2788e-005,0.04922
4.2792e-005,0.049091
4.2796e-005,0.0490563
4.28e-005,0.0494283
4.2804e-005,0.0493192
4.2808e-005,0.0497607
4.2812e-005,0.0495127
4.2816e-005,0.0492101
4.282e-005,0.0491208
4.2824e-005,0.0497111
4.2828e-005,0.0489521
4.2832e-005,0.0496962
4.2836e-005,0.0500881
4.284e-005,0.0491902
4.2844e-005,0.0492349
4.2848e-005,0.0489719
4.2852e-005,0.0490811
4.2856e-005,0.04922
4.286e-005,0.0493093
4.2864e-005,0.0492101
4.2868e-005,0.0484362
4.2872e-005,0.0494035
4.2876e-005,0.0485305
4.288e-005,0.0489422
4.2884e-005,0.0493341
4.2888e-005,0.0492349
4.2892e-005,0.0490563
4.2896e-005,0.0499393
4.29e-005,0.0496714
4.2904e-005,0.049349
4.2908e-005,0.0496962
4.2912e-005,0.0495771
4.2916e-005,0.0490067
4.292e-005,0.0489868
4.2924e-005,0.0486594
4.2928e-005,0.0490315
4.2932e-005,0.0493093
4.2936e-005,0.0488827
4.294e-005,0.0486991
4.2944e-005,0.0484015
4.2948e-005,0.0489075
4.2952e-005,0.049091
4.2956e-005,0.0487636
4.296e-005,0.0488033
4.2964e-005,0.0489323
4.2968e-005,0.0487785
4.2972e-005,0.0495027
4.2976e-005,0.0493638
4.298e-005,0.0484213
4.2984e-005,0.0477814
4.2988e-005,0.0436939
4.2992e-005,0.0402611
4.2996e-005,0.037761
4.3e-005,0.0360893
4.3004e-005,0.035747
4.3008e-005,0.0352906
4.3012e-005,0.0278795
4.3016e-005,0.0218821
4.302e-005,0.0198979
4.3024e-005,0.0188959
4.3028e-005,0.0185189
4.3032e-005,0.0190744
4.3036e-005,0.0124372
4.304e-005,0.00281858
4.3044e-005,0.00108733
4.3048e-005,-0.000440531
4.3052e-005,-0.000118092
4.3056e-005,-0.000420688
4.306e-005,9.62069e-007
4.3064e-005,0.000229149
4.3068e-005,0.000432534
4.3072e-005,-0.00114494
4.3076e-005,0.00656383
4.308e-005,0.0173234
4.3084e-005,0.0194763
4.3088e-005,0.0214208
4.3092e-005,0.0237225
4.3096e-005,0.0254984
4.31e-005,0.0261383
4.3104e-005,0.0277555
4.3108e-005,0.0285393
4.3112e-005,0.0291941
4.3116e-005,0.0301812
4.312e-005,0.0306078
4.3124e-005,0.0314561
4.3128e-005,0.0314412
4.3132e-005,0.032101
4.3136e-005,0.0329889
4.314e-005,0.0334453
4.3144e-005,0.0330137
4.3148e-005,0.0340753
4.3152e-005,0.0334106
4.3156e-005,0.0335643
4.316e-005,0.0342687
4.3164e-005,0.0334354
4.3168e-005,0.0331129
4.3172e-005,0.0337776
4.3176e-005,0.0340455
4.318e-005,0.0343233
4.3184e-005,0.034239
4.3188e-005,0.0342935
4.3192e-005,0.0339761
4.3196e-005,0.0345366
4.32e-005,0.0334056
4.3204e-005,0.0340852
4.3208e-005,0.0342291
4.3212e-005,0.0343035
4.3216e-005,0.0339017
4.322e-005,0.0339959
4.3224e-005,0.0345862
4.3228e-005,0.0340505
4.3232e-005,0.0337727
4.3236e-005,0.0340753
4.324e-005,0.0334949
4.3244e-005,0.0337528
4.3248e-005,0.0339017
4.3252e-005,0.0340505
4.3256e-005,0.0348789
4.326e-005,0.0343035
4.3264e-005,0.0335693
4.3268e-005,0.0346458
4.3272e-005,0.0340158
4.3276e-005,0.0346209
4.328e-005,0.0343382
4.3284e-005,0.0336288
4.3288e-005,0.033728
4.3292e-005,0.033986
4.3296e-005,0.0336933
4.33e-005,0.0336834
4.3304e-005,0.0339364
4.3308e-005,0.0340753
4.3312e-005,0.0331725
4.3316e-005,0.0336983
4.332e-005,0.0335247
4.3324e-005,0.0336387
4.3328e-005,0.0333461
4.3332e-005,0.0336983
4.3336e-005,0.0336834
4.334e-005,0.0334899
4.3344e-005,0.034239
4.3348e-005,0.0339265
4.3352e-005,0.0338074
4.3356e-005,0.0339265
4.336e-005,0.034492
4.3364e-005,0.0346209
4.3368e-005,0.0338917
4.3372e-005,0.0335098
4.3376e-005,0.0337231
4.338e-005,0.0338669
4.3384e-005,0.0337776
4.3388e-005,0.0339066
4.3392e-005,0.0334552
4.3396e-005,0.0336834
4.34e-005,0.0328203
4.3404e-005,0.0333014
4.3408e-005,0.0333758
4.3412e-005,0.033733
4.3416e-005,0.0337082
4.342e-005,0.0334403
4.3424e-005,0.0330683
4.3428e-005,0.0335395
4.3432e-005,0.0338074
4.3436e-005,0.0337578
4.344e-005,0.0335296
4.3444e-005,0.0339661
4.3448e-005,0.0333312
4.3452e-005,0.0341497
4.3456e-005,0.0330782
4.346e-005,0.0337528
4.3464e-005,0.0337132
4.3468e-005,0.0336437
4.3472e-005,0.0332717
4.3476e-005,0.0331576
4.348e-005,0.0330534
4.3484e-005,0.0327558
4.3488e-005,0.0336586
4.3492e-005,0.0328847
4.3496e-005,0.0337876
4.35e-005,0.0334453
4.3504e-005,0.0326069
4.3508e-005,0.0331576
4.3512e-005,0.0336834
4.3516e-005,0.0334999
4.352e-005,0.033604
4.3524e-005,0.0334701
4.3528e-005,0.032855
4.3532e-005,0.0337677
4.3536e-005,0.0330435
4.354e-005,0.0325127
4.3544e-005,0.0336685
4.3548e-005,0.0335296
4.3552e-005,0.0329939
4.3556e-005,0.0328748
4.356e-005,0.0339612
4.3564e-005,0.0331774
4.3568e-005,0.0324184
4.3572e-005,0.0336338
4.3576e-005,0.0331328
4.358e-005,0.0329443
4.3584e-005,0.033981
4.3588e-005,0.0328451
4.3592e-005,0.0326764
4.3596e-005,0.0324631
4.36e-005,0.0324135
4.3604e-005,0.0330088
4.3608e-005,0.0332816
4.3612e-005,0.0330187
4.3616e-005,0.0330584
4.362e-005,0.033232
4.3624e-005,0.0326962
4.3628e-005,0.0327111
4.3632e-005,0.0333858
4.3636e-005,0.0328649
4.364e-005,0.033351
4.3644e-005,0.0335941
4.3648e-005,0.0331377
4.3652e-005,0.0341695
4.3656e-005,0.0330286
4.366e-005,0.0332369
4.3664e-005,0.0332419
4.3668e-005,0.0328947
4.3672e-005,0.0327657
4.3676e-005,0.0330931
4.368e-005,0.03285
4.3684e-005,0.0325673
4.3688e-005,0.0336983
4.3692e-005,0.0331923
4.3696e-005,0.0326367
4.37e-005,0.0332518
4.3704e-005,0.0330534
4.3708e-005,0.0326317
4.3712e-005,0.0324929
4.3716e-005,0.0324532
4.372e-005,0.0329095
4.3724e-005,0.032974
4.3728e-005,0.0334949
4.3732e-005,0.0328996
4.3736e-005,0.0332369
4.374e-005,0.0332171
4.3744e-005,0.0340852
4.3748e-005,0.0327458
4.3752e-005,0.0323639
4.3756e-005,0.032101
4.376e-005,0.0312676
4.3764e-005,0.0301415
4.3768e-005,0.0301812
4.3772e-005,0.0306475
4.3776e-005,0.0306475
4.378e-005,0.0245857
4.3784e-005,0.0205825
4.3788e-005,0.0199177
4.3792e-005,0.019253
4.3796e-005,0.0179782
4.38e-005,0.0186528
4.3804e-005,0.0118717
4.3808e-005,0.00227291
4.3812e-005,0.000253952
4.3816e-005,-0.000728245
4.382e-005,-0.000440531
4.3824e-005,-0.000123053
4.3828e-005,-0.000356201
4.3832e-005,-0.000132974
4.3836e-005,-0.000450452
4.384e-005,-0.00175013
4.3844e-005,0.00723847
4.3848e-005,0.0165346
4.3852e-005,0.0197441
4.3856e-005,0.0223584
4.386e-005,0.0251214
4.3864e-005,0.0275769
4.3868e-005,0.0281275
4.3872e-005,0.0305582
4.3876e-005,0.0310146
4.388e-005,0.0321506
4.3884e-005,0.0332518
4.3888e-005,0.0343878
4.3892e-005,0.0351269
4.3896e-005,0.0359603
4.39e-005,0.036119
4.3904e-005,0.0375378
4.3908e-005,0.0379793
4.3912e-005,0.0376171
4.3916e-005,0.0384902
4.392e-005,0.0379644
4.3924e-005,0.0388474
4.3928e-005,0.0388573
4.3932e-005,0.0396808
4.3936e-005,0.0388871
4.394e-005,0.0393286
4.3944e-005,0.039522
4.3948e-005,0.0385894
4.3952e-005,0.0403256
4.3956e-005,0.0393881
4.396e-005,0.0388027
4.3964e-005,0.0395766
4.3968e-005,0.0396212
4.3972e-005,0.0388722
4.3976e-005,0.039899
4.398e-005,0.0392442
4.3984e-005,0.0387184
4.3988e-005,0.0392095
4.3992e-005,0.0397601
4.3996e-005,0.0391152
4.4e-005,0.0389714
4.4004e-005,0.0390656
4.4008e-005,0.0389664
4.4012e-005,0.0398544
4.4016e-005,0.0394724
4.402e-005,0.0384059
4.4024e-005,0.0386936
4.4028e-005,0.0390309
4.4032e-005,0.0388027
4.4036e-005,0.0392938
4.404e-005,0.0391103
4.4044e-005,0.0392393
4.4048e-005,0.0397204
4.4052e-005,0.0390061
4.4056e-005,0.0391202
4.406e-005,0.040281
4.4064e-005,0.0392045
4.4068e-005,0.0390111
4.4072e-005,0.0392244
4.4076e-005,0.0394129
4.408e-005,0.0388325
4.4084e-005,0.0394674
4.4088e-005,0.0390508
4.4092e-005,0.0386043
4.4096e-005,0.0393037
4.41e-005,0.0392442
4.4104e-005,0.039145
4.4108e-005,0.0398296
4.4112e-005,0.0394526
4.4116e-005,0.0394426
4.412e-005,0.0394228
4.4124e-005,0.03914
4.4128e-005,0.0396609
4.4132e-005,0.039145
4.4136e-005,0.0392988
4.414e-005,0.0384654
4.4144e-005,0.0393385
4.4148e-005,0.0393881
4.4152e-005,0.0393137
4.4156e-005,0.0391946
4.416e-005,0.0387978
4.4164e-005,0.0389466
4.4168e-005,0.0388325
4.4172e-005,0.0395815
4.4176e-005,0.0389515
4.418e-005,0.0389267
4.4184e-005,0.0394426
4.4188e-005,0.0389267
4.4192e-005,0.0388275
4.4196e-005,0.0394079
4.42e-005,0.0390458
4.4204e-005,0.0399833
4.4208e-005,0.0391252
4.4212e-005,0.039026
4.4216e-005,0.0396014
4.422e-005,0.0391748
4.4224e-005,0.0387085
4.4228e-005,0.0399635
4.4232e-005,0.0395071
4.4236e-005,0.0391053
4.424e-005,0.0394079
4.4244e-005,0.0394278
4.4248e-005,0.0389863
4.4252e-005,0.0391599
4.4256e-005,0.039393
4.426e-005,0.0391797
4.4264e-005,0.0396262
4.4268e-005,0.0394575
4.4272e-005,0.0384555
4.4276e-005,0.0391351
4.428e-005,0.0393137
4.4284e-005,0.0393087
4.4288e-005,0.0394526
4.4292e-005,0.0392194
4.4296e-005,0.0386986
4.43e-005,0.0392343
4.4304e-005,0.0396907
4.4308e-005,0.039026
4.4312e-005,0.0391301
4.4316e-005,0.0392194
4.432e-005,0.0388077
4.4324e-005,0.0390954
4.4328e-005,0.0385299
4.4332e-005,0.0390607
4.4336e-005,0.0389714
4.434e-005,0.0392045
4.4344e-005,0.0388623
4.4348e-005,0.0394377
4.4352e-005,0.0388474
4.4356e-005,0.038897
4.436e-005,0.0391847
4.4364e-005,0.0388474
4.4368e-005,0.03977
4.4372e-005,0.039026
4.4376e-005,0.0388722
4.438e-005,0.0390111
4.4384e-005,0.0391996
4.4388e-005,0.0394526
4.4392e-005,0.0386986
4.4396e-005,0.0392095
4.44e-005,0.0394526
4.4404e-005,0.0389714
4.4408e-005,0.0387382
4.4412e-005,0.0393583
4.4416e-005,0.0392293
4.442e-005,0.0393732
4.4424e-005,0.0395419
4.4428e-005,0.0394228
4.4432e-005,0.0389962
4.4436e-005,0.0388176
4.444e-005,0.0389019
4.4444e-005,0.0394129
4.4448e-005,0.0389515
4.4452e-005,0.0391301
4.4456e-005,0.0394377
4.446e-005,0.0387035
4.4464e-005,0.0389863
4.4468e-005,0.0388771
4.4472e-005,0.0391053
4.4476e-005,0.0385448
4.448e-005,0.0393583
4.4484e-005,0.0390656
4.4488e-005,0.0385944
4.4492e-005,0.0389664
4.4496e-005,0.0386638
4.45e-005,0.0387779
4.4504e-005,0.039398
4.4508e-005,0.0388375
4.4512e-005,0.0396758
4.4516e-005,0.0390458
4.452e-005,0.0386837
4.4524e-005,0.0368284
4.4528e-005,0.0348392
4.4532e-005,0.0338471
4.4536e-005,0.0330336
4.454e-005,0.0332915
4.4544e-005,0.0331774
4.4548e-005,0.0268427
4.4552e-005,0.0218226
4.4556e-005,0.0204485
4.456e-005,0.0191489
4.4564e-005,0.0188959
4.4568e-005,0.018876
4.4572e-005,0.0122288
4.4576e-005,0.00268464
4.458e-005,0.000690485
4.4584e-005,-0.00136816
4.4588e-005,-0.000465334
4.4592e-005,0.000353164
4.4596e-005,-0.000172659
4.46e-005,-0.000906827
4.4604e-005,-3.87227e-005
4.4608e-005,-0.00143761
4.4612e-005,0.00661343
4.4616e-005,0.0169364
4.462e-005,0.0202055
4.4624e-005,0.0233009
4.4628e-005,0.0261582
4.4632e-005,0.0285789
4.4636e-005,0.0305681
4.464e-005,0.0324978
4.4644e-005,0.0342935
4.4648e-005,0.0358313
4.4652e-005,0.0368284
4.4656e-005,0.0374931
4.466e-005,0.0387382
4.4664e-005,0.0390607
4.4668e-005,0.0399238
4.4672e-005,0.0411888
4.4676e-005,0.0413475
4.468e-005,0.0414963
4.4684e-005,0.0426273
4.4688e-005,0.0423843
4.4692e-005,0.0419676
4.4696e-005,0.043173
4.47e-005,0.0428754
4.4704e-005,0.0435401
4.4708e-005,0.0433863
4.4712e-005,0.0438477
4.4716e-005,0.0436691
4.472e-005,0.0441453
4.4724e-005,0.04418
4.4728e-005,0.0434558
4.4732e-005,0.0444826
4.4736e-005,0.0440362
4.474e-005,0.0438873
4.4744e-005,0.044557
4.4748e-005,0.0445372
4.4752e-005,0.0439171
4.4756e-005,0.0442643
4.476e-005,0.0437435
4.4764e-005,0.0442346
4.4768e-005,0.044304
4.4772e-005,0.0440957
4.4776e-005,0.0443388
4.478e-005,0.0449588
4.4784e-005,0.0444032
4.4788e-005,0.0443536
4.4792e-005,0.0443983
4.4796e-005,0.0449935
4.48e-005,0.043803
4.4804e-005,0.0440312
4.4808e-005,0.0438675
4.4812e-005,0.0442346
4.4816e-005,0.0449588
4.482e-005,0.0445372
4.4824e-005,0.0440312
4.4828e-005,0.043927
4.4832e-005,0.0453755
4.4836e-005,0.0450878
4.484e-005,0.0455045
4.4844e-005,0.0444578
4.4848e-005,0.0446612
4.4852e-005,0.04481
4.4856e-005,0.0448795
4.486e-005,0.0441006
4.4864e-005,0.0451176
4.4868e-005,0.0449439
4.4872e-005,0.0445769
4.4876e-005,0.0442792
4.488e-005,0.0444876
4.4884e-005,0.0445124
4.4888e-005,0.0445868
4.4892e-005,0.0441155
4.4896e-005,0.0449489
4.49e-005,0.0445967
4.4904e-005,0.043798
4.4908e-005,0.0440957
4.4912e-005,0.0451126
4.4916e-005,0.0446215
4.492e-005,0.0443685
4.4924e-005,0.044805
4.4928e-005,0.044433
4.4932e-005,0.0437336
4.4936e-005,0.0435699
4.494e-005,0.0439816
4.4944e-005,0.0440014
4.4948e-005,0.044438
4.4952e-005,0.0441899
4.4956e-005,0.0437633
4.496e-005,0.044562
4.4964e-005,0.0439816
4.4968e-005,0.0439568
4.4972e-005,0.044562
4.4976e-005,0.0447356
4.498e-005,0.0438526
4.4984e-005,0.0444429
4.4988e-005,0.0449092
4.4992e-005,0.0447158
4.4996e-005,0.0441602
4.5e-005,0.0445223
4.5004e-005,0.0446612
4.5008e-005,0.0444826
4.5012e-005,0.0442395
4.5016e-005,0.0442594
4.502e-005,0.0442495
4.5024e-005,0.044686
4.5028e-005,0.0442296
4.5032e-005,0.0446761
4.5036e-005,0.0442147
4.504e-005,0.0446562
4.5044e-005,0.0450432
4.5048e-005,0.0442197
4.5052e-005,0.0441751
4.5056e-005,0.0447455
4.506e-005,0.0441056
4.5064e-005,0.0446066
4.5068e-005,0.0447604
4.5072e-005,0.0443884
4.5076e-005,0.0443338
4.508e-005,0.0450878
4.5084e-005,0.0443536
4.5088e-005,0.0442346
4.5092e-005,0.044428
4.5096e-005,0.0440808
4.51e-005,0.0446265
4.5104e-005,0.0443388
4.5108e-005,0.0442743
4.5112e-005,0.0441552
4.5116e-005,0.0444479
4.512e-005,0.044562
4.5124e-005,0.0443586
4.5128e-005,0.0446017
4.5132e-005,0.0450134
4.5136e-005,0.0438526
4.514e-005,0.0445917
4.5144e-005,0.0444578
4.5148e-005,0.044051
4.5152e-005,0.0444628
4.5156e-005,0.0442941
4.516e-005,0.0444876
4.5164e-005,0.0438824
4.5168e-005,0.0441304
4.5172e-005,0.0438774
4.5176e-005,0.0443338
4.518e-005,0.0445074
4.5184e-005,0.0450283
4.5188e-005,0.0448001
4.5192e-005,0.0445074
4.5196e-005,0.0441205
4.52e-005,0.0448547
4.5204e-005,0.0445322
4.5208e-005,0.0439766
4.5212e-005,0.044562
4.5216e-005,0.0443685
4.522e-005,0.0435153
4.5224e-005,0.0446066
4.5228e-005,0.0444628
4.5232e-005,0.0440461
4.5236e-005,0.0439617
4.524e-005,0.0439865
4.5244e-005,0.0435451
4.5248e-005,0.0447406
4.5252e-005,0.0439022
4.5256e-005,0.0435252
4.526e-005,0.0444082
4.5264e-005,0.0444578
4.5268e-005,0.0446711
4.5272e-005,0.0438179
4.5276e-005,0.0437534
4.528e-005,0.0447852
4.5284e-005,0.043421
4.5288e-005,0.0436591
4.5292e-005,0.0404844
4.5296e-005,0.0378404
4.53e-005,0.0358661
4.5304e-005,0.0347003
4.5308e-005,0.0344473
4.5312e-005,0.0342985
4.5316e-005,0.0273289
4.532e-005,0.0211331
4.5324e-005,0.0202352
4.5328e-005,0.0191737
4.5332e-005,0.0184643
4.5336e-005,0.0185437
4.534e-005,0.0115939
4.5344e-005,0.00259535
4.5348e-005,0.000854184
4.5352e-005,-0.000410767
4.5356e-005,-0.000554624
4.536e-005,-0.00026691
4.5364e-005,-0.000589349
4.5368e-005,0.000526785
4.5372e-005,-0.000291713
4.5376e-005,-0.00170052
4.538e-005,0.00663824
4.5384e-005,0.016614
4.5388e-005,0.0213067
4.5392e-005,0.0246204
4.5396e-005,0.0288171
4.54e-005,0.0306872
4.5404e-005,0.0325573
4.5408e-005,0.0349037
4.5412e-005,0.036
4.5416e-005,0.0383017
4.542e-005,0.0390805
4.5424e-005,0.0401669
4.5428e-005,0.0417444
4.5432e-005,0.0424984
4.5436e-005,0.0424686
4.544e-005,0.0439221
4.5444e-005,0.0440362
4.5448e-005,0.0447406
4.5452e-005,0.0454747
4.5456e-005,0.0463825
4.546e-005,0.0465462
4.5464e-005,0.0465363
4.5468e-005,0.0476177
4.5472e-005,0.0467843
4.5476e-005,0.048089
4.548e-005,0.0482378
4.5484e-005,0.0478161
4.5488e-005,0.0479253
4.5492e-005,0.0482229
4.5496e-005,0.0480592
4.55e-005,0.0482279
4.5504e-005,0.0482725
4.5508e-005,0.0482229
4.5512e-005,0.0486743
4.5516e-005,0.0486297
4.552e-005,0.0485056
4.5524e-005,0.048714
4.5528e-005,0.0485553
4.5532e-005,0.0487289
4.5536e-005,0.0491654
4.554e-005,0.0484808
4.5544e-005,0.0486545
4.5548e-005,0.049339
4.5552e-005,0.0496813
4.5556e-005,0.0493539
4.556e-005,0.048843
4.5564e-005,0.0488579
4.5568e-005,0.0488975
4.5572e-005,0.0486743
4.5576e-005,0.0493589
4.558e-005,0.0483717
4.5584e-005,0.0489918
4.5588e-005,0.0488628
4.5592e-005,0.0491853
4.5596e-005,0.0499938
4.56e-005,0.0487438
4.5604e-005,0.048838
4.5608e-005,0.0492249
4.5612e-005,0.0491902
4.5616e-005,0.0488529
4.562e-005,0.049468
4.5624e-005,0.0486396
4.5628e-005,0.049463
4.5632e-005,0.0490216
4.5636e-005,0.049339
4.564e-005,0.0487537
4.5644e-005,0.04984
4.5648e-005,0.04985
4.5652e-005,0.0493986
4.5656e-005,0.0495771
4.566e-005,0.0488182
4.5664e-005,0.0489323
4.5668e-005,0.0498103
4.5672e-005,0.0494978
4.5676e-005,0.0493936
4.568e-005,0.0492398
4.5684e-005,0.0489422
4.5688e-005,0.0495077
4.5692e-005,0.0490662
4.5696e-005,0.0491356
4.57e-005,0.0485106
4.5704e-005,0.0496267
4.5708e-005,0.0488479
4.5712e-005,0.0491456
4.5716e-005,0.0491853
4.572e-005,0.0490513
4.5724e-005,0.0491902
4.5728e-005,0.0486495
4.5732e-005,0.0484412
4.5736e-005,0.0487636
4.574e-005,0.0491704
4.5744e-005,0.0486942
4.5748e-005,0.048332
4.5752e-005,0.0490563
4.5756e-005,0.0484412
4.576e-005,0.0485007
4.5764e-005,0.0489769
4.5768e-005,0.0491406
4.5772e-005,0.0488082
4.5776e-005,0.0489174
4.578e-005,0.0479054
4.5784e-005,0.0490662
4.5788e-005,0.0489918
4.5792e-005,0.0491108
4.5796e-005,0.0490067
4.58e-005,0.0492845
4.5804e-005,0.0490464
4.5808e-005,0.0494878
4.5812e-005,0.0491604
4.5816e-005,0.0492398
4.582e-005,0.049463
4.5824e-005,0.0492249
4.5828e-005,0.0489868
4.5832e-005,0.0487636
4.5836e-005,0.0487438
4.584e-005,0.0487636
4.5844e-005,0.0488231
4.5848e-005,0.0491009
4.5852e-005,0.0492795
4.5856e-005,0.0492101
4.586e-005,0.0490364
4.5864e-005,0.0486148
4.5868e-005,0.0487239
4.5872e-005,0.0491456
4.5876e-005,0.0488678
4.588e-005,0.0493589
4.5884e-005,0.049096
4.5888e-005,0.0489571
4.5892e-005,0.0492696
4.5896e-005,0.0494184
4.59e-005,0.0489719
4.5904e-005,0.0494531
4.5908e-005,0.049463
4.5912e-005,0.0493986
4.5916e-005,0.0490563
4.592e-005,0.0493192
4.5924e-005,0.0494581
4.5928e-005,0.0488579
4.5932e-005,0.0489471
4.5936e-005,0.0491505
4.594e-005,0.0488182
4.5944e-005,0.049339
4.5948e-005,0.0493043
4.5952e-005,0.0489273
4.5956e-005,0.0496317
4.596e-005,0.0496168
4.5964e-005,0.0488132
4.5968e-005,0.0491009
4.5972e-005,0.0485056
4.5976e-005,0.0487735
4.598e-005,0.0491009
4.5984e-005,0.0492944
4.5988e-005,0.0487983
4.5992e-005,0.0482328
4.5996e-005,0.048719
4.6e-005,0.048967
4.6004e-005,0.0488132
4.6008e-005,0.049091
4.6012e-005,0.0489075
4.6016e-005,0.0493291
4.602e-005,0.049096
4.6024e-005,0.0488033
4.6028e-005,0.0489819
4.6032e-005,0.0495375
4.6036e-005,0.0487884
4.604e-005,0.0490513
4.6044e-005,0.0496069
4.6048e-005,0.0494085
4.6052e-005,0.049091
4.6056e-005,0.0485602
4.606e-005,0.0431879
4.6064e-005,0.0401123
4.6068e-005,0.0376419
4.6072e-005,0.0361141
4.6076e-005,0.0357321
4.608e-005,0.034616
4.6084e-005,0.0267832
4.6088e-005,0.0207065
4.6092e-005,0.0194663
4.6096e-005,0.0187371
4.61e-005,0.0178938
4.6104e-005,0.0186181
4.6108e-005,0.0118667
4.6112e-005,0.00261023
4.6116e-005,0.001003
4.612e-005,-0.000708403
4.6124e-005,-0.000500058
4.6128e-005,-0.000207383
4.6132e-005,-0.000162738
4.6136e-005,-0.000123053
4.614e-005,0.000239071
4.6144e-005,-0.00153682
4.6148e-005,0.00656383
4.6152e-005,0.0167876
4.6156e-005,0.0194217
4.616e-005,0.0214506
4.6164e-005,0.0231769
4.6168e-005,0.0253248
4.6172e-005,0.026684
4.6176e-005,0.0280085
4.618e-005,0.0291196
4.6184e-005,0.0293627
4.6188e-005,0.0305979
4.6192e-005,0.0311535
4.6196e-005,0.0316049
4.62e-005,0.0323887
4.6204e-005,0.0327359
4.6208e-005,0.0328996
4.6212e-005,0.0333312
4.6216e-005,0.0335346
4.622e-005,0.0342241
4.6224e-005,0.0338669
4.6228e-005,0.0338868
4.6232e-005,0.0342241
4.6236e-005,0.0343283
4.624e-005,0.0339017
4.6244e-005,0.034239
4.6248e-005,0.0345366
4.6252e-005,0.0339364
4.6256e-005,0.0348442
4.626e-005,0.0344027
4.6264e-005,0.0343779
4.6268e-005,0.0341844
4.6272e-005,0.0341547
4.6276e-005,0.0343481
4.628e-005,0.0348541
4.6284e-005,0.0346209
4.6288e-005,0.0338868
4.6292e-005,0.0345416
4.6296e-005,0.0339463
4.63e-005,0.0340902
4.6304e-005,0.0340158
4.6308e-005,0.034368
4.6312e-005,0.0344672
4.6316e-005,0.0344523
4.632e-005,0.0341497
4.6324e-005,0.0339612
4.6328e-005,0.0341547
4.6332e-005,0.0343977
4.6336e-005,0.0338273
4.634e-005,0.0339513
4.6344e-005,0.0341348
4.6348e-005,0.0336139
4.6352e-005,0.0341398
4.6356e-005,0.0341695
4.636e-005,0.033361
4.6364e-005,0.0335544
4.6368e-005,0.0338372
4.6372e-005,0.0340058
4.6376e-005,0.0341199
4.638e-005,0.0340306
4.6384e-005,0.0339215
4.6388e-005,0.0344176
4.6392e-005,0.0336834
4.6396e-005,0.0336487
4.64e-005,0.033609
4.6404e-005,0.0341547
4.6408e-005,0.0344523
4.6412e-005,0.0342737
4.6416e-005,0.0338917
4.642e-005,0.0337528
4.6424e-005,0.0337132
4.6428e-005,0.0332072
4.6432e-005,0.0341398
4.6436e-005,0.0339165
4.644e-005,0.0335991
4.6444e-005,0.0337826
4.6448e-005,0.0339314
4.6452e-005,0.0340158
4.6456e-005,0.0337975
4.646e-005,0.0346408
4.6464e-005,0.0346656
4.6468e-005,0.0337528
4.6472e-005,0.0336487
4.6476e-005,0.0334006
4.648e-005,0.0336437
4.6484e-005,0.0339761
4.6488e-005,0.0334453
4.6492e-005,0.0340703
4.6496e-005,0.0345813
4.65e-005,0.0347003
4.6504e-005,0.0340703
4.6508e-005,0.0334205
4.6512e-005,0.0340009
4.6516e-005,0.0338471
4.652e-005,0.0339116
4.6524e-005,0.0342935
4.6528e-005,0.0339215
4.6532e-005,0.0341447
4.6536e-005,0.0339513
4.654e-005,0.0338868
4.6544e-005,0.0342687
4.6548e-005,0.0338818
4.6552e-005,0.0343184
4.6556e-005,0.0344424
4.656e-005,0.0340406
4.6564e-005,0.0331973
4.6568e-005,0.0344672
4.6572e-005,0.0338769
4.6576e-005,0.0333907
4.658e-005,0.0342638
4.6584e-005,0.0344076
4.6588e-005,0.0341001
4.6592e-005,0.0337776
4.6596e-005,0.0343184
4.66e-005,0.033986
4.6604e-005,0.0346507
4.6608e-005,0.0341745
4.6612e-005,0.0339463
4.6616e-005,0.0333957
4.662e-005,0.0341001
4.6624e-005,0.0340158
4.6628e-005,0.0338223
4.6632e-005,0.033361
4.6636e-005,0.0338967
4.664e-005,0.0339364
4.6644e-005,0.0335941
4.6648e-005,0.0331179
4.6652e-005,0.0338917
4.6656e-005,0.0340455
4.666e-005,0.033356
4.6664e-005,0.033981
4.6668e-005,0.0337132
4.6672e-005,0.0329889
4.6676e-005,0.0339215
4.668e-005,0.0334751
4.6684e-005,0.0339215
4.6688e-005,0.0335445
4.6692e-005,0.0334354
4.6696e-005,0.0336239
4.67e-005,0.0339959
4.6704e-005,0.0334602
4.6708e-005,0.0336586
4.6712e-005,0.0333213
4.6716e-005,0.0334254
4.672e-005,0.0340802
4.6724e-005,0.0341199
4.6728e-005,0.0339562
4.6732e-005,0.0339066
4.6736e-005,0.0335495
4.674e-005,0.0342043
4.6744e-005,0.0337826
4.6748e-005,0.033728
4.6752e-005,0.0339017
4.6756e-005,0.0337032
4.676e-005,0.033738
4.6764e-005,0.0339513
4.6768e-005,0.0333758
4.6772e-005,0.033609
4.6776e-005,0.0335296
4.678e-005,0.0337181
4.6784e-005,0.0337727
4.6788e-005,0.0343531
4.6792e-005,0.0340058
4.6796e-005,0.0342142
4.68e-005,0.033609
4.6804e-005,0.0329988
4.6808e-005,0.0339612
4.6812e-005,0.0337528
4.6816e-005,0.0342787
4.682e-005,0.0334354
4.6824e-005,0.0335743
4.6828e-005,0.0316049
4.6832e-005,0.0315057
4.6836e-005,0.03034
4.684e-005,0.0307765
4.6844e-005,0.0307021
4.6848e-005,0.0304689
4.6852e-005,0.0257018
4.6856e-005,0.0205378
4.686e-005,0.019382
4.6864e-005,0.0192381
4.6868e-005,0.0185387
4.6872e-005,0.0182063
4.6876e-005,0.0114897
4.688e-005,0.00212906
4.6884e-005,0.000556549
4.6888e-005,-0.000485176
4.6892e-005,0.000124977
4.6896e-005,-5.85651e-005
4.69e-005,-0.00104572
4.6904e-005,-0.000524861
4.6908e-005,-0.000118092
4.6912e-005,-0.00137808
4.6916e-005,0.00688627
4.692e-005,0.0170009
4.6924e-005,0.0201211
4.6928e-005,0.02215
4.6932e-005,0.0252305
4.6936e-005,0.026932
4.694e-005,0.0281623
4.6944e-005,0.0301911
4.6948e-005,0.0314065
4.6952e-005,0.0321208
4.6956e-005,0.0333014
4.696e-005,0.0345019
4.6964e-005,0.0351021
4.6968e-005,0.0359405
4.6972e-005,0.0367094
4.6976e-005,0.0369822
4.698e-005,0.0375576
4.6984e-005,0.037379
4.6988e-005,0.0380239
4.6992e-005,0.0380785
4.6996e-005,0.0385001
4.7e-005,0.0388821
4.7004e-005,0.0382174
4.7008e-005,0.0382719
4.7012e-005,0.0397254
4.7016e-005,0.0392492
4.702e-005,0.0387333
4.7024e-005,0.0388771
4.7028e-005,0.0393633
4.7032e-005,0.0386738
4.7036e-005,0.0394476
4.704e-005,0.0391996
4.7044e-005,0.0388027
4.7048e-005,0.0394674
4.7052e-005,0.0390904
4.7056e-005,0.039403
4.706e-005,0.03915
4.7064e-005,0.0389714
4.7068e-005,0.0387978
4.7072e-005,0.0388523
4.7076e-005,0.0390061
4.708e-005,0.0394426
4.7084e-005,0.0394327
4.7088e-005,0.0388573
4.7092e-005,0.0385101
4.7096e-005,0.0391351
4.71e-005,0.0394625
4.7104e-005,0.0386638
4.7108e-005,0.0394079
4.7112e-005,0.0389019
4.7116e-005,0.0383563
4.712e-005,0.0391897
4.7124e-005,0.0391152
4.7128e-005,0.0391202
4.7132e-005,0.0388176
4.7136e-005,0.0395815
4.714e-005,0.0389515
4.7144e-005,0.0393831
4.7148e-005,0.0388722
4.7152e-005,0.0385845
4.7156e-005,0.0385051
4.716e-005,0.0393682
4.7164e-005,0.0388672
4.7168e-005,0.0392789
4.7172e-005,0.0387184
4.7176e-005,0.0390061
4.718e-005,0.0396311
4.7184e-005,0.039393
4.7188e-005,0.0390508
4.7192e-005,0.0394923
4.7196e-005,0.0396411
4.72e-005,0.0388226
4.7204e-005,0.03914
4.7208e-005,0.0387928
4.7212e-005,0.0388623
4.7216e-005,0.0389069
4.722e-005,0.0388821
4.7224e-005,0.0387382
4.7228e-005,0.0394278
4.7232e-005,0.0387035
4.7236e-005,0.0389515
4.724e-005,0.0393633
4.7244e-005,0.0388722
4.7248e-005,0.038768
4.7252e-005,0.039021
4.7256e-005,0.0386638
4.726e-005,0.0394674
4.7264e-005,0.039269
4.7268e-005,0.0389317
4.7272e-005,0.0389763
4.7276e-005,0.0398147
4.728e-005,0.0386638
4.7284e-005,0.0383414
4.7288e-005,0.0391996
4.7292e-005,0.039016
4.7296e-005,0.0390458
4.73e-005,0.0392244
4.7304e-005,0.039274
4.7308e-005,0.0388424
4.7312e-005,0.0396361
4.7316e-005,0.0389714
4.732e-005,0.0392244
4.7324e-005,0.0393087
4.7328e-005,0.0391103
4.7332e-005,0.0387035
4.7336e-005,0.039522
4.734e-005,0.0386986
4.7344e-005,0.0394228
4.7348e-005,0.0395567
4.7352e-005,0.0390756
4.7356e-005,0.0387432
4.736e-005,0.0389416
4.7364e-005,0.0393881
4.7368e-005,0.0386886
4.7372e-005,0.0394972
4.7376e-005,0.0392393
4.738e-005,0.0388077
4.7384e-005,0.0390557
4.7388e-005,0.0381926
4.7392e-005,0.0386986
4.7396e-005,0.0390855
4.74e-005,0.0389962
4.7404e-005,0.0385646
4.7408e-005,0.0392244
4.7412e-005,0.0389367
4.7416e-005,0.0389912
4.742e-005,0.0392194
4.7424e-005,0.0391152
4.7428e-005,0.0383265
4.7432e-005,0.0393534
4.7436e-005,0.039398
4.744e-005,0.0389367
4.7444e-005,0.0390061
4.7448e-005,0.0395667
4.7452e-005,0.0390607
4.7456e-005,0.0401867
4.746e-005,0.0394079
4.7464e-005,0.0395518
4.7468e-005,0.0394079
4.7472e-005,0.0395022
4.7476e-005,0.0392839
4.748e-005,0.0392244
4.7484e-005,0.039026
4.7488e-005,0.0390309
4.7492e-005,0.0393583
4.7496e-005,0.0393583
4.75e-005,0.0395319
4.7504e-005,0.039403
4.7508e-005,0.0393633
4.7512e-005,0.0387581
4.7516e-005,0.0396063
4.752e-005,0.0394823
4.7524e-005,0.0391996
4.7528e-005,0.0392442
4.7532e-005,0.0386539
4.7536e-005,0.03915
4.754e-005,0.0391252
4.7544e-005,0.0387432
4.7548e-005,0.0387531
4.7552e-005,0.0386489
4.7556e-005,0.038892
4.756e-005,0.0384902
4.7564e-005,0.0391599
4.7568e-005,0.0387134
4.7572e-005,0.0387779
4.7576e-005,0.0393484
4.758e-005,0.0392293
4.7584e-005,0.0398345
4.7588e-005,0.0395121
4.7592e-005,0.0384952
4.7596e-005,0.0366399
4.76e-005,0.0342142
4.7604e-005,0.0338074
4.7608e-005,0.0327756
4.7612e-005,0.0323589
4.7616e-005,0.0330931
4.762e-005,0.0262375
4.7624e-005,0.020895
4.7628e-005,0.0198433
4.7632e-005,0.0191489
4.7636e-005,0.0184593
4.764e-005,0.0181369
4.7644e-005,0.0115195
4.7648e-005,0.00261023
4.7652e-005,0.000338282
4.7656e-005,-0.000827457
4.766e-005,-0.000594309
4.7664e-005,0.00023411
4.7668e-005,-0.000261949
4.7672e-005,-0.000331398
4.7676e-005,0.000263874
4.768e-005,-0.00184934
4.7684e-005,0.00693587
4.7688e-005,0.0167678
4.7692e-005,0.0202352
4.7696e-005,0.023405
4.77e-005,0.0268328
4.7704e-005,0.0290006
4.7708e-005,0.0310444
4.7712e-005,0.0321059
4.7716e-005,0.0340356
4.772e-005,0.034988
4.7724e-005,0.036501
4.7728e-005,0.0366201
4.7732e-005,0.0381727
4.7736e-005,0.0387978
4.774e-005,0.0393583
4.7744e-005,0.0403107
4.7748e-005,0.0396014
4.7752e-005,0.0406927
4.7756e-005,0.0415955
4.776e-005,0.0413922
4.7764e-005,0.0415906
4.7768e-005,0.0429944
4.7772e-005,0.0426125
4.7776e-005,0.0430837
4.778e-005,0.0431631
4.7784e-005,0.0433169
4.7788e-005,0.0429299
4.7792e-005,0.0437336
4.7796e-005,0.0433268
4.78e-005,0.0437782
4.7804e-005,0.0441701
4.7808e-005,0.0433566
4.7812e-005,0.0438179
4.7816e-005,0.0442643
4.782e-005,0.0431581
4.7824e-005,0.0436393
4.7828e-005,0.0435897
4.7832e-005,0.0441453
4.7836e-005,0.0437534
4.784e-005,0.0438228
4.7844e-005,0.0442445
4.7848e-005,0.0437584
4.7852e-005,0.0443636
4.7856e-005,0.0443239
4.786e-005,0.0438129
4.7864e-005,0.0443834
4.7868e-005,0.0439369
4.7872e-005,0.0440858
4.7876e-005,0.043679
4.788e-005,0.0439121
4.7884e-005,0.0436393
4.7888e-005,0.0439865
4.7892e-005,0.0438228
4.7896e-005,0.0436691
4.79e-005,0.0443437
4.7904e-005,0.0440262
4.7908e-005,0.0439568
4.7912e-005,0.0439072
4.7916e-005,0.0441403
4.792e-005,0.0439915
4.7924e-005,0.0438278
4.7928e-005,0.043679
4.7932e-005,0.0436195
4.7936e-005,0.0444082
4.794e-005,0.0440758
4.7944e-005,0.0445471
4.7948e-005,0.0449439
4.7952e-005,0.0442842
4.7956e-005,0.0441453
4.796e-005,0.0444727
4.7964e-005,0.0450828
4.7968e-005,0.045187
4.7972e-005,0.0445967
4.7976e-005,0.0447406
4.798e-005,0.0445322
4.7984e-005,0.0446711
4.7988e-005,0.0442544
4.7992e-005,0.0442544
4.7996e-005,0.0446265
4.8e-005,0.0442941
4.8004e-005,0.0443437
4.8008e-005,0.0440163
4.8012e-005,0.0445173
4.8016e-005,0.0442842
4.802e-005,0.0440957
4.8024e-005,0.0441304
4.8028e-005,0.0444528
4.8032e-005,0.0445124
4.8036e-005,0.0445223
4.804e-005,0.0440114
4.8044e-005,0.0444826
4.8048e-005,0.04481
4.8052e-005,0.0448993
4.8056e-005,0.0449191
4.806e-005,0.0445273
4.8064e-005,0.0445967
4.8068e-005,0.0450283
4.8072e-005,0.0449142
4.8076e-005,0.0444231
4.808e-005,0.0450729
4.8084e-005,0.0447257
4.8088e-005,0.0448844
4.8092e-005,0.0450977
4.8096e-005,0.0449241
4.81e-005,0.0442743
4.8104e-005,0.0447158
4.8108e-005,0.0451771
4.8112e-005,0.0452664
4.8116e-005,0.0447207
4.812e-005,0.0449092
4.8124e-005,0.0446562
4.8128e-005,0.0449588
4.8132e-005,0.0444181
4.8136e-005,0.0439419
4.814e-005,0.0449142
4.8144e-005,0.0449142
4.8148e-005,0.0447505
4.8152e-005,0.0451176
4.8156e-005,0.0448745
4.816e-005,0.0449241
4.8164e-005,0.0454053
4.8168e-005,0.0444975
4.8172e-005,0.0446066
4.8176e-005,0.0449489
4.818e-005,0.0447158
4.8184e-005,0.0445372
4.8188e-005,0.0453557
4.8192e-005,0.0451374
4.8196e-005,0.0449142
4.82e-005,0.0457327
4.8204e-005,0.0450878
4.8208e-005,0.0450878
4.8212e-005,0.0441106
4.8216e-005,0.0449737
4.822e-005,0.0441453
4.8224e-005,0.0448001
4.8228e-005,0.044681
4.8232e-005,0.0446017
4.8236e-005,0.0442792
4.824e-005,0.045187
4.8244e-005,0.0450184
4.8248e-005,0.0451225
4.8252e-005,0.0444776
4.8256e-005,0.0444628
4.826e-005,0.0448447
4.8264e-005,0.0444628
4.8268e-005,0.0442495
4.8272e-005,0.0452217
4.8276e-005,0.0445769
4.828e-005,0.0440362
4.8284e-005,0.0440709
4.8288e-005,0.0445471
4.8292e-005,0.0441205
4.8296e-005,0.0448497
4.83e-005,0.0443536
4.8304e-005,0.0441751
4.8308e-005,0.0455938
4.8312e-005,0.0446413
4.8316e-005,0.0438377
4.832e-005,0.0450481
4.8324e-005,0.0449439
4.8328e-005,0.0441106
4.8332e-005,0.0448646
4.8336e-005,0.04418
4.834e-005,0.0439419
4.8344e-005,0.0445074
4.8348e-005,0.0439617
4.8352e-005,0.0446165
4.8356e-005,0.0443933
4.836e-005,0.0434062
4.8364e-005,0.0406878
4.8368e-005,0.038143
4.8372e-005,0.0360546
4.8376e-005,0.0355039
4.838e-005,0.0347003
4.8384e-005,0.0340852
4.8388e-005,0.0264905
4.8392e-005,0.0211827
4.8396e-005,0.0203344
4.84e-005,0.0193473
4.8404e-005,0.0186726
4.8408e-005,0.0185437
4.8412e-005,0.0124521
4.8416e-005,0.00262016
4.842e-005,0.00148418
4.8424e-005,-0.000455413
4.8428e-005,-4.36833e-005
4.8432e-005,0.000129938
4.8436e-005,-0.000207383
4.844e-005,0.000358125
4.8444e-005,-3.87227e-005
4.8448e-005,-0.00135824
4.8452e-005,0.00704997
4.8456e-005,0.0167777
4.846e-005,0.0205577
4.8464e-005,0.0247791
4.8468e-005,0.0286037
4.8472e-005,0.030717
4.8476e-005,0.0327806
4.848e-005,0.0345515
4.8484e-005,0.0366449
4.8488e-005,0.0380785
4.8492e-005,0.0391103
4.8496e-005,0.040529
4.85e-005,0.0410449
4.8504e-005,0.0423347
4.8508e-005,0.0423496
4.8512e-005,0.0435897
4.8516e-005,0.0444826
4.852e-005,0.0450184
4.8524e-005,0.0459113
4.8528e-005,0.0455888
4.8532e-005,0.0457724
4.8536e-005,0.0466553
4.854e-005,0.0466355
4.8544e-005,0.0463428
4.8548e-005,0.0466702
4.8552e-005,0.0475235
4.8556e-005,0.047082
4.856e-005,0.0479947
4.8564e-005,0.0484064
4.8568e-005,0.0481931
4.8572e-005,0.0479649
4.8576e-005,0.0486495
4.858e-005,0.0483469
4.8584e-005,0.0484709
4.8588e-005,0.0483916
4.8592e-005,0.0483122
4.8596e-005,0.0487934
4.86e-005,0.0488727
4.8604e-005,0.048967
4.8608e-005,0.0487884
4.8612e-005,0.0481832
4.8616e-005,0.0486942
4.862e-005,0.0487834
4.8624e-005,0.048337
4.8628e-005,0.0487537
4.8632e-005,0.048342
4.8636e-005,0.0483271
4.864e-005,0.0481981
4.8644e-005,0.0486148
4.8648e-005,0.0490166
4.8652e-005,0.0483122
4.8656e-005,0.0493837
4.866e-005,0.0486098
4.8664e-005,0.0487289
4.8668e-005,0.0492497
4.8672e-005,0.0491307
4.8676e-005,0.0483072
4.868e-005,0.048709
4.8684e-005,0.0486892
4.8688e-005,0.0486049
4.8692e-005,0.0486693
4.8696e-005,0.048833
4.87e-005,0.04859
4.8704e-005,0.0492101
4.8708e-005,0.0488678
4.8712e-005,0.0486197
4.8716e-005,0.0487289
4.872e-005,0.0490563
4.8724e-005,0.0487487
4.8728e-005,0.0496615
4.8732e-005,0.0488727
4.8736e-005,0.0481187
4.874e-005,0.0483916
4.8744e-005,0.0489571
4.8748e-005,0.0484213
4.8752e-005,0.0490612
4.8756e-005,0.0483767
4.876e-005,0.0487487
4.8764e-005,0.048838
4.8768e-005,0.0488827
4.8772e-005,0.0495027
4.8776e-005,0.0491803
4.878e-005,0.0495573
4.8784e-005,0.0487983
4.8788e-005,0.0490513
4.8792e-005,0.0486594
4.8796e-005,0.0489521
4.88e-005,0.0492051
4.8804e-005,0.0490067
4.8808e-005,0.0483767
4.8812e-005,0.0489571
4.8816e-005,0.0487586
4.882e-005,0.0486445
4.8824e-005,0.0489769
4.8828e-005,0.0484263
4.8832e-005,0.0487636
4.8836e-005,0.0487041
4.884e-005,0.0490265
4.8844e-005,0.0491406
4.8848e-005,0.0489323
4.8852e-005,0.0491902
4.8856e-005,0.0484858
4.886e-005,0.0484808
4.8864e-005,0.0489769
4.8868e-005,0.0485602
4.8872e-005,0.0488678
4.8876e-005,0.0491853
4.888e-005,0.0486644
4.8884e-005,0.0483568
4.8888e-005,0.0483618
4.8892e-005,0.0492597
4.8896e-005,0.048342
4.89e-005,0.0488231
4.8904e-005,0.0487041
4.8908e-005,0.0490513
4.8912e-005,0.0486594
4.8916e-005,0.0489025
4.892e-005,0.0485056
4.8924e-005,0.0487586
4.8928e-005,0.0483122
4.8932e-005,0.0486693
4.8936e-005,0.0487934
4.894e-005,0.0483072
4.8944e-005,0.0488827
4.8948e-005,0.0484164
4.8952e-005,0.0483221
4.8956e-005,0.0492795
4.896e-005,0.0490761
4.8964e-005,0.048962
4.8968e-005,0.0489422
4.8972e-005,0.0495375
4.8976e-005,0.0490017
4.898e-005,0.0483221
4.8984e-005,0.0485503
4.8988e-005,0.0489967
4.8992e-005,0.0497359
4.8996e-005,0.0489223
4.9e-005,0.048714
4.9004e-005,0.0491356
4.9008e-005,0.0492349
4.9012e-005,0.0490364
4.9016e-005,0.0491704
4.902e-005,0.0489025
4.9024e-005,0.0493192
4.9028e-005,0.0495127
4.9032e-005,0.0493539
4.9036e-005,0.0488628
4.904e-005,0.0491456
4.9044e-005,0.0486892
4.9048e-005,0.0487438
4.9052e-005,0.0492448
4.9056e-005,0.0493093
4.906e-005,0.048709
4.9064e-005,0.0490563
4.9068e-005,0.0489372
4.9072e-005,0.0485751
4.9076e-005,0.0491158
4.908e-005,0.0484957
4.9084e-005,0.0488231
4.9088e-005,0.0492349
4.9092e-005,0.0488281
4.9096e-005,0.0482725
4.91e-005,0.0493043
4.9104e-005,0.0487388
4.9108e-005,0.0488479
4.9112e-005,0.0491803
4.9116e-005,0.0489719
4.912e-005,0.0489571
4.9124e-005,0.0488876
4.9128e-005,0.048838
4.9132e-005,0.0435153
4.9136e-005,0.0403405
4.914e-005,0.0378751
4.9144e-005,0.0360546
4.9148e-005,0.035752
4.9152e-005,0.0351418
4.9156e-005,0.0273289
4.916e-005,0.0217829
4.9164e-005,0.0196945
4.9168e-005,0.0189951
4.9172e-005,0.01837
4.9176e-005,0.0184097
4.918e-005,0.0122933
4.9184e-005,0.00321543
4.9188e-005,0.00116174
4.9192e-005,-0.000227225
4.9196e-005,0.000263874
4.92e-005,0.000263874
4.9204e-005,-0.000395885
4.9208e-005,0.000219228
4.9212e-005,-0.000113132
4.9216e-005,-0.00178485
4.922e-005,0.00695075
4.9224e-005,0.016619
4.9228e-005,0.0193919
4.9232e-005,0.0212273
4.9236e-005,0.0243178
4.924e-005,0.0255927
4.9244e-005,0.0256373
4.9248e-005,0.0276414
4.9252e-005,0.0284847
4.9256e-005,0.0288419
4.926e-005,0.029452
4.9264e-005,0.0306574
4.9268e-005,0.0308608
4.9272e-005,0.0318629
4.9276e-005,0.0317488
4.928e-005,0.0324036
4.9284e-005,0.0327657
4.9288e-005,0.0330534
4.9292e-005,0.0337727
4.9296e-005,0.0325722
4.93e-005,0.0333163
4.9304e-005,0.0336487
4.9308e-005,0.0339661
4.9312e-005,0.0337528
4.9316e-005,0.0337082
4.932e-005,0.0337082
4.9324e-005,0.0335247
4.9328e-005,0.0340554
4.9332e-005,0.0337132
4.9336e-005,0.0344027
4.934e-005,0.0339562
4.9344e-005,0.0335048
4.9348e-005,0.0338917
4.9352e-005,0.0343184
4.9356e-005,0.0340604
4.936e-005,0.0331973
4.9364e-005,0.0336239
4.9368e-005,0.0341447
4.9372e-005,0.033108
4.9376e-005,0.0334899
4.938e-005,0.0337876
4.9384e-005,0.0336784
4.9388e-005,0.0339215
4.9392e-005,0.0332171
4.9396e-005,0.0334056
4.94e-005,0.0335197
4.9404e-005,0.0340951
4.9408e-005,0.0337181
4.9412e-005,0.0339165
4.9416e-005,0.033728
4.942e-005,0.0334899
4.9424e-005,0.0336288
4.9428e-005,0.0330385
4.9432e-005,0.0333461
4.9436e-005,0.0333461
4.944e-005,0.0340802
4.9444e-005,0.0334056
4.9448e-005,0.0335346
4.9452e-005,0.0335842
4.9456e-005,0.0332816
4.946e-005,0.0334949
4.9464e-005,0.0337925
4.9468e-005,0.0333808
4.9472e-005,0.0334899
4.9476e-005,0.0337082
4.948e-005,0.033738
4.9484e-005,0.033108
4.9488e-005,0.0338818
4.9492e-005,0.034115
4.9496e-005,0.0340009
4.95e-005,0.0334701
4.9504e-005,0.0331824
4.9508e-005,0.0333709
4.9512e-005,0.0336735
4.9516e-005,0.0339364
4.952e-005,0.0334254
4.9524e-005,0.0339761
4.9528e-005,0.0338818
4.9532e-005,0.033991
4.9536e-005,0.0333362
4.954e-005,0.0337429
4.9544e-005,0.034105
4.9548e-005,0.0340604
4.9552e-005,0.0341348
4.9556e-005,0.0333461
4.956e-005,0.0335445
4.9564e-005,0.033232
4.9568e-005,0.0336636
4.9572e-005,0.0335743
4.9576e-005,0.0336586
4.958e-005,0.0333213
4.9584e-005,0.0332171
4.9588e-005,0.0330336
4.9592e-005,0.0337628
4.9596e-005,0.0334949
4.96e-005,0.033733
4.9604e-005,0.0337876
4.9608e-005,0.0335247
4.9612e-005,0.0328203
4.9616e-005,0.0337479
4.962e-005,0.0334106
4.9624e-005,0.0333858
4.9628e-005,0.0336189
4.9632e-005,0.0336735
4.9636e-005,0.0329195
4.964e-005,0.0333014
4.9644e-005,0.0331873
4.9648e-005,0.0328798
4.9652e-005,0.0334502
4.9656e-005,0.0334056
4.966e-005,0.0331725
4.9664e-005,0.0332022
4.9668e-005,0.0335991
4.9672e-005,0.0336586
4.9676e-005,0.0333213
4.968e-005,0.0332766
4.9684e-005,0.0326367
4.9688e-005,0.0332419
4.9692e-005,0.0337826
4.9696e-005,0.0338273
4.97e-005,0.0330931
4.9704e-005,0.0331824
4.9708e-005,0.0333411
4.9712e-005,0.033098
4.9716e-005,0.032979
4.972e-005,0.032974
4.9724e-005,0.0332667
4.9728e-005,0.0332865
4.9732e-005,0.0333957
4.9736e-005,0.033733
4.974e-005,0.0329095
4.9744e-005,0.0333411
4.9748e-005,0.0333163
4.9752e-005,0.0329542
4.9756e-005,0.0333064
4.976e-005,0.0339413
4.9764e-005,0.0335891
4.9768e-005,0.0334999
4.9772e-005,0.0331576
4.9776e-005,0.033103
4.978e-005,0.0331675
4.9784e-005,0.033232
4.9788e-005,0.0335197
4.9792e-005,0.0331973
4.9796e-005,0.0331576
4.98e-005,0.0331725
4.9804e-005,0.0333461
4.9808e-005,0.0329591
4.9812e-005,0.033728
4.9816e-005,0.0333163
4.982e-005,0.0329145
4.9824e-005,0.032979
4.9828e-005,0.0333957
4.9832e-005,0.0332022
4.9836e-005,0.0330088
4.984e-005,0.0333957
4.9844e-005,0.0337181
4.9848e-005,0.0332469
4.9852e-005,0.0336884
4.9856e-005,0.0335693
4.986e-005,0.0337032
4.9864e-005,0.0331427
4.9868e-005,0.0333808
4.9872e-005,0.032979
4.9876e-005,0.0323242
4.988e-005,0.0339513
4.9884e-005,0.0331923
4.9888e-005,0.0336884
4.9892e-005,0.0328401
4.9896e-005,0.0323341
4.99e-005,0.0318182
4.9904e-005,0.0311436
4.9908e-005,0.0307814
4.9912e-005,0.0303846
4.9916e-005,0.0294669
4.992e-005,0.0303449
4.9924e-005,0.0246502
4.9928e-005,0.0203642
4.9932e-005,0.0199326
4.9936e-005,0.0190348
4.994e-005,0.0184147
4.9944e-005,0.0183998
4.9948e-005,0.0106067
4.9952e-005,0.00280866
4.9956e-005,0.000864105
4.996e-005,-0.00121438
4.9964e-005,-0.000782812
4.9968e-005,0.000293637
4.9972e-005,-0.000802654
4.9976e-005,-0.000128013
4.998e-005,3.07256e-005
4.9984e-005,-0.00140785
4.9988e-005,0.00662336
4.9992e-005,0.0166834
4.9996e-005,0.0195556
5e-005,0.0221847
5.0004e-005,0.0254935
5.0008e-005,0.0266741
5.0012e-005,0.0284996
5.0016e-005,0.0306872
5.002e-005,0.0321208
5.0024e-005,0.0322051
5.0028e-005,0.0333461
5.0032e-005,0.0341547
5.0036e-005,0.0347152
5.004e-005,0.0356875
5.0044e-005,0.0368135
5.0048e-005,0.0367887
5.0052e-005,0.0372203
5.0056e-005,0.037379
5.006e-005,0.0376717
5.0064e-005,0.037508
5.0068e-005,0.0378503
5.0072e-005,0.038644
5.0076e-005,0.03852
5.008e-005,0.0390309
5.0084e-005,0.0393037
5.0088e-005,0.039274
5.0092e-005,0.0384555
5.0096e-005,0.0393186
5.01e-005,0.0388573
5.0104e-005,0.0389763
5.0108e-005,0.0396758
5.0112e-005,0.039145
5.0116e-005,0.0386886
5.012e-005,0.0397403
5.0124e-005,0.038639
5.0128e-005,0.0395964
5.0132e-005,0.0391897
5.0136e-005,0.0392095
5.014e-005,0.0389119
5.0144e-005,0.0399288
5.0148e-005,0.0389664
5.0152e-005,0.0395468
5.0156e-005,0.0393037
5.016e-005,0.039016
5.0164e-005,0.0385349
5.0168e-005,0.0394278
5.0172e-005,0.0393385
5.0176e-005,0.0387779
5.018e-005,0.0393137
5.0184e-005,0.0390954
5.0188e-005,0.0392244
5.0192e-005,0.0392889
5.0196e-005,0.0389912
5.02e-005,0.0387531
5.0204e-005,0.0390656
5.0208e-005,0.0391103
5.0212e-005,0.0386341
5.0216e-005,0.0387085
5.022e-005,0.0388771
5.0224e-005,0.038763
5.0228e-005,0.0394972
5.0232e-005,0.0388275
5.0236e-005,0.0393286
5.024e-005,0.0390805
5.0244e-005,0.0387134
5.0248e-005,0.0388424
5.0252e-005,0.0398147
5.0256e-005,0.039274
5.026e-005,0.0386341
5.0264e-005,0.0390061
5.0268e-005,0.0393434
5.0272e-005,0.0390954
5.0276e-005,0.0388474
5.028e-005,0.0388424
5.0284e-005,0.0382868
5.0288e-005,0.0387482
5.0292e-005,0.0389515
5.0296e-005,0.039026
5.03e-005,0.0391946
5.0304e-005,0.0392442
5.0308e-005,0.0392988
5.0312e-005,0.0391252
5.0316e-005,0.0391351
5.032e-005,0.0386341
5.0324e-005,0.0391004
5.0328e-005,0.0388226
5.0332e-005,0.039021
5.0336e-005,0.039527
5.034e-005,0.0390359
5.0344e-005,0.0389664
5.0348e-005,0.0390359
5.0352e-005,0.0392889
5.0356e-005,0.0388424
5.036e-005,0.0394228
5.0364e-005,0.0387779
5.0368e-005,0.0386539
5.0372e-005,0.0391847
5.0376e-005,0.0391351
5.038e-005,0.0390756
5.0384e-005,0.0391649
5.0388e-005,0.0390954
5.0392e-005,0.0389267
5.0396e-005,0.0389466
5.04e-005,0.038763
5.0404e-005,0.038773
5.0408e-005,0.0388027
5.0412e-005,0.0387482
5.0416e-005,0.0389615
5.042e-005,0.0384406
5.0424e-005,0.0391996
5.0428e-005,0.0384059
5.0432e-005,0.0392244
5.0436e-005,0.0387184
5.044e-005,0.0384307
5.0444e-005,0.0386589
5.0448e-005,0.0389069
5.0452e-005,0.0385646
5.0456e-005,0.0389168
5.046e-005,0.0382719
5.0464e-005,0.0388722
5.0468e-005,0.0390458
5.0472e-005,0.0382967
5.0476e-005,0.0384356
5.048e-005,0.0381281
5.0484e-005,0.0386341
5.0488e-005,0.0380735
5.0492e-005,0.0387829
5.0496e-005,0.0386241
5.05e-005,0.0382868
5.0504e-005,0.0387829
5.0508e-005,0.0389912
5.0512e-005,0.038262
5.0516e-005,0.0390855
5.052e-005,0.0392591
5.0524e-005,0.038644
5.0528e-005,0.0390756
5.0532e-005,0.0386837
5.0536e-005,0.0390111
5.054e-005,0.0390458
5.0544e-005,0.0392641
5.0548e-005,0.0392988
5.0552e-005,0.0389168
5.0556e-005,0.039016
5.056e-005,0.0391946
5.0564e-005,0.0394327
5.0568e-005,0.0389565
5.0572e-005,0.0394327
5.0576e-005,0.039145
5.058e-005,0.0391649
5.0584e-005,0.0394823
5.0588e-005,0.0395369
5.0592e-005,0.0393633
5.0596e-005,0.0391897
5.06e-005,0.039656
5.0604e-005,0.0391202
5.0608e-005,0.039393
5.0612e-005,0.0391897
5.0616e-005,0.0391599
5.062e-005,0.0389069
5.0624e-005,0.0387928
5.0628e-005,0.0387928
5.0632e-005,0.0387482
5.0636e-005,0.039269
5.064e-005,0.0392293
5.0644e-005,0.0388424
5.0648e-005,0.0389714
5.0652e-005,0.0386043
5.0656e-005,0.0387829
5.066e-005,0.0385845
5.0664e-005,0.0384604
5.0668e-005,0.0367292
5.0672e-005,0.0345961
5.0676e-005,0.0333114
5.068e-005,0.0328351
5.0684e-005,0.0322101
5.0688e-005,0.0326119
5.0692e-005,0.0263864
5.0696e-005,0.0209793
5.07e-005,0.01964
5.0704e-005,0.0189355
5.0708e-005,0.0182956
5.0712e-005,0.0183105
5.0716e-005,0.0114202
5.072e-005,0.00250606
5.0724e-005,0.000531746
5.0728e-005,-0.00111517
5.0732e-005,9.02528e-005
5.0736e-005,-0.000167698
5.074e-005,-0.00010321
5.0744e-005,-0.000390925
5.0748e-005,-0.000187541
5.0752e-005,-0.001388
5.0756e-005,0.00656879
5.076e-005,0.0171249
5.0764e-005,0.0203096
5.0768e-005,0.0228842
5.0772e-005,0.0268427
5.0776e-005,0.0287972
5.078e-005,0.0305086
5.0784e-005,0.0327062
5.0788e-005,0.0340852
5.0792e-005,0.0360397
5.0796e-005,0.0364712
5.08e-005,0.037756
5.0804e-005,0.0385398
5.0808e-005,0.0390408
5.0812e-005,0.0400578
5.0816e-005,0.0405588
5.082e-005,0.041154
5.0824e-005,0.0409308
5.0828e-005,0.0422404
5.0832e-005,0.0420966
5.0836e-005,0.0422305
5.084e-005,0.0432573
5.0844e-005,0.0430292
5.0848e-005,0.0425728
5.0852e-005,0.0427216
5.0856e-005,0.0434855
5.086e-005,0.0428704
5.0864e-005,0.0439617
5.0868e-005,0.0436939
5.0872e-005,0.0437137
5.0876e-005,0.0440858
5.088e-005,0.0446562
5.0884e-005,0.0434062
5.0888e-005,0.0438725
5.0892e-005,0.0437336
5.0896e-005,0.0437435
5.09e-005,0.0445669
5.0904e-005,0.044562
5.0908e-005,0.0440858
5.0912e-005,0.0437336
5.0916e-005,0.0440312
5.092e-005,0.0441354
5.0924e-005,0.0442743
5.0928e-005,0.0444181
5.0932e-005,0.0443834
5.0936e-005,0.0445074
5.094e-005,0.0445273
5.0944e-005,0.0442594
5.0948e-005,0.0446364
5.0952e-005,0.0445074
5.0956e-005,0.0438228
5.096e-005,0.0443834
5.0964e-005,0.044805
5.0968e-005,0.0442395
5.0972e-005,0.0446116
5.0976e-005,0.0443487
5.098e-005,0.04418
5.0984e-005,0.0447406
5.0988e-005,0.0442594
5.0992e-005,0.0441701
5.0996e-005,0.0441602
5.1e-005,0.044934
5.1004e-005,0.0441354
5.1008e-005,0.0442941
5.1012e-005,0.0442594
5.1016e-005,0.0436095
5.102e-005,0.0443437
5.1024e-005,0.0436195
5.1028e-005,0.0439221
5.1032e-005,0.0446612
5.1036e-005,0.0443933
5.104e-005,0.0447753
5.1044e-005,0.0445372
5.1048e-005,0.0447554
5.1052e-005,0.0449935
5.1056e-005,0.0450035
5.106e-005,0.0442991
5.1064e-005,0.0441751
5.1068e-005,0.0448298
5.1072e-005,0.0449291
5.1076e-005,0.0446116
5.108e-005,0.0448695
5.1084e-005,0.0445223
5.1088e-005,0.0444628
5.1092e-005,0.0452515
5.1096e-005,0.0445273
5.11e-005,0.0439816
5.1104e-005,0.0447753
5.1108e-005,0.0440163
5.1112e-005,0.043798
5.1116e-005,0.0452069
5.112e-005,0.0446562
5.1124e-005,0.0443288
5.1128e-005,0.0444876
5.1132e-005,0.0445173
5.1136e-005,0.0443735
5.114e-005,0.0442891
5.1144e-005,0.0449886
5.1148e-005,0.0443983
5.1152e-005,0.0452465
5.1156e-005,0.0447455
5.116e-005,0.0441056
5.1164e-005,0.0446165
5.1168e-005,0.0442792
5.1172e-005,0.043927
5.1176e-005,0.0442842
5.118e-005,0.0442197
5.1184e-005,0.04481
5.1188e-005,0.0448398
5.1192e-005,0.0436492
5.1196e-005,0.0443784
5.12e-005,0.044051
5.1204e-005,0.0440312
5.1208e-005,0.0448646
5.1212e-005,0.045058
5.1216e-005,0.0447802
5.122e-005,0.0445124
5.1224e-005,0.0446959
5.1228e-005,0.0441205
5.1232e-005,0.0436095
5.1236e-005,0.0445917
5.124e-005,0.044056
5.1244e-005,0.0439419
5.1248e-005,0.0445769
5.1252e-005,0.0444528
5.1256e-005,0.0441354
5.126e-005,0.0444181
