Time,Ampl
4.126e-005,0.0399784
4.1264e-005,0.0400875
4.1268e-005,0.0403653
4.1272e-005,0.0402909
4.1276e-005,0.0396907
4.128e-005,0.040777
4.1284e-005,0.0402909
4.1288e-005,0.0403455
4.1292e-005,0.0404447
4.1296e-005,0.0402115
4.13e-005,0.0399288
4.1304e-005,0.0398891
4.1308e-005,0.040033
4.1312e-005,0.0400726
4.1316e-005,0.0405737
4.132e-005,0.0393335
4.1324e-005,0.0394526
4.1328e-005,0.0401867
4.1332e-005,0.0401272
4.1336e-005,0.0395766
4.134e-005,0.0408316
4.1344e-005,0.039393
4.1348e-005,0.0398792
4.1352e-005,0.0404248
4.1356e-005,0.0399139
4.136e-005,0.0399139
4.1364e-005,0.0406878
4.1368e-005,0.0403058
4.1372e-005,0.040529
4.1376e-005,0.0405588
4.138e-005,0.0398296
4.1384e-005,0.0396113
4.1388e-005,0.0403356
4.1392e-005,0.0403256
4.1396e-005,0.0398494
4.14e-005,0.0397948
4.1404e-005,0.0395865
4.1408e-005,0.0399833
4.1412e-005,0.0400826
4.1416e-005,0.0396063
4.142e-005,0.0393335
4.1424e-005,0.04041
4.1428e-005,0.0392045
4.1432e-005,0.0396063
4.1436e-005,0.0403157
4.144e-005,0.0394377
4.1444e-005,0.0398941
4.1448e-005,0.0405588
4.1452e-005,0.0398891
4.1456e-005,0.0401024
4.146e-005,0.0403207
4.1464e-005,0.0395964
4.1468e-005,0.039899
4.1472e-005,0.0399486
4.1476e-005,0.0402413
4.148e-005,0.0401967
4.1484e-005,0.0402859
4.1488e-005,0.039899
4.1492e-005,0.0402115
4.1496e-005,0.0407126
4.15e-005,0.0393881
4.1504e-005,0.0401818
4.1508e-005,0.0397552
4.1512e-005,0.0406977
4.1516e-005,0.0400032
4.152e-005,0.0405687
4.1524e-005,0.0399685
4.1528e-005,0.0403306
4.1532e-005,0.0411193
4.1536e-005,0.0400082
4.154e-005,0.0399933
4.1544e-005,0.0408167
4.1548e-005,0.0403157
4.1552e-005,0.0398643
4.1556e-005,0.03978
4.156e-005,0.0406381
4.1564e-005,0.0402215
4.1568e-005,0.0407423
4.1572e-005,0.0409903
4.1576e-005,0.0399635
4.158e-005,0.0406481
4.1584e-005,0.0404496
4.1588e-005,0.0403058
4.1592e-005,0.0410449
4.1596e-005,0.0403107
4.16e-005,0.0399337
4.1604e-005,0.0408415
4.1608e-005,0.04041
4.1612e-005,0.0400528
4.1616e-005,0.0402859
4.162e-005,0.0405588
4.1624e-005,0.040281
4.1628e-005,0.0412533
4.1632e-005,0.0404397
4.1636e-005,0.040023
4.164e-005,0.0406034
4.1644e-005,0.0398395
4.1648e-005,0.0398941
4.1652e-005,0.0405935
4.1656e-005,0.0405985
4.166e-005,0.0395369
4.1664e-005,0.0403356
4.1668e-005,0.040152
4.1672e-005,0.0397948
4.1676e-005,0.0411144
4.168e-005,0.0403802
4.1684e-005,0.0399784
4.1688e-005,0.0401371
4.1692e-005,0.0393385
4.1696e-005,0.0396113
4.17e-005,0.0400826
4.1704e-005,0.0399982
4.1708e-005,0.0391996
4.1712e-005,0.0407374
4.1716e-005,0.03977
4.172e-005,0.0398445
4.1724e-005,0.0399883
4.1728e-005,0.0401222
4.1732e-005,0.03978
4.1736e-005,0.0405687
4.174e-005,0.0395071
4.1744e-005,0.0394674
4.1748e-005,0.0405786
4.1752e-005,0.0397403
4.1756e-005,0.0394972
4.176e-005,0.0403256
4.1764e-005,0.0391797
4.1768e-005,0.0389565
4.1772e-005,0.0376618
4.1776e-005,0.0359355
4.178e-005,0.0339959
4.1784e-005,0.0335147
4.1788e-005,0.0332865
4.1792e-005,0.0334751
4.1796e-005,0.0281176
4.18e-005,0.0215299
4.1804e-005,0.0198582
4.1808e-005,0.0190199
4.1812e-005,0.0184544
4.1816e-005,0.0185635
4.182e-005,0.0130969
4.1824e-005,0.00262016
4.1828e-005,0.000457337
4.1832e-005,-0.000137935
4.1836e-005,-0.000410767
4.184e-005,0.000596233
4.1844e-005,-7.84074e-005
4.1848e-005,-0.000137935
4.1852e-005,-0.000222265
4.1856e-005,-0.000276831
4.186e-005,0.00474825
4.1864e-005,0.0165247
4.1868e-005,0.01963
4.1872e-005,0.0215002
4.1876e-005,0.0231173
4.188e-005,0.0252057
4.1884e-005,0.0257911
4.1888e-005,0.027061
4.1892e-005,0.0281821
4.1896e-005,0.0281821
4.19e-005,0.0292189
4.1904e-005,0.0298885
4.1908e-005,0.0305136
4.1912e-005,0.0305533
4.1916e-005,0.0314313
4.192e-005,0.0319621
4.1924e-005,0.0317438
4.1928e-005,0.0318827
4.1932e-005,0.0318529
4.1936e-005,0.0317488
4.194e-005,0.0321754
4.1944e-005,0.0322349
4.1948e-005,0.0322151
4.1952e-005,0.0320811
4.1956e-005,0.0325921
4.196e-005,0.0323242
4.1964e-005,0.0331923
4.1968e-005,0.0325821
4.1972e-005,0.0317686
4.1976e-005,0.0326367
4.198e-005,0.0321407
4.1984e-005,0.0322448
4.1988e-005,0.0320365
4.1992e-005,0.0320315
4.1996e-005,0.0320018
4.2e-005,0.032101
4.2004e-005,0.0318926
4.2008e-005,0.0320662
4.2012e-005,0.0321555
4.2016e-005,0.0321803
4.202e-005,0.0316793
4.2024e-005,0.0324978
4.2028e-005,0.0318381
4.2032e-005,0.0320662
4.2036e-005,0.032349
4.204e-005,0.0317934
4.2044e-005,0.031972
4.2048e-005,0.0321704
4.2052e-005,0.0319323
4.2056e-005,0.0317289
4.206e-005,0.0317041
4.2064e-005,0.0326764
4.2068e-005,0.0322349
4.2072e-005,0.0322895
4.2076e-005,0.0316347
4.208e-005,0.0312329
4.2084e-005,0.0323837
4.2088e-005,0.0315999
4.2092e-005,0.0311138
4.2096e-005,0.0319819
4.21e-005,0.0317884
4.2104e-005,0.0312626
4.2108e-005,0.031595
4.2112e-005,0.0319918
4.2116e-005,0.0317339
4.212e-005,0.0320613
4.2124e-005,0.0322696
4.2128e-005,0.0310146
4.2132e-005,0.0319323
4.2136e-005,0.0321109
4.214e-005,0.0317686
4.2144e-005,0.0317488
4.2148e-005,0.0321109
4.2152e-005,0.0313222
4.2156e-005,0.0319373
4.216e-005,0.0316942
4.2164e-005,0.0313866
4.2168e-005,0.0316446
4.2172e-005,0.0317041
4.2176e-005,0.0314412
4.218e-005,0.0317934
4.2184e-005,0.0311585
4.2188e-005,0.0314015
4.2192e-005,0.031724
4.2196e-005,0.0314412
4.22e-005,0.0313222
4.2204e-005,0.0314313
4.2208e-005,0.031471
4.2212e-005,0.0310444
4.2216e-005,0.0319373
4.222e-005,0.0314462
4.2224e-005,0.0316347
4.2228e-005,0.0314809
4.2232e-005,0.0326169
4.2236e-005,0.0313222
4.224e-005,0.0322895
4.2244e-005,0.0316496
4.2248e-005,0.0313222
4.2252e-005,0.0322746
4.2256e-005,0.0312279
4.226e-005,0.0313767
4.2264e-005,0.0311237
4.2268e-005,0.0320563
4.2272e-005,0.0311287
4.2276e-005,0.0319968
4.228e-005,0.0312725
4.2284e-005,0.0311088
4.2288e-005,0.0317388
4.2292e-005,0.0314114
4.2296e-005,0.0311386
4.23e-005,0.0316744
4.2304e-005,0.0310989
4.2308e-005,0.0313966
4.2312e-005,0.0311336
4.2316e-005,0.0312924
4.232e-005,0.03096
4.2324e-005,0.0318133
4.2328e-005,0.0314561
4.2332e-005,0.0311535
4.2336e-005,0.0310543
4.234e-005,0.0315702
4.2344e-005,0.0319819
4.2348e-005,0.0319422
4.2352e-005,0.0316347
4.2356e-005,0.0314511
4.236e-005,0.0315007
4.2364e-005,0.0316595
4.2368e-005,0.0312775
4.2372e-005,0.0316843
4.2376e-005,0.0315057
4.238e-005,0.0316049
4.2384e-005,0.0318281
4.2388e-005,0.0319968
4.2392e-005,0.0317488
4.2396e-005,0.0317587
4.24e-005,0.0320861
4.2404e-005,0.0319621
4.2408e-005,0.0319273
4.2412e-005,0.0319373
4.2416e-005,0.0311188
4.242e-005,0.0309253
4.2424e-005,0.0315007
4.2428e-005,0.0317537
4.2432e-005,0.0325177
4.2436e-005,0.0315404
4.244e-005,0.0315652
4.2444e-005,0.0315801
4.2448e-005,0.0313718
4.2452e-005,0.0316347
4.2456e-005,0.0314809
4.246e-005,0.0315603
4.2464e-005,0.0313222
4.2468e-005,0.031714
4.2472e-005,0.031843
4.2476e-005,0.0317785
4.248e-005,0.0315751
4.2484e-005,0.0318579
4.2488e-005,0.0312279
4.2492e-005,0.0317934
4.2496e-005,0.0312676
4.25e-005,0.0312477
4.2504e-005,0.0311684
4.2508e-005,0.0317488
4.2512e-005,0.0312428
4.2516e-005,0.0310543
4.252e-005,0.0309104
4.2524e-005,0.0314511
4.2528e-005,0.0321754
4.2532e-005,0.0309551
4.2536e-005,0.0309005
4.254e-005,0.0309799
4.2544e-005,0.0303102
4.2548e-005,0.0300225
4.2552e-005,0.0299778
4.2556e-005,0.030087
4.256e-005,0.0297596
4.2564e-005,0.0262723
4.2568e-005,0.0205329
4.2572e-005,0.0194118
4.2576e-005,0.0195953
4.258e-005,0.019005
4.2584e-005,0.0188066
4.2588e-005,0.0128092
4.2592e-005,0.00258543
4.2596e-005,0.000883948
4.26e-005,-0.000137935
4.2604e-005,-0.000326437
4.2608e-005,-0.000147856
4.2612e-005,6.04892e-005
4.2616e-005,-0.000539743
4.262e-005,-0.000693521
4.2624e-005,-0.000723285
4.2628e-005,0.00537825
4.2632e-005,0.0169265
4.2636e-005,0.0204634
4.264e-005,0.0213464
4.2644e-005,0.023787
4.2648e-005,0.0261234
4.2652e-005,0.0268725
4.2656e-005,0.028326
4.266e-005,0.029958
4.2664e-005,0.0301316
4.2668e-005,0.0310295
4.2672e-005,0.0317537
4.2676e-005,0.0328451
4.268e-005,0.0322994
4.2684e-005,0.0335891
4.2688e-005,0.0337876
4.2692e-005,0.0335991
4.2696e-005,0.0348045
4.27e-005,0.0350327
4.2704e-005,0.0344969
4.2708e-005,0.0350525
4.2712e-005,0.0359256
4.2716e-005,0.0346507
4.272e-005,0.0352658
4.2724e-005,0.0360298
4.2728e-005,0.0353898
4.2732e-005,0.0362877
4.2736e-005,0.0349434
4.274e-005,0.0349533
4.2744e-005,0.0352609
4.2748e-005,0.0354295
4.2752e-005,0.0350376
4.2756e-005,0.035742
4.276e-005,0.0356379
4.2764e-005,0.0353105
4.2768e-005,0.0352162
4.2772e-005,0.0352063
4.2776e-005,0.0354394
4.278e-005,0.0356478
4.2784e-005,0.035246
4.2788e-005,0.0355337
4.2792e-005,0.0353055
4.2796e-005,0.0352956
4.28e-005,0.0353601
4.2804e-005,0.0348293
4.2808e-005,0.0353005
4.2812e-005,0.035365
4.2816e-005,0.0354394
4.282e-005,0.0348541
4.2824e-005,0.0348541
4.2828e-005,0.0354494
4.2832e-005,0.0357024
4.2836e-005,0.034869
4.284e-005,0.0354642
4.2844e-005,0.0351914
4.2848e-005,0.0354543
4.2852e-005,0.0358859
4.2856e-005,0.0352559
4.286e-005,0.0351319
4.2864e-005,0.0355684
4.2868e-005,0.0354295
4.2872e-005,0.0349136
4.2876e-005,0.0352013
4.288e-005,0.0350128
4.2884e-005,0.0352261
4.2888e-005,0.0352609
4.2892e-005,0.0352311
4.2896e-005,0.0350972
4.29e-005,0.0350674
4.2904e-005,0.0351567
4.2908e-005,0.0355089
4.2912e-005,0.035375
4.2916e-005,0.0355883
4.292e-005,0.0347797
4.2924e-005,0.0357123
4.2928e-005,0.0348789
4.2932e-005,0.0347896
4.2936e-005,0.0354543
4.294e-005,0.0357817
4.2944e-005,0.0346805
4.2948e-005,0.0350277
4.2952e-005,0.0346358
4.2956e-005,0.0352956
4.296e-005,0.0353799
4.2964e-005,0.0351517
4.2968e-005,0.0346755
4.2972e-005,0.0352261
4.2976e-005,0.0349483
4.298e-005,0.0349186
4.2984e-005,0.0353204
4.2988e-005,0.0346011
4.2992e-005,0.034993
4.2996e-005,0.0356428
4.3e-005,0.0347152
4.3004e-005,0.0348491
4.3008e-005,0.0348938
4.3012e-005,0.0344176
4.3016e-005,0.0347202
4.302e-005,0.0355635
4.3024e-005,0.0350724
4.3028e-005,0.0348888
4.3032e-005,0.035375
4.3036e-005,0.0343779
4.304e-005,0.0345664
4.3044e-005,0.0352212
4.3048e-005,0.0348591
4.3052e-005,0.0347598
4.3056e-005,0.0350277
4.306e-005,0.0347251
4.3064e-005,0.0344275
4.3068e-005,0.0346061
4.3072e-005,0.0346606
4.3076e-005,0.034616
4.308e-005,0.0348491
4.3084e-005,0.0343432
4.3088e-005,0.0349384
4.3092e-005,0.0345069
4.3096e-005,0.0345317
4.31e-005,0.0342836
4.3104e-005,0.0346954
4.3108e-005,0.0350079
4.3112e-005,0.034611
4.3116e-005,0.034611
4.312e-005,0.0343729
4.3124e-005,0.0347301
4.3128e-005,0.0347846
4.3132e-005,0.0345713
4.3136e-005,0.0347995
4.314e-005,0.0351269
4.3144e-005,0.0344572
4.3148e-005,0.0341249
4.3152e-005,0.034993
4.3156e-005,0.0346358
4.316e-005,0.0345763
4.3164e-005,0.0347946
4.3168e-005,0.0346209
4.3172e-005,0.0346408
4.3176e-005,0.0350674
4.318e-005,0.0345862
4.3184e-005,0.0344374
4.3188e-005,0.0349434
4.3192e-005,0.0348243
4.3196e-005,0.034616
4.32e-005,0.0350575
4.3204e-005,0.0348243
4.3208e-005,0.0347995
4.3212e-005,0.034368
4.3216e-005,0.0348045
4.322e-005,0.0346954
4.3224e-005,0.0347152
4.3228e-005,0.0348789
4.3232e-005,0.0338421
4.3236e-005,0.0344622
4.324e-005,0.034998
4.3244e-005,0.0340852
4.3248e-005,0.0346904
4.3252e-005,0.034239
4.3256e-005,0.0342092
4.326e-005,0.0354791
4.3264e-005,0.0346458
4.3268e-005,0.0352311
4.3272e-005,0.0351071
4.3276e-005,0.0345118
4.328e-005,0.0348343
4.3284e-005,0.0350128
4.3288e-005,0.0350773
4.3292e-005,0.0343828
4.3296e-005,0.0348739
4.33e-005,0.0345862
4.3304e-005,0.0342787
4.3308e-005,0.0332816
4.3312e-005,0.0321456
4.3316e-005,0.031094
4.332e-005,0.0316297
4.3324e-005,0.0305632
4.3328e-005,0.0307418
4.3332e-005,0.0269122
4.3336e-005,0.0215597
4.334e-005,0.0194961
4.3344e-005,0.0196648
4.3348e-005,0.018747
4.3352e-005,0.0181865
4.3356e-005,0.0136079
4.336e-005,0.00275409
4.3364e-005,0.00056647
4.3368e-005,-5.85651e-005
4.3372e-005,-0.000242107
4.3376e-005,-0.000222265
4.338e-005,-0.000152816
4.3384e-005,-0.000748088
4.3388e-005,-0.000123053
4.3392e-005,-0.00113997
4.3396e-005,0.0051699
4.34e-005,0.0161427
4.3404e-005,0.0199922
4.3408e-005,0.0213762
4.3412e-005,0.0239606
4.3416e-005,0.0269816
4.342e-005,0.0269072
4.3424e-005,0.028822
4.3428e-005,0.030454
4.3432e-005,0.0315851
4.3436e-005,0.0320563
4.344e-005,0.0335296
4.3444e-005,0.0334899
4.3448e-005,0.0345614
4.3452e-005,0.0359305
4.3456e-005,0.0357569
4.346e-005,0.0359702
4.3464e-005,0.0362679
4.3468e-005,0.0361438
4.3472e-005,0.0362034
4.3476e-005,0.0366994
4.348e-005,0.0374187
4.3484e-005,0.0368731
4.3488e-005,0.0379743
4.3492e-005,0.0372352
4.3496e-005,0.0376717
4.35e-005,0.0381628
4.3504e-005,0.0376122
4.3508e-005,0.0381926
4.3512e-005,0.0382075
4.3516e-005,0.038014
4.352e-005,0.0378801
4.3524e-005,0.0385745
4.3528e-005,0.0383116
4.3532e-005,0.0385845
4.3536e-005,0.0389615
4.354e-005,0.0383513
4.3544e-005,0.0383464
4.3548e-005,0.038391
4.3552e-005,0.0383116
4.3556e-005,0.0375378
4.356e-005,0.0387134
4.3564e-005,0.0384456
4.3568e-005,0.0377015
4.3572e-005,0.0382819
4.3576e-005,0.0378503
4.358e-005,0.0384555
4.3584e-005,0.0383662
4.3588e-005,0.0384158
4.3592e-005,0.0380388
4.3596e-005,0.0380289
4.36e-005,0.0381827
4.3604e-005,0.0379594
4.3608e-005,0.0380934
4.3612e-005,0.0378701
4.3616e-005,0.037513
4.362e-005,0.0386241
4.3624e-005,0.0381082
4.3628e-005,0.0372848
4.3632e-005,0.0374634
4.3636e-005,0.0380388
4.364e-005,0.0380537
4.3644e-005,0.038138
4.3648e-005,0.0381777
4.3652e-005,0.0378305
4.3656e-005,0.0382025
4.366e-005,0.0386638
4.3664e-005,0.0379098
4.3668e-005,0.0385249
4.3672e-005,0.0386192
4.3676e-005,0.0378801
4.368e-005,0.0383563
4.3684e-005,0.0375279
4.3688e-005,0.0379793
4.3692e-005,0.0383761
4.3696e-005,0.0379098
4.37e-005,0.0375675
4.3704e-005,0.0388375
4.3708e-005,0.0374237
4.3712e-005,0.0378305
4.3716e-005,0.0382075
4.372e-005,0.0380338
4.3724e-005,0.0378106
4.3728e-005,0.0382521
4.3732e-005,0.0385051
4.3736e-005,0.0376171
4.374e-005,0.0383563
4.3744e-005,0.0377511
4.3748e-005,0.037632
4.3752e-005,0.0389317
4.3756e-005,0.0379991
4.376e-005,0.0381975
4.3764e-005,0.0387382
4.3768e-005,0.0379793
4.3772e-005,0.0375477
4.3776e-005,0.0378801
4.378e-005,0.0373046
4.3784e-005,0.038143
4.3788e-005,0.0384902
4.3792e-005,0.038009
4.3796e-005,0.0376618
4.38e-005,0.0382719
4.3804e-005,0.0377263
4.3808e-005,0.037637
4.3812e-005,0.0387085
4.3816e-005,0.038019
4.382e-005,0.0374882
4.3824e-005,0.0379495
4.3828e-005,0.0378453
4.3832e-005,0.037384
4.3836e-005,0.0388126
4.384e-005,0.0380338
4.3844e-005,0.0373939
4.3848e-005,0.0380338
4.3852e-005,0.0376519
4.3856e-005,0.0373592
4.386e-005,0.0380686
4.3864e-005,0.0377908
4.3868e-005,0.0378056
4.3872e-005,0.0383166
4.3876e-005,0.0381777
4.388e-005,0.0375229
4.3884e-005,0.0380239
4.3888e-005,0.038019
4.3892e-005,0.0373989
4.3896e-005,0.0384604
4.39e-005,0.0375973
4.3904e-005,0.03726
4.3908e-005,0.0377808
4.3912e-005,0.0374534
4.3916e-005,0.0377808
4.392e-005,0.0384356
4.3924e-005,0.0376221
4.3928e-005,0.0378007
4.3932e-005,0.0378354
4.3936e-005,0.0378354
4.394e-005,0.0376767
4.3944e-005,0.0382868
4.3948e-005,0.0375973
4.3952e-005,0.0376618
4.3956e-005,0.0382223
4.396e-005,0.0379693
4.3964e-005,0.0372153
4.3968e-005,0.037885
4.3972e-005,0.03789
4.3976e-005,0.037384
4.398e-005,0.0382025
4.3984e-005,0.0375576
4.3988e-005,0.0374882
4.3992e-005,0.0385845
4.3996e-005,0.0376568
4.4e-005,0.0378404
4.4004e-005,0.0380487
4.4008e-005,0.0375725
4.4012e-005,0.0371806
4.4016e-005,0.0381827
4.402e-005,0.037756
4.4024e-005,0.037637
4.4028e-005,0.0383116
4.4032e-005,0.0376072
4.4036e-005,0.0372005
4.404e-005,0.0381231
4.4044e-005,0.0377263
4.4048e-005,0.0376072
4.4052e-005,0.0378305
4.4056e-005,0.0374485
4.406e-005,0.0380388
4.4064e-005,0.0383662
4.4068e-005,0.0374733
4.4072e-005,0.0373741
4.4076e-005,0.0364911
4.408e-005,0.0350029
4.4084e-005,0.033733
4.4088e-005,0.0323887
4.4092e-005,0.0326466
4.4096e-005,0.0318232
4.41e-005,0.0280829
4.4104e-005,0.0215944
4.4108e-005,0.0199723
4.4112e-005,0.0196995
4.4116e-005,0.0194564
4.412e-005,0.0189256
4.4124e-005,0.0138609
4.4128e-005,0.00392479
4.4132e-005,0.00123119
4.4136e-005,-0.000559585
4.414e-005,-0.000118092
4.4144e-005,-0.000698482
4.4148e-005,0.000244031
4.4152e-005,6.04892e-005
4.4156e-005,-0.0005199
4.416e-005,-0.000569506
4.4164e-005,0.0051451
4.4168e-005,0.0168422
4.4172e-005,0.0201757
4.4176e-005,0.0224774
4.418e-005,0.0251065
4.4184e-005,0.0281623
4.4188e-005,0.0287972
4.4192e-005,0.0301167
4.4196e-005,0.0321456
4.42e-005,0.0334254
4.4204e-005,0.0337628
4.4208e-005,0.0359206
4.4212e-005,0.035747
4.4216e-005,0.0367788
4.422e-005,0.0377808
4.4224e-005,0.0378999
4.4228e-005,0.0383067
4.4232e-005,0.0392541
4.4236e-005,0.039021
4.424e-005,0.0390557
4.4244e-005,0.0397403
4.4248e-005,0.0397155
4.4252e-005,0.0400131
4.4256e-005,0.0398792
4.426e-005,0.0396113
4.4264e-005,0.0400082
4.4268e-005,0.0411739
4.4272e-005,0.0404546
4.4276e-005,0.0399238
4.428e-005,0.0412136
4.4284e-005,0.04041
4.4288e-005,0.0402562
4.4292e-005,0.0409953
4.4296e-005,0.0405935
4.43e-005,0.0412235
4.4304e-005,0.0414219
4.4308e-005,0.0409407
4.4312e-005,0.0401619
4.4316e-005,0.0411044
4.432e-005,0.0400131
4.4324e-005,0.0399089
4.4328e-005,0.0410548
4.4332e-005,0.0398544
4.4336e-005,0.0396262
4.434e-005,0.0409556
4.4344e-005,0.041035
4.4348e-005,0.0406927
4.4352e-005,0.0409755
4.4356e-005,0.040663
4.436e-005,0.0399883
4.4364e-005,0.0401719
4.4368e-005,0.0402363
4.4372e-005,0.0402562
4.4376e-005,0.040534
4.438e-005,0.040157
4.4384e-005,0.0400826
4.4388e-005,0.0408316
4.4392e-005,0.0404993
4.4396e-005,0.0400677
4.44e-005,0.0407622
4.4404e-005,0.0405935
4.4408e-005,0.0399933
4.4412e-005,0.040782
4.4416e-005,0.0404447
4.442e-005,0.0400181
4.4424e-005,0.0404993
4.4428e-005,0.0400578
4.4432e-005,0.0401768
4.4436e-005,0.0413773
4.444e-005,0.0408961
4.4444e-005,0.0402562
4.4448e-005,0.0417047
4.4452e-005,0.0405241
4.4456e-005,0.041159
4.446e-005,0.0413475
4.4464e-005,0.0408267
4.4468e-005,0.0404298
4.4472e-005,0.0410648
4.4476e-005,0.0403852
4.448e-005,0.0402215
4.4484e-005,0.0407274
4.4488e-005,0.04103
4.4492e-005,0.0401222
4.4496e-005,0.0399437
4.45e-005,0.0401768
4.4504e-005,0.0396808
4.4508e-005,0.0416451
4.4512e-005,0.040534
4.4516e-005,0.0398742
4.452e-005,0.0410548
4.4524e-005,0.0404248
4.4528e-005,0.0405588
4.4532e-005,0.0408713
4.4536e-005,0.0403256
4.454e-005,0.0400379
4.4544e-005,0.0404943
4.4548e-005,0.0404794
4.4552e-005,0.0399982
4.4556e-005,0.0409011
4.456e-005,0.0402016
4.4564e-005,0.0401669
4.4568e-005,0.0404993
4.4572e-005,0.0401074
4.4576e-005,0.0405241
4.458e-005,0.0412037
4.4584e-005,0.040405
4.4588e-005,0.0403306
4.4592e-005,0.0408911
4.4596e-005,0.0403256
4.46e-005,0.0404149
4.4604e-005,0.0407919
4.4608e-005,0.0400379
4.4612e-005,0.0395518
4.4616e-005,0.040906
4.462e-005,0.0401421
4.4624e-005,0.0400726
4.4628e-005,0.0412582
4.4632e-005,0.0405141
4.4636e-005,0.0407572
4.464e-005,0.0410499
4.4644e-005,0.0405489
4.4648e-005,0.0403306
4.4652e-005,0.0409606
4.4656e-005,0.0408018
4.466e-005,0.040276
4.4664e-005,0.0415509
4.4668e-005,0.0399635
4.4672e-005,0.0401719
4.4676e-005,0.0410995
4.468e-005,0.0404496
4.4684e-005,0.0404596
4.4688e-005,0.0409209
4.4692e-005,0.0408366
4.4696e-005,0.0402314
4.47e-005,0.0408911
4.4704e-005,0.0401123
4.4708e-005,0.0401967
4.4712e-005,0.0403752
4.4716e-005,0.0405786
4.472e-005,0.0403554
4.4724e-005,0.0411838
4.4728e-005,0.0402959
4.4732e-005,0.0406282
4.4736e-005,0.04103
4.474e-005,0.0405637
4.4744e-005,0.0400578
4.4748e-005,0.0403951
4.4752e-005,0.0397204
4.4756e-005,0.0404149
4.476e-005,0.0406282
4.4764e-005,0.0407126
4.4768e-005,0.0402611
4.4772e-005,0.0406977
4.4776e-005,0.0404596
4.478e-005,0.0404348
4.4784e-005,0.0407274
4.4788e-005,0.0404943
4.4792e-005,0.0399833
4.4796e-005,0.0405687
4.48e-005,0.0402215
4.4804e-005,0.0404943
4.4808e-005,0.0408118
4.4812e-005,0.0408068
4.4816e-005,0.0399734
4.482e-005,0.0410598
4.4824e-005,0.0403356
4.4828e-005,0.0399833
4.4832e-005,0.0406828
4.4836e-005,0.040152
4.484e-005,0.0393087
4.4844e-005,0.0379644
4.4848e-005,0.0357222
4.4852e-005,0.033609
4.4856e-005,0.0342539
4.486e-005,0.0330881
4.4864e-005,0.0326367
4.4868e-005,0.027939
4.4872e-005,0.0213166
4.4876e-005,0.0200864
4.488e-005,0.0194068
4.4884e-005,0.0196499
4.4888e-005,0.0183899
4.4892e-005,0.0132805
4.4896e-005,0.00323527
4.49e-005,0.00014978
4.4904e-005,-8.3368e-005
4.4908e-005,-0.000807615
4.4912e-005,-0.000703442
4.4916e-005,0.000313479
4.492e-005,-0.000286752
4.4924e-005,-0.000420688
4.4928e-005,-0.00100108
4.4932e-005,0.0049566
4.4936e-005,0.016232
4.494e-005,0.0195011
4.4944e-005,0.0210835
4.4948e-005,0.0234398
4.4952e-005,0.0251016
4.4956e-005,0.0259945
4.496e-005,0.0266046
4.4964e-005,0.0288518
4.4968e-005,0.028197
4.4972e-005,0.0291097
4.4976e-005,0.030211
4.498e-005,0.0296802
4.4984e-005,0.0299034
4.4988e-005,0.0306872
4.4992e-005,0.0312924
4.4996e-005,0.0308509
4.5e-005,0.032225
4.5004e-005,0.031595
4.5008e-005,0.0319472
4.5012e-005,0.0327161
4.5016e-005,0.0322448
4.502e-005,0.031843
4.5024e-005,0.0322795
4.5028e-005,0.0321357
4.5032e-005,0.0320216
4.5036e-005,0.0325821
4.504e-005,0.0332865
4.5044e-005,0.0316694
4.5048e-005,0.0318926
4.5052e-005,0.0322944
4.5056e-005,0.0319869
4.506e-005,0.0327558
4.5064e-005,0.0322448
4.5068e-005,0.0322845
4.5072e-005,0.0323292
4.5076e-005,0.0323093
4.508e-005,0.0325375
4.5084e-005,0.0320514
4.5088e-005,0.0316793
4.5092e-005,0.0316942
4.5096e-005,0.0322299
4.51e-005,0.0320067
4.5104e-005,0.0321754
4.5108e-005,0.0327508
4.5112e-005,0.0314759
4.5116e-005,0.0313519
4.512e-005,0.0322795
4.5124e-005,0.0328599
4.5128e-005,0.0311981
4.5132e-005,0.0328153
4.5136e-005,0.0318678
4.514e-005,0.0321109
4.5144e-005,0.0321605
4.5148e-005,0.0321208
4.5152e-005,0.0318976
4.5156e-005,0.0321307
4.516e-005,0.0322795
4.5164e-005,0.0314561
4.5168e-005,0.0312775
4.5172e-005,0.0322597
4.5176e-005,0.0313817
4.518e-005,0.032091
4.5184e-005,0.0323936
4.5188e-005,0.0312676
4.5192e-005,0.031972
4.5196e-005,0.0317041
4.52e-005,0.0315355
4.5204e-005,0.0319918
4.5208e-005,0.0318133
4.5212e-005,0.031595
4.5216e-005,0.0321307
4.522e-005,0.0311188
4.5224e-005,0.0318579
4.5228e-005,0.0315751
4.5232e-005,0.0318926
4.5236e-005,0.0313172
4.524e-005,0.0318877
4.5244e-005,0.0314859
4.5248e-005,0.0318182
4.5252e-005,0.0322151
4.5256e-005,0.0321307
4.526e-005,0.0315603
4.5264e-005,0.0319869
4.5268e-005,0.0317388
4.5272e-005,0.0313767
4.5276e-005,0.0316595
4.528e-005,0.0316247
4.5284e-005,0.0315206
4.5288e-005,0.0320613
4.5292e-005,0.0316297
4.5296e-005,0.0311138
4.53e-005,0.0311088
4.5304e-005,0.0316744
4.5308e-005,0.0319174
4.5312e-005,0.0311833
4.5316e-005,0.0319422
4.532e-005,0.0309104
4.5324e-005,0.0316396
4.5328e-005,0.0318331
4.5332e-005,0.0316595
4.5336e-005,0.0317934
4.534e-005,0.0311535
4.5344e-005,0.0310096
4.5348e-005,0.031466
4.5352e-005,0.0316694
4.5356e-005,0.0318529
4.536e-005,0.0315454
4.5364e-005,0.0323788
4.5368e-005,0.0320861
4.5372e-005,0.0318133
4.5376e-005,0.0314809
4.538e-005,0.0318281
4.5384e-005,0.0315503
4.5388e-005,0.0319174
4.5392e-005,0.0314809
4.5396e-005,0.0311039
4.54e-005,0.0310989
4.5404e-005,0.0308658
4.5408e-005,0.0314511
4.5412e-005,0.0321357
4.5416e-005,0.0311882
4.542e-005,0.0321258
4.5424e-005,0.0319025
4.5428e-005,0.0310295
4.5432e-005,0.0320365
4.5436e-005,0.0320018
4.544e-005,0.0315603
4.5444e-005,0.0316297
4.5448e-005,0.0321357
4.5452e-005,0.0322002
4.5456e-005,0.0315355
4.546e-005,0.0322349
4.5464e-005,0.0321506
4.5468e-005,0.0328599
4.5472e-005,0.0321456
4.5476e-005,0.0313966
4.548e-005,0.0322349
4.5484e-005,0.0322597
4.5488e-005,0.0314462
4.5492e-005,0.0325028
4.5496e-005,0.0321208
4.55e-005,0.0324184
4.5504e-005,0.0320414
4.5508e-005,0.0322845
4.5512e-005,0.0317091
4.5516e-005,0.0321307
4.552e-005,0.0318033
4.5524e-005,0.0315503
4.5528e-005,0.0322101
4.5532e-005,0.0318728
4.5536e-005,0.0320166
4.554e-005,0.0321555
4.5544e-005,0.0326119
4.5548e-005,0.0319918
4.5552e-005,0.032478
4.5556e-005,0.0322448
4.556e-005,0.0318629
4.5564e-005,0.032101
4.5568e-005,0.0323688
4.5572e-005,0.0319869
4.5576e-005,0.032349
4.558e-005,0.0316942
4.5584e-005,0.031843
4.5588e-005,0.0319869
4.5592e-005,0.0316099
4.5596e-005,0.0324234
4.56e-005,0.0323589
4.5604e-005,0.0315305
4.5608e-005,0.0311535
4.5612e-005,0.0313321
4.5616e-005,0.0302556
4.562e-005,0.0298935
4.5624e-005,0.0302308
4.5628e-005,0.0297695
4.5632e-005,0.029447
4.5636e-005,0.0260242
4.564e-005,0.0208355
4.5644e-005,0.0199277
4.5648e-005,0.0191092
4.5652e-005,0.0191885
4.5656e-005,0.0193274
4.566e-005,0.0133301
4.5664e-005,0.00309141
4.5668e-005,0.00131552
4.5672e-005,-2.88015e-005
4.5676e-005,-0.000589349
4.568e-005,-0.000420688
4.5684e-005,-0.000658797
4.5688e-005,-0.000758009
4.5692e-005,-0.000534782
4.5696e-005,-0.00110029
4.57e-005,0.00490699
4.5704e-005,0.0162717
4.5708e-005,0.019382
4.5712e-005,0.0216341
4.5716e-005,0.0241987
4.572e-005,0.0255927
4.5724e-005,0.0264905
4.5728e-005,0.0275075
4.5732e-005,0.0294818
4.5736e-005,0.0298885
4.574e-005,0.0303598
4.5744e-005,0.0313122
4.5748e-005,0.0320117
4.5752e-005,0.0317736
4.5756e-005,0.0337677
4.576e-005,0.0337628
4.5764e-005,0.0334701
4.5768e-005,0.0348293
4.5772e-005,0.0344027
4.5776e-005,0.0341844
4.578e-005,0.0345069
4.5784e-005,0.0349781
4.5788e-005,0.0345515
4.5792e-005,0.0350724
4.5796e-005,0.0350624
4.58e-005,0.0351914
4.5804e-005,0.035494
4.5808e-005,0.0351865
4.5812e-005,0.0346557
4.5816e-005,0.0350972
4.582e-005,0.0352013
4.5824e-005,0.0352311
4.5828e-005,0.0352261
4.5832e-005,0.0350773
4.5836e-005,0.0347053
4.584e-005,0.0361438
4.5844e-005,0.0351964
4.5848e-005,0.0350029
4.5852e-005,0.0349781
4.5856e-005,0.0348392
4.586e-005,0.0343481
4.5864e-005,0.035246
4.5868e-005,0.0350327
4.5872e-005,0.0348987
4.5876e-005,0.0351815
4.588e-005,0.0344821
4.5884e-005,0.034363
4.5888e-005,0.0351964
4.5892e-005,0.0348343
4.5896e-005,0.0343531
4.59e-005,0.0351567
4.5904e-005,0.034616
4.5908e-005,0.0348789
4.5912e-005,0.0353601
4.5916e-005,0.0348094
4.592e-005,0.0348839
4.5924e-005,0.0351021
4.5928e-005,0.0352609
4.5932e-005,0.0350426
4.5936e-005,0.0351716
4.594e-005,0.0348144
4.5944e-005,0.0343481
4.5948e-005,0.0354891
4.5952e-005,0.0345168
4.5956e-005,0.0347003
4.596e-005,0.034735
4.5964e-005,0.0343084
4.5968e-005,0.0340902
4.5972e-005,0.0348243
4.5976e-005,0.0342191
4.598e-005,0.0344126
4.5984e-005,0.0354742
4.5988e-005,0.0342935
4.5992e-005,0.0341943
4.5996e-005,0.0345465
4.6e-005,0.0349434
4.6004e-005,0.0340604
4.6008e-005,0.0348739
4.6012e-005,0.0351418
4.6016e-005,0.0341646
4.602e-005,0.0345961
4.6024e-005,0.0342935
4.6028e-005,0.0345267
4.6032e-005,0.0344721
4.6036e-005,0.0350773
4.604e-005,0.0341596
4.6044e-005,0.0350773
4.6048e-005,0.0338917
4.6052e-005,0.0349831
4.6056e-005,0.0349335
4.606e-005,0.0351815
4.6064e-005,0.0339116
4.6068e-005,0.0342737
4.6072e-005,0.0344027
4.6076e-005,0.0345664
4.608e-005,0.0351617
4.6084e-005,0.0350624
4.6088e-005,0.0353998
4.6092e-005,0.0350079
4.6096e-005,0.0346805
4.61e-005,0.0349831
4.6104e-005,0.0346854
4.6108e-005,0.0348144
4.6112e-005,0.0346061
4.6116e-005,0.0350823
4.612e-005,0.0353799
4.6124e-005,0.0350327
4.6128e-005,0.0350327
4.6132e-005,0.0349682
4.6136e-005,0.0343977
4.614e-005,0.0349335
4.6144e-005,0.0348442
4.6148e-005,0.0353105
4.6152e-005,0.034864
4.6156e-005,0.0350972
4.616e-005,0.0350327
4.6164e-005,0.0356676
4.6168e-005,0.035241
4.6172e-005,0.0345862
4.6176e-005,0.0352509
4.618e-005,0.0356924
4.6184e-005,0.0347152
4.6188e-005,0.0352113
4.6192e-005,0.0354097
4.6196e-005,0.0354047
4.62e-005,0.0355635
4.6204e-005,0.0353055
4.6208e-005,0.0350525
4.6212e-005,0.0353105
4.6216e-005,0.0346706
4.622e-005,0.0355139
4.6224e-005,0.0355039
4.6228e-005,0.0341497
4.6232e-005,0.0343084
4.6236e-005,0.0352708
4.624e-005,0.0346954
4.6244e-005,0.0349235
4.6248e-005,0.034993
4.6252e-005,0.0345862
4.6256e-005,0.0350823
4.626e-005,0.0353452
4.6264e-005,0.0349235
4.6268e-005,0.0353799
4.6272e-005,0.0346557
4.6276e-005,0.0345664
4.628e-005,0.0347152
4.6284e-005,0.0353005
4.6288e-005,0.0354444
4.6292e-005,0.0352212
4.6296e-005,0.0353601
4.63e-005,0.0344622
4.6304e-005,0.0347102
4.6308e-005,0.0353353
4.6312e-005,0.0353055
4.6316e-005,0.0344225
4.632e-005,0.0344275
4.6324e-005,0.034988
4.6328e-005,0.0344572
4.6332e-005,0.0347003
4.6336e-005,0.0350823
4.634e-005,0.0345763
4.6344e-005,0.0351666
4.6348e-005,0.0352063
4.6352e-005,0.0354097
4.6356e-005,0.0347549
4.636e-005,0.0352361
4.6364e-005,0.034368
4.6368e-005,0.0353254
4.6372e-005,0.0348739
4.6376e-005,0.0342836
4.638e-005,0.0338074
4.6384e-005,0.0312626
4.6388e-005,0.0318678
4.6392e-005,0.0315156
4.6396e-005,0.0309352
4.64e-005,0.0305235
4.6404e-005,0.0269072
4.6408e-005,0.0213365
4.6412e-005,0.0203245
4.6416e-005,0.020265
4.642e-005,0.0191588
4.6424e-005,0.0185833
4.6428e-005,0.0131565
4.6432e-005,0.00312614
4.6436e-005,0.000382928
4.644e-005,-0.000197462
4.6444e-005,0.000303558
4.6448e-005,-0.000192501
4.6452e-005,0.000239071
4.6456e-005,-0.000673679
4.646e-005,-0.000137935
4.6464e-005,-0.000247068
4.6468e-005,0.00429684
4.6472e-005,0.0167033
4.6476e-005,0.0197689
4.648e-005,0.0223187
4.6484e-005,0.0244865
4.6488e-005,0.0271652
4.6492e-005,0.0277356
4.6496e-005,0.0289361
4.65e-005,0.0312577
4.6504e-005,0.0309551
4.6508e-005,0.0318877
4.6512e-005,0.0339364
4.6516e-005,0.0341844
4.652e-005,0.0344275
4.6524e-005,0.0354196
4.6528e-005,0.0357768
4.6532e-005,0.0360347
4.6536e-005,0.0372352
4.654e-005,0.0366994
4.6544e-005,0.0369623
4.6548e-005,0.038262
4.6552e-005,0.0377412
4.6556e-005,0.0373096
4.656e-005,0.037761
4.6564e-005,0.0374237
4.6568e-005,0.0381132
4.6572e-005,0.0380834
4.6576e-005,0.0371459
4.658e-005,0.0375378
4.6584e-005,0.0379346
4.6588e-005,0.0381777
4.6592e-005,0.037637
4.6596e-005,0.0381281
4.66e-005,0.0377412
4.6604e-005,0.0377808
4.6608e-005,0.0382868
4.6612e-005,0.0374038
4.6616e-005,0.0372401
4.662e-005,0.0385101
4.6624e-005,0.0374584
4.6628e-005,0.0372054
4.6632e-005,0.038396
4.6636e-005,0.037632
4.664e-005,0.0372897
4.6644e-005,0.0380636
4.6648e-005,0.0378553
4.6652e-005,0.0375229
4.6656e-005,0.0379743
4.666e-005,0.0374187
4.6664e-005,0.0374286
4.6668e-005,0.0376419
4.6672e-005,0.0378602
4.6676e-005,0.0378602
4.668e-005,0.0373939
4.6684e-005,0.0376122
4.6688e-005,0.0375725
4.6692e-005,0.0381529
4.6696e-005,0.0376023
4.67e-005,0.0378553
4.6704e-005,0.0380041
4.6708e-005,0.0379793
4.6712e-005,0.0371657
4.6716e-005,0.0381033
4.672e-005,0.0376618
4.6724e-005,0.0377064
4.6728e-005,0.0379297
4.6732e-005,0.0375527
4.6736e-005,0.0377858
4.674e-005,0.0385597
4.6744e-005,0.0379495
4.6748e-005,0.0367342
4.6752e-005,0.0380735
4.6756e-005,0.0377114
4.676e-005,0.0373592
4.6764e-005,0.0370219
4.6768e-005,0.0375775
4.6772e-005,0.0374733
4.6776e-005,0.0375179
4.678e-005,0.0376916
4.6784e-005,0.037637
4.6788e-005,0.0380983
4.6792e-005,0.0374931
4.6796e-005,0.0377709
4.68e-005,0.0381479
4.6804e-005,0.0372848
4.6808e-005,0.0375824
4.6812e-005,0.0378255
4.6816e-005,0.0373245
4.682e-005,0.0375378
4.6824e-005,0.0374683
4.6828e-005,0.0379049
4.6832e-005,0.0376618
4.6836e-005,0.0382819
4.684e-005,0.0372104
4.6844e-005,0.0372947
4.6848e-005,0.0379644
4.6852e-005,0.0379842
4.6856e-005,0.0369772
4.686e-005,0.0378999
4.6864e-005,0.0376122
4.6868e-005,0.0378007
4.6872e-005,0.0384009
4.6876e-005,0.0375031
4.688e-005,0.0373691
4.6884e-005,0.0381876
4.6888e-005,0.0373294
4.6892e-005,0.0383315
4.6896e-005,0.0384902
4.69e-005,0.0377362
4.6904e-005,0.0369326
4.6908e-005,0.0382868
4.6912e-005,0.0375378
4.6916e-005,0.0374386
4.692e-005,0.0381579
4.6924e-005,0.0374733
4.6928e-005,0.0373096
4.6932e-005,0.0378354
4.6936e-005,0.037513
4.694e-005,0.0374435
4.6944e-005,0.0378652
4.6948e-005,0.0376866
4.6952e-005,0.0375626
4.6956e-005,0.0382273
4.696e-005,0.0371112
4.6964e-005,0.0375378
4.6968e-005,0.0376717
4.6972e-005,0.0372352
4.6976e-005,0.0374634
4.698e-005,0.0376072
4.6984e-005,0.0376568
4.6988e-005,0.0367193
4.6992e-005,0.0384208
4.6996e-005,0.0370963
4.7e-005,0.0370963
4.7004e-005,0.0374237
4.7008e-005,0.0376122
4.7012e-005,0.0368383
4.7016e-005,0.037756
4.702e-005,0.0374782
4.7024e-005,0.037756
4.7028e-005,0.0377164
4.7032e-005,0.0375675
4.7036e-005,0.037384
4.704e-005,0.0372798
4.7044e-005,0.0372997
4.7048e-005,0.0371757
4.7052e-005,0.038143
4.7056e-005,0.0373443
4.706e-005,0.0376122
4.7064e-005,0.038014
4.7068e-005,0.0374931
4.7072e-005,0.0373195
4.7076e-005,0.037513
4.708e-005,0.037637
4.7084e-005,0.0373939
4.7088e-005,0.0376122
4.7092e-005,0.0369921
4.7096e-005,0.0379049
4.71e-005,0.0375279
4.7104e-005,0.0370417
4.7108e-005,0.0369177
4.7112e-005,0.0379495
4.7116e-005,0.0374931
4.712e-005,0.0368036
4.7124e-005,0.0376271
4.7128e-005,0.0373443
4.7132e-005,0.0370864
4.7136e-005,0.0373691
4.714e-005,0.0368681
4.7144e-005,0.0362431
4.7148e-005,0.0358462
4.7152e-005,0.0337132
4.7156e-005,0.0328649
4.716e-005,0.0325623
4.7164e-005,0.0326913
4.7168e-005,0.0320018
4.7172e-005,0.027562
4.7176e-005,0.0219367
4.718e-005,0.0191786
4.7184e-005,0.0189504
4.7188e-005,0.0185437
4.7192e-005,0.0185089
4.7196e-005,0.0130225
4.72e-005,0.00334936
4.7204e-005,0.000720248
4.7208e-005,-0.000197462
4.7212e-005,-0.000807615
4.7216e-005,-4.36833e-005
4.722e-005,1.08833e-005
4.7224e-005,-1.88803e-005
4.7228e-005,-0.00111021
4.7232e-005,-0.000485176
4.7236e-005,0.00502108
4.724e-005,0.0165693
4.7244e-005,0.0197193
4.7248e-005,0.0224278
4.7252e-005,0.0249875
4.7256e-005,0.0280134
4.726e-005,0.0291296
4.7264e-005,0.0299729
4.7268e-005,0.0322795
4.7272e-005,0.0330484
4.7276e-005,0.0343828
4.728e-005,0.0349285
4.7284e-005,0.0364861
4.7288e-005,0.0362331
4.7292e-005,0.0372649
4.7296e-005,0.0370764
4.73e-005,0.038262
4.7304e-005,0.0384803
4.7308e-005,0.0395518
4.7312e-005,0.0392045
4.7316e-005,0.0399238
4.732e-005,0.0402711
4.7324e-005,0.039026
4.7328e-005,0.0404298
4.7332e-005,0.0402165
4.7336e-005,0.040028
4.734e-005,0.0409606
4.7344e-005,0.0401867
4.7348e-005,0.0400429
4.7352e-005,0.0405687
4.7356e-005,0.0404348
4.736e-005,0.040276
4.7364e-005,0.0403752
4.7368e-005,0.0402115
4.7372e-005,0.0404993
4.7376e-005,0.0406679
4.738e-005,0.0404943
4.7384e-005,0.0404645
4.7388e-005,0.0409358
4.7392e-005,0.0408316
4.7396e-005,0.0402909
4.74e-005,0.0407671
4.7404e-005,0.0401669
4.7408e-005,0.0405489
4.7412e-005,0.0407126
4.7416e-005,0.0403604
4.742e-005,0.0405985
4.7424e-005,0.0404943
4.7428e-005,0.0404298
4.7432e-005,0.0403306
4.7436e-005,0.0408564
4.744e-005,0.0407572
4.7444e-005,0.0397006
4.7448e-005,0.0409507
4.7452e-005,0.0407126
4.7456e-005,0.0407324
4.746e-005,0.0403703
4.7464e-005,0.0408068
4.7468e-005,0.0406927
4.7472e-005,0.0407919
4.7476e-005,0.0403306
4.748e-005,0.0403504
4.7484e-005,0.0410548
4.7488e-005,0.0405985
4.7492e-005,0.0401818
4.7496e-005,0.0408515
4.75e-005,0.0403901
4.7504e-005,0.0395766
4.7508e-005,0.0404695
4.7512e-005,0.0401123
4.7516e-005,0.0400528
4.752e-005,0.0406332
4.7524e-005,0.0399536
4.7528e-005,0.0402512
4.7532e-005,0.0403455
4.7536e-005,0.0397304
4.754e-005,0.0401272
4.7544e-005,0.0406381
4.7548e-005,0.0399585
4.7552e-005,0.0398395
4.7556e-005,0.0408316
4.756e-005,0.0400181
4.7564e-005,0.0398891
4.7568e-005,0.040782
4.7572e-005,0.0405191
4.7576e-005,0.0400578
4.758e-005,0.0408713
4.7584e-005,0.0403306
4.7588e-005,0.040157
4.7592e-005,0.0405687
4.7596e-005,0.040033
4.76e-005,0.0402215
4.7604e-005,0.0405885
4.7608e-005,0.0403058
4.7612e-005,0.0401719
4.7616e-005,0.0408316
4.762e-005,0.0400826
4.7624e-005,0.0396808
4.7628e-005,0.0404893
4.7632e-005,0.0399337
4.7636e-005,0.0398097
4.764e-005,0.0417444
4.7644e-005,0.0401818
4.7648e-005,0.0398841
4.7652e-005,0.0406183
4.7656e-005,0.0409606
4.766e-005,0.0402959
4.7664e-005,0.0407374
4.7668e-005,0.0407572
4.7672e-005,0.0404496
4.7676e-005,0.0403207
4.768e-005,0.0404695
4.7684e-005,0.0402463
4.7688e-005,0.0411491
4.7692e-005,0.0405885
4.7696e-005,0.0402909
4.77e-005,0.0411888
4.7704e-005,0.0400826
4.7708e-005,0.0401371
4.7712e-005,0.0408018
4.7716e-005,0.0405885
4.772e-005,0.0399685
4.7724e-005,0.0408911
4.7728e-005,0.0404199
4.7732e-005,0.0403058
4.7736e-005,0.0408812
4.774e-005,0.0409407
4.7744e-005,0.0400974
4.7748e-005,0.0411044
4.7752e-005,0.040157
4.7756e-005,0.0407522
4.776e-005,0.0408068
4.7764e-005,0.0404248
4.7768e-005,0.0402711
4.7772e-005,0.0411392
4.7776e-005,0.0405985
4.778e-005,0.0406282
4.7784e-005,0.0409804
4.7788e-005,0.0407671
4.7792e-005,0.0401867
4.7796e-005,0.0405489
4.78e-005,0.0406034
4.7804e-005,0.0404695
4.7808e-005,0.0415955
4.7812e-005,0.0407721
4.7816e-005,0.0400925
4.782e-005,0.0415955
4.7824e-005,0.0406282
4.7828e-005,0.040782
4.7832e-005,0.0411342
4.7836e-005,0.0411044
4.784e-005,0.0405042
4.7844e-005,0.0416451
4.7848e-005,0.0409606
4.7852e-005,0.0408961
4.7856e-005,0.0413277
4.786e-005,0.040529
4.7864e-005,0.040281
4.7868e-005,0.0406927
4.7872e-005,0.0400726
4.7876e-005,0.0402859
4.788e-005,0.0406878
4.7884e-005,0.0403008
4.7888e-005,0.0406381
4.7892e-005,0.0408911
4.7896e-005,0.0405191
4.79e-005,0.0402264
4.7904e-005,0.0412433
4.7908e-005,0.0404844
4.7912e-005,0.0402661
4.7916e-005,0.0388176
4.792e-005,0.0368185
4.7924e-005,0.0346061
4.7928e-005,0.0346259
4.7932e-005,0.0336139
4.7936e-005,0.0332369
4.794e-005,0.0283061
4.7944e-005,0.0213315
4.7948e-005,0.0197838
4.7952e-005,0.0195606
4.7956e-005,0.0189554
4.796e-005,0.0183601
4.7964e-005,0.0127745
4.7968e-005,0.0032948
4.7972e-005,0.00110717
4.7976e-005,-0.000281792
4.798e-005,-0.000395885
4.7984e-005,-9.32892e-005
4.7988e-005,0.000437494
4.7992e-005,-0.000142895
4.7996e-005,-0.000306595
4.8e-005,-0.000356201
4.8004e-005,0.00482762
4.8008e-005,0.0170059
4.8012e-005,0.0197689
4.8016e-005,0.0214307
4.802e-005,0.0238565
4.8024e-005,0.0253
4.8028e-005,0.0260887
4.8032e-005,0.0269717
4.8036e-005,0.0278398
4.804e-005,0.0288171
4.8044e-005,0.0294371
4.8048e-005,0.0300026
4.8052e-005,0.0309203
4.8056e-005,0.0308658
4.806e-005,0.031213
4.8064e-005,0.0314313
4.8068e-005,0.0318133
4.8072e-005,0.0322448
4.8076e-005,0.0326268
4.808e-005,0.0322746
4.8084e-005,0.0324581
4.8088e-005,0.0327954
4.8092e-005,0.0325722
4.8096e-005,0.0327558
4.81e-005,0.0322597
4.8104e-005,0.0320018
4.8108e-005,0.0324929
4.8112e-005,0.0322002
4.8116e-005,0.0322448
4.812e-005,0.0322746
4.8124e-005,0.0330534
4.8128e-005,0.0321555
4.8132e-005,0.0328401
4.8136e-005,0.0322944
4.814e-005,0.0322696
4.8144e-005,0.0323043
4.8148e-005,0.0321952
4.8152e-005,0.0320712
4.8156e-005,0.0328996
4.816e-005,0.0330832
4.8164e-005,0.031843
4.8168e-005,0.0327954
4.8172e-005,0.0320662
4.8176e-005,0.0325474
4.818e-005,0.0325226
4.8184e-005,0.032478
4.8188e-005,0.0319472
4.8192e-005,0.033098
4.8196e-005,0.0326665
4.82e-005,0.0314561
4.8204e-005,0.0321655
4.8208e-005,0.0320811
4.8212e-005,0.0319174
4.8216e-005,0.0328798
4.822e-005,0.032597
4.8224e-005,0.0327954
4.8228e-005,0.0323639
4.8232e-005,0.0319819
4.8236e-005,0.0317488
4.824e-005,0.0325921
4.8244e-005,0.0318182
4.8248e-005,0.0316694
4.8252e-005,0.0323788
4.8256e-005,0.0321357
4.826e-005,0.0316694
4.8264e-005,0.0313321
4.8268e-005,0.0318232
4.8272e-005,0.0315999
4.8276e-005,0.032726
4.828e-005,0.0322597
4.8284e-005,0.0316545
4.8288e-005,0.0319819
4.8292e-005,0.0325127
4.8296e-005,0.0323242
4.83e-005,0.0327558
4.8304e-005,0.0318381
4.8308e-005,0.0314859
4.8312e-005,0.0318182
4.8316e-005,0.0313866
4.832e-005,0.0319273
4.8324e-005,0.0320762
4.8328e-005,0.0325871
4.8332e-005,0.0314362
4.8336e-005,0.031967
4.834e-005,0.0314859
4.8344e-005,0.0318976
4.8348e-005,0.0317587
4.8352e-005,0.0325325
4.8356e-005,0.0322845
4.836e-005,0.0322151
4.8364e-005,0.0318728
4.8368e-005,0.0322002
4.8372e-005,0.0321208
4.8376e-005,0.031719
4.838e-005,0.0320365
4.8384e-005,0.0321407
4.8388e-005,0.0319968
4.8392e-005,0.0315206
4.8396e-005,0.0323639
4.84e-005,0.0318728
4.8404e-005,0.0318529
4.8408e-005,0.0327409
4.8412e-005,0.0322002
4.8416e-005,0.0319174
4.842e-005,0.0321357
4.8424e-005,0.0319621
4.8428e-005,0.0316049
4.8432e-005,0.0326317
4.8436e-005,0.0321109
4.844e-005,0.0316347
4.8444e-005,0.0321655
4.8448e-005,0.0324085
4.8452e-005,0.0315503
4.8456e-005,0.031972
4.846e-005,0.0314759
4.8464e-005,0.0318331
4.8468e-005,0.032473
4.8472e-005,0.0321059
4.8476e-005,0.0316148
4.848e-005,0.0322795
4.8484e-005,0.0313618
4.8488e-005,0.032101
4.8492e-005,0.0316247
4.8496e-005,0.0316148
4.85e-005,0.0311684
4.8504e-005,0.031595
4.8508e-005,0.0313916
4.8512e-005,0.0312973
4.8516e-005,0.0315156
4.852e-005,0.0324432
4.8524e-005,0.0314412
4.8528e-005,0.031084
4.8532e-005,0.0317587
4.8536e-005,0.0314908
4.854e-005,0.0315751
4.8544e-005,0.0312229
4.8548e-005,0.0320166
4.8552e-005,0.0313668
4.8556e-005,0.0314958
4.856e-005,0.0317041
4.8564e-005,0.0324532
4.8568e-005,0.0318281
4.8572e-005,0.031724
4.8576e-005,0.0319075
4.858e-005,0.0316942
4.8584e-005,0.0320117
4.8588e-005,0.0322597
4.8592e-005,0.03159
4.8596e-005,0.0310394
4.86e-005,0.0315107
4.8604e-005,0.0311932
4.8608e-005,0.0318381
4.8612e-005,0.0317984
4.8616e-005,0.0319968
4.862e-005,0.0310989
4.8624e-005,0.0317041
4.8628e-005,0.0310493
4.8632e-005,0.0314065
4.8636e-005,0.031347
4.864e-005,0.0318133
4.8644e-005,0.0320712
4.8648e-005,0.0320712
4.8652e-005,0.0316843
4.8656e-005,0.0314263
4.866e-005,0.03222
4.8664e-005,0.0313668
4.8668e-005,0.0315751
4.8672e-005,0.0326516
4.8676e-005,0.0323391
4.868e-005,0.031213
4.8684e-005,0.030965
4.8688e-005,0.0305185
4.8692e-005,0.0302903
4.8696e-005,0.0300026
4.87e-005,0.0298538
4.8704e-005,0.0289262
4.8708e-005,0.0253942
4.8712e-005,0.0202451
4.8716e-005,0.0191092
4.872e-005,0.0191637
4.8724e-005,0.0189405
4.8728e-005,0.0182311
4.8732e-005,0.0127795
4.8736e-005,0.00281362
4.874e-005,0.000824421
4.8744e-005,4.06468e-005
4.8748e-005,-0.000762969
4.8752e-005,-0.000554624
4.8756e-005,0.000799618
4.876e-005,-0.00035124
4.8764e-005,-0.000901866
4.8768e-005,-0.000420688
4.8772e-005,0.00459447
4.8776e-005,0.0155326
4.878e-005,0.0191935
4.8784e-005,0.0210587
4.8788e-005,0.0233455
4.8792e-005,0.0259796
4.8796e-005,0.0262574
4.88e-005,0.0272743
4.8804e-005,0.0295115
4.8808e-005,0.0291941
4.8812e-005,0.0295959
4.8816e-005,0.0312329
4.882e-005,0.0320018
4.8824e-005,0.0317636
4.8828e-005,0.032349
4.8832e-005,0.032974
4.8836e-005,0.0336933
4.884e-005,0.0340455
4.8844e-005,0.0340406
4.8848e-005,0.0336636
4.8852e-005,0.0348194
4.8856e-005,0.0345515
4.886e-005,0.0337578
4.8864e-005,0.0338868
4.8868e-005,0.0346209
4.8872e-005,0.0346755
4.8876e-005,0.034998
4.888e-005,0.0343977
4.8884e-005,0.0339413
4.8888e-005,0.0346259
4.8892e-005,0.0343084
4.8896e-005,0.0346458
4.89e-005,0.0350724
4.8904e-005,0.0344622
4.8908e-005,0.0343184
4.8912e-005,0.0349583
4.8916e-005,0.0355783
4.892e-005,0.0349781
4.8924e-005,0.035112
4.8928e-005,0.0350178
4.8932e-005,0.0347896
4.8936e-005,0.0347003
4.894e-005,0.0346458
4.8944e-005,0.0344721
4.8948e-005,0.0350277
4.8952e-005,0.0348839
4.8956e-005,0.0347152
4.896e-005,0.0347499
4.8964e-005,0.0345019
4.8968e-005,0.0345118
4.8972e-005,0.0351765
4.8976e-005,0.0352162
4.898e-005,0.0345912
4.8984e-005,0.034864
4.8988e-005,0.0349136
4.8992e-005,0.0348094
4.8996e-005,0.0351071
4.9e-005,0.0352559
4.9004e-005,0.0348045
4.9008e-005,0.0351517
4.9012e-005,0.0351319
4.9016e-005,0.0349384
4.902e-005,0.035241
4.9024e-005,0.0352658
4.9028e-005,0.0352906
4.9032e-005,0.0349632
4.9036e-005,0.0355982
4.904e-005,0.0354345
4.9044e-005,0.035365
4.9048e-005,0.0353502
4.9052e-005,0.0355734
4.9056e-005,0.0351319
4.906e-005,0.0355039
4.9064e-005,0.0350376
4.9068e-005,0.0352956
4.9072e-005,0.035112
4.9076e-005,0.0346458
4.908e-005,0.0358809
4.9084e-005,0.0352658
4.9088e-005,0.0353601
4.9092e-005,0.035365
4.9096e-005,0.034988
4.91e-005,0.0354494
4.9104e-005,0.035499
4.9108e-005,0.0353948
4.9112e-005,0.0347598
4.9116e-005,0.0354345
4.912e-005,0.0360744
4.9124e-005,0.0350525
4.9128e-005,0.0351021
4.9132e-005,0.0346606
4.9136e-005,0.0348442
4.914e-005,0.0345019
4.9144e-005,0.0351468
4.9148e-005,0.0348343
4.9152e-005,0.0352013
4.9156e-005,0.0347797
4.916e-005,0.0350525
4.9164e-005,0.0347995
4.9168e-005,0.0350079
4.9172e-005,0.0348541
4.9176e-005,0.035241
4.918e-005,0.0351368
4.9184e-005,0.0351319
4.9188e-005,0.0353601
4.9192e-005,0.0356478
4.9196e-005,0.0354891
4.92e-005,0.035752
4.9204e-005,0.0353898
4.9208e-005,0.0350277
4.9212e-005,0.0352807
4.9216e-005,0.035241
4.922e-005,0.0347152
4.9224e-005,0.0353799
4.9228e-005,0.0351021
4.9232e-005,0.0346259
4.9236e-005,0.0349831
4.924e-005,0.034988
4.9244e-005,0.034745
4.9248e-005,0.0346706
4.9252e-005,0.0347797
4.9256e-005,0.0350972
4.926e-005,0.0358611
4.9264e-005,0.0352261
4.9268e-005,0.0347598
4.9272e-005,0.0350724
4.9276e-005,0.0346557
4.928e-005,0.0346358
4.9284e-005,0.0343977
4.9288e-005,0.0346358
4.9292e-005,0.0351716
4.9296e-005,0.0349335
4.93e-005,0.0346408
4.9304e-005,0.0347598
4.9308e-005,0.0350178
4.9312e-005,0.0351418
4.9316e-005,0.0348144
4.932e-005,0.0351319
4.9324e-005,0.0348888
4.9328e-005,0.0350823
4.9332e-005,0.0345515
4.9336e-005,0.0351815
4.934e-005,0.0344572
4.9344e-005,0.0357172
4.9348e-005,0.0349483
4.9352e-005,0.0351269
4.9356e-005,0.0351517
4.936e-005,0.0351815
4.9364e-005,0.0346706
4.9368e-005,0.0351914
4.9372e-005,0.0351021
4.9376e-005,0.0349632
4.938e-005,0.0349831
4.9384e-005,0.0349186
4.9388e-005,0.0351269
4.9392e-005,0.0347202
4.9396e-005,0.0347598
4.94e-005,0.0346061
4.9404e-005,0.0352658
4.9408e-005,0.0349632
4.9412e-005,0.0345713
4.9416e-005,0.0352162
4.942e-005,0.0350674
4.9424e-005,0.0357123
4.9428e-005,0.0345416
4.9432e-005,0.0350128
4.9436e-005,0.0353204
4.944e-005,0.0356627
4.9444e-005,0.0353452
4.9448e-005,0.0342291
4.9452e-005,0.034234
4.9456e-005,0.0322597
4.946e-005,0.0315355
4.9464e-005,0.031213
4.9468e-005,0.0311237
4.9472e-005,0.0302358
4.9476e-005,0.0267485
4.948e-005,0.0216043
4.9484e-005,0.0200318
4.9488e-005,0.019134
4.9492e-005,0.0194415
4.9496e-005,0.0187619
4.95e-005,0.012085
4.9504e-005,0.00322535
4.9508e-005,0.00123119
4.9512e-005,9.02528e-005
4.9516e-005,-0.000261949
4.952e-005,-0.000261949
4.9524e-005,4.06468e-005
4.9528e-005,0.000134898
4.9532e-005,5.55286e-005
4.9536e-005,-0.000415728
4.954e-005,0.00483754
4.9544e-005,0.0165396
4.9548e-005,0.0198582
4.9552e-005,0.0222443
4.9556e-005,0.0243426
4.956e-005,0.0269221
4.9564e-005,0.0273636
4.9568e-005,0.0294967
4.9572e-005,0.030712
4.9576e-005,0.0316545
4.958e-005,0.0318926
4.9584e-005,0.0334056
4.9588e-005,0.0346854
4.9592e-005,0.0343481
4.9596e-005,0.0355535
4.96e-005,0.0359553
4.9604e-005,0.0360694
4.9608e-005,0.0369475
4.9612e-005,0.0366349
4.9616e-005,0.0365407
4.962e-005,0.0374485
4.9624e-005,0.0372153
4.9628e-005,0.0374138
4.9632e-005,0.0381082
4.9636e-005,0.0375576
4.964e-005,0.0376668
4.9644e-005,0.0386341
4.9648e-005,0.0374187
4.9652e-005,0.0372848
4.9656e-005,0.0380239
4.966e-005,0.0378156
4.9664e-005,0.0378701
4.9668e-005,0.0383216
4.9672e-005,0.0376568
4.9676e-005,0.0378106
4.968e-005,0.0383166
4.9684e-005,0.0379297
4.9688e-005,0.0378205
4.9692e-005,0.0379445
4.9696e-005,0.0379892
4.97e-005,0.0373294
4.9704e-005,0.0377064
4.9708e-005,0.0379942
4.9712e-005,0.037379
4.9716e-005,0.0378305
4.972e-005,0.037379
4.9724e-005,0.0375675
4.9728e-005,0.037632
4.9732e-005,0.0375328
4.9736e-005,0.0380239
4.974e-005,0.0378404
4.9744e-005,0.0376519
4.9748e-005,0.0377957
4.9752e-005,0.0383265
4.9756e-005,0.0382075
4.976e-005,0.0374584
4.9764e-005,0.0379495
4.9768e-005,0.0379743
4.9772e-005,0.0375477
4.9776e-005,0.0375775
4.978e-005,0.0380438
4.9784e-005,0.037131
4.9788e-005,0.0380388
4.9792e-005,0.0375031
4.9796e-005,0.0372005
4.98e-005,0.0374038
4.9804e-005,0.0372997
4.9808e-005,0.037637
4.9812e-005,0.0379247
4.9816e-005,0.0383166
4.982e-005,0.0375874
4.9824e-005,0.0375179
4.9828e-005,0.037637
4.9832e-005,0.0370219
4.9836e-005,0.038262
4.984e-005,0.0377114
4.9844e-005,0.037513
4.9848e-005,0.0379842
4.9852e-005,0.0373493
4.9856e-005,0.037255
4.986e-005,0.0378056
4.9864e-005,0.0383166
4.9868e-005,0.037637
4.9872e-005,0.038267
4.9876e-005,0.0374286
4.988e-005,0.0368631
4.9884e-005,0.0382967
4.9888e-005,0.0375427
4.9892e-005,0.0378255
4.9896e-005,0.0373493
4.99e-005,0.0376072
4.9904e-005,0.0379743
4.9908e-005,0.037761
4.9912e-005,0.0376271
4.9916e-005,0.0374187
4.992e-005,0.0372104
4.9924e-005,0.0366647
4.9928e-005,0.0374733
4.9932e-005,0.0374981
4.9936e-005,0.0369872
4.994e-005,0.0374038
4.9944e-005,0.0374683
4.9948e-005,0.0375527
4.9952e-005,0.0370616
4.9956e-005,0.0374386
4.996e-005,0.037389
4.9964e-005,0.0370665
4.9968e-005,0.0371707
4.9972e-005,0.0376023
4.9976e-005,0.0374237
4.998e-005,0.0372798
4.9984e-005,0.037136
4.9988e-005,0.0374584
4.9992e-005,0.0378652
4.9996e-005,0.0370814
5e-005,0.0370963
5.0004e-005,0.0375229
5.0008e-005,0.0375874
5.0012e-005,0.0376916
5.0016e-005,0.0372401
5.002e-005,0.0372352
5.0024e-005,0.0370417
5.0028e-005,0.0375527
5.0032e-005,0.0374733
5.0036e-005,0.0372302
5.004e-005,0.0380785
5.0044e-005,0.0375477
5.0048e-005,0.037126
5.0052e-005,0.0375031
5.0056e-005,0.0371608
5.006e-005,0.0373294
5.0064e-005,0.0374832
5.0068e-005,0.0379297
5.0072e-005,0.037766
5.0076e-005,0.0375527
5.008e-005,0.0373691
5.0084e-005,0.0371608
5.0088e-005,0.0376668
5.0092e-005,0.0372401
5.0096e-005,0.0375179
5.01e-005,0.0380785
5.0104e-005,0.0377064
5.0108e-005,0.0374584
5.0112e-005,0.0382323
5.0116e-005,0.0375328
5.012e-005,0.0375477
5.0124e-005,0.0383414
5.0128e-005,0.0384059
5.0132e-005,0.0375675
5.0136e-005,0.038138
5.014e-005,0.0376816
5.0144e-005,0.0373294
5.0148e-005,0.038009
5.0152e-005,0.0376122
5.0156e-005,0.0378801
5.016e-005,0.0381727
5.0164e-005,0.0375427
5.0168e-005,0.0374782
5.0172e-005,0.037513
5.0176e-005,0.0371707
5.018e-005,0.0376072
5.0184e-005,0.0378205
5.0188e-005,0.0376568
5.0192e-005,0.037136
5.0196e-005,0.0376668
5.02e-005,0.0372302
5.0204e-005,0.0377412
5.0208e-005,0.0377858
5.0212e-005,0.0380289
5.0216e-005,0.0366746
5.022e-005,0.0362629
5.0224e-005,0.0344176
5.0228e-005,0.0326566
5.0232e-005,0.0325127
5.0236e-005,0.0321258
5.024e-005,0.0316595
5.0244e-005,0.0276612
5.0248e-005,0.0213414
5.0252e-005,0.0194911
5.0256e-005,0.0196251
5.026e-005,0.0194515
5.0264e-005,0.0187322
5.0268e-005,0.0136426
5.0272e-005,0.00314102
5.0276e-005,0.000239071
5.028e-005,-0.000524861
5.0284e-005,-0.00114494
5.0288e-005,-0.000505019
5.0292e-005,9.62069e-007
5.0296e-005,-0.000762969
5.03e-005,-0.000678639
5.0304e-005,-0.000500058
5.0308e-005,0.00429684
5.0312e-005,0.0163511
5.0316e-005,0.0197044
5.032e-005,0.0225816
5.0324e-005,0.0256919
5.0328e-005,0.0276265
5.0332e-005,0.0288419
5.0336e-005,0.0300671
5.034e-005,0.0321307
5.0344e-005,0.0330484
5.0348e-005,0.0340951
5.0352e-005,0.0354891
5.0356e-005,0.0355486
5.036e-005,0.0365159
5.0364e-005,0.0379445
5.0368e-005,0.0375973
5.0372e-005,0.0382323
5.0376e-005,0.0386787
5.038e-005,0.0391748
5.0384e-005,0.0388275
5.0388e-005,0.0395121
5.0392e-005,0.0391946
5.0396e-005,0.0389714
5.04e-005,0.0399685
5.0404e-005,0.0402909
5.0408e-005,0.0395022
5.0412e-005,0.0406729
5.0416e-005,0.0398643
5.042e-005,0.0396014
5.0424e-005,0.0405637
5.0428e-005,0.0407622
5.0432e-005,0.040023
5.0436e-005,0.0408763
5.044e-005,0.0401421
5.0444e-005,0.0400478
5.0448e-005,0.0406282
5.0452e-005,0.040152
5.0456e-005,0.0401619
5.046e-005,0.040529
5.0464e-005,0.0405389
5.0468e-005,0.0405092
5.0472e-005,0.0410747
5.0476e-005,0.0406977
5.048e-005,0.0400974
5.0484e-005,0.040911
5.0488e-005,0.0408068
5.0492e-005,0.0398246
5.0496e-005,0.0399536
5.05e-005,0.0402314
5.0504e-005,0.0401917
5.0508e-005,0.0410152
5.0512e-005,0.0404645
5.0516e-005,0.0398345
5.052e-005,0.0402016
5.0524e-005,0.0402909
5.0528e-005,0.039899
5.0532e-005,0.0407622
5.0536e-005,0.0399337
5.054e-005,0.0403752
5.0544e-005,0.0403256
5.0548e-005,0.0403554
5.0552e-005,0.040281
5.0556e-005,0.0406233
5.056e-005,0.0401371
5.0564e-005,0.0401173
5.0568e-005,0.0412384
5.0572e-005,0.0402463
5.0576e-005,0.0405836
5.058e-005,0.0408415
5.0584e-005,0.0405885
5.0588e-005,0.0396907
5.0592e-005,0.0412136
5.0596e-005,0.0404744
5.06e-005,0.0402314
5.0604e-005,0.0404348
5.0608e-005,0.0403852
5.0612e-005,0.0400974
5.0616e-005,0.0410995
5.062e-005,0.0403852
5.0624e-005,0.0402463
5.0628e-005,0.0400578
5.0632e-005,0.0402463
5.0636e-005,0.0404
5.064e-005,0.0403752
5.0644e-005,0.0399337
5.0648e-005,0.0404298
5.0652e-005,0.0407324
5.0656e-005,0.040663
5.066e-005,0.0404695
5.0664e-005,0.0410152
5.0668e-005,0.0404596
5.0672e-005,0.0405687
5.0676e-005,0.0409804
5.068e-005,0.040529
5.0684e-005,0.0405935
5.0688e-005,0.0413376
5.0692e-005,0.0403802
5.0696e-005,0.0398693
5.07e-005,0.0406679
5.0704e-005,0.0400875
5.0708e-005,0.0399784
5.0712e-005,0.0404199
5.0716e-005,0.0402463
5.072e-005,0.0405637
5.0724e-005,0.040529
5.0728e-005,0.0403554
5.0732e-005,0.0400726
5.0736e-005,0.0404348
5.074e-005,0.0403356
5.0744e-005,0.0400032
5.0748e-005,0.0409804
5.0752e-005,0.0404943
5.0756e-005,0.0406481
5.076e-005,0.0405389
5.0764e-005,0.0400925
5.0768e-005,0.0395915
5.0772e-005,0.0403058
5.0776e-005,0.0399536
5.078e-005,0.0405141
5.0784e-005,0.0408217
5.0788e-005,0.0401669
5.0792e-005,0.0401123
5.0796e-005,0.0405935
5.08e-005,0.0403207
5.0804e-005,0.039775
5.0808e-005,0.0412433
5.0812e-005,0.0407572
5.0816e-005,0.0402314
5.082e-005,0.0412037
5.0824e-005,0.0408267
5.0828e-005,0.0401619
5.0832e-005,0.0406431
5.0836e-005,0.0399734
5.084e-005,0.0403554
5.0844e-005,0.0407969
5.0848e-005,0.0403852
5.0852e-005,0.0405538
5.0856e-005,0.0406481
5.086e-005,0.0404794
5.0864e-005,0.0404943
5.0868e-005,0.0413177
5.0872e-005,0.0405687
5.0876e-005,0.0403752
5.088e-005,0.0404
5.0884e-005,0.040276
5.0888e-005,0.039904
5.0892e-005,0.040534
5.0896e-005,0.0400974
5.09e-005,0.0405786
5.0904e-005,0.0408663
5.0908e-005,0.0402264
5.0912e-005,0.0397452
5.0916e-005,0.0403455
5.092e-005,0.0402363
5.0924e-005,0.0404844
5.0928e-005,0.0405737
5.0932e-005,0.0400925
5.0936e-005,0.0397452
5.094e-005,0.0409308
5.0944e-005,0.0399238
5.0948e-005,0.0400974
5.0952e-005,0.0403058
5.0956e-005,0.0400726
5.096e-005,0.039656
5.0964e-005,0.0404298
5.0968e-005,0.0398941
5.0972e-005,0.0399784
5.0976e-005,0.0409308
5.098e-005,0.039656
5.0984e-005,0.0391252
5.0988e-005,0.0379049
5.0992e-005,0.0352708
5.0996e-005,0.0336884
5.1e-005,0.0340158
5.1004e-005,0.0340604
5.1008e-005,0.0329195
5.1012e-005,0.0286881
5.1016e-005,0.0216788
5.102e-005,0.0199425
5.1024e-005,0.0195308
5.1028e-005,0.0190546
5.1032e-005,0.0186677
5.1036e-005,0.0134243
5.104e-005,0.00246142
5.1044e-005,0.00105261
5.1048e-005,0.000313479
5.1052e-005,-0.000306595
5.1056e-005,-0.000356201
5.106e-005,0.00039781
5.1064e-005,-0.000291713
5.1068e-005,-0.000554624
5.1072e-005,-0.000450452
5.1076e-005,0.00524431
5.108e-005,0.0162916
5.1084e-005,0.019134
5.1088e-005,0.0211678
5.1092e-005,0.0226163
5.1096e-005,0.0251909
5.11e-005,0.0253992
5.1104e-005,0.026178
5.1108e-005,0.0283012
5.1112e-005,0.0285293
5.1116e-005,0.0287377
5.112e-005,0.0296107
5.1124e-005,0.0293826
5.1128e-005,0.0302903
5.1132e-005,0.0306574
5.1136e-005,0.0311684
5.114e-005,0.030459
5.1144e-005,0.031213
5.1148e-005,0.0314362
5.1152e-005,0.0312428
5.1156e-005,0.0321307
5.116e-005,0.0320762
5.1164e-005,0.0319025
5.1168e-005,0.0330385
5.1172e-005,0.0325573
5.1176e-005,0.0322795
5.118e-005,0.0322944
5.1184e-005,0.0321307
5.1188e-005,0.0316148
5.1192e-005,0.0318629
5.1196e-005,0.0327111
5.12e-005,0.0322746
5.1204e-005,0.0320861
5.1208e-005,0.032344
5.1212e-005,0.0325077
5.1216e-005,0.032721
5.122e-005,0.0323837
5.1224e-005,0.0325375
5.1228e-005,0.0326466
5.1232e-005,0.0321903
5.1236e-005,0.0317736
5.124e-005,0.032602
5.1244e-005,0.0323093
5.1248e-005,0.0323391
5.1252e-005,0.0325871
5.1256e-005,0.0316744
5.126e-005,0.0314263
